/*--------------------------------*- C++ -*----------------------------------*\
  =========                 |
  \\      /  F ield         | OpenFOAM: The Open Source CFD Toolbox
   \\    /   O peration     | Website:  https://openfoam.org
    \\  /    A nd           | Version:  6.0
     \\/     M anipulation  |
\*---------------------------------------------------------------------------*/
FoamFile
{
    version     2.0;
    format      ascii;
    class       volScalarField;
    location    "8";
    object      p;
}
// * * * * * * * * * * * * * * * * * * * * * * * * * * * * * * * * * * * * * //

dimensions      [0 2 -2 0 0 0 0];

internalField   nonuniform List<scalar> 
4920
(
0.0139539
0.0140766
0.0142394
0.0144754
0.0147928
0.0152397
0.0158409
0.0166593
0.0177514
0.0191825
0.0209194
0.0225753
0.0231612
0.0209131
0.0157163
0.013978
0.0141137
0.0142782
0.0145075
0.0148166
0.0152557
0.0158645
0.0166963
0.0178272
0.0193596
0.021334
0.0235331
0.0253094
0.025289
0.0197873
0.0139459
0.0141026
0.0142944
0.0145489
0.0148819
0.0153423
0.0159744
0.0168263
0.0179603
0.0194387
0.0212501
0.0230745
0.0243446
0.0243017
0.0169605
0.0139551
0.0141173
0.0143275
0.0146129
0.0149844
0.0154908
0.0161747
0.0170743
0.0182418
0.0197081
0.0213815
0.0228413
0.0235155
0.0231494
0.0152937
0.0139688
0.014132
0.0143628
0.0146879
0.0151164
0.0156949
0.016461
0.017452
0.0187197
0.0202837
0.0220479
0.0234945
0.02403
0.0236626
0.0161123
0.0141556
0.0143266
0.0145713
0.0149236
0.0153931
0.0160342
0.0168875
0.0179911
0.0194086
0.0211805
0.0231971
0.0249318
0.0257379
0.0256829
0.0185003
0.0143603
0.0145526
0.0148316
0.015235
0.0157742
0.0165041
0.017465
0.0187069
0.0203145
0.0223423
0.0247374
0.0269028
0.0281394
0.0284459
0.021164
0.0148505
0.0150699
0.0153694
0.0157984
0.0163738
0.0171657
0.0182235
0.0196051
0.021417
0.0237501
0.0265411
0.0291936
0.0309368
0.0315877
0.0238767
0.0152265
0.0154992
0.0158661
0.0163754
0.017046
0.0179463
0.0191287
0.020671
0.0227074
0.0253416
0.0285768
0.0317154
0.0339048
0.0347501
0.0261666
0.0159963
0.0163045
0.0166973
0.0172341
0.0179433
0.0189092
0.0201993
0.0218954
0.0241568
0.0271283
0.0307668
0.034378
0.0369925
0.0379141
0.028286
0.0165462
0.0169197
0.0173935
0.0180321
0.0188556
0.0199507
0.0213834
0.0232586
0.0257666
0.0290473
0.0331448
0.0372133
0.0401505
0.0409425
0.0299027
0.0176904
0.0180876
0.018571
0.0192148
0.020054
0.0211966
0.0227299
0.0247619
0.0275019
0.0311426
0.0356496
0.0401585
0.043395
0.0439048
0.031347
0.0184311
0.018898
0.0194694
0.0202234
0.0211846
0.0224633
0.0241452
0.0263627
0.0293667
0.0333363
0.0383451
0.0433075
0.0467378
0.0467256
0.0322699
0.0197335
0.0202119
0.0207827
0.021536
0.0225147
0.0238488
0.0256451
0.0280383
0.0312907
0.0356994
0.0411681
0.0465713
0.0501803
0.049502
0.0330037
0.0204305
0.0209777
0.0216435
0.0225286
0.0236527
0.0251497
0.0271211
0.029708
0.0333239
0.0381568
0.0442053
0.0500837
0.0537584
0.0520755
0.0331755
0.0217838
0.0223381
0.0229912
0.0238575
0.0249839
0.0265297
0.0285955
0.0314566
0.035404
0.0407627
0.0473633
0.0537146
0.0574166
0.0545132
0.03314
0.0223404
0.0229826
0.0237532
0.0247674
0.0260617
0.0277696
0.0300917
0.0331784
0.0375456
0.0434424
0.0507059
0.0576093
0.0611886
0.0566233
0.0324774
0.0237176
0.0243601
0.0251073
0.0260924
0.0273733
0.029144
0.0315351
0.034918
0.0396849
0.0461544
0.054119
0.0616127
0.0649769
0.0584186
0.0315218
0.0241422
0.0248688
0.0257324
0.0268581
0.0283001
0.0302244
0.0328951
0.0365405
0.041768
0.0489064
0.0577292
0.0658993
0.0688195
0.0596555
0.0298548
0.0249432
0.0256768
0.0265443
0.0276922
0.0291936
0.031262
0.0340808
0.0381129
0.043849
0.0517195
0.0614436
0.0703163
0.0725406
0.0603276
0.0278417
0.0249414
0.0257476
0.026728
0.0280412
0.0297497
0.0320421
0.0352291
0.0396116
0.045939
0.0546533
0.0654393
0.0750324
0.0761926
0.0601646
0.0250748
0.0258705
0.0266533
0.0275873
0.0288616
0.0305735
0.0329806
0.0363255
0.0411633
0.0481081
0.0577224
0.0696038
0.0798844
0.0795208
0.0590583
0.0219421
0.0259035
0.0267649
0.0278127
0.0292389
0.0311342
0.0337477
0.0374664
0.0427053
0.0503496
0.0609982
0.0741088
0.0850026
0.0825459
0.0567953
0.0180188
0.026452
0.027321
0.0283714
0.0298182
0.0317891
0.0345856
0.0385512
0.0443347
0.0527213
0.0644654
0.0788322
0.090213
0.084904
0.0532797
0.0137369
0.0264628
0.0274033
0.0285608
0.0301701
0.032342
0.0353857
0.0397652
0.0460135
0.0552552
0.0682244
0.0839439
0.0955682
0.0866086
0.0482926
0.00870354
0.0273712
0.0283181
0.0294616
0.0310585
0.0332698
0.0364636
0.0410794
0.0479318
0.0580236
0.0722956
0.0893576
0.100885
0.0871586
0.0417576
0.00340517
0.0277795
0.0288261
0.0300975
0.0318589
0.0342526
0.0376666
0.0426896
0.0500549
0.0611449
0.0768293
0.0952202
0.106097
0.0865285
0.0334763
-0.00251638
0.0288812
0.0299948
0.0313229
0.0331253
0.0356196
0.0392343
0.0445758
0.0526308
0.0647306
0.0818854
0.101573
0.111052
0.0841445
0.0235256
-0.00849511
0.0296364
0.0308682
0.032376
0.0344581
0.037252
0.0412063
0.0470314
0.0557236
0.0689655
0.0877003
0.108459
0.115474
0.0799659
0.0116872
-0.0148648
0.032318
0.033582
0.0350731
0.0371067
0.0399333
0.0440501
0.0502201
0.0596227
0.0740251
0.0944213
0.116
0.119165
0.0733496
-0.00179827
-0.0209914
0.0348264
0.0362693
0.0379739
0.0402888
0.0433735
0.0477802
0.05436
0.0644327
0.0801415
0.102245
0.124025
0.121593
0.0642797
-0.0171032
-0.0271992
0.0388314
0.0404352
0.0422612
0.0446627
0.0478881
0.0525154
0.0594922
0.0703214
0.0874937
0.111404
0.132783
0.122664
0.0522901
-0.0336808
-0.0327968
0.0429027
0.0447947
0.0469402
0.0496981
0.0532339
0.0582356
0.0656559
0.0774921
0.0962761
0.121995
0.141715
0.121506
0.0373951
-0.0517215
-0.0381381
0.0478769
0.0501215
0.0526161
0.0556643
0.0595756
0.0649108
0.0730812
0.0858563
0.106671
0.13419
0.150971
0.118103
0.019381
-0.0703886
-0.0424955
0.053444
0.0560978
0.0590062
0.0625544
0.066825
0.072785
0.0814726
0.095643
0.118582
0.14774
0.159475
0.111359
-0.00159903
-0.0898513
-0.0462649
0.0601867
0.0632461
0.0665521
0.0704151
0.0751444
0.0814588
0.0909735
0.106347
0.132012
0.162753
0.16743
0.101739
-0.0251938
-0.108919
-0.0487467
0.066827
0.0704372
0.0743126
0.0787338
0.0838934
0.0908071
0.100951
0.118051
0.146754
0.178637
0.173297
0.0880304
-0.0511806
-0.127846
-0.050391
0.0728164
0.0771208
0.081704
0.0868049
0.0926392
0.100197
0.111346
0.130238
0.162924
0.19537
0.177409
0.0713057
-0.0786264
-0.145149
-0.0505393
0.0779084
0.0829234
0.088304
0.0942269
0.100842
0.1093
0.121555
0.143174
0.180088
0.211859
0.177904
0.050461
-0.107224
-0.161178
-0.0496845
0.0817701
0.0875336
0.0936713
0.100405
0.107893
0.117403
0.131454
0.156086
0.198173
0.227891
0.175495
0.027332
-0.135464
-0.174259
-0.0472977
0.0833946
0.0898461
0.096747
0.104327
0.112803
0.123712
0.14008
0.169013
0.216123
0.241802
0.168324
0.00105002
-0.163073
-0.184893
-0.0438397
0.0809968
0.0882772
0.0960591
0.104661
0.114361
0.127029
0.146736
0.18065
0.233371
0.253057
0.157463
-0.0259044
-0.188135
-0.191335
-0.0389154
0.0733423
0.08151
0.0903212
0.100051
0.111257
0.126196
0.15002
0.190528
0.248212
0.25954
0.141374
-0.0540539
-0.210443
-0.194257
-0.03294
0.0595539
0.0685534
0.0782557
0.0890993
0.101872
0.119439
0.149387
0.197302
0.259438
0.260046
0.121174
-0.0806257
-0.227993
-0.192076
-0.025559
0.0383953
0.0480026
0.0584027
0.0700402
0.0844014
0.106326
0.143273
0.199614
0.265095
0.251811
0.0957337
-0.105605
-0.240497
-0.185475
-0.0171986
0.00786448
0.017943
0.0287633
0.0412715
0.0574916
0.0837232
0.13027
0.196356
0.262945
0.231922
0.0656767
-0.126503
-0.245925
-0.172896
-0.00789307
-0.0342475
-0.0238582
-0.0122004
0.000729598
0.0188569
0.0518089
0.107548
0.182453
0.247484
0.197294
0.0311759
-0.143418
-0.243966
-0.155118
0.00190789
-0.0906257
-0.0797119
-0.0676142
-0.0528655
-0.0324771
0.00658019
0.0681712
0.150439
0.209095
0.150997
-0.00548543
-0.154746
-0.232865
-0.131599
0.0121028
-0.164947
-0.153938
-0.139612
-0.123487
-0.100406
-0.051646
-0.00159985
0.083533
0.146542
0.100083
-0.0435096
-0.160177
-0.213597
-0.104479
0.022465
-0.261129
-0.249188
-0.231525
-0.212053
-0.185458
-0.143955
-0.110814
-0.0297147
0.0741048
0.0534866
-0.0784617
-0.157414
-0.187189
-0.0752207
0.0327446
-0.381864
-0.368695
-0.342878
-0.310373
-0.284069
-0.261584
-0.264533
-0.167077
0.0152686
0.0155318
-0.105636
-0.146997
-0.157274
-0.0468567
0.0421408
-0.522941
-0.511362
-0.487787
-0.477125
-0.476793
-0.458457
-0.452755
-0.257824
-0.0114867
-0.00850347
-0.122537
-0.131323
-0.127853
-0.0216104
0.0497944
-0.695158
-0.678471
-0.684251
-0.778998
-0.872891
-0.782221
-0.657359
-0.26493
-0.00708055
-0.0118199
-0.126848
-0.112953
-0.102188
-0.00241912
0.0547046
-0.949395
-0.969413
-1.05034
-1.28698
-1.42038
-1.14729
-0.818596
-0.219376
0.0181946
0.00335839
-0.11288
-0.0933344
-0.0819485
0.00874685
0.0558397
-1.25458
-1.38225
-1.58752
-1.89562
-1.8585
-1.3862
-0.878018
-0.208617
0.0709888
0.0178181
-0.0769367
-0.0738371
-0.0691803
0.0113582
0.0531486
-1.45151
-1.66519
-1.93597
-2.14924
-1.96284
-1.44468
-0.728278
-0.184908
0.16778
0.026811
-0.0259285
-0.0614212
-0.0686984
0.00692558
0.0474473
-1.64199
-1.78377
-1.8625
-1.80475
-1.66105
-1.21475
-0.287527
0.0515072
0.272119
-0.000743269
0.0107572
-0.0730231
-0.082485
-0.00250854
0.0405891
-1.67673
-1.63341
-1.40916
-0.986173
-0.722074
-0.241313
0.642433
0.564959
0.35991
-0.0792158
0.0195497
-0.105763
-0.101945
-0.0128108
0.0348975
-1.3463
-1.25539
-0.857175
-0.200984
0.300729
0.851728
1.28907
0.754403
0.261319
-0.205368
-0.00219272
-0.13712
-0.116095
-0.0198459
0.031782
-0.714644
-0.711367
-0.564591
0.0041276
0.716273
1.17521
1.31184
0.528946
0.0324426
-0.312181
-0.0258523
-0.151808
-0.121944
-0.0216315
0.0307902
0.0395053
0.0405971
0.0390682
0.0371263
0.0355755
0.0343838
0.0333363
0.0323234
0.0312902
0.0303262
0.0236443
0.0204853
0.01643
0.013284
0.0112757
0.0100342
0.00912018
0.00821826
0.00692906
0.00514949
0.0145624
0.0138836
0.0136613
0.0139707
0.0145685
0.0151704
0.0155485
0.0155809
0.0151824
0.0145052
0.0146968
0.0156753
0.0170841
0.0184222
0.0194171
0.0199767
0.0201051
0.0198139
0.0190853
0.018087
0.0187492
0.0203066
0.0219226
0.0231498
0.0238348
0.0239947
0.023728
0.0230995
0.0221089
0.021032
0.0234625
0.0252577
0.0267914
0.0277944
0.0282035
0.0280798
0.027568
0.0267467
0.0256281
0.0246077
0.0276727
0.0296931
0.0312501
0.032183
0.0324811
0.0322217
0.0315659
0.0305941
0.0292976
0.0282097
0.0313148
0.0336271
0.0353696
0.0364166
0.0367574
0.0364603
0.0357056
0.0345727
0.0330248
0.0317734
0.0345484
0.0372645
0.0393835
0.0407186
0.041225
0.0409686
0.0401174
0.0387914
0.0368577
0.0352545
0.0374867
0.0407453
0.0434053
0.0452067
0.0460338
0.0458983
0.0450122
0.0434596
0.0410813
0.0391287
0.0400258
0.0439797
0.0474003
0.049885
0.0512151
0.0513614
0.0505202
0.048791
0.0459722
0.0435671
0.0422896
0.0470718
0.0514512
0.0548329
0.0568587
0.0574364
0.0567379
0.0548629
0.0515075
0.0486649
0.0442174
0.0499978
0.0555316
0.0599986
0.0628894
0.064032
0.0635414
0.0615278
0.0576218
0.054192
0.0459017
0.0528111
0.0596696
0.0653941
0.069315
0.071136
0.0709175
0.0687678
0.0641789
0.0601199
0.047189
0.0553865
0.0637134
0.0708553
0.0759805
0.0786113
0.0787493
0.0764733
0.0711715
0.0663579
0.048211
0.0578086
0.0677566
0.0764979
0.0829905
0.0865638
0.0871106
0.0846972
0.0785575
0.0729179
0.0487836
0.0598937
0.0716138
0.082126
0.0901622
0.0948176
0.095835
0.0932789
0.0862367
0.0797065
0.0490946
0.0618462
0.0755069
0.087986
0.0977007
0.103514
0.104974
0.102197
0.0940904
0.0865656
0.0489092
0.0634489
0.0792056
0.0938136
0.105352
0.112365
0.114269
0.111196
0.101915
0.0933454
0.0485831
0.0650618
0.0831049
0.0999893
0.113352
0.12151
0.123681
0.120148
0.109464
0.0996747
0.0478169
0.0664046
0.0869143
0.106178
0.121395
0.130641
0.132988
0.128882
0.116691
0.105756
0.0469982
0.0679512
0.0911275
0.11284
0.129796
0.139949
0.142206
0.137292
0.12337
0.11119
0.0457737
0.0693289
0.0953611
0.119579
0.138224
0.149158
0.151209
0.145378
0.129659
0.116334
0.0446615
0.0711666
0.10024
0.126948
0.147039
0.158461
0.159971
0.152947
0.135201
0.120624
0.0432628
0.0729702
0.105282
0.134489
0.155884
0.167628
0.168469
0.160194
0.140409
0.124733
0.0421456
0.0754313
0.111144
0.142756
0.16515
0.17685
0.176724
0.166925
0.144939
0.128109
0.0408875
0.0779555
0.11725
0.151231
0.174405
0.185892
0.184715
0.173428
0.149323
0.131504
0.0401773
0.0813148
0.124281
0.160419
0.183958
0.194826
0.19232
0.179345
0.152992
0.134152
0.0395339
0.0848531
0.131614
0.169789
0.193371
0.203434
0.199547
0.185003
0.156558
0.136855
0.039693
0.0893768
0.139918
0.179799
0.202926
0.211749
0.206235
0.189989
0.159381
0.138775
0.0401032
0.0941807
0.148545
0.189927
0.212201
0.219599
0.212434
0.194681
0.162148
0.140799
0.0415179
0.100075
0.158095
0.200527
0.221394
0.226924
0.217903
0.198584
0.164107
0.141962
0.0433117
0.106335
0.167929
0.211144
0.230173
0.233667
0.22278
0.202136
0.166014
0.143224
0.0462157
0.113755
0.178609
0.222024
0.238683
0.239737
0.226816
0.204845
0.167111
0.143587
0.0495412
0.121606
0.189529
0.232767
0.246675
0.245188
0.230241
0.207209
0.168214
0.144096
0.0539284
0.1306
0.201093
0.243481
0.254212
0.249866
0.232776
0.20873
0.168558
0.143713
0.0586868
0.140047
0.212791
0.253869
0.26112
0.253913
0.234704
0.209911
0.168941
0.143502
0.0643788
0.150584
0.224924
0.264008
0.267382
0.257126
0.235742
0.210277
0.168629
0.142446
0.0703312
0.161538
0.237028
0.273729
0.272962
0.259757
0.236255
0.210362
0.16841
0.141626
0.0769461
0.173359
0.249253
0.282971
0.277805
0.261579
0.235973
0.209729
0.167595
0.140052
0.0836805
0.185352
0.261146
0.291664
0.281912
0.262836
0.23523
0.208846
0.166868
0.138732
0.091048
0.197739
0.272637
0.299567
0.285102
0.263228
0.233735
0.207302
0.165599
0.136747
0.0987635
0.209867
0.283318
0.30665
0.287497
0.263087
0.231879
0.205576
0.164431
0.135069
0.107059
0.221807
0.29304
0.312699
0.288953
0.262225
0.229456
0.20336
0.162823
0.132877
0.115523
0.23303
0.301637
0.317845
0.289728
0.261012
0.226857
0.201081
0.161302
0.131004
0.124003
0.243386
0.308991
0.321893
0.289664
0.259217
0.223869
0.198463
0.159396
0.128715
0.131997
0.25232
0.315077
0.325009
0.289026
0.257141
0.220803
0.195852
0.157544
0.12672
0.139158
0.259506
0.319743
0.326967
0.287615
0.254534
0.217425
0.19298
0.155364
0.124418
0.145155
0.264639
0.323058
0.32795
0.28564
0.251629
0.213957
0.190102
0.153203
0.122367
0.149683
0.267554
0.324865
0.327723
0.282882
0.248173
0.210169
0.186965
0.150751
0.120098
0.15256
0.26823
0.325275
0.326472
0.279533
0.244373
0.206243
0.183784
0.148302
0.118044
0.153416
0.266574
0.324106
0.324002
0.275414
0.240063
0.202034
0.180404
0.145666
0.115911
0.151922
0.262487
0.321369
0.320413
0.270655
0.235389
0.197675
0.17698
0.14306
0.114015
0.147541
0.255624
0.316715
0.315448
0.265078
0.230228
0.193072
0.17342
0.140386
0.112272
0.14043
0.246134
0.310179
0.309183
0.258796
0.224705
0.188344
0.169866
0.137837
0.110889
0.131345
0.234708
0.301948
0.301779
0.251956
0.218968
0.183619
0.166419
0.135504
0.10978
0.121966
0.223002
0.292976
0.293998
0.2452
0.213547
0.179333
0.163464
0.133697
0.108932
0.114445
0.213609
0.285112
0.287388
0.239729
0.209365
0.176178
0.161484
0.132695
0.108316
0.110102
0.208372
0.280227
0.283379
0.23653
0.207016
0.17451
0.160598
0.132473
0.107967
0.108211
0.206199
0.278081
0.281606
0.235165
0.206013
0.173862
0.160312
0.132625
0.107697
0.0301052
0.0294876
0.0283219
0.0270219
0.0256297
0.0241743
0.0224588
0.0204791
0.0182245
0.0157863
0.0133188
0.0109352
0.00869315
0.00658234
0.00458678
0.00217324
0.00224561
0.00202859
0.00214619
0.00272476
0.00366525
0.00495156
0.00633275
0.00768289
0.00875759
0.00937571
0.00941603
0.00885116
0.00774634
0.00617586
0.00427885
0.0017724
0.0137883
0.0136394
0.0135589
0.0136373
0.0138188
0.0140674
0.0142321
0.0142603
0.0140712
0.0135834
0.0127186
0.0114101
0.00962207
0.00736756
0.00477434
0.00169185
0.0163135
0.0159426
0.015742
0.0157818
0.0160052
0.0163095
0.0165347
0.01659
0.0163844
0.0158292
0.014862
0.013392
0.0113442
0.00866929
0.00551378
0.00186605
0.0193557
0.0189803
0.0187164
0.0186349
0.0187384
0.0189084
0.0190024
0.0189211
0.018568
0.0178814
0.0167476
0.0150709
0.0127476
0.00968839
0.00605658
0.00198611
0.0230648
0.0226167
0.0221868
0.0218863
0.0217864
0.0217611
0.0216893
0.0214505
0.020959
0.0200793
0.0187373
0.0167971
0.0141287
0.010614
0.00647486
0.00202016
0.0265805
0.0260722
0.0255394
0.025109
0.0248884
0.0247409
0.0245397
0.0241624
0.0234854
0.0224285
0.0208322
0.0185698
0.0154952
0.011473
0.00681195
0.00201526
0.0298563
0.0292196
0.0285773
0.0280628
0.0278307
0.0276716
0.0274455
0.0269925
0.0261935
0.0249083
0.0230355
0.0204046
0.0168559
0.0122598
0.00706386
0.00195869
0.0329298
0.0322221
0.0315445
0.0310363
0.0308393
0.0307099
0.0304766
0.0299627
0.0290169
0.0275265
0.0253177
0.0222587
0.0181701
0.0129501
0.00722155
0.00186492
0.0361804
0.0352949
0.0345001
0.0339579
0.033807
0.0337492
0.0335575
0.0330193
0.0319627
0.0302045
0.0276517
0.0241185
0.0194209
0.0135279
0.00727918
0.0017169
0.0398217
0.0387303
0.0378036
0.0372166
0.0370896
0.0370654
0.0368664
0.0362581
0.0349908
0.0329621
0.0299997
0.0259408
0.0205738
0.013976
0.00723475
0.00153213
0.0438745
0.0425406
0.041459
0.0408028
0.0406577
0.0406246
0.040385
0.039608
0.0381279
0.0357542
0.0323592
0.0277163
0.0216052
0.0142811
0.00708834
0.00129877
0.048154
0.0464732
0.0451538
0.0444068
0.0442592
0.0442614
0.0439633
0.0430709
0.0413278
0.0385959
0.034717
0.0294128
0.0224933
0.0144368
0.00684538
0.00103682
0.0525198
0.0504875
0.048939
0.0481025
0.0479427
0.0479624
0.047648
0.046603
0.0445985
0.0414746
0.0370418
0.0309889
0.0232064
0.0144357
0.00651268
0.000740586
0.0570051
0.0545035
0.0526262
0.0516713
0.0515275
0.0516148
0.05131
0.0501615
0.0478948
0.0443442
0.0392979
0.0324206
0.0237367
0.0142833
0.00610178
0.000430508
0.0615999
0.0586375
0.0564348
0.0553374
0.0551482
0.0552503
0.0549387
0.0536825
0.0511546
0.047149
0.0414231
0.0336508
0.0240568
0.0139797
0.00562333
0.000104329
0.066307
0.0627857
0.0601458
0.0588365
0.0585903
0.0587301
0.0584614
0.0571307
0.0543472
0.0498638
0.0434043
0.0346816
0.0241792
0.0135427
0.00509253
-0.000219376
0.0711344
0.0670456
0.0639357
0.0623847
0.0620591
0.0622382
0.0619953
0.0605549
0.0574762
0.0524565
0.045183
0.0354678
0.0240923
0.0129838
0.00452547
-0.000538993
0.0758444
0.0712332
0.0677368
0.0660489
0.0657207
0.0659246
0.0656022
0.0639847
0.0605478
0.0549368
0.0467829
0.0360395
0.0238267
0.0123283
0.00393762
-0.000840152
0.0805516
0.0755854
0.0718243
0.0700076
0.0695953
0.069662
0.0692055
0.0673342
0.0634961
0.0572293
0.0481236
0.0363521
0.0233767
0.0115912
0.00334551
-0.00111985
0.0849959
0.0796406
0.0755605
0.073618
0.0731436
0.0731748
0.0726086
0.0705315
0.066297
0.0593243
0.0492245
0.0364402
0.0227758
0.0107959
0.00276002
-0.00136945
0.08926
0.0835393
0.0791293
0.0770436
0.0765172
0.0765316
0.0758809
0.0735819
0.0688849
0.0611339
0.0500171
0.0362737
0.0220282
0.00996191
0.00219828
-0.00158486
0.0930852
0.0870864
0.0824375
0.0802723
0.0797878
0.0797901
0.0790642
0.0765156
0.0713025
0.0627038
0.050553
0.0359067
0.0211736
0.00910972
0.00166545
-0.00176403
0.0967218
0.0905087
0.0856565
0.0834244
0.0829281
0.0829568
0.0821155
0.079266
0.0734641
0.0639555
0.0507897
0.0353274
0.0202244
0.00826099
0.00117814
-0.00190244
0.100008
0.0936323
0.0886131
0.0863323
0.0858786
0.0858744
0.0849859
0.0818508
0.0754094
0.0649379
0.0507838
0.0345941
0.0192192
0.0074304
0.000735226
-0.00200367
0.10326
0.0967257
0.0915082
0.0890992
0.0885664
0.0886359
0.0876272
0.0841649
0.0770248
0.0655796
0.0505127
0.0337085
0.0181776
0.00664186
0.000352957
-0.00206276
0.106298
0.0996443
0.0942035
0.0916347
0.0911053
0.0911055
0.090095
0.0862707
0.0783609
0.0659247
0.050024
0.0327199
0.0171283
0.00590033
2.31674e-05
-0.00208849
0.109312
0.102538
0.0969107
0.0941537
0.0935017
0.0935628
0.0923336
0.088032
0.0792979
0.0659155
0.0493085
0.0316344
0.0160904
0.00522783
-0.000239377
-0.00207556
0.112296
0.105558
0.0997126
0.0967813
0.0959939
0.0958304
0.0944239
0.0895341
0.0799013
0.0656058
0.0484119
0.0304932
0.015082
0.00461923
-0.000449151
-0.00203627
0.115302
0.108538
0.102626
0.0994436
0.0984401
0.0981297
0.0962263
0.0906257
0.0800868
0.0649817
0.0473563
0.0293183
0.0141268
0.00409636
-0.000592747
-0.00196497
0.11814
0.111483
0.105414
0.102111
0.100858
0.100135
0.0978324
0.0914115
0.0799327
0.0640998
0.0461804
0.02814
0.0132323
0.00364513
-0.000689527
-0.00187633
0.120906
0.114266
0.108173
0.104622
0.103135
0.102111
0.0990845
0.0917626
0.0793836
0.0629707
0.0449205
0.0269864
0.0124231
0.00328655
-0.000726707
-0.00176388
0.123428
0.116923
0.110701
0.107058
0.105281
0.103756
0.100124
0.0917892
0.0785215
0.0616464
0.0436026
0.0258737
0.0116951
0.00299891
-0.000726548
-0.00164298
0.125768
0.119249
0.113015
0.109225
0.10727
0.105333
0.100775
0.0913993
0.0773284
0.0601678
0.0422806
0.0248376
0.0110733
0.00280186
-0.000677116
-0.00150658
0.12757
0.121237
0.115008
0.111211
0.109018
0.106497
0.101159
0.0906608
0.0758685
0.0585683
0.0409619
0.0238775
0.010542
0.00266747
-0.000602172
-0.00136978
0.129443
0.123063
0.116828
0.112982
0.110572
0.107481
0.101068
0.0895046
0.074141
0.0568998
0.0397052
0.0230308
0.0101252
0.00261446
-0.000489771
-0.0012246
0.130776
0.124668
0.118469
0.114535
0.111766
0.107936
0.100618
0.087973
0.0721982
0.0551777
0.0385
0.0222809
0.00979741
0.00261118
-0.000363453
-0.00108503
0.132199
0.126038
0.119866
0.115847
0.112693
0.108083
0.0996516
0.0860826
0.0700842
0.0534773
0.0374129
0.0216674
0.00958084
0.00267505
-0.000211643
-0.000942647
0.133114
0.127233
0.121052
0.116816
0.113115
0.107644
0.0982996
0.0838501
0.0678383
0.0517953
0.0364172
0.0211587
0.00944207
0.00277274
-5.65016e-05
-0.000809967
0.134158
0.128164
0.121975
0.117515
0.113224
0.106829
0.0964662
0.0813586
0.0655311
0.050217
0.0355812
0.0207942
0.00940234
0.0029215
0.000113936
-0.000678003
0.134621
0.128895
0.122618
0.117787
0.112752
0.105412
0.0942667
0.078596
0.063184
0.0487207
0.0348631
0.0205303
0.00942361
0.00308857
0.000279753
-0.000557667
0.135202
0.129346
0.122983
0.117739
0.111907
0.103572
0.0916771
0.0757213
0.0608968
0.0474014
0.0343296
0.020405
0.00952545
0.00329055
0.000452705
-0.000440076
0.135382
0.129625
0.122989
0.117112
0.110386
0.101175
0.0887832
0.0726754
0.0586639
0.0462161
0.0339252
0.0203647
0.00966785
0.0034969
0.000615549
-0.000334581
0.135681
0.129673
0.122594
0.116003
0.108409
0.0983413
0.0856213
0.0696623
0.0565969
0.045261
0.0337127
0.020446
0.00987024
0.00372462
0.000780248
-0.000232345
0.135625
0.129373
0.121585
0.114101
0.105676
0.0950187
0.0822356
0.0665822
0.054664
0.0444739
0.0336251
0.0205896
0.0100935
0.0039464
0.000932209
-0.000141383
0.135345
0.128529
0.119867
0.111507
0.102428
0.0912787
0.0787233
0.0636761
0.052986
0.0439477
0.0337169
0.02083
0.0103563
0.0041788
0.00108285
-5.34689e-05
0.134429
0.126911
0.117135
0.107914
0.0984251
0.087183
0.0750883
0.0608095
0.0515078
0.0436042
0.0339145
0.021106
0.0106226
0.00439838
0.00122005
2.45228e-05
0.132906
0.124305
0.113288
0.103456
0.093914
0.0827475
0.0714727
0.0582452
0.0503527
0.0435311
0.0342657
0.0214514
0.0109119
0.0046218
0.00135489
0.00010032
0.130259
0.1203
0.107981
0.0978572
0.0887078
0.078105
0.0678464
0.0558253
0.0494478
0.0436384
0.0346942
0.0218066
0.011192
0.00482932
0.0014773
0.000167913
0.126389
0.114616
0.101097
0.0912629
0.083016
0.0732245
0.0643643
0.0538047
0.0489077
0.0440026
0.0352387
0.0222048
0.0114823
0.00503666
0.00159738
0.000234135
0.120725
0.106711
0.0923556
0.0834866
0.0767353
0.0682744
0.0609678
0.0520194
0.0486494
0.0445277
0.0358267
0.0225913
0.0117555
0.00522759
0.00170674
0.00029372
0.112906
0.0961856
0.0816744
0.0746555
0.0700137
0.0632363
0.057837
0.0507267
0.0487809
0.0452812
0.0364915
0.0229999
0.0120313
0.00541718
0.0018147
0.000352826
0.102171
0.0823825
0.0689414
0.0646416
0.0627386
0.058238
0.0549942
0.0497969
0.0492219
0.0461651
0.0371667
0.0233816
0.0122869
0.00559195
0.00191413
0.000406762
0.0877512
0.0647511
0.0541467
0.0535915
0.054982
0.0532488
0.0526996
0.0494979
0.050073
0.0472344
0.0378786
0.02377
0.0125413
0.00576552
0.00201324
0.000460784
0.0691837
0.0428883
0.0373752
0.041387
0.0467902
0.0486443
0.0510637
0.0497625
0.0512682
0.048398
0.0385723
0.0241232
0.0127755
0.00592674
0.00210587
0.00051075
0.0463208
0.0169854
0.0186135
0.0284049
0.0385796
0.0448492
0.0503931
0.0508301
0.052882
0.0496965
0.0392694
0.0244747
0.013008
0.00608804
0.0021994
0.000561271
0.0199006
-0.0131557
-0.00134561
0.0155342
0.0312306
0.0425293
0.0506364
0.0524792
0.0547899
0.0510311
0.0399246
0.0247885
0.0132226
0.00623986
0.0022883
0.000608644
-0.00608002
-0.0456885
-0.0215902
0.00264879
0.0248418
0.0411354
0.0513384
0.0543719
0.0568669
0.0523928
0.0405503
0.0250974
0.0134369
0.0063932
0.00237911
0.000656699
-0.0368237
-0.077541
-0.0431394
-0.0110797
0.018541
0.0393573
0.0516957
0.0559196
0.0588291
0.0536587
0.0411105
0.0253703
0.0136365
0.00653967
0.0024667
0.00070217
-0.0819433
-0.106204
-0.0642491
-0.0245254
0.0113454
0.036288
0.0513417
0.0569199
0.0605355
0.0548055
0.0416135
0.0256396
0.013838
0.00668914
0.00255703
0.000748367
-0.136534
-0.133954
-0.0820726
-0.0356614
0.00370843
0.0321339
0.0503017
0.0573624
0.0619241
0.0557884
0.0420485
0.0258795
0.014029
0.00683468
0.0026457
0.000792703
-0.178688
-0.15599
-0.0958878
-0.044263
-0.00413143
0.0269301
0.0485745
0.0572046
0.0630018
0.0566422
0.0424283
0.0261157
0.0142221
0.0069837
0.00273759
0.000837982
-0.198317
-0.168871
-0.106571
-0.0507939
-0.0115036
0.0210329
0.0460495
0.0563485
0.0637055
0.05735
0.0427443
0.0263115
0.014396
0.00712445
0.00282579
0.000881181
-0.192181
-0.171601
-0.113529
-0.0563812
-0.0182725
0.0149446
0.0427522
0.0546778
0.0639019
0.0579053
0.0430036
0.0264896
0.0145598
0.00726108
0.00291322
0.000923892
-0.168418
-0.164079
-0.115547
-0.0607931
-0.0241322
0.00891844
0.0387
0.052327
0.0635031
0.0582869
0.0432176
0.0266286
0.0146995
0.00738564
0.00299449
0.000963681
-0.138973
-0.14988
-0.11469
-0.0646022
-0.0293072
0.00308599
0.0339947
0.0493085
0.0623953
0.0584444
0.0433905
0.0267607
0.0148318
0.00750532
0.00307399
0.00100205
-0.112527
-0.13426
-0.112759
-0.0680098
-0.0337776
-0.00238731
0.0288898
0.0458851
0.0605722
0.058339
0.0435293
0.0268713
0.0149461
0.00761446
0.00314748
0.0010374
-0.0930758
-0.119788
-0.110043
-0.0713987
-0.0380422
-0.00746819
0.0236116
0.0419853
0.0579643
0.0578687
0.0436158
0.0269928
0.0150623
0.00772155
0.00322027
0.00107137
-0.0803492
-0.107049
-0.106544
-0.0745214
-0.0421554
-0.0123068
0.0183052
0.0377845
0.0546747
0.0569989
0.0436386
0.0271082
0.0151703
0.00782157
0.00328833
0.00110287
-0.0728467
-0.0965616
-0.102401
-0.0771234
-0.0462036
-0.0169649
0.0129768
0.0332196
0.0507578
0.0556323
0.0435534
0.0272413
0.015291
0.00792363
0.00335734
0.00113346
-0.0688695
-0.0883404
-0.0976358
-0.0787314
-0.0499193
-0.0214501
0.00775172
0.0285516
0.0464066
0.0537949
0.0433388
0.0273703
0.0154133
0.00802278
0.00342291
0.00116219
-0.0681121
-0.0829748
-0.0929833
-0.0794476
-0.0532209
-0.0256276
0.00271227
0.0237655
0.0417213
0.0514272
0.0429376
0.0275078
0.0155585
0.00812905
0.00349106
0.00119051
-0.0704135
-0.0807375
-0.0891969
-0.0794425
-0.0559505
-0.0294253
-0.0019725
0.0191608
0.036938
0.0486315
0.0423331
0.0276237
0.0157124
0.00823742
0.00355712
0.00121753
-0.0752175
-0.0814702
-0.0870127
-0.0792119
-0.0581753
-0.0327464
-0.00622042
0.0147427
0.0322079
0.0454131
0.0414717
0.0277128
0.015893
0.00835853
0.00362786
0.00124477
-0.0807994
-0.0840833
-0.086337
-0.0788705
-0.0598058
-0.035528
-0.00994009
0.0107452
0.0277349
0.041945
0.0403617
0.0277412
0.016081
0.0084873
0.00369854
0.00127137
-0.0857993
-0.0872744
-0.0867071
-0.0785988
-0.0609491
-0.0377814
-0.0131402
0.00708745
0.0235723
0.0382683
0.0389716
0.0276914
0.0162879
0.0086343
0.00377697
0.00129913
-0.0892755
-0.0899544
-0.0873571
-0.0782957
-0.0616122
-0.0395519
-0.0158584
0.00387874
0.019786
0.0345726
0.0373452
0.0275338
0.0164872
0.00879247
0.00385823
0.00132735
-0.0911696
-0.0915997
-0.0879326
-0.0780619
-0.0619996
-0.0409474
-0.018159
0.000995722
0.0163597
0.0308952
0.0354776
0.0272435
0.0166796
0.00896884
0.00395049
0.00135833
-0.0916049
-0.0922401
-0.0881286
-0.0777235
-0.0620704
-0.0419652
-0.0201087
-0.00151773
0.0133166
0.0273848
0.0334397
0.0268089
0.0168352
0.00915358
0.00404852
0.00139156
-0.0911978
-0.0920629
-0.0879171
-0.0773065
-0.0619669
-0.0427191
-0.0217398
-0.00375747
0.0106071
0.0240421
0.0312418
0.026208
0.0169474
0.0093489
0.00416026
0.00143004
-0.0903115
-0.0914553
-0.0873613
-0.0766781
-0.0616096
-0.0431589
-0.023116
-0.00569932
0.00821917
0.0209629
0.0289686
0.0254545
0.0169882
0.00954103
0.00427906
0.00147339
-0.0894726
-0.0906514
-0.0865212
-0.0758159
-0.0610679
-0.0433917
-0.0242334
-0.00739499
0.00608691
0.0181219
0.026638
0.024533
0.0169456
0.00972437
0.00441004
0.00152494
-0.0886232
-0.0897619
-0.0853919
-0.0746706
-0.0602718
-0.0433746
-0.02517
-0.00888561
0.00417829
0.0155611
0.0243282
0.0234839
0.0168033
0.00988409
0.004545
0.00158415
-0.0878805
-0.0886664
-0.0839648
-0.0732524
-0.0593837
-0.0433139
-0.0259682
-0.0102366
0.00242621
0.0132354
0.0220504
0.0222982
0.0165514
0.0100093
0.00468555
0.00165436
-0.0865071
-0.0869542
-0.08209
-0.0717316
-0.0584894
-0.0432287
-0.0267707
-0.011549
0.000786866
0.011146
0.0198654
0.0210376
0.0161915
0.0100876
0.00482131
0.00173422
-0.0844553
-0.0845811
-0.0799465
-0.0701906
-0.0577263
-0.0432904
-0.0275856
-0.0128463
-0.000779785
0.00923926
0.0177747
0.0196969
0.0157196
0.0101047
0.00494821
0.00182559
-0.0818008
-0.081823
-0.0776266
-0.068705
-0.0570348
-0.0433726
-0.0284631
-0.0141744
-0.00229802
0.00749687
0.0158127
0.0183446
0.0151583
0.0100581
0.00505631
0.00192571
-0.0792208
-0.0791102
-0.0753851
-0.0672314
-0.0563872
-0.0435484
-0.0293472
-0.0155026
-0.00378118
0.00587297
0.0139691
0.0169683
0.0145077
0.00993571
0.00513825
0.00203432
-0.0768319
-0.0766053
-0.0732251
-0.0658334
-0.0557811
-0.0437164
-0.030282
-0.0168772
-0.00526015
0.00434356
0.0122549
0.0156299
0.0138043
0.00974762
0.00518713
0.00214669
-0.0747342
-0.0743444
-0.0712968
-0.0645301
-0.0552292
-0.0439647
-0.0312345
-0.0182734
-0.00674814
0.00287034
0.0106485
0.0143062
0.0130456
0.00948468
0.00519312
0.00225925
-0.0728402
-0.0723372
-0.0695167
-0.0633618
-0.0547497
-0.0442367
-0.032238
-0.0197294
-0.00827739
0.00142217
0.00913973
0.0130426
0.0122727
0.0091699
0.00515722
0.00236582
-0.0711487
-0.0704942
-0.0679394
-0.062278
-0.0543467
-0.0445659
-0.0332696
-0.0212242
-0.00985482
-3.97668e-05
0.00768956
0.011801
0.0114731
0.00879498
0.00507048
0.00246028
-0.0695311
-0.0687877
-0.0663836
-0.06126
-0.053972
-0.04492
-0.0343251
-0.0227663
-0.011498
-0.00154282
0.00627506
0.010608
0.0106829
0.00839043
0.00494338
0.00253637
-0.0679596
-0.0670684
-0.0648964
-0.0602624
-0.053648
-0.0453161
-0.0353823
-0.0243142
-0.0131869
-0.0031065
0.00485859
0.00941843
0.00987671
0.00794424
0.00476763
0.00258692
-0.0664842
-0.0655194
-0.0635271
-0.059378
-0.0533853
-0.0457056
-0.0364024
-0.0258314
-0.0148986
-0.0047219
0.00343245
0.00825365
0.00908548
0.0074884
0.00456281
0.00260775
-0.0651246
-0.0641094
-0.062314
-0.0585935
-0.053141
-0.0460583
-0.037331
-0.0272556
-0.0165851
-0.00637162
0.00197788
0.00707239
0.0082783
0.00700482
0.00431982
0.00259286
-0.0637413
-0.0627167
-0.0611219
-0.057805
-0.0528549
-0.0462976
-0.0381246
-0.0285546
-0.0182061
-0.00802403
0.000507906
0.00590178
0.00748587
0.00652528
0.0040643
0.00254218
-0.0623084
-0.0612768
-0.0598788
-0.0569441
-0.05245
-0.0464014
-0.0387477
-0.0297093
-0.019735
-0.00966877
-0.000996829
0.00470196
0.0066738
0.00602698
0.00378506
0.00245354
-0.0607171
-0.0596986
-0.0584895
-0.0559174
-0.0518794
-0.046293
-0.039193
-0.030689
-0.0211502
-0.0112802
-0.00252057
0.00349083
0.0058652
0.00553714
0.00350954
0.00233167
-0.0589902
-0.0579775
-0.0569391
-0.0547033
-0.0510605
-0.045973
-0.0394074
-0.0314805
-0.0224312
-0.0128518
-0.00407999
0.00222223
0.00501348
0.00502485
0.00322067
0.00217832
-0.0570526
-0.0560494
-0.0551613
-0.053213
-0.0499896
-0.0453853
-0.0393957
-0.032073
-0.0235613
-0.0143518
-0.00564631
0.000918075
0.00413901
0.00451107
0.00294288
0.00200142
-0.0549844
-0.0539929
-0.0532448
-0.0515748
-0.0487339
-0.0446164
-0.0391891
-0.0324611
-0.0245188
-0.0157572
-0.00721147
-0.000447291
0.00320092
0.00396355
0.00265451
0.00180632
-0.0527106
-0.0517572
-0.0511588
-0.0497838
-0.0473346
-0.0436848
-0.038786
-0.0326412
-0.0252893
-0.0170279
-0.00872352
-0.00182775
0.00223239
0.0034041
0.00237673
0.00160109
-0.0503717
-0.0494636
-0.0490048
-0.0478888
-0.0457993
-0.0425815
-0.0381872
-0.0326041
-0.025849
-0.0181351
-0.0101595
-0.00322245
0.00120783
0.00280502
0.00208734
0.00139299
-0.047841
-0.0470009
-0.0466849
-0.0458266
-0.0440809
-0.0412788
-0.0373711
-0.0323481
-0.0262005
-0.01906
-0.0114771
-0.00458041
0.000170358
0.00219257
0.00180614
0.00118843
-0.0452358
-0.0444658
-0.0442772
-0.043641
-0.0422111
-0.0398053
-0.036373
-0.0318947
-0.0263348
-0.019793
-0.012662
-0.00589743
-0.000898028
0.00154219
0.00151286
0.000995555
-0.0424159
-0.0417172
-0.041648
-0.0412454
-0.0401413
-0.0381305
-0.0351618
-0.0312072
-0.026253
-0.0203153
-0.0136817
-0.00712719
-0.00195494
0.000877593
0.00122031
0.00081498
-0.0396187
-0.0390101
-0.0390513
-0.0388205
-0.0379683
-0.0362946
-0.0337428
-0.0303093
-0.0259329
-0.0206083
-0.0145123
-0.00825512
-0.00300602
0.000177694
0.000907882
0.000651838
-0.0366318
-0.0360955
-0.036224
-0.0361687
-0.0355755
-0.0342278
-0.0320964
-0.0291601
-0.0253687
-0.0206659
-0.0151367
-0.00924443
-0.00400916
-0.000531993
0.000583305
0.000498978
-0.0337443
-0.03331
-0.0335281
-0.0335929
-0.0331812
-0.0320964
-0.0303256
-0.0278528
-0.0246083
-0.0204986
-0.0155435
-0.0100775
-0.00495367
-0.00125663
0.000234785
0.000360211
-0.03072
-0.0303894
-0.030693
-0.0309086
-0.0307087
-0.0299033
-0.0284791
-0.0264266
-0.0236763
-0.0201259
-0.0157388
-0.0107316
-0.00579788
-0.00196223
-0.000126734
0.000225065
-0.0278098
-0.0275924
-0.0279844
-0.0283177
-0.0282858
-0.0277123
-0.026594
-0.0249148
-0.0226079
-0.0195652
-0.0157139
-0.0111854
-0.00651681
-0.00263298
-0.000496862
0.000100613
-0.024935
-0.0248146
-0.025269
-0.0257166
-0.0258496
-0.0255009
-0.0246596
-0.0233123
-0.0214013
-0.0188195
-0.0154766
-0.0114284
-0.00707836
-0.00323284
-0.000860424
-2.40305e-05
-0.0222883
-0.0222591
-0.0227613
-0.0232676
-0.0235
-0.0233123
-0.0226995
-0.021642
-0.0200808
-0.0179126
-0.0150312
-0.0114511
-0.00746189
-0.00373949
-0.00120255
-0.000139324
-0.0197279
-0.0197706
-0.0202965
-0.0208613
-0.0211936
-0.0211574
-0.0207376
-0.0199191
-0.0186555
-0.0168455
-0.0143854
-0.0112542
-0.00765131
-0.00412711
-0.00151102
-0.000256294
-0.0174353
-0.0175498
-0.0180933
-0.0186736
-0.0190502
-0.0191059
-0.0188301
-0.0182033
-0.0171785
-0.0156648
-0.0135654
-0.0108478
-0.00764083
-0.00438096
-0.00177218
-0.00036955
-0.0148468
-0.0149754
-0.0155121
-0.0161441
-0.0166171
-0.0168205
-0.0167115
-0.0162735
-0.015469
-0.0142251
-0.0124655
-0.0101508
-0.00736121
-0.00443737
-0.00193856
-0.00045096
-0.0157373
-0.0159967
-0.0164804
-0.0169245
-0.0171321
-0.0170305
-0.016615
-0.0159062
-0.0149063
-0.0135764
-0.0118673
-0.00974156
-0.00724586
-0.00462795
-0.00227928
-0.000752041
-0.00398754
-0.00426887
-0.00502685
-0.00601632
-0.0069995
-0.00789242
-0.00861432
-0.00911534
-0.00929681
-0.00905059
-0.0083057
-0.00704514
-0.00534157
-0.00341301
-0.00152001
-0.000147332
-0.0232852
-0.0230996
-0.0227529
-0.0222912
-0.0216018
-0.0206339
-0.01933
-0.0177328
-0.0158901
-0.0138954
-0.0118397
-0.00978155
-0.0077424
-0.00577729
-0.00384578
-0.00224056
-0.103941
-0.136684
-0.203169
-0.22661
-0.21675
-0.189358
-0.159742
-0.137142
-0.114338
-0.20665
-0.103848
-0.136843
-0.203388
-0.226912
-0.217093
-0.189493
-0.1596
-0.136515
-0.1129
-0.205384
-0.103575
-0.137116
-0.203725
-0.227358
-0.217484
-0.189583
-0.159354
-0.13592
-0.111752
-0.204065
-0.102868
-0.137542
-0.203953
-0.227576
-0.217788
-0.189863
-0.159534
-0.135609
-0.110668
-0.201034
-0.100266
-0.137536
-0.203616
-0.226664
-0.21705
-0.189523
-0.159385
-0.135187
-0.109237
-0.196843
-0.0948059
-0.135644
-0.202899
-0.225006
-0.215208
-0.188161
-0.158493
-0.134451
-0.107579
-0.190666
-0.0876017
-0.130514
-0.200658
-0.22261
-0.212322
-0.186075
-0.157264
-0.133866
-0.106316
-0.182615
-0.0809445
-0.122678
-0.195746
-0.218429
-0.208171
-0.18319
-0.155781
-0.133283
-0.105454
-0.172881
-0.0764659
-0.114061
-0.188854
-0.212917
-0.203174
-0.179847
-0.154141
-0.132841
-0.105179
-0.16277
-0.0750667
-0.105877
-0.180851
-0.206388
-0.197515
-0.176025
-0.152265
-0.13225
-0.105126
-0.152621
-0.0767065
-0.0990649
-0.172528
-0.199435
-0.191519
-0.171931
-0.150124
-0.131537
-0.105342
-0.143355
-0.0811872
-0.0938346
-0.164272
-0.192109
-0.185282
-0.167515
-0.147666
-0.130469
-0.105477
-0.134946
-0.0877573
-0.0903539
-0.156425
-0.184705
-0.179026
-0.162971
-0.144927
-0.129186
-0.105659
-0.127815
-0.0959304
-0.0884408
-0.149048
-0.177148
-0.17273
-0.158207
-0.141888
-0.127474
-0.10553
-0.121794
-0.1048
-0.0879829
-0.142307
-0.169758
-0.166543
-0.153414
-0.138608
-0.125579
-0.10537
-0.117082
-0.114166
-0.0888346
-0.136239
-0.16248
-0.160439
-0.148498
-0.13508
-0.12331
-0.104895
-0.113029
-0.123493
-0.0909083
-0.130978
-0.155598
-0.154541
-0.143692
-0.131439
-0.120899
-0.104367
-0.109538
-0.132825
-0.0941304
-0.126573
-0.149051
-0.148795
-0.138904
-0.127698
-0.118135
-0.103406
-0.106118
-0.141615
-0.098212
-0.12305
-0.14307
-0.14332
-0.134356
-0.124006
-0.115311
-0.102332
-0.102933
-0.149988
-0.103027
-0.120395
-0.137522
-0.138053
-0.129889
-0.120312
-0.112222
-0.100819
-0.0996453
-0.157487
-0.108178
-0.118507
-0.132483
-0.133024
-0.125638
-0.116757
-0.10923
-0.0992732
-0.0965884
-0.16421
-0.113527
-0.117302
-0.127834
-0.128131
-0.121411
-0.113247
-0.106094
-0.0974752
-0.0935305
-0.16976
-0.118639
-0.116581
-0.123659
-0.123463
-0.117381
-0.109909
-0.103149
-0.0958081
-0.0909362
-0.174377
-0.123499
-0.116272
-0.119871
-0.118991
-0.11341
-0.106603
-0.10013
-0.0939251
-0.0885455
-0.177767
-0.12774
-0.116175
-0.116507
-0.114809
-0.109678
-0.103486
-0.0973388
-0.0921862
-0.0866197
-0.180058
-0.131381
-0.116208
-0.113454
-0.11084
-0.106004
-0.100369
-0.0944749
-0.0902873
-0.0847851
-0.18098
-0.13413
-0.116197
-0.110727
-0.107169
-0.102573
-0.0974431
-0.0918566
-0.088561
-0.0832398
-0.18069
-0.136088
-0.116091
-0.108229
-0.103716
-0.0992158
-0.0945234
-0.089196
-0.0867038
-0.0816652
-0.17909
-0.137076
-0.115777
-0.105971
-0.100565
-0.0961198
-0.0918124
-0.0867968
-0.0850032
-0.0803462
-0.176359
-0.137221
-0.115193
-0.10383
-0.0975954
-0.0930933
-0.0891043
-0.0843701
-0.0831835
-0.0790007
-0.172492
-0.136401
-0.114269
-0.101808
-0.0948777
-0.0903186
-0.0866027
-0.0821962
-0.0815112
-0.0778551
-0.16764
-0.134733
-0.112938
-0.0997791
-0.0922814
-0.0876167
-0.0841199
-0.0800201
-0.0797584
-0.0766303
-0.161883
-0.132176
-0.111194
-0.0977587
-0.089885
-0.0851594
-0.0818553
-0.0780872
-0.0781544
-0.075539
-0.155372
-0.128852
-0.108986
-0.0956311
-0.0875542
-0.0827806
-0.0796364
-0.0761745
-0.0764963
-0.0743197
-0.148241
-0.124798
-0.106358
-0.0934246
-0.0853568
-0.0806142
-0.077623
-0.0744655
-0.0749565
-0.0731611
-0.140624
-0.120126
-0.10328
-0.0910343
-0.0831537
-0.0784975
-0.0756487
-0.0727629
-0.0733524
-0.071821
-0.132675
-0.114929
-0.0998253
-0.0884955
-0.0809905
-0.0765123
-0.0738164
-0.0711829
-0.0718003
-0.0704745
-0.124515
-0.109308
-0.0959848
-0.0857231
-0.0787359
-0.0745052
-0.0719697
-0.0695572
-0.0701474
-0.0689088
-0.116283
-0.103381
-0.091848
-0.0827608
-0.0764178
-0.0725128
-0.0701581
-0.0679449
-0.0684587
-0.0672774
-0.108071
-0.0972341
-0.0874274
-0.0795561
-0.0739344
-0.0704089
-0.0682501
-0.0662157
-0.0666231
-0.0654043
-0.0999856
-0.0909812
-0.0828109
-0.0761564
-0.0713045
-0.0682021
-0.0662574
-0.0643872
-0.0646628
-0.0634189
-0.0921005
-0.0846934
-0.0780286
-0.0725446
-0.0684689
-0.0658091
-0.0640886
-0.0623734
-0.0625163
-0.0611852
-0.0844782
-0.078458
-0.0731539
-0.0687658
-0.0654444
-0.0632288
-0.061738
-0.0601706
-0.0601745
-0.0588023
-0.0771698
-0.072332
-0.06823
-0.0648371
-0.0622198
-0.0604297
-0.0591639
-0.05774
-0.0576291
-0.0561863
-0.0701962
-0.0663714
-0.0633124
-0.0608004
-0.0588177
-0.0574186
-0.0563651
-0.0550798
-0.0548593
-0.0534087
-0.0636018
-0.060622
-0.0584515
-0.0566979
-0.055268
-0.0542131
-0.053351
-0.0521974
-0.0519059
-0.0504349
-0.0573762
-0.0551147
-0.053687
-0.0525697
-0.0516018
-0.0508357
-0.0501374
-0.0491087
-0.0487482
-0.0473179
-0.0515564
-0.0498856
-0.049071
-0.0484686
-0.0478741
-0.0473365
-0.0467703
-0.0458515
-0.045459
-0.0440591
-0.0460965
-0.0449413
-0.0446187
-0.0444271
-0.0441165
-0.0437503
-0.043287
-0.0424685
-0.0420512
-0.0407179
-0.0410416
-0.0402837
-0.040338
-0.0404392
-0.0403294
-0.0400798
-0.039686
-0.0389579
-0.0385323
-0.0372666
-0.036321
-0.0359038
-0.0362255
-0.0365264
-0.0365422
-0.0363579
-0.0360105
-0.0353558
-0.0349328
-0.0337692
-0.032031
-0.0318761
-0.0323741
-0.0327909
-0.0328702
-0.0327116
-0.0323816
-0.031785
-0.0313722
-0.0303132
-0.0281988
-0.0282796
-0.0288903
-0.0293602
-0.0294552
-0.0292855
-0.0289453
-0.0283787
-0.0279632
-0.0270026
-0.02491
-0.0251805
-0.0258451
-0.0263099
-0.0263718
-0.0261541
-0.0257711
-0.025203
-0.0247678
-0.0238711
-0.0220709
-0.0225241
-0.0232128
-0.0236318
-0.0236242
-0.0233274
-0.022876
-0.0222783
-0.0217944
-0.0209363
-0.0194804
-0.0201358
-0.0208802
-0.0212602
-0.0211779
-0.0207973
-0.0202672
-0.0196251
-0.0190798
-0.0182268
-0.0168376
-0.0176804
-0.0185601
-0.0189913
-0.0189141
-0.0185113
-0.0179407
-0.0172571
-0.0166118
-0.0156707
-0.0150426
-0.0155598
-0.0162169
-0.0166451
-0.0167574
-0.0166504
-0.0164049
-0.016056
-0.0157409
-0.0152385
-0.017186
-0.0160246
-0.0142374
-0.0125897
-0.0112001
-0.0100185
-0.00894915
-0.00791013
-0.00676364
-0.00524542
-0.0267494
-0.0284732
-0.0283048
-0.0275677
-0.0268082
-0.0260786
-0.0253148
-0.0245092
-0.023718
-0.0229136
-0.822388
-1.0231
-1.2312
-1.33193
-1.28577
-1.10357
-0.879064
-0.770222
-0.805895
-0.848823
-0.818009
-0.762662
-0.542809
-0.359824
-0.21997
-1.36282
-1.35891
-1.3328
-1.26968
-1.15906
-0.988758
-0.808093
-0.736982
-0.794512
-0.842801
-0.821622
-0.764657
-0.546107
-0.361201
-0.220021
-1.57719
-1.43243
-1.2929
-1.15686
-1.02599
-0.895994
-0.775227
-0.73707
-0.796845
-0.83568
-0.820991
-0.765989
-0.550618
-0.362782
-0.219691
-1.45274
-1.28192
-1.14991
-1.01084
-0.880038
-0.795057
-0.764533
-0.783537
-0.830103
-0.839414
-0.817739
-0.769181
-0.556005
-0.363525
-0.218354
-1.31113
-1.18095
-1.04329
-0.88647
-0.74715
-0.666853
-0.698026
-0.800259
-0.861231
-0.841563
-0.811921
-0.775472
-0.562194
-0.363683
-0.214924
-1.16369
-1.0571
-0.924915
-0.782101
-0.644873
-0.550172
-0.579383
-0.733788
-0.841765
-0.831243
-0.803794
-0.783627
-0.56931
-0.3639
-0.210101
-0.915298
-0.866267
-0.787029
-0.676572
-0.555538
-0.458634
-0.454368
-0.610645
-0.76481
-0.797814
-0.790056
-0.78854
-0.577636
-0.364923
-0.20525
-0.69319
-0.678475
-0.63926
-0.566568
-0.470191
-0.384153
-0.351996
-0.473534
-0.653291
-0.739173
-0.766462
-0.78785
-0.586947
-0.367722
-0.202277
-0.524568
-0.520879
-0.502829
-0.458068
-0.389444
-0.319392
-0.277328
-0.348166
-0.530402
-0.66424
-0.733311
-0.780887
-0.596427
-0.372565
-0.201929
-0.387656
-0.389419
-0.382041
-0.35794
-0.313265
-0.259271
-0.222127
-0.249464
-0.411823
-0.579801
-0.690914
-0.767956
-0.605345
-0.37977
-0.204839
-0.26949
-0.276204
-0.278084
-0.268404
-0.243335
-0.206305
-0.178224
-0.18207
-0.308328
-0.492229
-0.639793
-0.74721
-0.611909
-0.388489
-0.210223
-0.174482
-0.18402
-0.191083
-0.191787
-0.181429
-0.159493
-0.13935
-0.139568
-0.225934
-0.406831
-0.581145
-0.718454
-0.615114
-0.398274
-0.21785
-0.100473
-0.110988
-0.121342
-0.128174
-0.128207
-0.119009
-0.10758
-0.111053
-0.167351
-0.330682
-0.517858
-0.681662
-0.613666
-0.407788
-0.226515
-0.043987
-0.0548934
-0.0663175
-0.076869
-0.0839556
-0.0844673
-0.081237
-0.0877077
-0.129788
-0.267454
-0.45423
-0.638597
-0.607377
-0.416535
-0.235805
-0.00156089
-0.012171
-0.0241834
-0.0366554
-0.0479369
-0.0554386
-0.0592235
-0.0682919
-0.104915
-0.218558
-0.39583
-0.591463
-0.595475
-0.423171
-0.244548
0.0293991
0.0191229
0.00727824
-0.0058024
-0.0195267
-0.0316732
-0.0408662
-0.0526785
-0.0853784
-0.180535
-0.344952
-0.542554
-0.578109
-0.4275
-0.252755
0.0511231
0.0414175
0.0301086
0.0170198
0.00225948
-0.0126119
-0.0257144
-0.0398535
-0.0685322
-0.149462
-0.299664
-0.493491
-0.555669
-0.4287
-0.259636
0.0656172
0.0566367
0.0459827
0.0333234
0.0183633
0.00203598
-0.0134838
-0.0292564
-0.0546425
-0.123175
-0.258698
-0.445506
-0.52923
-0.427071
-0.265419
0.0740099
0.0658028
0.0559651
0.0440323
0.029431
0.0128403
-0.00384613
-0.0205856
-0.0434884
-0.101338
-0.222172
-0.399603
-0.499614
-0.42213
-0.2695
0.0771461
0.0697959
0.0609474
0.0500343
0.0363957
0.020307
0.00345437
-0.0135187
-0.0344554
-0.0831861
-0.18974
-0.35586
-0.467744
-0.414378
-0.272215
0.0762609
0.0698395
0.0621196
0.0524548
0.0400633
0.0250941
0.00884317
-0.00781861
-0.027267
-0.0685602
-0.161499
-0.315033
-0.434431
-0.403601
-0.273144
0.0731197
0.0675535
0.060865
0.0524091
0.041434
0.0278329
0.0126287
-0.00326957
-0.0213723
-0.0565886
-0.136957
-0.27701
-0.400428
-0.390409
-0.272721
0.0686863
0.0638941
0.0581381
0.0508081
0.0411422
0.0290457
0.0151907
0.000321505
-0.0166172
-0.0470795
-0.116169
-0.242496
-0.366438
-0.374786
-0.270714
0.0633405
0.0592626
0.0543452
0.048029
0.0397059
0.0291115
0.0166802
0.00298337
-0.0127022
-0.039245
-0.0984146
-0.211087
-0.333077
-0.357397
-0.267399
0.057237
0.0538181
0.0497181
0.0444517
0.037377
0.0282416
0.0172888
0.00489628
-0.00961158
-0.0330384
-0.083735
-0.183379
-0.300878
-0.338399
-0.262626
0.0509704
0.0481459
0.0448075
0.0404904
0.0345832
0.0268077
0.0172422
0.00607056
-0.00709916
-0.0278091
-0.0712648
-0.158696
-0.270295
-0.31848
-0.256718
0.0457397
0.0433168
0.0405332
0.0368806
0.031848
0.0251589
0.0167853
0.00692925
-0.00509401
-0.0236045
-0.0610999
-0.137504
-0.241661
-0.297847
-0.249689
0.0411605
0.0391576
0.0368017
0.033679
0.0293366
0.0235306
0.0162618
0.00740748
-0.00339312
-0.0199161
-0.0523768
-0.118895
-0.215252
-0.277091
-0.241821
0.0372996
0.0355539
0.0335365
0.0308469
0.0270781
0.0220345
0.0156122
0.00786886
-0.00194787
-0.0168686
-0.045286
-0.103274
-0.191172
-0.256386
-0.233104
0.03354
0.0321027
0.0304227
0.0281721
0.0249694
0.0206186
0.015094
0.00813177
-0.000673483
-0.0140953
-0.0390575
-0.0896231
-0.169504
-0.23621
-0.223738
0.0310733
0.0296957
0.0281746
0.0261533
0.0233145
0.0195148
0.0145997
0.008531
0.000517443
-0.01172
-0.0339649
-0.0783477
-0.150165
-0.216666
-0.213762
0.0285605
0.027403
0.0261111
0.0244092
0.0219991
0.0186983
0.0144543
0.0089143
0.00163962
-0.00949525
-0.0293735
-0.0684332
-0.133092
-0.198101
-0.203353
0.0277705
0.0265896
0.0253435
0.0237256
0.0214628
0.018433
0.0144712
0.00950906
0.00277424
-0.00753287
-0.0255963
-0.0603105
-0.118085
-0.180534
-0.192612
0.0268438
0.0258126
0.0246616
0.0231574
0.0210779
0.0182759
0.0147297
0.0100625
0.00381567
-0.00571635
-0.0221258
-0.0530789
-0.104985
-0.164191
-0.181681
0.0264661
0.0254728
0.0243622
0.0229171
0.0209253
0.0183138
0.0149331
0.0106842
0.00482223
-0.00411532
-0.0192751
-0.0471567
-0.0935659
-0.149007
-0.17069
0.0256467
0.0247702
0.0237718
0.022472
0.0206782
0.018277
0.0152495
0.0112006
0.00567977
-0.00269257
-0.0166437
-0.0418108
-0.0836206
-0.135091
-0.159724
0.0256176
0.0247232
0.0237249
0.0224503
0.0207043
0.0184295
0.0154685
0.0117038
0.00646289
-0.00145954
-0.0144827
-0.0374071
-0.0749568
-0.122331
-0.14893
0.0251502
0.0243421
0.0234125
0.0222164
0.0205841
0.0184178
0.0157019
0.0120619
0.00706937
-0.000407516
-0.0124913
-0.0333728
-0.0673634
-0.11075
-0.13834
0.0251162
0.0242916
0.0233403
0.0221376
0.0205123
0.0184319
0.0157534
0.012343
0.00759631
0.000501116
-0.0108476
-0.03
-0.0607177
-0.100221
-0.128096
0.024259
0.023533
0.0226861
0.0216062
0.0201434
0.0182185
0.0157983
0.012524
0.00799045
0.00125837
-0.00932398
-0.0268791
-0.0548092
-0.0907024
-0.118176
0.0242355
0.0234733
0.0226028
0.0215137
0.0200562
0.0181956
0.0157822
0.0126688
0.00832254
0.00191165
-0.00805295
-0.0242255
-0.0495926
-0.082077
-0.108712
0.023514
0.0228363
0.0220477
0.0210436
0.0196984
0.017932
0.015703
0.0126841
0.00851396
0.00242737
-0.0068769
-0.0217396
-0.0448663
-0.074268
-0.0996385
0.0231066
0.0224305
0.0216434
0.0206508
0.0193238
0.0176302
0.0154289
0.0125761
0.00861718
0.00285996
-0.00587131
-0.0195769
-0.0406435
-0.0671856
-0.0910746
0.0218117
0.0212434
0.0205787
0.0197234
0.0185598
0.0170167
0.0150447
0.012354
0.00861864
0.00320896
-0.00490887
-0.0175072
-0.0367361
-0.0607297
-0.0829218
0.0212609
0.020684
0.0200162
0.0191601
0.018008
0.0165318
0.014608
0.012096
0.00860159
0.00354733
-0.00402933
-0.0156471
-0.0331936
-0.0548462
-0.0752875
0.0199791
0.0194914
0.0189214
0.0181761
0.0171688
0.0158378
0.0141357
0.011806
0.00855449
0.00384196
-0.00316171
-0.0138286
-0.0298466
-0.0494285
-0.0680522
0.0192825
0.018788
0.0182243
0.017501
0.0165348
0.0152967
0.0136713
0.0115146
0.00850446
0.00415793
-0.00234737
-0.0121571
-0.0267692
-0.0444571
-0.0613144
0.0180436
0.0176259
0.0171497
0.0165347
0.0157108
0.0146167
0.013183
0.0112221
0.00846787
0.00444103
-0.00153078
-0.0105069
-0.0238133
-0.0398227
-0.0549449
0.0173305
0.0169337
0.0164829
0.0159008
0.0151259
0.0141115
0.0127818
0.0109869
0.00845461
0.00477877
-0.000744674
-0.00896448
-0.0210647
-0.0355349
-0.0490349
0.0162547
0.015944
0.015591
0.0151243
0.0144828
0.0136134
0.012436
0.0108078
0.00850177
0.00509768
4.52778e-05
-0.00743739
-0.0184008
-0.0314974
-0.0434549
0.0157326
0.0154475
0.015127
0.014695
0.0140981
0.0132913
0.0122032
0.0107025
0.00856588
0.00545592
0.000808332
-0.00600701
-0.0159242
-0.027755
-0.0383036
0.0150258
0.0148117
0.0145647
0.0142108
0.0137003
0.0129831
0.0119955
0.0106171
0.00865905
0.0057824
0.00154785
-0.00462404
-0.0135488
-0.0242382
-0.0334721
0.0146798
0.0144969
0.0142758
0.013945
0.0134548
0.0127697
0.0118374
0.0105542
0.00873608
0.00610952
0.00222796
-0.00337081
-0.0113957
-0.0210204
-0.029058
0.0142327
0.0140953
0.0139143
0.0136181
0.0131668
0.0125305
0.0116673
0.0104805
0.00881034
0.00637793
0.00283874
-0.00222252
-0.00939044
-0.0180315
-0.024951
0.0140351
0.0139029
0.0137178
0.0134118
0.0129556
0.0123377
0.0115227
0.0104184
0.008862
0.00662696
0.00337381
-0.00121941
-0.00762271
-0.0153352
-0.0212126
0.0138569
0.0137223
0.0135196
0.0131958
0.0127441
0.0121615
0.0114094
0.010388
0.00895176
0.00687361
0.00389824
-0.00025451
-0.00595151
-0.0128548
-0.0177279
0.0138264
0.0136666
0.0134324
0.0130912
0.0126508
0.0121109
0.011419
0.0104785
0.00914982
0.007254
0.00453965
0.000779061
-0.00436216
-0.0106619
-0.0146692
0.0138139
0.0136435
0.0134052
0.0130834
0.0126915
0.0122133
0.0115919
0.0107402
0.00954414
0.0078363
0.00542081
0.00205022
-0.00267287
-0.0086546
-0.012324
0.0138587
0.013705
0.0134973
0.0132266
0.0128884
0.0124569
0.0118809
0.0110859
0.00998567
0.00845954
0.00632178
0.00329199
-0.00107989
-0.00661554
-0.0106536
0.0138545
0.0137298
0.0135597
0.0133286
0.0130096
0.0125781
0.0119741
0.0111439
0.0100182
0.0084872
0.00639167
0.00353418
-0.000235077
-0.00408441
-0.00700728
)
;

boundaryField
{
    airfoil
    {
        type            zeroGradient;
    }
    farBoundaries
    {
        type            freestreamPressure;
        freestreamValue uniform 0;
        supersonic      false;
        value           nonuniform List<scalar> 
52
(
-0.012209
-0.0129958
-0.0129189
-0.0125825
-0.0122358
-0.0119028
-0.0115542
-0.0111866
-0.0108254
-0.0104583
-0.0106279
-0.0105432
-0.0103849
-0.0101742
-0.00985955
-0.00941779
-0.00882266
-0.00809364
-0.00725258
-0.00634218
-0.00540391
-0.00446452
-0.0035338
-0.00263688
-0.0017553
-0.00102264
0.0163645
0.0160288
0.0153951
0.0146885
0.0139317
0.0131406
0.0122081
0.011132
0.00990644
0.00858107
0.00723981
0.00594412
0.00472541
0.00357802
0.00249327
0.00118132
0.0214742
0.0220677
0.0212366
0.020181
0.0193381
0.0186903
0.0181209
0.0175703
0.0170087
0.0164846
)
;
    }
    inlet
    {
        type            freestreamPressure;
        freestreamValue uniform 0;
        supersonic      false;
        value           nonuniform List<scalar> 
30
(
0.0138267
0.0136989
0.0135243
0.0132865
0.0129576
0.0125108
0.0118839
0.0110192
0.00984346
0.00824634
0.00608612
0.00324229
-0.000201056
-0.00304954
-0.00397342
0.0139287
0.0140542
0.0142208
0.0144614
0.0147843
0.0152367
0.0158409
0.0166535
0.0177151
0.0190538
0.0205507
0.0216467
0.0210992
0.0171155
0.010248
)
;
    }
    outlet
    {
        type            freestreamPressure;
        freestreamValue uniform 0;
        supersonic      false;
        value           nonuniform List<scalar> 
120
(
1.43789e-06
1.51559e-06
1.59087e-06
1.66725e-06
1.73968e-06
1.8114e-06
1.87862e-06
1.94478e-06
2.00707e-06
2.06896e-06
2.12803e-06
2.18751e-06
2.24512e-06
2.30447e-06
2.36348e-06
2.42634e-06
2.49147e-06
2.5644e-06
2.64419e-06
2.73779e-06
2.84458e-06
2.97227e-06
3.1197e-06
3.29417e-06
3.49208e-06
3.71677e-06
3.96016e-06
4.21968e-06
4.48094e-06
4.73228e-06
4.95452e-06
5.13077e-06
5.24201e-06
5.2717e-06
5.21037e-06
5.05072e-06
4.79718e-06
4.45661e-06
4.04868e-06
3.58973e-06
3.10293e-06
2.60807e-06
2.12387e-06
1.66788e-06
1.25075e-06
8.87664e-07
5.74888e-07
3.19689e-07
1.03769e-07
-6.90541e-08
-2.23578e-07
-3.51116e-07
-4.76483e-07
-5.85571e-07
-7.01123e-07
-8.13798e-07
-8.8567e-07
-1.25409e-06
-2.36978e-07
-2.55577e-06
3.43069e-06
2.82534e-06
2.78251e-06
3.05446e-06
3.24238e-06
3.30864e-06
3.31764e-06
3.24394e-06
3.1121e-06
2.89319e-06
2.61602e-06
2.25863e-06
1.85399e-06
1.38878e-06
8.95966e-07
3.67718e-07
-1.65047e-07
-7.02784e-07
-1.22036e-06
-1.71367e-06
-2.16518e-06
-2.56649e-06
-2.91071e-06
-3.1871e-06
-3.39876e-06
-3.53359e-06
-3.60592e-06
-3.60332e-06
-3.54842e-06
-3.42882e-06
-3.2738e-06
-3.07005e-06
-2.84896e-06
-2.59614e-06
-2.34304e-06
-2.07341e-06
-1.81601e-06
-1.55349e-06
-1.31147e-06
-1.07148e-06
-8.55313e-07
-6.44753e-07
-4.58471e-07
-2.78582e-07
-1.20783e-07
3.14005e-08
1.64391e-07
2.93429e-07
4.06875e-07
5.18114e-07
6.16827e-07
7.14944e-07
8.03461e-07
8.92557e-07
9.74199e-07
1.05724e-06
1.13463e-06
1.2139e-06
1.28855e-06
1.36445e-06
)
;
    }
    defaultFaces
    {
        type            empty;
    }
}


// ************************************************************************* //
