/*--------------------------------*- C++ -*----------------------------------*\
  =========                 |
  \\      /  F ield         | OpenFOAM: The Open Source CFD Toolbox
   \\    /   O peration     | Website:  https://openfoam.org
    \\  /    A nd           | Version:  6.0
     \\/     M anipulation  |
\*---------------------------------------------------------------------------*/
FoamFile
{
    version     2.0;
    format      ascii;
    class       volScalarField;
    location    "12";
    object      p;
}
// * * * * * * * * * * * * * * * * * * * * * * * * * * * * * * * * * * * * * //

dimensions      [0 2 -2 0 0 0 0];

internalField   nonuniform List<scalar> 
4920
(
0.0195733
0.0197078
0.0198932
0.0201431
0.0204856
0.0209419
0.0215486
0.0223251
0.0232634
0.0242694
0.0250788
0.0252026
0.023899
0.0207488
0.0170711
0.0197159
0.0198544
0.0200462
0.0203041
0.0206543
0.0211213
0.0217408
0.022546
0.023548
0.0246972
0.0258403
0.0266284
0.0264394
0.0252136
0.0218358
0.0201026
0.0202416
0.0204389
0.0207054
0.0210676
0.0215488
0.0221857
0.0230153
0.0240469
0.0252353
0.0264049
0.0271826
0.0267621
0.0251659
0.0206419
0.0206559
0.0207967
0.0210011
0.0212837
0.0216692
0.0221788
0.0228467
0.0237122
0.0247956
0.0260515
0.0273298
0.028245
0.0277891
0.0257606
0.0212887
0.0215735
0.0217044
0.0218938
0.0221587
0.0225323
0.0230403
0.0237228
0.0246249
0.0257751
0.0271626
0.028659
0.0299587
0.0299197
0.0279717
0.0237889
0.022554
0.022694
0.0228936
0.0231706
0.0235584
0.0240853
0.0247952
0.0257404
0.0269668
0.0284717
0.0301898
0.031875
0.0323003
0.0305155
0.0258709
0.0238537
0.0239871
0.0241775
0.0244419
0.0248222
0.0253508
0.0260787
0.0270621
0.0283448
0.0299427
0.031779
0.0336667
0.034304
0.0324842
0.0268879
0.0251357
0.0252857
0.0255005
0.0257963
0.0262102
0.0267759
0.0275453
0.0285773
0.0299178
0.0315598
0.0334453
0.035373
0.035957
0.0338262
0.0271603
0.0268066
0.0269426
0.0271465
0.0274312
0.0278443
0.0284215
0.0292214
0.030302
0.0316924
0.0333871
0.0352597
0.0371137
0.0374417
0.0348295
0.0272884
0.0283736
0.0285308
0.0287699
0.0291035
0.029573
0.0302139
0.0310843
0.0322408
0.0337113
0.0354482
0.0373343
0.0391038
0.0390898
0.0358571
0.0275672
0.03041
0.0305538
0.0307835
0.0311138
0.0315961
0.0322702
0.0332001
0.0344394
0.0359955
0.0378277
0.0397273
0.0414018
0.0409898
0.0370663
0.0281355
0.0323764
0.0325579
0.0328391
0.0332353
0.0337911
0.034549
0.0355734
0.0369202
0.0386024
0.0405318
0.0425151
0.0441458
0.0433357
0.038596
0.0290113
0.0348397
0.0350237
0.0353147
0.0357325
0.036329
0.0371505
0.0382654
0.039732
0.0415492
0.043648
0.0457058
0.0472887
0.0460229
0.0403808
0.0301167
0.0373276
0.0375643
0.0379211
0.0384217
0.0391115
0.0400414
0.0412818
0.0428966
0.0449026
0.0471613
0.0493631
0.0509336
0.0491781
0.0424413
0.0314849
0.0404553
0.0407046
0.0410744
0.0415941
0.0423273
0.043332
0.0446902
0.0464742
0.0486656
0.0511363
0.0534564
0.0549748
0.0526258
0.0446206
0.0329477
0.0434711
0.0438026
0.044272
0.0449139
0.0457797
0.0469367
0.048476
0.0504451
0.0528618
0.055543
0.0580452
0.0595389
0.0565171
0.0469862
0.0346521
0.0471413
0.0475041
0.0480109
0.0487078
0.049659
0.0509472
0.0526396
0.0548326
0.0574946
0.0604395
0.0631146
0.0645164
0.0606396
0.0493145
0.0363316
0.0506392
0.0511124
0.0517529
0.05261
0.053744
0.0552322
0.0571851
0.0596371
0.0626107
0.0658736
0.0687874
0.0700818
0.0651851
0.0517232
0.0382383
0.0547858
0.055316
0.0560319
0.056999
0.0582856
0.0599868
0.0621729
0.0649573
0.0683053
0.0719461
0.0750642
0.0761
0.0698767
0.0539298
0.0400545
0.0591692
0.0597912
0.0606241
0.061747
0.0632334
0.0651764
0.0676991
0.070844
0.074632
0.0787145
0.0820699
0.0827788
0.0749365
0.0561675
0.0421561
0.0644006
0.0650743
0.0659607
0.0671698
0.0687954
0.0709672
0.0737788
0.0773578
0.0816558
0.0862235
0.0897556
0.0898992
0.079996
0.0580352
0.0441251
0.0695832
0.070401
0.0714542
0.0728615
0.0747258
0.0771906
0.0804178
0.0844748
0.0893561
0.0944847
0.0982204
0.0976652
0.0852665
0.0598527
0.0464025
0.0751563
0.0760936
0.077293
0.078902
0.0810347
0.0838651
0.0875318
0.0921919
0.0977571
0.103507
0.107354
0.105776
0.0902581
0.0611504
0.0485461
0.080844
0.081933
0.0833205
0.0851771
0.0876362
0.0908879
0.095136
0.10047
0.106829
0.1133
0.11727
0.114463
0.0951846
0.062354
0.0510584
0.0868085
0.0880517
0.0896229
0.0917409
0.0945576
0.0983038
0.103171
0.109328
0.116619
0.123868
0.12784
0.123305
0.0994644
0.0629427
0.0534869
0.0927437
0.0941902
0.0960103
0.0984529
0.101698
0.106012
0.111655
0.118749
0.127102
0.135253
0.1392
0.132527
0.103288
0.0634547
0.0563716
0.0984343
0.10013
0.102261
0.105127
0.108923
0.113958
0.120501
0.128736
0.138345
0.147445
0.151145
0.141564
0.106012
0.0633859
0.0592424
0.104393
0.106281
0.108679
0.111934
0.116297
0.122121
0.129738
0.139279
0.150311
0.160465
0.16383
0.150594
0.107838
0.0633903
0.0626196
0.110049
0.112184
0.114898
0.118637
0.123683
0.13045
0.139292
0.150367
0.163035
0.174287
0.176894
0.158831
0.108131
0.0630195
0.0660592
0.11575
0.118132
0.121162
0.125354
0.131089
0.138869
0.149115
0.161924
0.176426
0.188859
0.190447
0.166372
0.107169
0.0630633
0.0700396
0.120132
0.122905
0.126452
0.131365
0.138052
0.147098
0.158986
0.173808
0.190474
0.204113
0.203939
0.172256
0.104419
0.0631393
0.0741285
0.124633
0.127642
0.131525
0.136977
0.144545
0.154939
0.16869
0.185909
0.205
0.219895
0.217359
0.176508
0.100296
0.0640523
0.0786544
0.127617
0.130953
0.135314
0.141497
0.150145
0.162104
0.178039
0.198046
0.220003
0.23613
0.229928
0.178091
0.0945215
0.0655279
0.0832871
0.130358
0.133794
0.1384
0.145121
0.154804
0.168439
0.186984
0.210249
0.235302
0.252552
0.241497
0.17713
0.0877912
0.0683482
0.088183
0.13108
0.134764
0.13982
0.147346
0.158257
0.17408
0.195498
0.222361
0.250966
0.269117
0.251155
0.172801
0.0801365
0.0722453
0.0930849
0.131759
0.135394
0.140653
0.148735
0.161051
0.17891
0.203636
0.23463
0.266672
0.285318
0.258515
0.165433
0.0723563
0.0776766
0.097893
0.130543
0.13436
0.140034
0.148984
0.162543
0.183047
0.211329
0.246311
0.282572
0.30105
0.262754
0.154679
0.0648884
0.0844796
0.102541
0.128237
0.131909
0.137798
0.147416
0.162763
0.185891
0.218129
0.258045
0.297997
0.315319
0.263216
0.141163
0.0584803
0.0926762
0.106674
0.123361
0.127023
0.133214
0.143851
0.160942
0.187598
0.224066
0.26825
0.313058
0.327906
0.259566
0.125231
0.053802
0.102115
0.1104
0.116358
0.119787
0.126309
0.138013
0.157615
0.187479
0.228656
0.277997
0.326275
0.336813
0.250742
0.107612
0.051058
0.112179
0.11314
0.10652
0.110036
0.117092
0.130238
0.151976
0.186304
0.231571
0.284742
0.337412
0.341825
0.237314
0.089348
0.0510675
0.122929
0.115252
0.0960384
0.0990277
0.106186
0.120329
0.144989
0.182498
0.232975
0.29015
0.343775
0.339558
0.217696
0.0708493
0.0530682
0.133124
0.115927
0.0841089
0.0862009
0.0931232
0.108358
0.135105
0.177204
0.23189
0.290593
0.344744
0.331
0.194538
0.0538879
0.0578167
0.143068
0.115747
0.069797
0.0707628
0.0773974
0.0936973
0.123436
0.168418
0.228159
0.287223
0.337075
0.310707
0.16542
0.038389
0.0635718
0.151158
0.113826
0.0532165
0.0527807
0.0591411
0.0766749
0.109571
0.158574
0.22166
0.277425
0.318015
0.278463
0.129734
0.0236444
0.0696718
0.157747
0.110704
0.0340079
0.0320632
0.0382058
0.0585547
0.0960973
0.147927
0.215852
0.258136
0.281012
0.240816
0.0997396
0.0125528
0.0720513
0.160158
0.104994
0.0126618
0.00940004
0.0171161
0.040895
0.0816448
0.138732
0.213816
0.224336
0.224567
0.212818
0.0918627
0.00619843
0.0701883
0.158489
0.0966956
-0.0081717
-0.0122392
-0.00310036
0.0237648
0.0667418
0.13777
0.19942
0.164312
0.158348
0.19579
0.0897356
-0.0050507
0.059802
0.15053
0.0849783
-0.0264456
-0.0312261
-0.019511
0.011894
0.0593348
0.128173
0.156032
0.0837251
0.0865089
0.154976
0.0627315
-0.0335886
0.0378884
0.136883
0.0703164
-0.0405245
-0.0472641
-0.0341673
-0.000253671
0.0563742
0.0922873
0.0535332
-0.0228966
0.014924
0.0520847
-0.00494895
-0.0869286
-0.00133635
0.114179
0.0528769
-0.0476728
-0.0558385
-0.0396021
0.00575123
0.0408597
-0.030355
-0.126443
-0.154736
-0.119186
-0.150975
-0.116627
-0.162798
-0.0548447
0.0833017
0.0330628
-0.0418675
-0.0393229
-0.000564748
0.0413928
-0.000618632
-0.284457
-0.470856
-0.407805
-0.432039
-0.517673
-0.279624
-0.258441
-0.116402
0.0500429
0.0134778
0.0220557
0.0701525
0.139422
0.155045
-0.0422371
-0.552821
-1.04537
-0.924928
-0.888109
-1.03435
-0.47264
-0.366573
-0.177904
0.0210442
-0.00296334
0.266484
0.369037
0.454161
0.409677
0.102716
-0.758752
-1.65637
-1.29812
-1.10322
-1.50403
-0.618312
-0.448138
-0.221181
0.00239233
-0.0126782
0.739409
0.873698
0.951409
0.927305
0.636541
-0.860285
-1.25912
-1.20527
-1.05425
-1.66799
-0.677802
-0.455191
-0.225936
-0.000829701
-0.0136669
1.41147
1.52165
1.60806
1.78667
1.74314
-0.22855
0.0616363
-0.671236
-0.566961
-1.199
-0.596362
-0.30427
-0.185414
0.0104727
-0.00600546
2.26627
2.39779
2.64797
3.27441
4.03225
3.90989
2.7274
1.57349
0.927343
-0.231154
-0.327504
-0.0253382
-0.122497
0.0288545
0.00623114
3.08937
3.41875
4.03922
5.46832
7.76632
11.1589
7.20501
4.94593
2.35749
0.605984
-0.0283849
0.186074
-0.0587843
0.048517
0.0183511
3.63354
4.23775
5.37804
7.42944
10.5029
13.4762
10.2661
7.25839
2.98141
1.01255
0.143031
0.297444
-0.00950289
0.0643541
0.0264448
4.04278
4.88499
6.21691
8.47001
11.524
13.5919
11.3767
7.63302
3.01886
1.13865
0.230676
0.349348
0.0157859
0.0742616
0.0307334
0.0384403
0.0385698
0.0363223
0.0342929
0.0330503
0.0321492
0.0311909
0.0300916
0.029016
0.0279683
0.0241648
0.0213643
0.018547
0.0170111
0.0162442
0.0154535
0.0142072
0.0124905
0.010223
0.00742219
0.0202435
0.0209773
0.0221621
0.0231543
0.0235178
0.0231467
0.0221685
0.0208728
0.0196208
0.0184964
0.0220624
0.0228998
0.0232816
0.0226672
0.0212021
0.0192753
0.0172132
0.0152782
0.0135683
0.011881
0.0232312
0.02275
0.0215528
0.0197045
0.0175714
0.0155497
0.013867
0.012644
0.0119342
0.0115062
0.0222022
0.0206729
0.0186783
0.0165178
0.0145201
0.0129418
0.0118699
0.0113156
0.0112798
0.0114533
0.0200704
0.0179854
0.0157941
0.0137369
0.0120381
0.0108541
0.0102022
0.0100424
0.0103638
0.010791
0.0180899
0.0157218
0.0135361
0.011598
0.0100876
0.00911721
0.00870122
0.0087847
0.00936919
0.0100084
0.0167454
0.0142048
0.0119008
0.0099185
0.00834201
0.00737943
0.00703353
0.00726509
0.00814428
0.00911058
0.0162169
0.0133569
0.0108
0.00845709
0.006569
0.00535696
0.00490553
0.00521363
0.00639084
0.00766961
0.0163045
0.0131209
0.0100707
0.0071301
0.00462226
0.00290806
0.00215283
0.00239098
0.00379117
0.00546572
0.0169087
0.0133174
0.00959736
0.00578633
0.00237737
-0.000104165
-0.00138527
-0.00137095
0.00028274
0.00225072
0.0178535
0.0138106
0.00925452
0.00435672
-0.000202243
-0.00367713
-0.00567846
-0.00599105
-0.004175
-0.00172086
0.0191282
0.0145631
0.00903306
0.00283631
-0.00310447
-0.00781131
-0.0107361
-0.0115014
-0.00943181
-0.00655907
0.0206284
0.015528
0.00895635
0.00130657
-0.00620511
-0.0123698
-0.0164186
-0.0177558
-0.0155307
-0.0120195
0.0223589
0.0167314
0.0090297
-0.000234715
-0.00956395
-0.0174545
-0.022855
-0.024919
-0.0224821
-0.0184136
0.0242517
0.0181787
0.00932637
-0.00165337
-0.0130115
-0.0228542
-0.0298246
-0.0327517
-0.0301851
-0.0253645
0.0263756
0.019896
0.00981328
-0.00306757
-0.0167398
-0.0288109
-0.0375546
-0.0414507
-0.038636
-0.0330579
0.0286884
0.0218826
0.0106001
-0.00431386
-0.0204723
-0.0349606
-0.0456316
-0.050545
-0.0474427
-0.0408228
0.0312167
0.0241294
0.0114433
-0.00572721
-0.0246657
-0.0417549
-0.0544168
-0.0602838
-0.0566111
-0.04868
0.0339216
0.0266274
0.0124939
-0.00705865
-0.0289088
-0.0486775
-0.0633523
-0.0701089
-0.0657295
-0.0563014
0.0369284
0.0293499
0.0134455
-0.00880143
-0.0338258
-0.0563692
-0.0729873
-0.0804236
-0.0749519
-0.063694
0.0401634
0.0323366
0.0145491
-0.0105332
-0.0388121
-0.0641366
-0.0826524
-0.0906509
-0.0839183
-0.0706187
0.0438143
0.0354993
0.0153193
-0.012995
-0.04473
-0.0728445
-0.0930549
-0.101287
-0.0927864
-0.0769222
0.0477027
0.0388863
0.0161021
-0.015574
-0.0508165
-0.0816679
-0.10347
-0.111805
-0.101355
-0.0827909
0.0520647
0.0423355
0.0163749
-0.0191259
-0.0579982
-0.0915422
-0.114681
-0.122735
-0.109855
-0.0880363
0.0566282
0.0459402
0.0165693
-0.0228426
-0.0653421
-0.101491
-0.125838
-0.133532
-0.118127
-0.0929937
0.0615616
0.0494049
0.0159791
-0.0277201
-0.0738252
-0.112399
-0.13759
-0.144546
-0.126128
-0.0971625
0.0665977
0.0528265
0.0151269
-0.0328447
-0.082448
-0.123255
-0.149086
-0.15524
-0.133778
-0.101028
0.0718282
0.0558033
0.0131846
-0.0393044
-0.0922035
-0.13491
-0.160906
-0.165879
-0.14093
-0.103959
0.0770145
0.0585201
0.0108163
-0.0460422
-0.102016
-0.146341
-0.172233
-0.175985
-0.147611
-0.106569
0.0820938
0.0604702
0.00709241
-0.0541543
-0.112782
-0.158236
-0.183463
-0.185664
-0.153488
-0.10796
0.0869048
0.061917
0.00279663
-0.0625294
-0.123478
-0.169701
-0.193962
-0.194595
-0.158762
-0.10886
0.091207
0.062258
-0.00304188
-0.0722692
-0.134922
-0.181326
-0.204041
-0.202843
-0.163057
-0.108354
0.0949481
0.0619093
-0.00947751
-0.0821958
-0.146143
-0.192355
-0.213257
-0.210269
-0.166749
-0.10739
0.0977151
0.0602745
-0.0174018
-0.0932418
-0.157713
-0.203137
-0.22172
-0.216788
-0.169252
-0.104994
0.09961
0.0578648
-0.0258077
-0.104287
-0.168845
-0.213126
-0.229211
-0.222378
-0.170963
-0.10224
0.100036
0.0540595
-0.0355026
-0.116138
-0.179984
-0.222561
-0.235746
-0.226811
-0.171318
-0.0981436
0.0992796
0.0495051
-0.0454391
-0.127723
-0.190511
-0.23112
-0.241332
-0.230226
-0.170981
-0.0938577
0.0966942
0.0437662
-0.0561094
-0.139512
-0.200548
-0.238811
-0.24582
-0.232326
-0.169372
-0.0884287
0.0927037
0.0374407
-0.0665466
-0.150539
-0.209619
-0.245467
-0.249358
-0.233389
-0.167188
-0.0829609
0.0866635
0.0301278
-0.0770717
-0.16104
-0.217667
-0.250978
-0.251574
-0.233067
-0.163847
-0.0765393
0.0791137
0.0222965
-0.0869725
-0.170312
-0.224452
-0.255384
-0.252711
-0.231832
-0.160136
-0.0702659
0.0697247
0.0140029
-0.0962383
-0.178366
-0.229832
-0.258544
-0.25242
-0.229395
-0.155585
-0.0633562
0.059369
0.00584402
-0.104345
-0.184803
-0.233825
-0.260693
-0.251102
-0.226308
-0.15095
-0.0567898
0.0481462
-0.00173085
-0.111126
-0.189605
-0.236318
-0.261394
-0.248434
-0.222314
-0.145828
-0.0498756
0.0366059
-0.00852576
-0.116465
-0.192782
-0.23757
-0.260852
-0.245003
-0.217994
-0.140921
-0.0435116
0.0249448
-0.0140358
-0.120238
-0.194384
-0.237532
-0.258766
-0.240526
-0.213138
-0.135906
-0.0371474
0.0139553
-0.017937
-0.122446
-0.194605
-0.236568
-0.255629
-0.235623
-0.208298
-0.131364
-0.0314884
0.00400873
-0.0197363
-0.12299
-0.19322
-0.234237
-0.251351
-0.230176
-0.203377
-0.12706
-0.0261134
-0.00479065
-0.0196409
-0.122189
-0.190661
-0.230959
-0.24663
-0.224815
-0.198881
-0.123469
-0.0216273
-0.0114525
-0.0167354
-0.119158
-0.186604
-0.22675
-0.24156
-0.21953
-0.194775
-0.120427
-0.0176933
-0.0151479
-0.0113339
-0.113892
-0.181046
-0.221821
-0.236555
-0.214712
-0.191359
-0.118198
-0.0146957
-0.0143128
-0.00283671
-0.106563
-0.174124
-0.216153
-0.231514
-0.210234
-0.188518
-0.116595
-0.0123348
-0.00862011
0.00821285
-0.0975148
-0.166348
-0.210143
-0.226712
-0.206333
-0.186368
-0.11567
-0.0107581
0.00130332
0.0208066
-0.0870791
-0.157936
-0.203873
-0.222123
-0.203001
-0.184804
-0.115217
-0.00963556
0.0125764
0.0320261
-0.0775194
-0.150503
-0.198503
-0.218492
-0.200688
-0.183988
-0.115232
-0.00893644
0.0223274
0.0400515
-0.0704241
-0.145246
-0.194843
-0.216261
-0.199516
-0.1838
-0.115471
-0.00838932
0.0277173
0.0444538
-0.06647
-0.142496
-0.193073
-0.215357
-0.199192
-0.183913
-0.115652
-0.00792216
0.0300208
0.0467412
-0.064639
-0.141322
-0.19245
-0.21509
-0.19915
-0.183975
-0.115644
-0.00771052
0.0296059
0.0297879
0.0299402
0.0302358
0.0304302
0.0302085
0.0293106
0.0277128
0.0255139
0.0228886
0.0200537
0.0171559
0.0143492
0.0116217
0.00892991
0.00526328
0.00729797
0.00818863
0.00969599
0.0114364
0.0129476
0.0140497
0.0146236
0.0147143
0.0143554
0.0135964
0.0124847
0.0111116
0.00949952
0.00768468
0.00557456
0.00292284
0.0215778
0.0225013
0.023616
0.0247304
0.0254488
0.0255529
0.0249076
0.0235635
0.0216279
0.0192359
0.0165925
0.0138038
0.0109727
0.00810453
0.00510131
0.00203372
0.013611
0.0145504
0.0157874
0.017151
0.018264
0.0189504
0.0190738
0.0186725
0.0177822
0.0164879
0.0148064
0.0128042
0.0104854
0.00787255
0.00492549
0.00187016
0.0146289
0.0156054
0.0165379
0.0174041
0.018021
0.0183045
0.0181678
0.0176437
0.0167998
0.0156191
0.014136
0.0123098
0.0101082
0.00754502
0.00461751
0.00162298
0.0142801
0.0150963
0.0157688
0.016373
0.0167843
0.0169596
0.0167817
0.0162934
0.0155438
0.0145816
0.0133462
0.0117642
0.0097413
0.00727222
0.00438801
0.00138349
0.0131874
0.0138699
0.0143967
0.0148981
0.0152595
0.0154414
0.0153106
0.0148944
0.0142746
0.0134622
0.0124444
0.0110952
0.00927612
0.00695212
0.00417481
0.0011775
0.0123768
0.013026
0.0135195
0.013998
0.0143345
0.0144751
0.0142917
0.013831
0.013196
0.0124646
0.0115789
0.0104061
0.00876288
0.00659758
0.00396385
0.000990283
0.0118563
0.0125585
0.0130704
0.0135349
0.0138217
0.0138761
0.0135873
0.0130166
0.0123153
0.0115689
0.0107762
0.00974378
0.00825578
0.00623844
0.00375622
0.000816611
0.0112098
0.0121179
0.0127873
0.0133484
0.0136335
0.0135941
0.0131485
0.012403
0.011554
0.0107897
0.0100381
0.00911185
0.00776572
0.00590298
0.00358579
0.000670978
0.010119
0.0113183
0.0122233
0.0129488
0.0132986
0.0132256
0.0126811
0.0117906
0.0108847
0.0100779
0.00937539
0.00853232
0.00730853
0.00558694
0.00343757
0.000552076
0.00854423
0.0101254
0.0113417
0.0122982
0.012779
0.0127352
0.0121233
0.0112129
0.0102353
0.00944078
0.00876346
0.00798679
0.00689605
0.0053255
0.00335048
0.000474866
0.00646457
0.00857774
0.0102587
0.0115598
0.0122507
0.012249
0.0116399
0.010633
0.00963635
0.00883208
0.00817704
0.00747543
0.0065185
0.00509542
0.00329684
0.000432362
0.00430459
0.00703548
0.00922278
0.0108907
0.011797
0.0118532
0.0111625
0.0101025
0.00904293
0.00823042
0.00761446
0.00701577
0.00621439
0.00494659
0.00331644
0.000433048
0.00166361
0.00517838
0.00803604
0.0101941
0.0113812
0.0114995
0.0107572
0.00958073
0.00846841
0.00765806
0.00709796
0.00661489
0.00596547
0.00484483
0.00337512
0.000466783
-0.00120231
0.00314157
0.00668736
0.00935515
0.0108855
0.0111494
0.0103868
0.00914505
0.00797105
0.00716623
0.00667167
0.00633024
0.00583416
0.00485216
0.00351305
0.000536292
-0.00470279
0.000604919
0.00501778
0.00837139
0.0103814
0.0108686
0.0101257
0.00880036
0.00756959
0.00677373
0.00635584
0.00614934
0.00578395
0.00492129
0.00369059
0.000630373
-0.00860509
-0.00224893
0.00311778
0.00724515
0.00980018
0.0105524
0.00984561
0.00850547
0.00725854
0.00650327
0.00618885
0.00612707
0.00587439
0.00510606
0.00393426
0.00074101
-0.0124203
-0.00500867
0.00125074
0.00603153
0.00902722
0.0100015
0.00946683
0.00818384
0.00700467
0.00633037
0.00613564
0.00620708
0.00604069
0.00534552
0.00420335
0.000860256
-0.0158984
-0.00764591
-0.000724436
0.00455467
0.00795264
0.00934712
0.00904562
0.00797156
0.00691366
0.00633452
0.00627312
0.00646208
0.00634931
0.0056901
0.00451459
0.00097205
-0.0196654
-0.0104566
-0.00269966
0.00318954
0.0071269
0.00888162
0.00888883
0.00798168
0.00700865
0.00651846
0.00656532
0.00683036
0.00673175
0.00607956
0.00483392
0.00107542
-0.0232155
-0.0130891
-0.00451283
0.00201973
0.00646544
0.00862547
0.00891685
0.00820767
0.00736596
0.00697507
0.00709402
0.00738188
0.00724587
0.00654921
0.00516264
0.00114645
-0.0261745
-0.0151947
-0.00590924
0.00114957
0.00599464
0.00852823
0.00910883
0.00860946
0.00790315
0.00760752
0.00776343
0.00802629
0.00781359
0.00704247
0.00547847
0.00119504
-0.0287314
-0.0170275
-0.00710973
0.000438491
0.0057271
0.00860649
0.00953064
0.0092967
0.00874157
0.00853112
0.0086595
0.00882918
0.00848256
0.00758014
0.00576985
0.00119175
-0.0308901
-0.0184492
-0.00792142
0.000101846
0.00577113
0.00911211
0.010311
0.0102677
0.00980773
0.00963557
0.00967623
0.00969785
0.00917787
0.00811499
0.0060279
0.0011575
-0.0328442
-0.0197656
-0.00861856
-5.85169e-05
0.00623387
0.00992973
0.0115507
0.0116962
0.0112778
0.0110603
0.0109022
0.0106852
0.00992668
0.00864629
0.00622663
0.00105945
-0.0344944
-0.0207473
-0.00900274
0.000215482
0.00700442
0.0113739
0.0132177
0.0134656
0.0129981
0.0126648
0.0122318
0.0117144
0.0106744
0.00914772
0.00637582
0.000929717
-0.0358409
-0.0215553
-0.00918239
0.000686537
0.0082667
0.0130695
0.0153957
0.0157517
0.0151574
0.0146019
0.0137597
0.0128343
0.0114378
0.00960592
0.00644084
0.000733932
-0.0367607
-0.0219483
-0.00895721
0.00154061
0.0097722
0.0153697
0.0179246
0.0183299
0.0175326
0.016698
0.0153747
0.0139801
0.0121819
0.0100159
0.00644951
0.000513231
-0.0370776
-0.0217647
-0.00832832
0.00285563
0.0118353
0.0179059
0.0210084
0.0214418
0.0203081
0.0190764
0.017131
0.0151614
0.0128921
0.0103448
0.00636027
0.00023445
-0.0367459
-0.0209353
-0.0068866
0.00479445
0.0144258
0.0212582
0.0244435
0.0247859
0.0232243
0.021554
0.0189282
0.016335
0.013558
0.0106104
0.00621727
-5.578e-05
-0.0355155
-0.0192678
-0.00480924
0.00755987
0.0177691
0.0248973
0.0284462
0.0285897
0.0264521
0.024238
0.0207968
0.0174847
0.0141422
0.0107652
0.00597399
-0.000389697
-0.0334259
-0.0167053
-0.00164451
0.0111346
0.0218357
0.0293758
0.0326576
0.0324826
0.0297078
0.0269465
0.0226544
0.0185927
0.0146592
0.0108477
0.00568697
-0.000718695
-0.0300733
-0.0129173
0.00255146
0.0157837
0.0266738
0.0340827
0.0373369
0.0366986
0.0331393
0.029745
0.0244854
0.019604
0.0150463
0.0107998
0.00530935
-0.00107195
-0.0255923
-0.00794609
0.0079171
0.0213583
0.0323271
0.0396157
0.0421048
0.040898
0.0365149
0.0325022
0.0262557
0.0205411
0.0153485
0.010681
0.00490638
-0.00140362
-0.0201321
-0.00200819
0.0142462
0.0278378
0.0385916
0.0452722
0.0472532
0.0453365
0.0399883
0.0352709
0.0279255
0.0213247
0.0154858
0.0104264
0.00443151
-0.00174095
-0.0135065
0.00500647
0.0215539
0.0351667
0.045599
0.0516211
0.0523885
0.0497043
0.0433717
0.037965
0.0295058
0.0220136
0.01553
0.0101113
0.00395403
-0.00204284
-0.00582201
0.0131797
0.0298777
0.0432502
0.0529948
0.0579659
0.05777
0.0542035
0.0467521
0.0405737
0.0309105
0.0224994
0.0153883
0.00967019
0.00343134
-0.00233317
0.00310721
0.0223295
0.0390845
0.0520953
0.0610102
0.0647753
0.0630028
0.0585595
0.0499987
0.0430693
0.0321999
0.022877
0.0151567
0.00918988
0.00293072
-0.00257908
0.012876
0.0325568
0.0490949
0.0613691
0.0690694
0.071377
0.0682997
0.0629293
0.0531519
0.0453985
0.0332543
0.0230154
0.0147335
0.00860499
0.00241206
-0.00280231
0.0238257
0.0436066
0.0598513
0.0711699
0.0774629
0.0781857
0.0733292
0.0670972
0.0561398
0.0475849
0.0341751
0.0230383
0.0142323
0.008008
0.00193741
-0.00297769
0.0356565
0.0556467
0.0711316
0.0810045
0.0855813
0.0846398
0.0782438
0.0711421
0.0589192
0.0495143
0.0348102
0.0228032
0.0135526
0.00733919
0.00147149
-0.00312341
0.0482328
0.0682424
0.0828682
0.0910991
0.0937855
0.0910806
0.082823
0.0749542
0.0615173
0.0512857
0.0353057
0.0224585
0.0128203
0.00668989
0.001066
-0.00322317
0.0614144
0.0813319
0.0946421
0.1008
0.101501
0.0971072
0.0871752
0.0785648
0.0638369
0.0527408
0.0354881
0.0218531
0.0119368
0.00600413
0.000688441
-0.00329237
0.0751033
0.094786
0.106565
0.11048
0.109156
0.103016
0.0911922
0.0819605
0.0659908
0.0540455
0.0355354
0.0211497
0.0110323
0.00536757
0.000380116
-0.00332135
0.0893243
0.108467
0.118107
0.119497
0.116278
0.108533
0.0948831
0.0850795
0.0677855
0.054952
0.0352654
0.0202073
0.0100201
0.00473108
0.00011318
-0.00332148
0.104027
0.122405
0.129574
0.1283
0.123248
0.113811
0.0982609
0.0880242
0.0694167
0.0556486
0.034907
0.0192039
0.0090301
0.00416894
-8.34852e-05
-0.00328935
0.119021
0.136205
0.140262
0.136323
0.12972
0.118722
0.101238
0.0906004
0.0705409
0.0558196
0.0342122
0.0180239
0.00799118
0.00363743
-0.000234176
-0.00323287
0.134363
0.15008
0.150616
0.144092
0.13603
0.123316
0.103943
0.0929451
0.0713876
0.0557109
0.0333558
0.0168589
0.00703247
0.0031999
-0.000319551
-0.0031525
0.14992
0.163598
0.159954
0.151198
0.141958
0.127605
0.106208
0.0947614
0.0715594
0.0549839
0.0321307
0.0155935
0.00609209
0.00281822
-0.000358732
-0.00305204
0.166387
0.177226
0.16882
0.158119
0.147704
0.131516
0.108276
0.0963025
0.0713868
0.0539498
0.0307663
0.0143914
0.00527605
0.00253855
-0.000341911
-0.00293529
0.183426
0.190303
0.176632
0.164607
0.153163
0.135208
0.109897
0.0971668
0.0703833
0.0522309
0.0290661
0.0131403
0.00452278
0.00232424
-0.000284142
-0.00280268
0.201746
0.203214
0.183884
0.170953
0.158345
0.138496
0.11144
0.0976471
0.0688844
0.0501551
0.0272708
0.0119873
0.00391685
0.00220688
-0.000182037
-0.00265988
0.220769
0.215106
0.190253
0.177072
0.16326
0.14167
0.112668
0.0972947
0.0663909
0.0473589
0.0252066
0.0108373
0.00340081
0.00215326
-4.57821e-05
-0.00250402
0.240831
0.225895
0.195903
0.182936
0.16778
0.144471
0.11392
0.0963982
0.0632417
0.0441833
0.0231165
0.009823
0.00303846
0.00218293
0.000123265
-0.00234239
0.260849
0.235371
0.201148
0.188718
0.172026
0.147128
0.114758
0.0944848
0.0590782
0.0403604
0.0208606
0.00886531
0.00277614
0.00226653
0.000319206
-0.00216958
0.27923
0.242961
0.206224
0.194263
0.175608
0.149056
0.115253
0.0918684
0.0546115
0.0363808
0.0186891
0.00808075
0.00265954
0.00241627
0.00053823
-0.00199389
0.291969
0.247134
0.210723
0.199358
0.178472
0.150503
0.115127
0.0885539
0.0501886
0.0324035
0.0165476
0.0073932
0.0026315
0.00260636
0.000778256
-0.00180774
0.293638
0.246884
0.211857
0.202515
0.17962
0.1512
0.114516
0.0851918
0.0464836
0.029063
0.0147036
0.00688997
0.00271624
0.00284379
0.00103408
-0.00162037
0.28416
0.245294
0.210571
0.203479
0.179167
0.15095
0.113408
0.0820503
0.0435537
0.0263267
0.01308
0.00648596
0.00285468
0.00310676
0.00130681
-0.00142259
0.259139
0.237533
0.206832
0.201527
0.177194
0.149705
0.112054
0.0795386
0.041468
0.0242755
0.0117736
0.00622468
0.00306138
0.00340014
0.00159017
-0.00122446
0.205603
0.219848
0.201836
0.197158
0.174235
0.147654
0.110693
0.0778238
0.0401475
0.0227165
0.0106156
0.00598404
0.00326863
0.00369549
0.00188033
-0.00101859
0.131869
0.195756
0.1964
0.191821
0.170642
0.145171
0.10944
0.0770564
0.0396713
0.0217106
0.00966212
0.00578337
0.00348127
0.00398746
0.00216213
-0.000820169
0.0781786
0.167293
0.192213
0.187501
0.166407
0.142419
0.108765
0.0773028
0.0400306
0.0212478
0.00885083
0.00553477
0.00364527
0.00425299
0.00243366
-0.000621353
0.0664802
0.14087
0.188137
0.183858
0.161943
0.139885
0.108821
0.078339
0.04106
0.0213209
0.00825074
0.00529328
0.00379364
0.00450699
0.00269255
-0.000431735
0.0755786
0.12932
0.182724
0.179299
0.157449
0.137826
0.109782
0.0799883
0.0426696
0.0219178
0.00785177
0.00499949
0.00388076
0.00473215
0.00294125
-0.000240918
0.0862123
0.124584
0.172687
0.171872
0.153082
0.136728
0.111054
0.081747
0.0445204
0.0229263
0.00769408
0.00470868
0.00394076
0.00494608
0.00317957
-5.80693e-05
0.0935513
0.119682
0.158771
0.16312
0.150129
0.136405
0.11234
0.0834614
0.0465805
0.024342
0.00780482
0.00437471
0.00391787
0.005124
0.00340686
0.000126495
0.0989166
0.115725
0.146699
0.155868
0.148313
0.136077
0.113066
0.0847723
0.0485393
0.0259845
0.00819571
0.00406365
0.00384907
0.00528337
0.00362307
0.000303304
0.102823
0.113563
0.137466
0.149486
0.146235
0.135142
0.113316
0.0858022
0.0505104
0.0278532
0.00891084
0.0037613
0.00367701
0.00539004
0.00382254
0.000480561
0.105544
0.112722
0.13062
0.14348
0.143471
0.133618
0.112901
0.0863176
0.0521866
0.0297124
0.00989571
0.00353605
0.00344837
0.00546577
0.00400817
0.000649543
0.107533
0.112897
0.126107
0.138209
0.140179
0.131413
0.111918
0.0864379
0.0536966
0.0316069
0.0111685
0.00339239
0.0031116
0.00546917
0.00417013
0.000817519
0.109065
0.113799
0.123486
0.133688
0.136358
0.128533
0.110218
0.0859452
0.0547388
0.0332922
0.0126006
0.00338346
0.00272908
0.0054286
0.00431384
0.000976485
0.110186
0.114863
0.122122
0.130009
0.132334
0.125057
0.107884
0.0849769
0.0554814
0.0348433
0.014193
0.00353034
0.002269
0.00529929
0.00442368
0.00113201
0.110803
0.11553
0.121099
0.126718
0.128014
0.12099
0.104935
0.0834227
0.0557068
0.0360209
0.0157822
0.00385113
0.00180498
0.00511861
0.00450967
0.00127782
0.11062
0.115146
0.119635
0.123497
0.123579
0.11654
0.10145
0.0814326
0.0556142
0.0369555
0.0173783
0.00436601
0.00132627
0.00484251
0.00455067
0.00141787
0.108974
0.113296
0.117074
0.119728
0.118732
0.111638
0.0975625
0.0789807
0.0550472
0.0374566
0.0188197
0.0050436
0.000910182
0.0045206
0.00456098
0.001547
0.10567
0.10964
0.113124
0.115242
0.113647
0.10655
0.0932837
0.0761837
0.0541827
0.0376836
0.0201469
0.00588884
0.000566216
0.00411953
0.00451511
0.00166633
0.100494
0.104332
0.107816
0.109874
0.108088
0.101096
0.0887806
0.0730447
0.0529152
0.0374905
0.0211927
0.00681035
0.000346971
0.00369809
0.00443323
0.0017727
0.0940013
0.0976124
0.101362
0.103793
0.102235
0.0955446
0.0839523
0.0696176
0.0513771
0.0370403
0.0220249
0.0078012
0.000260394
0.00323451
0.00428806
0.00186441
0.0864318
0.0900404
0.0942166
0.0971461
0.0959533
0.0896328
0.078996
0.0659379
0.0494951
0.0362188
0.0225079
0.00874593
0.000319169
0.00279173
0.00410718
0.00194016
0.0787553
0.0822154
0.0867817
0.0901966
0.0894676
0.0836727
0.0737821
0.062011
0.047364
0.0351737
0.0227433
0.00965079
0.000526523
0.00236241
0.00386738
0.00199574
0.0712384
0.0746924
0.0795356
0.0832765
0.0827968
0.0774441
0.0685471
0.0579443
0.0449646
0.0338273
0.0226313
0.0104005
0.000848759
0.00199798
0.00360267
0.00203253
0.0644866
0.0677389
0.0726444
0.0763636
0.0760962
0.0713074
0.0631817
0.0537391
0.0423858
0.0323173
0.0222903
0.0110226
0.00127895
0.00169442
0.00329575
0.00204499
0.0581302
0.0612669
0.0659731
0.0695826
0.0693913
0.0650776
0.0579596
0.0495582
0.0396522
0.0305893
0.0216431
0.0114126
0.00174623
0.00147939
0.0029849
0.00203816
0.0523717
0.0551997
0.0595477
0.0628072
0.062788
0.0591245
0.0527719
0.045361
0.0367991
0.0287456
0.020802
0.0116203
0.00224374
0.00134806
0.00266191
0.00200789
0.0469546
0.0494797
0.053293
0.0563085
0.0564161
0.05324
0.0477956
0.0412605
0.033856
0.0267304
0.0197043
0.0115597
0.00268298
0.00129482
0.00236053
0.00196241
0.0419853
0.0441452
0.0474831
0.0500815
0.0502678
0.0476653
0.0428732
0.0371527
0.030815
0.0246206
0.0184537
0.0113031
0.00307056
0.00130975
0.00207632
0.00190007
0.0373415
0.0392355
0.0420219
0.0442744
0.0444656
0.0421886
0.0381231
0.0331472
0.0277322
0.0223802
0.0170017
0.0107842
0.00332071
0.00136038
0.00183165
0.00183133
0.0330622
0.0346822
0.0370425
0.038831
0.0389191
0.0370127
0.0334576
0.0291664
0.0245989
0.0200698
0.0154444
0.0100914
0.00346247
0.00144027
0.00162499
0.00175853
0.029034
0.0304657
0.0323298
0.0337415
0.033726
0.0320043
0.0289785
0.0253131
0.0214832
0.0176815
0.0137427
0.00917612
0.00342377
0.00150032
0.00146046
0.00168995
0.025225
0.0264223
0.0279391
0.0289275
0.0287745
0.0272567
0.0246423
0.0215326
0.018365
0.0152623
0.0119873
0.00813863
0.00325867
0.00154373
0.0013356
0.0016299
0.0215268
0.0225645
0.0236469
0.0243283
0.0240617
0.0226827
0.0204854
0.0178955
0.015308
0.0128116
0.0101366
0.00693697
0.00291046
0.00151755
0.00123738
0.00158119
0.0179291
0.0187249
0.0195317
0.0199161
0.0195536
0.0183536
0.0164952
0.0143501
0.012275
0.0103492
0.00825607
0.00566531
0.00244863
0.00144083
0.00116578
0.00154972
0.0145173
0.015124
0.0156237
0.0157628
0.0153265
0.014223
0.0126701
0.010924
0.00929442
0.00786176
0.00629615
0.00427108
0.00182156
0.00126139
0.00109406
0.00152985
0.0113925
0.0117985
0.0120148
0.0118987
0.0113346
0.01033
0.00899427
0.00756745
0.00632019
0.0053476
0.00430606
0.00283878
0.00110408
0.00101238
0.00102593
0.00152819
0.00843808
0.00866084
0.00861597
0.00825009
0.00758219
0.00659495
0.00543574
0.00428416
0.00337744
0.00280892
0.00224203
0.00130694
0.000244924
0.000643901
0.000926515
0.00153138
0.00569716
0.0057138
0.00541036
0.00480351
0.00398864
0.00303702
0.00200014
0.00108912
0.000463713
0.000266181
0.000163914
-0.000238569
-0.000673631
0.000204134
0.000806576
0.0015468
0.00306281
0.00288276
0.0023316
0.00149609
0.000579736
-0.000396721
-0.00129842
-0.00202886
-0.00237971
-0.00225949
-0.0019532
-0.00184864
-0.00169413
-0.000347687
0.000629589
0.00155434
0.000606943
0.000213337
-0.000586724
-0.00164307
-0.00271999
-0.0036622
-0.00447804
-0.00502538
-0.0051516
-0.00474511
-0.00405103
-0.00343452
-0.00272401
-0.000945033
0.000419099
0.00156244
-0.00175038
-0.00235741
-0.00339704
-0.00467375
-0.00582472
-0.00677174
-0.00748926
-0.0078976
-0.00782202
-0.00717876
-0.00614646
-0.00505133
-0.00381385
-0.00162499
0.000142837
0.00154781
-0.00392196
-0.00473024
-0.00598737
-0.00745213
-0.0087058
-0.009645
-0.0103012
-0.0106029
-0.0103798
-0.00953967
-0.00818598
-0.00662131
-0.00488168
-0.00231964
-0.00016537
0.00152061
-0.00596048
-0.00693447
-0.00837995
-0.00999676
-0.0113231
-0.0122641
-0.0128856
-0.01312
-0.0127964
-0.0118
-0.0101784
-0.00819815
-0.0059882
-0.0030723
-0.000537918
0.00145621
-0.00778901
-0.00890874
-0.0105151
-0.0122644
-0.0136595
-0.0146245
-0.0152351
-0.0154395
-0.0150603
-0.0139405
-0.012078
-0.00971223
-0.00705642
-0.00381517
-0.000934902
0.00136642
-0.0094848
-0.010715
-0.0124538
-0.0143058
-0.0157507
-0.0167346
-0.0173538
-0.0175503
-0.0171336
-0.0159229
-0.0138773
-0.011197
-0.00814451
-0.00459755
-0.00138859
0.00122781
-0.0110072
-0.0123264
-0.0141695
-0.0161053
-0.0175971
-0.0186127
-0.0192421
-0.0194358
-0.0190069
-0.0177275
-0.0155321
-0.0125791
-0.00916909
-0.00534752
-0.00185184
0.00105604
-0.0124317
-0.0138068
-0.015727
-0.0177234
-0.0192476
-0.0202742
-0.0209066
-0.0211048
-0.0206464
-0.0193201
-0.0170272
-0.01388
-0.0101812
-0.0061121
-0.00235172
0.00083427
-0.013683
-0.0150902
-0.0170571
-0.0190902
-0.0206383
-0.0216897
-0.0223401
-0.0225185
-0.0220489
-0.020702
-0.0183371
-0.0150402
-0.0111024
-0.0068156
-0.00283065
0.000586969
-0.0148251
-0.0162412
-0.0182309
-0.020283
-0.0218376
-0.0228946
-0.0235232
-0.0236878
-0.0232052
-0.0218358
-0.0194512
-0.0160756
-0.0119739
-0.00750687
-0.00331847
0.000304658
-0.0158173
-0.0172021
-0.0191663
-0.0211853
-0.0227198
-0.0237717
-0.0243967
-0.0245509
-0.0240614
-0.022722
-0.0203428
-0.0169311
-0.0127177
-0.00810925
-0.00375576
1.73807e-05
-0.0167115
-0.0180543
-0.0199672
-0.0219279
-0.0234045
-0.0244021
-0.0249766
-0.0250962
-0.0246185
-0.0232988
-0.0209715
-0.0175937
-0.0133547
-0.00866548
-0.00417812
-0.000283957
-0.0175071
-0.0187658
-0.0205699
-0.0224054
-0.0237772
-0.0246945
-0.0252072
-0.0252982
-0.0248174
-0.0235639
-0.0213232
-0.0180264
-0.0138173
-0.0091022
-0.00452673
-0.000567736
-0.0180934
-0.0192595
-0.0209334
-0.0226274
-0.0238732
-0.0246841
-0.0251138
-0.025157
-0.0246965
-0.0234989
-0.0213708
-0.0182104
-0.0141147
-0.00945338
-0.00484223
-0.000849523
-0.0185361
-0.0195886
-0.0210912
-0.0225883
-0.0236694
-0.0243575
-0.0247001
-0.0247039
-0.0242402
-0.0231208
-0.0211312
-0.0181411
-0.0142025
-0.00965496
-0.0050699
-0.00110072
-0.0186968
-0.019625
-0.0209457
-0.0222433
-0.0231524
-0.0236998
-0.0239407
-0.0238875
-0.0234422
-0.0223983
-0.020548
-0.0177523
-0.0140457
-0.00970153
-0.00522555
-0.00132506
-0.0194452
-0.0203084
-0.0214418
-0.02248
-0.023134
-0.0234538
-0.0234993
-0.0233009
-0.0227603
-0.021699
-0.0199205
-0.0172898
-0.0137913
-0.00967456
-0.00535676
-0.00156863
-0.0159574
-0.0166046
-0.0176294
-0.0186781
-0.0194494
-0.0199667
-0.0202664
-0.0203606
-0.0201346
-0.019404
-0.0179868
-0.0157459
-0.0127054
-0.00905299
-0.00511304
-0.00158671
-0.023252
-0.023822
-0.0245249
-0.0250807
-0.0252454
-0.0250204
-0.0244502
-0.0235807
-0.0223826
-0.020785
-0.0186969
-0.0160743
-0.0129092
-0.00934836
-0.00557174
-0.00215342
-0.0064931
-0.00702996
-0.00817086
-0.00945237
-0.0105482
-0.0114584
-0.0122182
-0.0128201
-0.0131449
-0.0130264
-0.0123295
-0.010974
-0.0089949
-0.00653215
-0.00370472
-0.00105106
-0.0328555
-0.0327607
-0.0327103
-0.0326129
-0.0321957
-0.031265
-0.0297807
-0.0277976
-0.0254302
-0.0228187
-0.020084
-0.0173039
-0.0144818
-0.0116237
-0.00855769
-0.00523276
-0.277937
-0.331668
-0.329896
-0.292533
-0.202169
-0.118081
-0.0452947
-0.00816888
0.0341228
0.0655905
-0.278031
-0.331611
-0.32987
-0.292576
-0.202311
-0.118241
-0.0454798
-0.00845322
0.0335408
0.0640338
-0.278241
-0.331507
-0.329814
-0.292654
-0.202488
-0.11834
-0.0455795
-0.00873014
0.0329201
0.0613182
-0.278712
-0.33143
-0.329848
-0.292934
-0.202905
-0.118586
-0.045683
-0.00887512
0.0325738
0.0583161
-0.279778
-0.331483
-0.329966
-0.293138
-0.203419
-0.118985
-0.0457941
-0.0088
0.0326112
0.056723
-0.282123
-0.33197
-0.330565
-0.293474
-0.204246
-0.119785
-0.0460983
-0.00855787
0.0331086
0.0562745
-0.286513
-0.333657
-0.331996
-0.29433
-0.20562
-0.121063
-0.0467567
-0.00837845
0.033837
0.0559561
-0.291431
-0.336974
-0.33475
-0.296218
-0.207827
-0.123037
-0.0479177
-0.00833041
0.0347574
0.0557371
-0.294408
-0.340239
-0.338003
-0.298889
-0.210586
-0.125507
-0.0495227
-0.00856002
0.0356235
0.055753
-0.292644
-0.341175
-0.340476
-0.301487
-0.213717
-0.128593
-0.0517249
-0.00923154
0.0363002
0.05646
-0.286022
-0.339099
-0.341295
-0.30336
-0.216802
-0.131982
-0.0543673
-0.0104049
0.0365108
0.0575024
-0.274035
-0.333574
-0.340267
-0.304365
-0.219947
-0.135841
-0.0575945
-0.012154
0.0361679
0.0587951
-0.258748
-0.325471
-0.337526
-0.304363
-0.222849
-0.139785
-0.0611673
-0.0143354
0.0351877
0.0600036
-0.240599
-0.314783
-0.333154
-0.303401
-0.225564
-0.143921
-0.065214
-0.0169798
0.0336224
0.0610228
-0.22207
-0.302761
-0.327478
-0.301417
-0.227719
-0.147812
-0.0693825
-0.0199216
0.0315365
0.0616977
-0.203273
-0.289183
-0.320342
-0.298307
-0.229265
-0.151541
-0.0737797
-0.0232515
0.0289474
0.0619999
-0.186074
-0.275272
-0.312089
-0.294115
-0.229868
-0.154675
-0.0780067
-0.0266878
0.0260067
0.0618412
-0.169915
-0.260456
-0.30236
-0.288725
-0.229464
-0.157305
-0.0821889
-0.0303037
0.0226924
0.061004
-0.155987
-0.245893
-0.291677
-0.282318
-0.227932
-0.159094
-0.0859326
-0.0337624
0.0192401
0.0595209
-0.143589
-0.230925
-0.279656
-0.274662
-0.22529
-0.160149
-0.0893835
-0.0371791
0.0155799
0.0572514
-0.133566
-0.21672
-0.26706
-0.266075
-0.221616
-0.16029
-0.0922255
-0.0402449
0.0120129
0.0544882
-0.125219
-0.202636
-0.253518
-0.256342
-0.216905
-0.159666
-0.0946612
-0.0431627
0.00836464
0.0511524
-0.119063
-0.189751
-0.239941
-0.245987
-0.211364
-0.158201
-0.0964091
-0.0456314
0.00495709
0.0476284
-0.114568
-0.177472
-0.22596
-0.234784
-0.204943
-0.155985
-0.0976027
-0.0478547
0.0015862
0.0437719
-0.11196
-0.166703
-0.212487
-0.223351
-0.197934
-0.153036
-0.0980859
-0.0495955
-0.00145792
0.0399717
-0.110597
-0.156814
-0.199125
-0.211449
-0.190232
-0.149456
-0.0980412
-0.0511336
-0.00444619
0.0359958
-0.110205
-0.148376
-0.186672
-0.199739
-0.18221
-0.145338
-0.0973997
-0.0522408
-0.00708101
0.0322273
-0.110199
-0.14075
-0.174664
-0.187925
-0.173721
-0.140697
-0.0962906
-0.0531321
-0.00963057
0.0283699
-0.110353
-0.134279
-0.163711
-0.176603
-0.165152
-0.135653
-0.0946665
-0.0535927
-0.0118158
0.0247758
-0.110302
-0.128349
-0.153295
-0.165412
-0.156311
-0.13018
-0.0926142
-0.0538288
-0.0139063
0.0211311
-0.109824
-0.123098
-0.143832
-0.154852
-0.147576
-0.124439
-0.0901212
-0.0536462
-0.0156365
0.0178132
-0.108764
-0.118082
-0.13486
-0.144565
-0.138755
-0.11837
-0.0872477
-0.0532037
-0.0172337
0.0145188
-0.107099
-0.113403
-0.12669
-0.134963
-0.13018
-0.112166
-0.0839982
-0.052348
-0.0184552
0.0115995
-0.104814
-0.108781
-0.118958
-0.125737
-0.121677
-0.105763
-0.0804154
-0.0512048
-0.0194858
0.00877199
-0.101932
-0.104248
-0.111837
-0.117159
-0.113505
-0.0993487
-0.0765383
-0.0496839
-0.0201471
0.00633238
-0.0985129
-0.0996481
-0.105057
-0.108986
-0.105529
-0.0928813
-0.0724208
-0.0479014
-0.0205966
0.00402009
-0.0946018
-0.0949744
-0.0986848
-0.101363
-0.0979319
-0.0865231
-0.0681399
-0.0458354
-0.0207379
0.00205703
-0.0902823
-0.0901762
-0.0925454
-0.0941207
-0.0906216
-0.0802637
-0.0637658
-0.043599
-0.0207032
0.000213704
-0.0856228
-0.0852515
-0.0866467
-0.0873126
-0.083703
-0.0742219
-0.0593882
-0.0412188
-0.0204662
-0.0013534
-0.0807173
-0.0802291
-0.0809135
-0.0808449
-0.0771284
-0.0684102
-0.0550808
-0.0387965
-0.0201263
-0.00283209
-0.0756425
-0.0751165
-0.0753338
-0.0747219
-0.0709409
-0.0628996
-0.0509189
-0.0363796
-0.0197026
-0.00411711
-0.0704702
-0.0699826
-0.0699042
-0.0689102
-0.0651233
-0.0577098
-0.0469621
-0.0340459
-0.0192562
-0.00535229
-0.0652945
-0.0648606
-0.0646256
-0.0634021
-0.0596846
-0.0528729
-0.0432582
-0.031839
-0.0188272
-0.00646574
-0.0601718
-0.0598331
-0.0595399
-0.0582065
-0.054627
-0.0484042
-0.0398425
-0.0298045
-0.0184358
-0.00755792
-0.0552109
-0.0549572
-0.0546757
-0.0533319
-0.049954
-0.0443157
-0.0367372
-0.0279701
-0.0181257
-0.0085837
-0.0504448
-0.0503133
-0.0500932
-0.0488068
-0.0456758
-0.0406129
-0.033954
-0.0263512
-0.0178853
-0.00960085
-0.0460019
-0.0459822
-0.0458445
-0.0446579
-0.0418013
-0.0373004
-0.0314978
-0.0249584
-0.0177539
-0.0105888
-0.041897
-0.0420197
-0.0419758
-0.0409043
-0.0383317
-0.0343662
-0.0293586
-0.0237813
-0.0176978
-0.011564
-0.0382364
-0.038483
-0.0385153
-0.0375607
-0.0352578
-0.0318027
-0.0275133
-0.0228093
-0.0177214
-0.0125113
-0.0349777
-0.0353691
-0.0354732
-0.0346165
-0.0325813
-0.0295875
-0.0259667
-0.0220279
-0.0178307
-0.0134553
-0.0321607
-0.0326613
-0.0328051
-0.0320418
-0.03025
-0.0276948
-0.0246679
-0.021424
-0.0180081
-0.0143643
-0.0296426
-0.0302492
-0.0304208
-0.0297385
-0.0281791
-0.0260247
-0.0235394
-0.020913
-0.0181919
-0.0152146
-0.0274048
-0.0280544
-0.0282223
-0.0276063
-0.0262609
-0.0244738
-0.0224776
-0.0204052
-0.0183
-0.0159121
-0.0253827
-0.0260495
-0.0261821
-0.0256094
-0.024454
-0.0229998
-0.0214433
-0.0198676
-0.0183099
-0.0164723
-0.0236913
-0.0243332
-0.0243943
-0.0238256
-0.022815
-0.0216407
-0.0204608
-0.0193119
-0.018223
-0.0168542
-0.0222062
-0.0229548
-0.0230236
-0.0224519
-0.0215197
-0.0205327
-0.0196333
-0.0188271
-0.0181542
-0.0173058
-0.0205843
-0.0216628
-0.0220376
-0.0216041
-0.0206699
-0.0195917
-0.0185424
-0.0175412
-0.0165768
-0.0153107
-0.0194631
-0.0206334
-0.0216066
-0.0221542
-0.0223042
-0.0222077
-0.0219671
-0.0216234
-0.0213704
-0.0210686
-0.0218871
-0.0202439
-0.0178755
-0.0160333
-0.014716
-0.0136285
-0.0125367
-0.0112997
-0.00974812
-0.00763694
-0.0357917
-0.0379577
-0.0373964
-0.0362938
-0.0354705
-0.0348411
-0.0342069
-0.033489
-0.03279
-0.0320273
3.32339
2.62123
1.86782
1.0487
0.291504
-0.274121
-0.679776
-0.907613
-0.942637
-0.80286
-0.645978
-0.498293
-0.298538
-0.189946
-0.181471
3.15964
2.57915
1.89103
1.09038
0.360289
-0.192324
-0.600292
-0.842093
-0.895835
-0.780916
-0.640563
-0.498831
-0.300639
-0.190783
-0.181823
2.73198
2.22193
1.60689
0.913984
0.304972
-0.174758
-0.534889
-0.751702
-0.814639
-0.734366
-0.621342
-0.49387
-0.301356
-0.191153
-0.182476
2.02083
1.62473
1.14904
0.670677
0.233556
-0.151273
-0.464592
-0.653629
-0.708067
-0.660341
-0.584878
-0.481091
-0.297809
-0.189517
-0.1834
1.21911
0.952248
0.694456
0.449115
0.182095
-0.0994417
-0.369713
-0.557775
-0.611767
-0.582759
-0.542466
-0.46435
-0.290635
-0.185925
-0.184776
0.590472
0.471196
0.379465
0.28233
0.145159
-0.0423888
-0.26457
-0.464123
-0.544379
-0.533787
-0.511886
-0.449409
-0.280944
-0.17978
-0.186459
0.206855
0.184936
0.188531
0.181233
0.125164
0.00618615
-0.165124
-0.370823
-0.492547
-0.513879
-0.499808
-0.43997
-0.271291
-0.171884
-0.188267
0.0237115
0.0561889
0.0986938
0.126485
0.111305
0.039463
-0.0837871
-0.274376
-0.437608
-0.502283
-0.496932
-0.435544
-0.26192
-0.161424
-0.187876
-0.0196589
0.0174718
0.0596152
0.0929391
0.0987229
0.0600881
-0.025785
-0.181369
-0.372285
-0.48582
-0.493871
-0.436152
-0.254585
-0.149846
-0.184101
-0.0262508
0.00476445
0.0394678
0.0714974
0.0885375
0.0734921
0.0154125
-0.100174
-0.295961
-0.455455
-0.486775
-0.440565
-0.249406
-0.138284
-0.174991
-0.0240839
0.000306821
0.0294547
0.0599051
0.0824103
0.0825532
0.0446371
-0.0393857
-0.217027
-0.408599
-0.473839
-0.447409
-0.2485
-0.129197
-0.161776
-0.0142365
0.00484559
0.0293394
0.0563296
0.0801088
0.0890631
0.0668836
0.00402147
-0.140897
-0.34571
-0.450381
-0.451756
-0.251228
-0.123598
-0.145193
0.00148718
0.0164794
0.0357995
0.0587006
0.0808485
0.0938862
0.0827479
0.0341991
-0.0779608
-0.275871
-0.415181
-0.449851
-0.257406
-0.122167
-0.128679
0.019941
0.0312145
0.0463962
0.0643425
0.0833205
0.097382
0.0943876
0.0576979
-0.0303474
-0.206491
-0.368531
-0.438476
-0.265438
-0.123874
-0.113348
0.039107
0.0472409
0.057845
0.0714594
0.0868404
0.100703
0.102418
0.0754354
0.00436623
-0.146238
-0.316749
-0.41778
-0.273908
-0.128423
-0.101414
0.0562506
0.0614753
0.0691485
0.0790362
0.0912696
0.103375
0.108141
0.0894071
0.0319269
-0.0961665
-0.264256
-0.389297
-0.281069
-0.134891
-0.0926845
0.0713308
0.0747163
0.0797203
0.0867459
0.095827
0.106409
0.112055
0.0994496
0.0533261
-0.0554812
-0.214452
-0.355872
-0.285417
-0.142575
-0.0876501
0.0843947
0.0862174
0.0893873
0.094032
0.100777
0.108839
0.11467
0.106681
0.0702232
-0.0214375
-0.168163
-0.319439
-0.286066
-0.150819
-0.0853909
0.0954445
0.0961716
0.0979244
0.100813
0.105103
0.111352
0.116348
0.111239
0.0825217
0.00599564
-0.126646
-0.281579
-0.282276
-0.158741
-0.0856587
0.105372
0.10521
0.105721
0.106895
0.109402
0.113235
0.117137
0.113913
0.0915224
0.0282295
-0.0897342
-0.243436
-0.274362
-0.166109
-0.0877368
0.114638
0.113535
0.112719
0.112345
0.11273
0.11482
0.117315
0.114945
0.0972755
0.0452336
-0.057984
-0.206301
-0.26234
-0.172004
-0.0911505
0.121247
0.119503
0.117832
0.116257
0.11542
0.115639
0.116752
0.11475
0.100838
0.0582738
-0.0309501
-0.171017
-0.247123
-0.176515
-0.0954573
0.125805
0.1236
0.121284
0.118946
0.116819
0.115841
0.115724
0.113692
0.102403
0.0675291
-0.00880392
-0.138392
-0.229062
-0.178825
-0.100073
0.127977
0.125549
0.122937
0.120075
0.117418
0.115341
0.114176
0.111902
0.102678
0.0740621
0.00914228
-0.108885
-0.209345
-0.179325
-0.104769
0.129095
0.126481
0.123568
0.120365
0.116994
0.11424
0.112282
0.109803
0.101837
0.0780753
0.0230245
-0.0828626
-0.188396
-0.177405
-0.108935
0.128435
0.125813
0.122862
0.119474
0.115939
0.112707
0.110193
0.107288
0.100288
0.0803373
0.0336044
-0.0604134
-0.167389
-0.173763
-0.112574
0.12767
0.124913
0.121805
0.118254
0.114434
0.110878
0.10785
0.10468
0.0981075
0.0810103
0.0411608
-0.0415217
-0.146603
-0.168027
-0.115164
0.125097
0.122513
0.119558
0.116142
0.112373
0.108658
0.105343
0.101727
0.0954935
0.0806007
0.0463846
-0.0260002
-0.127002
-0.16104
-0.116838
0.122244
0.119739
0.116867
0.113524
0.109796
0.10603
0.102435
0.0986098
0.0924945
0.0792238
0.0495631
-0.0135786
-0.108621
-0.152565
-0.117185
0.118012
0.115802
0.113218
0.110134
0.106595
0.10288
0.0992201
0.0951452
0.0891681
0.077176
0.0512049
-0.00392148
-0.0921533
-0.143476
-0.116645
0.113824
0.111762
0.109326
0.106365
0.102927
0.0992821
0.0955545
0.0914395
0.0855545
0.0745355
0.051552
0.00335367
-0.0773718
-0.133585
-0.115033
0.10838
0.106589
0.104426
0.101758
0.0986044
0.0951692
0.0915762
0.0874406
0.081698
0.0714887
0.0509481
0.00861232
-0.0646908
-0.123687
-0.112809
0.102877
0.101249
0.0993077
0.0968928
0.094005
0.0908062
0.0873315
0.0832889
0.0776847
0.068126
0.0495971
0.0122435
-0.0536886
-0.113568
-0.109761
0.0970922
0.0956509
0.0939288
0.0917886
0.0891955
0.0862457
0.0829604
0.0790061
0.0735631
0.0645693
0.0477204
0.0145544
-0.0446042
-0.103903
-0.106303
0.0915734
0.090291
0.0887304
0.0867624
0.0843606
0.0816071
0.0784727
0.0746601
0.0693953
0.0609021
0.0454752
0.015887
-0.0369191
-0.0944316
-0.102188
0.0858036
0.0846905
0.0833109
0.0815548
0.0793855
0.076859
0.0739312
0.0702864
0.0652245
0.0571923
0.0429903
0.0164291
-0.0307596
-0.0856808
-0.0978265
0.0799777
0.0790237
0.0778374
0.0763048
0.0743835
0.0721036
0.0693934
0.0659336
0.0610917
0.0534962
0.0403858
0.0164593
-0.025611
-0.0773418
-0.0929975
0.074399
0.0735618
0.07252
0.0711792
0.0694779
0.0674203
0.0649044
0.0616404
0.0570246
0.0498564
0.0377195
0.0160676
-0.0215756
-0.0698199
-0.0880911
0.0689403
0.0682382
0.0673527
0.0661884
0.064678
0.0628096
0.0604926
0.0574166
0.0530515
0.0463189
0.035094
0.0154769
-0.0181887
-0.0627809
-0.0829032
0.0638506
0.0632354
0.0624426
0.0613943
0.0600257
0.0583288
0.0561873
0.0533342
0.0492409
0.0429359
0.0325375
0.0146896
-0.0155532
-0.0565267
-0.0777806
0.0587014
0.0582035
0.0575584
0.0566853
0.0555165
0.0540265
0.052114
0.0494726
0.0456427
0.0397451
0.0301243
0.0138844
-0.0132918
-0.0507272
-0.0725284
0.0543598
0.0538982
0.0533069
0.0525241
0.0514758
0.0501341
0.0483581
0.0459024
0.0423012
0.0367736
0.0278437
0.0130058
-0.0115185
-0.045619
-0.0674506
0.0502796
0.0499025
0.0494068
0.0487298
0.047796
0.0465644
0.0449288
0.0426021
0.0391952
0.034007
0.025734
0.0121897
-0.00993957
-0.0408949
-0.0623592
0.0468382
0.0464985
0.0460346
0.0453893
0.0444955
0.0433261
0.041747
0.0395419
0.0363215
0.0314571
0.0237706
0.0113597
-0.00867984
-0.0367449
-0.0575166
0.0432309
0.0429785
0.0426138
0.0420737
0.0412889
0.0402212
0.0387732
0.0366953
0.0336625
0.029107
0.0219864
0.0106259
-0.00751565
-0.0329051
-0.0527456
0.0402519
0.0400195
0.0396723
0.039156
0.0384082
0.0374041
0.0360217
0.0340749
0.0312376
0.026983
0.0203573
0.00990848
-0.0065716
-0.0295433
-0.0482804
0.0371697
0.037005
0.0367364
0.0363069
0.0356542
0.0347447
0.0334922
0.0316879
0.0290296
0.0250384
0.0188916
0.00928843
-0.00567755
-0.026439
-0.043956
0.0346984
0.0345372
0.0342744
0.03386
0.0332374
0.0323839
0.0312026
0.0295058
0.0270102
0.0232828
0.0175447
0.00868289
-0.00495402
-0.0237377
-0.0399782
0.0322516
0.0321186
0.0318918
0.031522
0.0309555
0.0301728
0.0290797
0.0274973
0.0251585
0.0216448
0.0163219
0.00815368
-0.00426925
-0.0212591
-0.0361908
0.0302902
0.0301421
0.0298944
0.0295046
0.0289389
0.0281819
0.0271455
0.0256539
0.0234448
0.0201707
0.0151995
0.00763759
-0.00372128
-0.0191243
-0.032768
0.0282595
0.0281285
0.0279042
0.0275498
0.0270352
0.0263438
0.0253827
0.0239801
0.021908
0.0188202
0.0141981
0.00720058
-0.00319283
-0.0171722
-0.0295485
0.0266853
0.0265292
0.0262785
0.0259063
0.0253989
0.0247367
0.0238245
0.0224956
0.0205308
0.0176455
0.0133165
0.00680411
-0.00275459
-0.015488
-0.0266643
0.025018
0.0248751
0.0246461
0.0243163
0.0238703
0.0232803
0.0224394
0.0211876
0.0193397
0.0166106
0.0125633
0.00649358
-0.0023172
-0.0139298
-0.0239592
0.0237328
0.0235779
0.0233451
0.0230263
0.0226106
0.0220572
0.0212552
0.0200584
0.0182931
0.0157197
0.0118896
0.00618182
-0.00198208
-0.0125801
-0.0215506
0.0224403
0.0223046
0.0221066
0.0218409
0.0214842
0.0209795
0.0202136
0.0190573
0.0173638
0.0148813
0.011224
0.00581809
-0.00175382
-0.0113485
-0.0192527
0.02146
0.0213249
0.0211401
0.0208962
0.0205596
0.0200611
0.0192967
0.0181554
0.0164889
0.0140667
0.0104997
0.00530878
-0.00173861
-0.0103513
-0.0170821
0.0205463
0.0204255
0.0202648
0.0200476
0.0197288
0.0192369
0.018479
0.0173518
0.0157098
0.0133034
0.00978782
0.00476115
-0.00184025
-0.009589
-0.0149664
0.0199871
0.0198571
0.0196871
0.0194549
0.0191168
0.0186103
0.0178563
0.0167552
0.015146
0.0127869
0.00933736
0.00446207
-0.00183414
-0.0090445
-0.0135236
0.0196025
0.019473
0.0192974
0.0190538
0.0187043
0.0181971
0.0174611
0.0163914
0.0148269
0.0125234
0.00916932
0.00447715
-0.0015083
-0.00808937
-0.0127635
0.0194582
0.019321
0.0191292
0.0188604
0.0184805
0.0179418
0.0171701
0.0160553
0.0144317
0.0120689
0.00870821
0.00422617
-0.000981913
-0.0054724
-0.00892745
)
;

boundaryField
{
    airfoil
    {
        type            zeroGradient;
    }
    farBoundaries
    {
        type            freestreamPressure;
        freestreamValue uniform 0;
        supersonic      false;
        value           nonuniform List<scalar> 
52
(
-0.0163361
-0.0173247
-0.0170685
-0.0165653
-0.0161895
-0.0159022
-0.0156128
-0.0152851
-0.0149661
-0.014618
-0.014996
-0.0149527
-0.0149297
-0.0148852
-0.0146948
-0.01427
-0.0135926
-0.0126874
-0.0116069
-0.010415
-0.00916677
-0.00789788
-0.0066098
-0.00530533
-0.00390592
-0.00238835
0.0160931
0.0161921
0.0162748
0.0164355
0.0165412
0.0164207
0.0159326
0.0150641
0.0138688
0.0124418
0.0109007
0.00932559
0.00779991
0.00631731
0.0048541
0.002861
0.0208953
0.0209657
0.019744
0.0186409
0.0179654
0.0174756
0.0169547
0.0163571
0.0157725
0.015203
)
;
    }
    inlet
    {
        type            freestreamPressure;
        freestreamValue uniform 0;
        supersonic      false;
        value           nonuniform List<scalar> 
30
(
0.0194193
0.0192777
0.0190793
0.0188009
0.0184066
0.0178459
0.0170407
0.0158757
0.01418
0.0117264
0.00829193
0.00387713
-0.000839808
-0.00408587
-0.00506223
0.019538
0.0196764
0.0198672
0.0201236
0.0204739
0.0209377
0.0215486
0.0223173
0.0232159
0.0241065
0.0246368
0.0241659
0.0217713
0.0169811
0.0111315
)
;
    }
    outlet
    {
        type            freestreamPressure;
        freestreamValue uniform 0;
        supersonic      false;
        value           nonuniform List<scalar> 
120
(
-1.32539e-06
-1.00282e-06
-6.89849e-07
-3.74524e-07
-7.31342e-08
2.32215e-07
5.25965e-07
8.24517e-07
1.11128e-06
1.39998e-06
1.67542e-06
1.94975e-06
2.20877e-06
2.46182e-06
2.69788e-06
2.92369e-06
3.1301e-06
3.31956e-06
3.48683e-06
3.63039e-06
3.74895e-06
3.83811e-06
3.90182e-06
3.93444e-06
3.94632e-06
3.93373e-06
3.90998e-06
3.87211e-06
3.83326e-06
3.7913e-06
3.75107e-06
3.70937e-06
3.66215e-06
3.60917e-06
3.53873e-06
3.4581e-06
3.3514e-06
3.2349e-06
3.09017e-06
2.93969e-06
2.75935e-06
2.57154e-06
2.3462e-06
2.1038e-06
1.81359e-06
1.50043e-06
1.14272e-06
7.73999e-07
3.79732e-07
-3.59779e-09
-3.92272e-07
-7.50187e-07
-1.10259e-06
-1.41575e-06
-1.70956e-06
-1.98811e-06
-2.15905e-06
-2.48989e-06
-1.87676e-06
-2.44421e-06
5.9555e-06
3.81628e-06
2.8417e-06
2.55985e-06
2.23011e-06
1.92559e-06
1.66298e-06
1.4238e-06
1.19995e-06
1.00309e-06
8.28469e-07
6.91416e-07
5.82583e-07
5.10272e-07
4.61047e-07
4.38827e-07
4.3393e-07
4.40829e-07
4.54518e-07
4.61884e-07
4.6994e-07
4.58573e-07
4.44837e-07
4.0313e-07
3.60174e-07
2.84881e-07
2.07687e-07
9.31144e-08
-2.52503e-08
-1.84328e-07
-3.49973e-07
-5.59929e-07
-7.7817e-07
-1.0389e-06
-1.30516e-06
-1.60728e-06
-1.90586e-06
-2.22462e-06
-2.52622e-06
-2.83016e-06
-3.10131e-06
-3.35431e-06
-3.56259e-06
-3.73912e-06
-3.86473e-06
-3.94951e-06
-3.98488e-06
-3.97917e-06
-3.93064e-06
-3.84368e-06
-3.72349e-06
-3.57087e-06
-3.39444e-06
-3.19046e-06
-2.97088e-06
-2.72809e-06
-2.47567e-06
-2.20231e-06
-1.92291e-06
-1.62676e-06
)
;
    }
    defaultFaces
    {
        type            empty;
    }
}


// ************************************************************************* //
