/*--------------------------------*- C++ -*----------------------------------*\
  =========                 |
  \\      /  F ield         | OpenFOAM: The Open Source CFD Toolbox
   \\    /   O peration     | Website:  https://openfoam.org
    \\  /    A nd           | Version:  6.0
     \\/     M anipulation  |
\*---------------------------------------------------------------------------*/
FoamFile
{
    version     2.0;
    format      ascii;
    class       volScalarField;
    location    "16";
    object      p;
}
// * * * * * * * * * * * * * * * * * * * * * * * * * * * * * * * * * * * * * //

dimensions      [0 2 -2 0 0 0 0];

internalField   nonuniform List<scalar> 
4920
(
0.0165032
0.016622
0.0167934
0.0170312
0.0173624
0.0178108
0.0184107
0.0191897
0.0201631
0.0212954
0.0224629
0.0233011
0.0229389
0.0201146
0.0165631
0.0167509
0.0168581
0.0170147
0.0172355
0.017548
0.0179789
0.0185646
0.0193428
0.0203457
0.0215917
0.0230374
0.0244953
0.0252681
0.0242824
0.0206467
0.0170879
0.0171934
0.0173476
0.0175656
0.0178751
0.0183023
0.0188832
0.0196554
0.02065
0.021871
0.0232653
0.024624
0.0251813
0.0238197
0.0184994
0.0175507
0.0176543
0.0178036
0.0180153
0.01832
0.0187456
0.0193283
0.0201043
0.021099
0.0223161
0.0236677
0.0249497
0.0253701
0.0236457
0.0178632
0.0180164
0.0181337
0.0182964
0.0185203
0.0188366
0.0192747
0.0198736
0.0206707
0.0216942
0.022937
0.0243211
0.0256569
0.0262134
0.0245623
0.0186082
0.0185774
0.0187054
0.0188804
0.0191178
0.0194494
0.0199063
0.0205297
0.0213594
0.0224192
0.0237066
0.0251093
0.0264468
0.02705
0.0253971
0.0188638
0.0191241
0.0192733
0.0194764
0.0197484
0.0201192
0.0206181
0.0212868
0.0221655
0.0232791
0.024606
0.0260217
0.0273009
0.0277911
0.0259094
0.018767
0.0198707
0.0200257
0.0202387
0.0205264
0.0209209
0.0214531
0.0221658
0.0230999
0.0242753
0.0256735
0.0271249
0.0283684
0.028706
0.0264232
0.0188387
0.020694
0.0208604
0.0210912
0.021404
0.0218323
0.0224067
0.0231713
0.0241698
0.025428
0.0269194
0.0284794
0.0297921
0.0300897
0.0274017
0.0194669
0.0217798
0.0219427
0.0221714
0.022487
0.022927
0.0235261
0.0243323
0.0253939
0.0267396
0.0283629
0.0300822
0.0315618
0.0319327
0.0287994
0.0203049
0.0229823
0.0231497
0.0233858
0.0237127
0.0241711
0.0247984
0.0256482
0.0267753
0.0282206
0.0299843
0.0319029
0.0336123
0.034143
0.0305585
0.0212555
0.0243842
0.0245475
0.0247825
0.0251129
0.0255826
0.0262335
0.0271249
0.0283197
0.0298657
0.0317834
0.0339031
0.0358493
0.0365309
0.0323577
0.0219265
0.0258803
0.0260429
0.026284
0.0266276
0.0271213
0.0278086
0.028754
0.0300265
0.0316829
0.0337497
0.0360621
0.038221
0.0390275
0.0341774
0.0224612
0.0275559
0.0277156
0.027959
0.0283127
0.0288266
0.0295504
0.0305529
0.0319101
0.0336814
0.035893
0.03838
0.0407169
0.0415567
0.0358035
0.0226107
0.029401
0.0295593
0.0298091
0.0301764
0.0307167
0.0314821
0.0325484
0.0339998
0.03588
0.0382286
0.0408681
0.0433466
0.0441544
0.0373985
0.0226771
0.0314528
0.0316107
0.0318698
0.0322583
0.0328309
0.0336451
0.0347845
0.0363198
0.0383102
0.0407837
0.0435717
0.0461645
0.0468276
0.0388056
0.0223721
0.0339102
0.0340434
0.0342855
0.0346667
0.0352501
0.0361
0.0372921
0.0389169
0.0410045
0.0435989
0.0465187
0.0491883
0.0496218
0.0402375
0.0220739
0.0365559
0.0366848
0.0369341
0.0373347
0.0379508
0.0388484
0.0401164
0.0418188
0.0440094
0.0467251
0.0497769
0.0524998
0.0525386
0.0415373
0.0214501
0.039686
0.0397943
0.040028
0.0404228
0.0410509
0.0419866
0.0433031
0.0450954
0.0473765
0.0501946
0.0533422
0.0560664
0.0555737
0.0429064
0.0209035
0.0430265
0.0431623
0.0434308
0.0438652
0.0445384
0.045524
0.0469198
0.0487715
0.0511351
0.0540407
0.0572859
0.0599981
0.0587348
0.0441602
0.0200023
0.0470978
0.0472197
0.0474732
0.0478937
0.0485637
0.0495718
0.0509868
0.0529128
0.0553241
0.0582745
0.0615648
0.0642008
0.0619335
0.0454534
0.0191961
0.0511837
0.0513638
0.0516971
0.0522072
0.052967
0.0540516
0.055566
0.0575231
0.0599724
0.062955
0.0663062
0.0688331
0.065181
0.0466574
0.0180308
0.0562044
0.056365
0.0566916
0.0572155
0.0580104
0.0591585
0.060698
0.0627241
0.0651651
0.0681141
0.0714429
0.0737543
0.068328
0.0478804
0.0170033
0.0615499
0.0617821
0.0621999
0.0628207
0.0637112
0.0649328
0.066563
0.0685624
0.0709783
0.0738739
0.0771948
0.079219
0.0714291
0.0490362
0.0156118
0.0683982
0.068592
0.068966
0.0695521
0.0704228
0.0716498
0.0732262
0.0752409
0.0775343
0.0802628
0.0834698
0.0849633
0.0742432
0.0501905
0.0143828
0.0755111
0.0758086
0.0763064
0.0770102
0.0779769
0.0792512
0.0808845
0.0827651
0.0849103
0.0874403
0.0905597
0.0912522
0.0768577
0.0513352
0.012774
0.0843365
0.0845888
0.0850449
0.0857273
0.0866967
0.087992
0.0895311
0.0913511
0.0931997
0.0953636
0.0982411
0.0976746
0.0789804
0.0525292
0.0113336
0.0932427
0.0937142
0.0944202
0.0953375
0.0964828
0.0978515
0.0994047
0.100941
0.102459
0.104213
0.106926
0.104555
0.0807894
0.0537916
0.00945997
0.104973
0.10538
0.105984
0.106803
0.107866
0.109157
0.110484
0.111801
0.112742
0.113886
0.116219
0.111227
0.081966
0.0551978
0.00772327
0.116595
0.117274
0.118168
0.119232
0.120447
0.121758
0.123003
0.123808
0.124154
0.124644
0.126572
0.118049
0.0828403
0.0568002
0.00546087
0.130812
0.131451
0.132307
0.133371
0.134616
0.135925
0.13691
0.137332
0.136723
0.136213
0.13737
0.124155
0.0831558
0.0586807
0.00325565
0.145073
0.146056
0.147299
0.148736
0.150269
0.151705
0.152599
0.152257
0.150622
0.149023
0.149274
0.130094
0.0834218
0.0608032
0.000396984
0.162025
0.163157
0.164567
0.166225
0.167989
0.16956
0.170171
0.169176
0.165798
0.162603
0.16122
0.134799
0.0835009
0.0632875
-0.00250935
0.179682
0.181356
0.183357
0.18558
0.18783
0.189672
0.190055
0.187599
0.182406
0.177342
0.173908
0.139136
0.0840892
0.0659713
-0.00621952
0.200471
0.202443
0.204755
0.207379
0.210068
0.211956
0.211752
0.208035
0.199919
0.192336
0.185893
0.142015
0.0851356
0.0689596
-0.0101103
0.22151
0.224221
0.227279
0.230667
0.23379
0.236099
0.235339
0.229336
0.218645
0.208178
0.198238
0.14473
0.0873133
0.0718553
-0.0149302
0.244462
0.24766
0.251297
0.255298
0.259384
0.261777
0.260274
0.252649
0.237832
0.223338
0.209075
0.146298
0.0906081
0.0748261
-0.0200192
0.268255
0.272316
0.276881
0.281977
0.286644
0.28957
0.287296
0.2763
0.258085
0.238151
0.220056
0.148614
0.0955033
0.0772727
-0.0260845
0.29536
0.300115
0.305467
0.311311
0.316828
0.319507
0.315899
0.301991
0.277913
0.250659
0.229433
0.150883
0.101928
0.0794649
-0.0324034
0.325132
0.330945
0.337231
0.343913
0.349603
0.352446
0.346562
0.327262
0.299078
0.262015
0.239785
0.155173
0.109904
0.0806611
-0.0395866
0.358822
0.365398
0.372449
0.379699
0.386074
0.387582
0.378866
0.355152
0.319002
0.26943
0.249861
0.161008
0.119245
0.0812994
-0.046867
0.394375
0.402356
0.410717
0.419162
0.425533
0.426223
0.413164
0.381097
0.340696
0.275282
0.262934
0.17027
0.129558
0.0806571
-0.0547375
0.433783
0.443468
0.453478
0.463174
0.469958
0.467682
0.448957
0.409373
0.359972
0.276715
0.277801
0.182244
0.14048
0.0793098
-0.062419
0.479246
0.490885
0.502818
0.513966
0.520458
0.515059
0.485532
0.433677
0.382364
0.278097
0.296856
0.197265
0.151025
0.0765621
-0.0703322
0.532574
0.546843
0.561346
0.574637
0.580133
0.565285
0.523215
0.459329
0.401489
0.277477
0.31805
0.214047
0.160832
0.0730762
-0.0778162
0.596846
0.614675
0.632665
0.64606
0.648272
0.623084
0.556781
0.476442
0.42687
0.289993
0.347462
0.229969
0.169083
0.0686536
-0.0850314
0.674673
0.696408
0.715605
0.730994
0.72762
0.67924
0.585454
0.492237
0.454981
0.312674
0.38588
0.242676
0.176255
0.0644466
-0.0910588
0.767174
0.792823
0.817202
0.831171
0.822159
0.746685
0.601046
0.485154
0.48214
0.343761
0.432493
0.250891
0.183039
0.0606662
-0.0959794
0.872583
0.904293
0.934576
0.959214
0.938988
0.808377
0.609046
0.497575
0.52285
0.382027
0.480362
0.256938
0.190968
0.0586623
-0.0995577
0.993257
1.04263
1.09377
1.11523
1.07039
0.859329
0.626388
0.590064
0.733859
0.494375
0.525869
0.261848
0.198405
0.056369
-0.102762
1.16931
1.24853
1.31469
1.3248
1.22018
0.900418
0.719449
0.918633
1.19326
0.727314
0.581904
0.269167
0.204606
0.052423
-0.105991
1.42783
1.52803
1.58428
1.54562
1.39665
0.975607
0.988148
1.64304
1.86594
1.037
0.65984
0.268949
0.204706
0.0455357
-0.109516
1.74227
1.82549
1.83063
1.7129
1.58868
1.20084
1.56668
2.7816
2.49769
1.25194
0.651258
0.237341
0.18901
0.0346316
-0.113693
2.03392
2.04956
2.0462
2.00006
2.01006
1.75742
2.77538
3.86081
2.67552
1.30352
0.334673
0.161768
0.158458
0.0191375
-0.118852
2.15408
2.25316
2.40089
2.65006
2.78925
2.58062
4.12181
4.4165
2.66145
1.27388
-0.368474
0.0176287
0.116554
0.00202494
-0.123505
2.15937
2.31013
2.66689
3.41923
3.88603
3.85785
5.27373
4.49796
2.51371
1.07268
-1.503
-0.203797
0.0493983
-0.0151779
-0.125952
2.1659
2.37929
2.94009
4.15947
5.27052
5.7628
5.38577
3.58931
1.76643
0.25219
-2.85392
-0.490739
-0.0495933
-0.0340271
-0.127201
2.23726
2.48589
3.20902
4.75039
6.63801
7.37822
3.40744
0.602442
-0.0151872
-1.04173
-3.835
-0.744576
-0.150861
-0.056445
-0.130197
1.93425
2.29064
3.19379
4.95574
7.10556
6.83848
0.889524
-2.41439
-2.043
-2.12669
-4.15039
-0.866144
-0.211742
-0.0748702
-0.133521
1.00026
1.60678
2.90995
5.0785
7.15537
5.90726
-0.535534
-3.54865
-2.96304
-2.5276
-4.02606
-0.817144
-0.209395
-0.0766567
-0.133306
0.0403367
0.0408769
0.0391398
0.0377899
0.0372098
0.0368522
0.0364812
0.0361932
0.0365176
0.0373654
0.0251161
0.0226703
0.0201188
0.0186423
0.017689
0.0167007
0.0156384
0.0146242
0.0138517
0.0127882
0.0198204
0.020425
0.020936
0.0210011
0.0206743
0.0202552
0.0200865
0.020289
0.0212705
0.0226635
0.0191982
0.0193522
0.0188275
0.0177938
0.0168076
0.0162778
0.0163043
0.0166698
0.0172881
0.0177004
0.0182927
0.0176191
0.0166802
0.0159969
0.0158825
0.0163546
0.0172208
0.0181389
0.0190246
0.0197797
0.0167132
0.0160229
0.0155762
0.0156383
0.0161653
0.0169384
0.0177043
0.0181945
0.0182843
0.0180558
0.0156526
0.0152885
0.015358
0.0157745
0.0163485
0.016872
0.0171787
0.0171215
0.0165896
0.0158247
0.0154764
0.0152785
0.0154644
0.0157871
0.0160653
0.0162025
0.0161085
0.0157252
0.0149384
0.0140736
0.0156714
0.0152873
0.0152309
0.0151979
0.0151487
0.0149899
0.0147343
0.0142749
0.0135092
0.0127474
0.01555
0.0147456
0.0142144
0.0138289
0.0135351
0.0133495
0.0131913
0.0129488
0.0124152
0.0119737
0.0149066
0.0134451
0.0123644
0.0116347
0.0112922
0.0113081
0.0115558
0.0117891
0.0117593
0.0117732
0.0136176
0.0113839
0.00970043
0.00869631
0.0084701
0.00894749
0.00989224
0.010906
0.0115949
0.0123524
0.011821
0.00868177
0.00635289
0.00511765
0.0051633
0.006323
0.00824646
0.0103151
0.0120411
0.0136357
0.00953073
0.00539252
0.00234607
0.000899743
0.001328
0.00338192
0.00657132
0.0100205
0.013021
0.0158317
0.00695097
0.00167436
-0.00219661
-0.00388226
-0.00302526
9.41385e-05
0.00480358
0.00994411
0.0145904
0.0187029
0.00401143
-0.00253168
-0.00734744
-0.00935453
-0.00801108
-0.00364018
0.00291848
0.0101419
0.0167696
0.0227009
0.000925366
-0.00704424
-0.0129604
-0.0154147
-0.0135897
-0.0078345
0.000861147
0.0105184
0.0195679
0.0274134
-0.00250677
-0.0120454
-0.0192302
-0.0222609
-0.0198873
-0.0125291
-0.00130181
0.011238
0.0230819
0.0333932
-0.00600596
-0.0172681
-0.0259156
-0.0296641
-0.0267763
-0.0176497
-0.00363629
0.012124
0.0270979
0.0398562
-0.00993727
-0.023084
-0.0333316
-0.0378886
-0.0342685
-0.023079
-0.0058196
0.0135534
0.0319379
0.0475337
-0.0139027
-0.0290689
-0.0411271
-0.0465794
-0.0421659
-0.0287333
-0.0080067
0.0151941
0.037179
0.0554491
-0.0183582
-0.0357223
-0.0497665
-0.0560767
-0.0505115
-0.0344358
-0.00979199
0.0175571
0.0433231
0.0645526
-0.0227369
-0.0424829
-0.058743
-0.0659323
-0.0590894
-0.0401879
-0.0115025
0.0201006
0.0497142
0.0737438
-0.0276611
-0.0500766
-0.068654
-0.0765074
-0.0678469
-0.0456356
-0.0125007
0.0235887
0.0571375
0.0841008
-0.0324331
-0.0577749
-0.0788288
-0.0872745
-0.0765715
-0.0509092
-0.0132787
0.0272842
0.0647924
0.0945379
-0.0377739
-0.0663736
-0.0899352
-0.098575
-0.0852432
-0.0556112
-0.0132125
0.0319915
0.0735069
0.106157
-0.042929
-0.0749989
-0.101142
-0.109841
-0.0936518
-0.0600273
-0.0129533
0.0367784
0.0823096
0.117843
-0.0487427
-0.084511
-0.11306
-0.121292
-0.101613
-0.0636474
-0.0118044
0.0424585
0.091967
0.130369
-0.0544075
-0.0939407
-0.12478
-0.132319
-0.108956
-0.0667985
-0.0104622
0.0480914
0.101513
0.142688
-0.060814
-0.104154
-0.136857
-0.143058
-0.115424
-0.0689302
-0.00820575
0.054455
0.111624
0.155404
-0.0670837
-0.114117
-0.14838
-0.152977
-0.120981
-0.0704972
-0.00579627
0.0605581
0.121317
0.167599
-0.0740801
-0.124612
-0.159797
-0.162153
-0.125349
-0.071011
-0.00261473
0.0670399
0.131087
0.17951
-0.080919
-0.134601
-0.170245
-0.170136
-0.128584
-0.0709317
0.000637418
0.0730637
0.140158
0.190524
-0.0883799
-0.144718
-0.180058
-0.176976
-0.130423
-0.0698397
0.00448926
0.0792003
0.148909
0.200703
-0.0955809
-0.153972
-0.18853
-0.182421
-0.1311
-0.0682775
0.0082556
0.0847388
0.156733
0.209708
-0.103131
-0.162839
-0.195969
-0.186617
-0.130504
-0.0660386
0.0122406
0.0900087
0.163827
0.217291
-0.110195
-0.1704
-0.201776
-0.189384
-0.12888
-0.0635471
0.0159432
0.0945082
0.169849
0.223387
-0.117183
-0.176959
-0.206222
-0.190947
-0.126252
-0.0607467
0.0195082
0.0984536
0.174822
0.227645
-0.123359
-0.181764
-0.208931
-0.19129
-0.122965
-0.0580135
0.0225954
0.101558
0.178623
0.230396
-0.129054
-0.185111
-0.210305
-0.190864
-0.119328
-0.0555689
0.0251037
0.103834
0.181177
0.231254
-0.133649
-0.186328
-0.209963
-0.189585
-0.115614
-0.0536445
0.0268425
0.105128
0.182542
0.230736
-0.13746
-0.185783
-0.208426
-0.188047
-0.112335
-0.052628
0.0275614
0.105281
0.182549
0.228427
-0.140071
-0.183131
-0.205559
-0.186231
-0.109716
-0.0525544
0.0273382
0.10436
0.181422
0.225058
-0.141981
-0.179275
-0.202496
-0.185168
-0.108571
-0.0539554
0.0258501
0.102242
0.179052
0.220478
-0.142899
-0.174287
-0.199465
-0.184943
-0.10898
-0.0566783
0.0232589
0.0991695
0.175719
0.215514
-0.143358
-0.169441
-0.197938
-0.1867
-0.111591
-0.0610195
0.0192694
0.09505
0.171485
0.210116
-0.142975
-0.164786
-0.197881
-0.190072
-0.115832
-0.0663445
0.0142979
0.0902347
0.16681
0.204978
-0.142904
-0.162136
-0.200829
-0.195941
-0.121945
-0.0726609
0.00839535
0.0848643
0.161962
0.20013
-0.14346
-0.161508
-0.206119
-0.203286
-0.128964
-0.0792155
0.002189
0.0793528
0.157375
0.196086
-0.146111
-0.164384
-0.214509
-0.212242
-0.136669
-0.0858528
-0.00395923
0.0741007
0.153372
0.192932
-0.150414
-0.169607
-0.224539
-0.221742
-0.144374
-0.0920881
-0.00945398
0.0695664
0.150258
0.190924
-0.155975
-0.177064
-0.235933
-0.231803
-0.152175
-0.097893
-0.014032
0.0660854
0.148276
0.190014
-0.161906
-0.185657
-0.247679
-0.241751
-0.159682
-0.102977
-0.0174513
0.0638505
0.147441
0.190155
-0.167617
-0.194684
-0.259623
-0.251626
-0.166923
-0.107374
-0.0197819
0.0628265
0.147632
0.19122
-0.172048
-0.202097
-0.270095
-0.260397
-0.173138
-0.110833
-0.0211093
0.0627356
0.148493
0.192924
-0.174176
-0.206173
-0.277701
-0.267076
-0.177598
-0.113025
-0.0214616
0.0633813
0.149707
0.194908
-0.1732
-0.205913
-0.281135
-0.270691
-0.179671
-0.113764
-0.020952
0.0644128
0.150881
0.196726
-0.170624
-0.203163
-0.281011
-0.271516
-0.179756
-0.113365
-0.0199515
0.0654961
0.151689
0.198026
-0.168474
-0.201054
-0.279977
-0.271268
-0.179355
-0.112758
-0.0191628
0.0663211
0.152241
0.198878
-0.16676
-0.199956
-0.27947
-0.271032
-0.179087
-0.112282
-0.0186143
0.0668973
0.152556
0.199432
0.0391369
0.0389405
0.0383182
0.0373169
0.0358696
0.0339095
0.0315415
0.0289845
0.0264234
0.0239299
0.0214854
0.0190355
0.0165251
0.0139026
0.0109452
0.00674538
0.0114431
0.0117328
0.0123137
0.0126095
0.0124638
0.0120843
0.0117275
0.0115548
0.0115475
0.0115589
0.0114014
0.0109069
0.00996404
0.00854392
0.00625306
0.00337524
0.0239438
0.0239821
0.0238177
0.0232663
0.0223022
0.0211013
0.0198607
0.0187491
0.0177778
0.0168294
0.0157253
0.0142864
0.0123832
0.00997527
0.00668131
0.00305548
0.0166599
0.0165521
0.0164843
0.0161859
0.0156087
0.0149559
0.0144335
0.014192
0.0141974
0.0142643
0.0141308
0.0135433
0.0122969
0.0102854
0.00711132
0.00346233
0.018934
0.0186042
0.0182614
0.0178269
0.0172848
0.016738
0.0162649
0.0159461
0.0157606
0.0155864
0.0152195
0.0144367
0.0130167
0.0108073
0.00739526
0.00352517
0.0161064
0.0156641
0.0154135
0.0153159
0.0152606
0.0152328
0.0152276
0.0152821
0.0153922
0.0154462
0.0152792
0.0146701
0.01337
0.0111561
0.00761054
0.00349401
0.0142661
0.0140083
0.0140022
0.0142174
0.014485
0.0147361
0.0149432
0.0151523
0.015375
0.015544
0.0154831
0.0149688
0.0137193
0.0114566
0.00777486
0.00345445
0.0132319
0.0131554
0.0133046
0.013658
0.0140468
0.0143866
0.0146742
0.0149751
0.0153268
0.015642
0.0157437
0.0153585
0.0141556
0.0118062
0.00794597
0.0034157
0.0122812
0.0122787
0.0124515
0.0128199
0.0132373
0.0136353
0.0140251
0.0144843
0.0150451
0.0156213
0.0159664
0.01576
0.0146122
0.0121615
0.00811007
0.00337044
0.0115855
0.0115469
0.0116238
0.0118715
0.0122024
0.0125895
0.0130783
0.0137484
0.01462
0.0155347
0.0162005
0.0162068
0.0151057
0.012519
0.00825325
0.00330316
0.0111106
0.0109228
0.0108035
0.0108483
0.0110337
0.0113859
0.0119811
0.0129093
0.0141373
0.0154594
0.0164784
0.0167045
0.0156233
0.012866
0.00837051
0.00320743
0.0109672
0.0105274
0.0101309
0.00990635
0.0098986
0.0101856
0.0108913
0.012084
0.0137076
0.0154583
0.0168533
0.0172879
0.0161798
0.0131992
0.00844702
0.00306477
0.0113347
0.0105357
0.00975319
0.00914962
0.00885642
0.00903448
0.00982901
0.0113261
0.0133735
0.0155869
0.0173569
0.0179606
0.0167605
0.0135101
0.00848679
0.00287719
0.0119818
0.0106979
0.00944096
0.00840139
0.00779862
0.00786149
0.00879665
0.0106321
0.0131696
0.0158827
0.0180225
0.0187322
0.0173546
0.0137766
0.00846571
0.00262811
0.0132511
0.0113778
0.00953493
0.00794418
0.00694078
0.00685323
0.00790192
0.0101181
0.0131639
0.0163808
0.0188493
0.0195797
0.0179373
0.0139943
0.00839342
0.00232665
0.0150092
0.0124579
0.00998086
0.00781614
0.0063859
0.00610703
0.00725899
0.00982105
0.0133858
0.0170928
0.0198275
0.0204678
0.018467
0.0141211
0.00823456
0.00195587
0.0177645
0.0144687
0.0112495
0.0083671
0.00636209
0.00577975
0.00694732
0.00984296
0.0138799
0.0180184
0.0209206
0.0213559
0.0189201
0.0141627
0.00800659
0.0015315
0.0213098
0.017206
0.0131922
0.00952965
0.0068795
0.00593901
0.00711536
0.0102708
0.014729
0.0191889
0.0221092
0.0221929
0.0192475
0.014076
0.00767981
0.00104702
0.0254364
0.0204155
0.0155411
0.0111106
0.00790199
0.00671984
0.00787446
0.0112578
0.0159869
0.0206091
0.0233785
0.0229747
0.0194632
0.0138931
0.00728397
0.00052344
0.0296643
0.0237232
0.0181146
0.0131275
0.00956202
0.00813535
0.00928947
0.0127593
0.0176285
0.0222371
0.0246588
0.023624
0.0195069
0.0135659
0.00679201
-3.73874e-05
0.034835
0.0279321
0.0214959
0.0158773
0.0118158
0.0101756
0.01122
0.0147071
0.0195861
0.0240066
0.0259135
0.0241453
0.0194092
0.0131376
0.00623716
-0.000614724
0.0404249
0.0325198
0.0252807
0.0190421
0.0145838
0.0126707
0.013631
0.0170675
0.0218069
0.0258331
0.0270408
0.0244474
0.0191091
0.0125679
0.00560686
-0.00119343
0.046322
0.0373427
0.0292752
0.0225081
0.0177234
0.015692
0.0165405
0.019832
0.0242711
0.0277114
0.0280685
0.0245898
0.0186705
0.0119128
0.0049343
-0.00175899
0.05238
0.0423243
0.0335301
0.0263614
0.0213959
0.0192247
0.019939
0.0229496
0.0268942
0.0295256
0.0288836
0.0244787
0.0180323
0.0111367
0.00421742
-0.00228631
0.0589495
0.0477712
0.0382285
0.0306977
0.0255742
0.0232446
0.0237034
0.0262993
0.0295866
0.0312584
0.0295325
0.0241989
0.0172747
0.0103002
0.00348518
-0.00277091
0.0661578
0.0538476
0.0435937
0.03576
0.030311
0.0277134
0.0277196
0.0297183
0.0321525
0.0327175
0.0298599
0.0236409
0.0163415
0.00938488
0.00275585
-0.00317769
0.0741953
0.0607784
0.0498692
0.0414628
0.0356829
0.0325198
0.0319144
0.0331403
0.0345827
0.0339546
0.0299595
0.0229105
0.0153126
0.00844129
0.002045
-0.00351673
0.0830015
0.0685422
0.0567815
0.0479289
0.0415052
0.0376751
0.0361879
0.0364204
0.0366899
0.0347876
0.0296746
0.0218909
0.0141282
0.00745615
0.00138184
-0.00374702
0.0923008
0.0768401
0.0644036
0.0548873
0.0477906
0.043008
0.0404839
0.0395583
0.0385593
0.03535
0.029154
0.0207133
0.0128695
0.00646793
0.000764917
-0.00389468
0.102161
0.085671
0.0724265
0.0622384
0.0542488
0.0484189
0.0445518
0.0423029
0.0399675
0.0354559
0.0282525
0.0192841
0.011505
0.00548948
0.000238977
-0.00391791
0.112388
0.0949491
0.0808116
0.0697268
0.0606843
0.0534836
0.0483199
0.0447344
0.0410775
0.0352989
0.0271537
0.0177439
0.0101079
0.00454311
-0.000215014
-0.00385812
0.122545
0.104082
0.0889852
0.0768922
0.0666417
0.0581706
0.0514998
0.0466016
0.0416851
0.0347061
0.0257195
0.0160092
0.00866213
0.00365966
-0.00054063
-0.00367342
0.132254
0.11287
0.0966884
0.0834022
0.0718584
0.0619891
0.0541913
0.0481242
0.0420412
0.033924
0.0241598
0.0142239
0.00722887
0.00284223
-0.00077498
-0.00341686
0.141142
0.120737
0.103261
0.0887651
0.0759954
0.0651057
0.0560894
0.0490484
0.0419494
0.0327911
0.0223589
0.0123386
0.00582583
0.00214373
-0.000856684
-0.00305239
0.149468
0.127819
0.108928
0.0929174
0.0789209
0.0670197
0.0574563
0.0496643
0.0416725
0.0315462
0.0205069
0.0104695
0.00448674
0.00154356
-0.000840452
-0.00263987
0.156453
0.133644
0.113034
0.0955751
0.0805713
0.0681787
0.0579926
0.0497164
0.0410023
0.0300102
0.0184804
0.00857577
0.00324718
0.00110901
-0.000662728
-0.00214758
0.161889
0.137922
0.115654
0.0966874
0.0808027
0.0680771
0.0580892
0.0495333
0.0402007
0.0284095
0.0164467
0.00674205
0.0021098
0.000794788
-0.000393179
-0.00163647
0.165166
0.140009
0.116179
0.0960295
0.0797493
0.067331
0.057467
0.048889
0.0390925
0.0266
0.0143228
0.00496659
0.00113661
0.000674888
2.38542e-05
-0.00108193
0.166427
0.140238
0.114822
0.093602
0.0772594
0.0655176
0.0565991
0.0481211
0.0379227
0.0247805
0.0122408
0.00329738
0.000299627
0.00068247
0.000509746
-0.000539312
0.16541
0.138
0.111304
0.0895598
0.073847
0.0633972
0.0552558
0.0470408
0.0365403
0.0228253
0.0101399
0.0017609
-0.000316948
0.000896638
0.0011136
1.21037e-05
0.162025
0.133625
0.105775
0.0839544
0.0694075
0.0606329
0.0539128
0.0459623
0.0351636
0.0209037
0.00811786
0.000368089
-0.000771963
0.00123204
0.00175378
0.00052644
0.155772
0.126594
0.0982977
0.0772849
0.0646616
0.057966
0.0523673
0.0447381
0.0336927
0.0189478
0.0061684
-0.000817939
-0.000971076
0.00175763
0.00246618
0.00102017
0.147474
0.117564
0.0892464
0.0696619
0.0595212
0.0551198
0.0510049
0.0436073
0.032277
0.0170635
0.00433443
-0.00182978
-0.0010008
0.00237709
0.003175
0.00146074
0.137193
0.106952
0.079315
0.061955
0.0547693
0.0526879
0.0496279
0.042437
0.0308283
0.0151996
0.00265754
-0.0025746
-0.000759697
0.00314983
0.00390687
0.00186289
0.12595
0.095475
0.0689686
0.0543127
0.0503065
0.0504008
0.0485074
0.0413922
0.0294366
0.0134019
0.0011459
-0.00312026
-0.000356605
0.00397538
0.00459734
0.00220683
0.114009
0.08378
0.0590799
0.0476095
0.0467606
0.0486596
0.0474922
0.040391
0.0280591
0.0117191
-8.61907e-05
-0.00335353
0.000296402
0.00489364
0.00526303
0.0025054
0.102243
0.072481
0.0499917
0.0418964
0.0439804
0.0472344
0.0467453
0.0395263
0.0267122
0.0101548
-0.00107377
-0.00337678
0.00107332
0.00581055
0.00585817
0.00275095
0.0911164
0.062322
0.0424811
0.0377713
0.0423002
0.0463335
0.046164
0.0387414
0.0254349
0.00884768
-0.00166475
-0.00304751
0.00204279
0.00674594
0.00639303
0.00295523
0.0814162
0.0537089
0.0366296
0.035104
0.0414847
0.045752
0.0458237
0.038063
0.024231
0.0077634
-0.00195514
-0.0024825
0.0030754
0.00761754
0.00683982
0.00311894
0.0739021
0.0473532
0.0328627
0.0340726
0.041572
0.045561
0.0456858
0.0375096
0.0232367
0.00711292
-0.0017314
-0.00155727
0.00421101
0.00842826
0.00720353
0.00325167
0.0697619
0.0436915
0.0311768
0.0344788
0.0423314
0.0456319
0.0457427
0.0370562
0.0224096
0.00679665
-0.00115799
-0.000436027
0.00532773
0.00912258
0.00747709
0.00335933
0.0695641
0.0430982
0.0316913
0.0362537
0.0436612
0.0459675
0.0460159
0.0367792
0.0219515
0.00708521
-1.46358e-05
0.000972832
0.00644061
0.00969637
0.00766433
0.00344917
0.0734628
0.0454612
0.0342995
0.0392112
0.0454425
0.0465609
0.0464582
0.0366016
0.0217698
0.00783216
0.00149597
0.00249297
0.00745109
0.0101247
0.0077751
0.003529
0.0803768
0.0501736
0.0388061
0.0431811
0.0475432
0.047397
0.0471451
0.0366399
0.0221177
0.00933609
0.00357843
0.00419299
0.00836094
0.0104032
0.00781229
0.00360304
0.0879855
0.0558779
0.0445631
0.0478782
0.0499927
0.0485688
0.0479618
0.0367926
0.0228837
0.0114175
0.0059959
0.00589815
0.00910413
0.0105374
0.00779772
0.00367887
0.0929413
0.0608145
0.0504558
0.0526972
0.0525073
0.0499737
0.049037
0.0372949
0.0243725
0.0143519
0.00890826
0.00765466
0.00967804
0.0105259
0.00773229
0.00375767
0.0907989
0.0628939
0.0553381
0.0570398
0.0549794
0.05167
0.0502332
0.0381197
0.0264655
0.0178002
0.0119801
0.00928848
0.0100557
0.0104001
0.00764343
0.00384548
0.0818767
0.0630314
0.0596653
0.0607548
0.0574841
0.0535901
0.0517578
0.0395939
0.0293705
0.0218059
0.0152057
0.0108122
0.0102477
0.010168
0.00752971
0.00394069
0.0689186
0.0628209
0.0625838
0.0632417
0.060417
0.0561438
0.0535267
0.0416139
0.0326422
0.0257432
0.0181212
0.0120538
0.010262
0.00987589
0.00741824
0.00404759
0.0595385
0.0646576
0.0632171
0.0643517
0.0635784
0.0592374
0.0558812
0.0442777
0.0361028
0.0293933
0.0206726
0.0130392
0.0101286
0.00953403
0.0073031
0.00416274
0.0580724
0.0687749
0.0628129
0.0648316
0.0665995
0.0630018
0.0587007
0.0471626
0.0392044
0.0323166
0.0226414
0.0137282
0.00989908
0.00918702
0.00720557
0.00428941
0.0634244
0.0747578
0.0638964
0.0647749
0.0692747
0.0671368
0.0621498
0.0501774
0.0418927
0.0346248
0.0242052
0.0142562
0.00963508
0.00883664
0.00710802
0.00441841
0.0766619
0.0840141
0.0686383
0.0648381
0.0713443
0.0714276
0.0658846
0.0529487
0.0439335
0.036201
0.02531
0.0146463
0.00938801
0.00850967
0.00701783
0.00454506
0.0993762
0.0950238
0.0767562
0.0658533
0.0726328
0.0751498
0.0695856
0.0552999
0.0453114
0.0371464
0.0260783
0.0150005
0.00920937
0.00821412
0.00692334
0.00466253
0.115338
0.103208
0.0853407
0.068877
0.0737495
0.078235
0.0725773
0.0569016
0.0459384
0.0374323
0.026481
0.0153038
0.00911196
0.00797163
0.00684151
0.00477715
0.116268
0.104058
0.090237
0.0728833
0.0751307
0.0808613
0.0745294
0.0576052
0.0457936
0.0370986
0.0265587
0.0155784
0.00911019
0.00779227
0.00676872
0.00488665
0.106574
0.0983909
0.0906135
0.0764962
0.0769874
0.0830975
0.0752174
0.0573526
0.0449415
0.0362331
0.0263031
0.0157788
0.00918097
0.00767941
0.00671475
0.00499567
0.0955352
0.0911361
0.0882864
0.0792112
0.0790277
0.0840949
0.0745433
0.0561927
0.0435227
0.0349328
0.0257132
0.0158742
0.0093184
0.00764482
0.00667776
0.00510054
0.0845604
0.0830974
0.0842934
0.0806094
0.0802905
0.0832426
0.0725132
0.0543114
0.0417862
0.0333947
0.0248371
0.015809
0.00947704
0.00768106
0.00666468
0.00520557
0.0730465
0.0742324
0.0785794
0.0796733
0.0800235
0.08121
0.0701219
0.0523651
0.0400493
0.0317386
0.0236886
0.0155295
0.00962348
0.00779873
0.00668066
0.00530817
0.0611864
0.0647106
0.0715803
0.0767534
0.0786836
0.0789869
0.0680717
0.0508505
0.038613
0.0301911
0.0224154
0.0150318
0.00970441
0.00797519
0.00672977
0.00541341
0.0501166
0.0553215
0.0640298
0.0722849
0.0762692
0.0765628
0.0664528
0.049899
0.0376007
0.0288365
0.0210604
0.0143016
0.0096853
0.00821063
0.0068202
0.00552018
0.040782
0.046722
0.0564587
0.0667925
0.0729573
0.0739464
0.0649786
0.0493221
0.0369853
0.0277823
0.0197828
0.0134098
0.00953805
0.00846718
0.0069488
0.00563365
0.0336619
0.0394162
0.0493669
0.0608237
0.0688829
0.0710216
0.0636172
0.0490668
0.0367268
0.0270097
0.0185952
0.0123714
0.00923707
0.00872974
0.00712102
0.00575313
0.0287958
0.0336124
0.0431017
0.0549466
0.0644243
0.0679146
0.0621586
0.0489337
0.0367172
0.0265221
0.0176105
0.0112924
0.00878884
0.00895502
0.00732512
0.00588331
0.0258805
0.0293488
0.0378998
0.0495638
0.0598455
0.0645885
0.0606139
0.0488727
0.0368899
0.0262497
0.0167882
0.0101805
0.00818279
0.00912072
0.00756077
0.00602309
0.0245732
0.0265976
0.0339837
0.0450552
0.0555495
0.0612571
0.0588175
0.0486742
0.0371001
0.0261424
0.016184
0.00913936
0.00746493
0.00919263
0.00780788
0.0061757
0.0245642
0.025351
0.0314261
0.041548
0.0516731
0.0578837
0.0568492
0.0483279
0.0372994
0.0261327
0.0157293
0.00815963
0.0066392
0.00914939
0.00805781
0.00633819
0.0256826
0.0253687
0.030171
0.0390917
0.0483855
0.0546468
0.0546281
0.0476942
0.0373748
0.0261665
0.01544
0.00732617
0.00577994
0.00898229
0.00828801
0.00651321
0.0273744
0.0263241
0.0299352
0.0374675
0.0455638
0.0514523
0.0523046
0.0468463
0.03734
0.0262135
0.0152534
0.00661249
0.004893
0.00868257
0.00848488
0.00669544
0.0293116
0.0276611
0.0302579
0.0363951
0.0431464
0.0484355
0.0498183
0.0457065
0.0371241
0.0262367
0.0151765
0.00607715
0.00405581
0.00827014
0.00862893
0.00688609
0.0308823
0.0289165
0.0306921
0.0355022
0.0408711
0.045418
0.0472743
0.0443531
0.0367583
0.0262302
0.0151645
0.00568451
0.00326246
0.00774353
0.00870235
0.00707534
0.0320028
0.0297232
0.0307885
0.0344367
0.0385814
0.0424583
0.0445698
0.042711
0.0361663
0.0261432
0.0152006
0.00545788
0.00257488
0.00714293
0.00869564
0.00726468
0.0321892
0.0297171
0.030266
0.0329773
0.0361113
0.0393819
0.0417723
0.0408413
0.0353553
0.0259548
0.0152394
0.00534722
0.00197254
0.00647235
0.00859376
0.00743974
0.0314758
0.028861
0.028973
0.0309711
0.0334063
0.0362669
0.038783
0.0386641
0.0342342
0.0255919
0.0152408
0.00534269
0.00149981
0.00578532
0.00840392
0.00760223
0.0298365
0.0270854
0.0268663
0.0284232
0.0304044
0.0329455
0.0356194
0.0362061
0.032799
0.0250313
0.0151702
0.00540033
0.00113119
0.00508684
0.00811692
0.00773165
0.0274188
0.0245342
0.0240513
0.0252734
0.0270178
0.0294247
0.0321827
0.0334065
0.0310048
0.0242269
0.0149936
0.00549629
0.000890995
0.00442887
0.00775719
0.00783254
0.0242967
0.0213103
0.0205625
0.0215783
0.0232226
0.0255666
0.0284935
0.030311
0.0288902
0.0231852
0.0146994
0.00560277
0.000750129
0.0038103
0.00732257
0.00788007
0.0206638
0.0175848
0.0166106
0.0174124
0.0190026
0.0214234
0.024528
0.0269127
0.0264527
0.0218832
0.0142572
0.00568555
0.000711191
0.00327158
0.00685055
0.00788377
0.0166717
0.0135296
0.0122963
0.012886
0.0144665
0.0169801
0.0203274
0.023254
0.0237217
0.0203182
0.0136506
0.00572049
0.000740723
0.00280177
0.00634077
0.00781662
0.012389
0.00921371
0.00775809
0.00814206
0.00968306
0.0123377
0.015912
0.0193431
0.0207021
0.018473
0.0128467
0.00566366
0.000817765
0.00242035
0.00583301
0.00769622
0.00788811
0.0047247
0.00308661
0.00326571
0.00479604
0.00754379
0.0113451
0.0152285
0.0174216
0.0163489
0.0118313
0.00549624
0.000906384
0.00210427
0.00532231
0.00749752
0.0032044
0.000123415
-0.00164624
-0.00159965
-0.000118663
0.00271296
0.00668909
0.010957
0.0139118
0.0139565
0.0105914
0.00518305
0.000976044
0.00185479
0.00484309
0.00724807
-0.00159002
-0.00454682
-0.00633821
-0.00640855
-0.00496657
-0.00210217
0.00199537
0.0065808
0.0102143
0.0113176
0.00913031
0.00472024
0.00100133
0.00164602
0.00438321
0.00692672
-0.00644071
-0.00919216
-0.0109768
-0.0111238
-0.00973507
-0.00686667
-0.00268228
0.00215851
0.00638494
0.00847616
0.00746397
0.00409518
0.000958367
0.00147019
0.00396776
0.00656827
-0.0112517
-0.0138003
-0.0155451
-0.015748
-0.0143977
-0.0115215
-0.00728606
-0.00224676
0.00248355
0.00547613
0.00561225
0.00331523
0.000833641
0.00130379
0.00357781
0.00615481
-0.0159773
-0.0182634
-0.0199344
-0.0201758
-0.0188568
-0.0159961
-0.0117353
-0.00655811
-0.00141886
0.00237391
0.00360282
0.00238022
0.000610582
0.00113508
0.00322999
0.00572516
-0.020462
-0.0225041
-0.0240836
-0.0243398
-0.0230513
-0.0202052
-0.0159609
-0.0107164
-0.0052706
-0.000795821
0.0014464
0.00128964
0.000275422
0.000940391
0.00289944
0.00526347
-0.0246677
-0.0264262
-0.0278878
-0.0281454
-0.0268802
-0.0240868
-0.0199074
-0.014668
-0.0090154
-0.00398437
-0.00082799
4.76214e-05
-0.000185372
0.000702181
0.00259153
0.00480515
-0.0284411
-0.0299466
-0.0312931
-0.0315412
-0.0303127
-0.0275903
-0.0235214
-0.0183579
-0.0126041
-0.00714899
-0.0031957
-0.00134001
-0.000782269
0.000396649
0.00227432
0.00433176
-0.0317879
-0.0330264
-0.0342429
-0.0344699
-0.033281
-0.0306675
-0.0267614
-0.0217452
-0.0159829
-0.0102338
-0.0056086
-0.00284836
-0.0015102
1.50408e-05
0.00194986
0.00387179
-0.034576
-0.0355931
-0.0366997
-0.0369171
-0.0357871
-0.0333074
-0.0296022
-0.0247831
-0.0191069
-0.0131872
-0.00802537
-0.00445864
-0.00236736
-0.000454124
0.00159213
0.00340694
-0.0368386
-0.0376445
-0.0386487
-0.0388599
-0.0378042
-0.0354822
-0.032005
-0.0274378
-0.0219268
-0.0159521
-0.0103909
-0.00613128
-0.00333153
-0.00100472
0.00120874
0.00295981
-0.0385034
-0.0391485
-0.0400751
-0.0402943
-0.0393258
-0.0371762
-0.0339531
-0.0296721
-0.0243976
-0.0184747
-0.0126576
-0.00783692
-0.0043931
-0.00164098
0.000780653
0.00251403
-0.0396409
-0.0401482
-0.0410066
-0.0412333
-0.0403543
-0.0383855
-0.035427
-0.0314652
-0.0264827
-0.020711
-0.0147768
-0.00953208
-0.00552125
-0.00234704
0.000320413
0.00208741
-0.0402295
-0.0406449
-0.0414578
-0.0417024
-0.0409153
-0.0391222
-0.03643
-0.0327988
-0.0281518
-0.0226236
-0.0167057
-0.0111832
-0.00670284
-0.00312451
-0.000185532
0.00166514
-0.0403875
-0.040736
-0.0415069
-0.0417538
-0.0410364
-0.0393983
-0.0369569
-0.0336589
-0.02939
-0.0241818
-0.0184071
-0.0127472
-0.00789921
-0.00394799
-0.000721427
0.00125841
-0.0400569
-0.0403629
-0.0410974
-0.0413485
-0.0407025
-0.0392173
-0.0370194
-0.0340659
-0.0301961
-0.0253732
-0.0198461
-0.0141856
-0.0090857
-0.00481097
-0.00129505
0.000853027
-0.0394036
-0.0396851
-0.0403787
-0.0406083
-0.0400013
-0.0386351
-0.0366677
-0.0340464
-0.0305894
-0.0261918
-0.020997
-0.0154551
-0.0102152
-0.00567636
-0.00188303
0.000457523
-0.038387
-0.0386348
-0.03927
-0.0394749
-0.0389148
-0.0376823
-0.0359433
-0.0336487
-0.0306008
-0.0266475
-0.0218444
-0.0165241
-0.0112604
-0.00653214
-0.00248601
6.45028e-05
-0.0371735
-0.0373981
-0.0379703
-0.038123
-0.0375709
-0.0364319
-0.034891
-0.0329037
-0.0302549
-0.0267579
-0.0223892
-0.0173725
-0.0121851
-0.0073434
-0.00307899
-0.000318859
-0.0356957
-0.0358639
-0.0363421
-0.0364393
-0.0359131
-0.0348921
-0.0335594
-0.0318677
-0.0296054
-0.0265585
-0.022644
-0.0179895
-0.0129716
-0.00809953
-0.00366124
-0.000694652
-0.0340252
-0.0341483
-0.0345487
-0.0345951
-0.0340856
-0.0331607
-0.03201
-0.0305906
-0.0286876
-0.0260733
-0.0226152
-0.018359
-0.0135805
-0.00875525
-0.0041982
-0.00105045
-0.0322038
-0.0322454
-0.0325388
-0.032544
-0.0320903
-0.0313125
-0.0303745
-0.0292223
-0.0276531
-0.0254324
-0.0224001
-0.0185427
-0.0140524
-0.00934407
-0.00472358
-0.00140934
-0.0295313
-0.0294519
-0.0296583
-0.02967
-0.0293251
-0.0287446
-0.0280683
-0.0272359
-0.0260381
-0.0242396
-0.021665
-0.0182607
-0.0141341
-0.00964871
-0.00507209
-0.00167447
-0.0296857
-0.0295934
-0.0296684
-0.0295479
-0.0291228
-0.0285095
-0.0278168
-0.026978
-0.0258106
-0.0241027
-0.0216866
-0.0184804
-0.0145562
-0.0102082
-0.00563935
-0.00209803
-0.0224363
-0.0223007
-0.0225406
-0.0227324
-0.0227126
-0.0225899
-0.0224709
-0.0222894
-0.0218417
-0.020883
-0.0192102
-0.0167265
-0.0134523
-0.0096523
-0.00544656
-0.00205896
-0.0317036
-0.031651
-0.031594
-0.0313065
-0.03069
-0.0298217
-0.0287873
-0.0275663
-0.0260485
-0.024096
-0.0216068
-0.0185305
-0.0149262
-0.0110002
-0.00673149
-0.0031368
-0.00866536
-0.00888601
-0.00975643
-0.0106816
-0.0114222
-0.0121173
-0.0128763
-0.0136264
-0.0141286
-0.0141266
-0.0134256
-0.0119758
-0.00983439
-0.0072006
-0.00396465
-0.00106617
-0.0457252
-0.0456968
-0.0455477
-0.0450811
-0.0440392
-0.0422818
-0.0399077
-0.0370475
-0.0338499
-0.030433
-0.026909
-0.0233609
-0.0198075
-0.0163104
-0.0123914
-0.00834551
-0.281936
-0.252636
-0.282601
-0.280116
-0.162032
-0.0440727
0.0208564
0.0468157
0.0497377
0.00873641
-0.281457
-0.252502
-0.282595
-0.280289
-0.162329
-0.0443827
0.0206419
0.046668
0.0497252
0.0101984
-0.280267
-0.252153
-0.282593
-0.28055
-0.162725
-0.0447859
0.0203545
0.0464513
0.0498077
0.0125405
-0.278062
-0.251562
-0.282687
-0.280921
-0.163255
-0.0453239
0.0199585
0.0461708
0.0497344
0.0146734
-0.274749
-0.250573
-0.282911
-0.281395
-0.16393
-0.0459259
0.0194896
0.0458601
0.0493749
0.0158673
-0.270626
-0.249246
-0.283337
-0.28183
-0.164565
-0.0465094
0.0189393
0.045466
0.0486667
0.0164608
-0.266032
-0.247485
-0.283796
-0.282162
-0.164949
-0.0470372
0.0183478
0.0450005
0.0475912
0.0163889
-0.262153
-0.245523
-0.284014
-0.281919
-0.164611
-0.047348
0.0178091
0.0445357
0.0462526
0.0160871
-0.260158
-0.242933
-0.283347
-0.280506
-0.16333
-0.0473046
0.0174121
0.0441327
0.0448154
0.0157256
-0.262785
-0.241583
-0.281545
-0.277047
-0.160725
-0.0467339
0.0173001
0.0439036
0.0435591
0.0155728
-0.270596
-0.24314
-0.27911
-0.272044
-0.157212
-0.0456751
0.017514
0.0439074
0.0426704
0.0155073
-0.283217
-0.249397
-0.277475
-0.266366
-0.153098
-0.0441591
0.0181378
0.0442412
0.042379
0.0158221
-0.297606
-0.258902
-0.277028
-0.261002
-0.149044
-0.0424092
0.01906
0.0448715
0.0426194
0.0164687
-0.311695
-0.270805
-0.277971
-0.256206
-0.145265
-0.0406052
0.0202214
0.0458049
0.0434637
0.0177206
-0.32316
-0.282607
-0.279526
-0.25206
-0.142094
-0.0389948
0.0214039
0.0468847
0.0446865
0.0193622
-0.331493
-0.293819
-0.28155
-0.248461
-0.139642
-0.0378559
0.0224217
0.048013
0.0463054
0.0216189
-0.336218
-0.303038
-0.283319
-0.245233
-0.137943
-0.0373017
0.0230912
0.0490133
0.0480098
0.0241128
-0.33779
-0.310649
-0.285054
-0.242401
-0.137092
-0.0376353
0.0231608
0.0497255
0.0497359
0.0269926
-0.336389
-0.315964
-0.286259
-0.239755
-0.136934
-0.0387712
0.0225648
0.0500026
0.0511211
0.0297868
-0.332456
-0.319494
-0.287296
-0.237447
-0.137588
-0.040971
0.0210431
0.0496539
0.0520795
0.0326292
-0.326379
-0.320768
-0.287637
-0.235181
-0.138686
-0.0439008
0.0187392
0.0486477
0.0523579
0.035041
-0.318427
-0.320122
-0.287513
-0.233188
-0.140303
-0.0477568
0.015421
0.0467815
0.0519161
0.0371563
-0.309118
-0.317224
-0.2863
-0.231103
-0.141869
-0.0519793
0.0114493
0.0441284
0.0506298
0.0385406
-0.298609
-0.31227
-0.284059
-0.22908
-0.143463
-0.0566974
0.00661758
0.0404688
0.0484557
0.0392867
-0.28751
-0.305185
-0.280273
-0.226562
-0.144629
-0.0612917
0.00135404
0.0360473
0.0454502
0.0391087
-0.275868
-0.296234
-0.275068
-0.223679
-0.145706
-0.0660505
-0.00460016
0.030732
0.0416391
0.0381695
-0.264245
-0.285697
-0.268222
-0.219909
-0.146274
-0.0704593
-0.0106615
0.0249778
0.0372504
0.0363861
-0.252655
-0.27393
-0.259983
-0.215426
-0.146557
-0.0748773
-0.0170708
0.0186511
0.0322593
0.0338724
-0.241547
-0.26139
-0.250402
-0.209872
-0.146073
-0.0787433
-0.0232552
0.0122055
0.0269241
0.0306632
-0.230678
-0.248323
-0.239807
-0.203544
-0.145092
-0.0823901
-0.0295242
0.00543212
0.0211519
0.0268205
-0.220148
-0.235097
-0.228409
-0.19629
-0.143259
-0.0853099
-0.0353497
-0.00122041
0.0152395
0.0224865
-0.209685
-0.221821
-0.216534
-0.188444
-0.14089
-0.0878397
-0.0410357
-0.00798106
0.00905089
0.017631
-0.199427
-0.208817
-0.204414
-0.179993
-0.137735
-0.0895708
-0.0461177
-0.0144292
0.00288061
0.0124614
-0.189245
-0.19612
-0.192288
-0.171221
-0.13408
-0.0907989
-0.0508581
-0.0207749
-0.0034149
0.00689887
-0.179237
-0.183925
-0.180335
-0.162177
-0.129781
-0.0912354
-0.0548862
-0.0266499
-0.00953987
0.00122442
-0.169289
-0.172167
-0.168678
-0.153074
-0.125083
-0.0911219
-0.0584083
-0.0322106
-0.0155912
-0.00462735
-0.15945
-0.160925
-0.157423
-0.143985
-0.119944
-0.0902977
-0.0611686
-0.0371611
-0.0212876
-0.0103422
-0.149677
-0.150117
-0.14662
-0.135055
-0.114563
-0.0889537
-0.0633199
-0.0415984
-0.0266651
-0.0159605
-0.140038
-0.139788
-0.136328
-0.126357
-0.108969
-0.0870407
-0.0647269
-0.0453225
-0.0314986
-0.0211844
-0.13056
-0.129887
-0.12655
-0.117968
-0.103296
-0.0846976
-0.0654983
-0.0483884
-0.0357798
-0.0260319
-0.121317
-0.120453
-0.117312
-0.109935
-0.0976007
-0.0819471
-0.0655997
-0.0506991
-0.0393739
-0.0302731
-0.112373
-0.111469
-0.108596
-0.10228
-0.0919543
-0.0788814
-0.0651102
-0.0522942
-0.0422607
-0.0339195
-0.103782
-0.102961
-0.100405
-0.0950202
-0.0864023
-0.0755536
-0.064063
-0.0531664
-0.0444056
-0.0368406
-0.0956077
-0.0949231
-0.0927036
-0.0881349
-0.0809641
-0.0720158
-0.062519
-0.0533608
-0.045807
-0.0390638
-0.0878603
-0.0873537
-0.0854679
-0.081606
-0.0756539
-0.0683136
-0.0605366
-0.0529248
-0.0465083
-0.0405624
-0.0805741
-0.0802287
-0.0786479
-0.07539
-0.0704599
-0.0644742
-0.0581688
-0.0519192
-0.0465415
-0.041388
-0.0737056
-0.073508
-0.0721923
-0.0694448
-0.0653733
-0.0605281
-0.0554771
-0.050415
-0.0459898
-0.0415871
-0.0672538
-0.0671571
-0.0660561
-0.0637396
-0.0603914
-0.0565117
-0.052527
-0.0484979
-0.0449262
-0.0412405
-0.0611645
-0.061137
-0.0602163
-0.058263
-0.0555412
-0.0524819
-0.0494101
-0.0462709
-0.0434668
-0.0404448
-0.0554419
-0.0554565
-0.0546776
-0.0530577
-0.05088
-0.0485344
-0.046236
-0.0438635
-0.0417318
-0.0393198
-0.0500703
-0.0501273
-0.0494948
-0.0481821
-0.0464992
-0.0447675
-0.0431249
-0.0413956
-0.0398329
-0.0379502
-0.0451004
-0.0452091
-0.0447311
-0.0437211
-0.0424843
-0.0412796
-0.040177
-0.0389693
-0.0378634
-0.0364259
-0.040537
-0.0407353
-0.0404354
-0.0397265
-0.0388944
-0.0381343
-0.03746
-0.0366514
-0.0358704
-0.0347508
-0.0364647
-0.0367545
-0.0366307
-0.0362109
-0.035743
-0.0353529
-0.035006
-0.0344791
-0.0339062
-0.0330113
-0.0329546
-0.0333368
-0.0333397
-0.033147
-0.0329769
-0.0328802
-0.032765
-0.0324018
-0.0318628
-0.0309287
-0.0299402
-0.0305073
-0.0306289
-0.0305643
-0.0305941
-0.0307625
-0.0309447
-0.0308957
-0.0307175
-0.0303173
-0.026866
-0.0279065
-0.0283232
-0.0281962
-0.0279088
-0.0276455
-0.0273626
-0.026855
-0.0260421
-0.0247162
-0.0244123
-0.0259624
-0.0274665
-0.0286034
-0.0294037
-0.0299455
-0.0302881
-0.0304065
-0.0306168
-0.030938
-0.0256222
-0.0236068
-0.0211493
-0.0195848
-0.01866
-0.0178452
-0.0168723
-0.0155993
-0.013933
-0.0115577
-0.0424953
-0.0450271
-0.0444898
-0.0436038
-0.0432814
-0.0432433
-0.0432088
-0.0431074
-0.0433149
-0.0436197
0.588043
0.533348
0.557136
0.612161
0.657976
0.58629
0.407463
0.120011
-0.196199
-0.380046
-0.420057
-0.367121
-0.328651
-0.301706
-0.315832
1.64494
1.39717
1.20834
1.04865
0.912681
0.698666
0.439364
0.101094
-0.223359
-0.400396
-0.430573
-0.371312
-0.330009
-0.301713
-0.315207
2.08285
1.85514
1.60098
1.35519
1.13249
0.818949
0.473612
0.106214
-0.234101
-0.424327
-0.450226
-0.376672
-0.331691
-0.301599
-0.313998
2.04057
1.88106
1.67717
1.45199
1.20962
0.87791
0.493091
0.112971
-0.234161
-0.439565
-0.471309
-0.383999
-0.335414
-0.302429
-0.312404
2.06958
1.9415
1.73578
1.49188
1.20542
0.872555
0.487769
0.107014
-0.237945
-0.443312
-0.484994
-0.392975
-0.341103
-0.304969
-0.311042
2.03883
1.87338
1.68789
1.45997
1.16372
0.825016
0.462392
0.0937969
-0.243561
-0.440779
-0.487075
-0.399251
-0.345768
-0.308765
-0.310973
1.92404
1.72886
1.53253
1.32082
1.07634
0.764042
0.433637
0.0896118
-0.235603
-0.428789
-0.477569
-0.399769
-0.347411
-0.312699
-0.312517
1.61082
1.46306
1.31408
1.15556
0.967239
0.701368
0.4099
0.0991514
-0.209876
-0.404897
-0.460316
-0.395869
-0.345769
-0.315613
-0.315604
1.32354
1.22139
1.11662
0.998615
0.852108
0.649535
0.400791
0.124364
-0.168292
-0.371826
-0.44099
-0.390843
-0.341714
-0.316831
-0.319369
1.10433
1.03799
0.960275
0.869502
0.752454
0.596737
0.39809
0.156548
-0.118567
-0.335099
-0.424943
-0.387622
-0.336107
-0.315627
-0.323027
0.95344
0.90767
0.848133
0.770334
0.671858
0.547499
0.390925
0.1887
-0.0642517
-0.29477
-0.412694
-0.387389
-0.330879
-0.312033
-0.325162
0.842443
0.804781
0.753308
0.687948
0.605459
0.503981
0.377642
0.213015
-0.011468
-0.250229
-0.400365
-0.390028
-0.327354
-0.306477
-0.324887
0.741876
0.71048
0.669639
0.616226
0.548965
0.465793
0.362705
0.228304
0.035119
-0.201657
-0.382566
-0.393719
-0.326254
-0.299811
-0.322118
0.654128
0.629336
0.596211
0.554155
0.500315
0.432473
0.34717
0.235992
0.0725071
-0.151363
-0.35592
-0.395801
-0.327281
-0.292464
-0.317004
0.580196
0.56003
0.534396
0.50088
0.457876
0.402194
0.331876
0.238884
0.101418
-0.103013
-0.320724
-0.393113
-0.32948
-0.285562
-0.310448
0.519158
0.50314
0.48194
0.454978
0.420132
0.375127
0.3165
0.238114
0.122579
-0.0596856
-0.279782
-0.384164
-0.331839
-0.279371
-0.30272
0.467986
0.454403
0.437089
0.414928
0.386818
0.34971
0.301272
0.235192
0.137773
-0.0220052
-0.236167
-0.3683
-0.333146
-0.274559
-0.294653
0.424309
0.412837
0.39819
0.379865
0.356553
0.326507
0.286033
0.230017
0.147391
0.00911513
-0.193001
-0.346576
-0.332773
-0.270881
-0.286314
0.386398
0.376606
0.364136
0.34864
0.32951
0.304388
0.270719
0.223328
0.153116
0.0342357
-0.152158
-0.32
-0.329836
-0.268303
-0.278327
0.352054
0.343785
0.33329
0.320385
0.304233
0.283654
0.255409
0.215126
0.155142
0.0532817
-0.115182
-0.290283
-0.32412
-0.266273
-0.270516
0.319637
0.313013
0.304607
0.294034
0.280929
0.263611
0.239989
0.205885
0.154646
0.0674819
-0.082504
-0.258646
-0.315134
-0.264473
-0.263373
0.290857
0.285465
0.278564
0.269897
0.258806
0.244565
0.224771
0.195806
0.151742
0.0770148
-0.0548796
-0.226752
-0.303203
-0.262409
-0.256577
0.264587
0.260202
0.254588
0.247385
0.238362
0.226335
0.209708
0.185115
0.147289
0.0831209
-0.0319112
-0.195533
-0.288335
-0.259739
-0.25048
0.241384
0.23768
0.232886
0.226827
0.21903
0.209036
0.195061
0.174154
0.141393
0.0860007
-0.0138007
-0.16625
-0.271268
-0.256106
-0.244634
0.219061
0.21609
0.21222
0.207192
0.200903
0.19252
0.180727
0.162783
0.134576
0.0866846
0.000290642
-0.139339
-0.252356
-0.251275
-0.239262
0.198529
0.196133
0.192948
0.188865
0.183567
0.176595
0.166612
0.151384
0.126874
0.0852782
0.0104612
-0.115534
-0.232498
-0.245101
-0.233871
0.178256
0.176544
0.174229
0.171101
0.166944
0.161222
0.152883
0.139748
0.118668
0.0825567
0.017687
-0.094769
-0.212129
-0.237552
-0.22862
0.160892
0.159452
0.157484
0.154848
0.151376
0.146626
0.13953
0.128435
0.110109
0.0786131
0.0221704
-0.0773189
-0.192039
-0.228674
-0.223051
0.144248
0.143228
0.141767
0.139706
0.136887
0.132923
0.126979
0.117339
0.101491
0.0740332
0.0248098
-0.0627449
-0.172548
-0.218633
-0.217277
0.130102
0.129161
0.127827
0.126019
0.123613
0.120262
0.115107
0.10687
0.0929942
0.0689059
0.0257833
-0.0510182
-0.154207
-0.207621
-0.210895
0.116065
0.115441
0.114523
0.113189
0.111296
0.108503
0.104148
0.0968905
0.0847624
0.0636255
0.0257771
-0.0415424
-0.137141
-0.195932
-0.204102
0.104523
0.103928
0.103057
0.10185
0.10019
0.0977835
0.093931
0.0876475
0.0769317
0.058255
0.0248876
-0.0341723
-0.121638
-0.183782
-0.196643
0.092956
0.0926439
0.0921269
0.0912918
0.089999
0.0879627
0.084662
0.0790394
0.0695548
0.0530351
0.0235829
-0.028331
-0.107652
-0.171477
-0.188785
0.0840649
0.0837014
0.0831309
0.0822943
0.0810741
0.0792304
0.0762031
0.071224
0.0627369
0.0480174
0.0219003
-0.0238695
-0.0952652
-0.15918
-0.180357
0.0753023
0.0750616
0.0746504
0.0739947
0.0729694
0.0713277
0.0686505
0.0641
0.0564743
0.0433316
0.0201458
-0.0203281
-0.0843229
-0.147158
-0.171667
0.0682029
0.0679454
0.0675124
0.0668592
0.065871
0.0643473
0.0618343
0.0577282
0.0508274
0.0390165
0.0183233
-0.0176063
-0.0747764
-0.135496
-0.162604
0.0614005
0.0612331
0.0609115
0.0603732
0.059502
0.0580999
0.0558331
0.0520396
0.0457658
0.0351182
0.0166102
-0.0153902
-0.0664355
-0.124391
-0.153469
0.0560571
0.0558604
0.0554988
0.0549292
0.0540485
0.0527026
0.0505318
0.0470453
0.0413007
0.0316346
0.0149806
-0.0136359
-0.0591936
-0.113842
-0.144166
0.0510509
0.0508858
0.0505643
0.0500382
0.0492115
0.0479285
0.0459156
0.0426448
0.0373463
0.0285354
0.0135121
-0.01215
-0.0528765
-0.103984
-0.134972
0.0469704
0.0467829
0.0464286
0.0458707
0.0450257
0.0437704
0.0418157
0.0387585
0.033855
0.02579
0.0121693
-0.010915
-0.0473653
-0.0947527
-0.125802
0.0429248
0.0427843
0.0424856
0.0419829
0.0411947
0.0399999
0.038175
0.0353012
0.0307544
0.023357
0.0109891
-0.00982075
-0.0425249
-0.086231
-0.116897
0.0395866
0.0394361
0.0391275
0.0386191
0.0378357
0.0366813
0.0349266
0.0322384
0.0280212
0.0212195
0.00994467
-0.00886049
-0.0382504
-0.0783253
-0.108171
0.0364508
0.0363031
0.0360049
0.0355173
0.0347754
0.033684
0.0320513
0.0295337
0.0256121
0.0193398
0.00904254
-0.00798273
-0.034459
-0.0710923
-0.099828
0.0337867
0.0336125
0.0332943
0.0328021
0.0320824
0.0310514
0.0295067
0.0271512
0.0234959
0.0176917
0.00825443
-0.00718849
-0.031069
-0.0644282
-0.0917827
0.0313162
0.0311374
0.0308251
0.0303553
0.0296798
0.0287131
0.027271
0.0250547
0.0216285
0.0162384
0.0075742
-0.00645749
-0.02804
-0.0583727
-0.084195
0.0292562
0.0290639
0.0287451
0.0282789
0.0276216
0.0266937
0.0253106
0.0232067
0.0199819
0.0149624
0.00698897
-0.00578095
-0.0253033
-0.0528172
-0.0769681
0.0274092
0.0272158
0.0268998
0.0264425
0.0258046
0.0249085
0.023584
0.0215777
0.0185313
0.0138482
0.00649921
-0.00514763
-0.0228409
-0.0477873
-0.0702203
0.0257316
0.0255366
0.02523
0.0247921
0.0241836
0.0233257
0.022053
0.020137
0.0172594
0.0128861
0.00610026
-0.00454247
-0.0205895
-0.0431721
-0.0638452
0.0242315
0.0240338
0.0237332
0.0233126
0.0227327
0.0219115
0.0206908
0.018864
0.0161488
0.0120651
0.00578501
-0.00396775
-0.0185475
-0.0389859
-0.0579234
0.0228303
0.0226369
0.022353
0.0219618
0.0214207
0.0206417
0.0194756
0.017741
0.0151866
0.0113678
0.00554387
-0.00341031
-0.0166586
-0.0351242
-0.0523428
0.0216291
0.0214394
0.0211676
0.0207967
0.0202816
0.0195327
0.0184136
0.0167663
0.0143611
0.0107875
0.00536985
-0.00287091
-0.0149228
-0.0315982
-0.0471587
0.0205473
0.0203675
0.0201167
0.0197743
0.0192885
0.018569
0.017496
0.0159342
0.0136713
0.0103173
0.00527721
-0.00230634
-0.0132608
-0.0283045
-0.0422644
0.0197283
0.0195516
0.0193041
0.0189639
0.018479
0.0177678
0.0167309
0.01525
0.0131196
0.009981
0.00529586
-0.00167799
-0.0116414
-0.0252292
-0.037698
0.0189923
0.0188287
0.0185956
0.0182667
0.0177907
0.0170974
0.0161068
0.0147115
0.012715
0.00978166
0.00544845
-0.000942179
-0.00998785
-0.0222551
-0.0333653
0.018457
0.0183001
0.0180681
0.0177334
0.0172523
0.0165707
0.0156232
0.0143068
0.0124303
0.00969811
0.00569609
-0.000152679
-0.00835421
-0.0193894
-0.0292754
0.0179111
0.0177716
0.0175575
0.0172401
0.01678
0.0161316
0.0152352
0.0139879
0.0122138
0.00964776
0.00593605
0.000571429
-0.00683753
-0.0166642
-0.0252535
0.0174562
0.0173278
0.0171263
0.0168236
0.0163855
0.0157703
0.014917
0.0137238
0.012028
0.00959963
0.00611476
0.00114099
-0.00559986
-0.014361
-0.0214036
0.0169981
0.0168806
0.0166983
0.0164247
0.0160262
0.0154599
0.0146618
0.013533
0.0119257
0.00962463
0.00633432
0.00167041
-0.00459822
-0.0126324
-0.0184219
0.01666
0.0165438
0.016369
0.0161138
0.015747
0.0152249
0.014482
0.0134199
0.0118974
0.00971391
0.0065928
0.00219805
-0.00366153
-0.0108658
-0.0166103
0.0164056
0.0162875
0.0161156
0.0158702
0.0155165
0.0150088
0.0142729
0.0132075
0.0116705
0.00947328
0.00639754
0.00228538
-0.00266486
-0.0073302
-0.011394
)
;

boundaryField
{
    airfoil
    {
        type            zeroGradient;
    }
    farBoundaries
    {
        type            freestreamPressure;
        freestreamValue uniform 0;
        supersonic      false;
        value           nonuniform List<scalar> 
52
(
-0.0193958
-0.0205514
-0.0203061
-0.0199017
-0.0197546
-0.0197372
-0.0197214
-0.0196751
-0.0197699
-0.019909
-0.02087
-0.020857
-0.020789
-0.020576
-0.0201005
-0.0192984
-0.0182148
-0.0169093
-0.0154498
-0.0138903
-0.0122819
-0.0106624
-0.00904059
-0.00744445
-0.00565571
-0.00380907
0.021274
0.0211672
0.0208289
0.0202847
0.0194979
0.0184325
0.0171452
0.0157553
0.0143632
0.0130078
0.011679
0.0103473
0.00898267
0.00755716
0.00594954
0.00366664
0.0219261
0.0222198
0.0212755
0.0205418
0.0202264
0.0200321
0.0198304
0.0196738
0.0198501
0.020311
)
;
    }
    inlet
    {
        type            freestreamPressure;
        freestreamValue uniform 0;
        supersonic      false;
        value           nonuniform List<scalar> 
30
(
0.0163728
0.0162509
0.0160736
0.0158202
0.0154544
0.0149286
0.0141654
0.0130597
0.011467
0.00920444
0.00609172
0.00209663
-0.00227919
-0.00547295
-0.00646086
0.0164733
0.0165956
0.0167715
0.0170148
0.0173524
0.0178072
0.0184107
0.019183
0.020122
0.0211525
0.0220669
0.0223427
0.0208967
0.016462
0.0108002
)
;
    }
    outlet
    {
        type            freestreamPressure;
        freestreamValue uniform 0;
        supersonic      false;
        value           nonuniform List<scalar> 
120
(
2.69489e-06
2.85348e-06
3.0079e-06
3.15799e-06
3.30394e-06
3.44501e-06
3.58187e-06
3.71529e-06
3.84649e-06
3.97695e-06
4.10805e-06
4.24115e-06
4.37638e-06
4.51409e-06
4.6535e-06
4.79392e-06
4.93463e-06
5.07348e-06
5.20963e-06
5.33904e-06
5.46279e-06
5.57397e-06
5.67357e-06
5.75132e-06
5.80948e-06
5.83264e-06
5.82272e-06
5.76272e-06
5.65908e-06
5.49893e-06
5.29839e-06
5.05243e-06
4.78217e-06
4.48553e-06
4.18386e-06
3.87316e-06
3.57026e-06
3.2704e-06
2.9863e-06
2.70965e-06
2.4473e-06
2.18975e-06
1.93929e-06
1.68567e-06
1.42952e-06
1.16374e-06
8.8994e-07
6.04603e-07
3.10627e-07
8.61229e-09
-3.00237e-07
-6.13198e-07
-9.2876e-07
-1.24974e-06
-1.55733e-06
-1.864e-06
-2.21413e-06
-2.29398e-06
-2.00675e-06
-7.36375e-07
6.13618e-06
4.33098e-06
3.99156e-06
4.13993e-06
4.03651e-06
3.87158e-06
3.71853e-06
3.5827e-06
3.44762e-06
3.29975e-06
3.13104e-06
2.92808e-06
2.69553e-06
2.4213e-06
2.1141e-06
1.75879e-06
1.37102e-06
9.42967e-07
4.89838e-07
6.7302e-09
-4.92114e-07
-1.00028e-06
-1.51092e-06
-2.00468e-06
-2.4771e-06
-2.89345e-06
-3.26126e-06
-3.53361e-06
-3.72727e-06
-3.79226e-06
-3.76818e-06
-3.61021e-06
-3.37607e-06
-3.03312e-06
-2.65457e-06
-2.21613e-06
-1.78832e-06
-1.3501e-06
-9.58031e-07
-5.89398e-07
-2.7875e-07
-2.14284e-09
2.22805e-07
4.17454e-07
5.766e-07
7.17368e-07
8.39395e-07
9.53993e-07
1.06276e-06
1.17195e-06
1.28242e-06
1.39696e-06
1.51662e-06
1.6424e-06
1.77477e-06
1.91345e-06
2.0586e-06
2.20968e-06
2.36579e-06
2.52952e-06
)
;
    }
    defaultFaces
    {
        type            empty;
    }
}


// ************************************************************************* //
