/*--------------------------------*- C++ -*----------------------------------*\
  =========                 |
  \\      /  F ield         | OpenFOAM: The Open Source CFD Toolbox
   \\    /   O peration     | Website:  https://openfoam.org
    \\  /    A nd           | Version:  6.0
     \\/     M anipulation  |
\*---------------------------------------------------------------------------*/
FoamFile
{
    version     2.0;
    format      ascii;
    class       volScalarField;
    location    "10";
    object      p;
}
// * * * * * * * * * * * * * * * * * * * * * * * * * * * * * * * * * * * * * //

dimensions      [0 2 -2 0 0 0 0];

internalField   nonuniform List<scalar> 
4920
(
0.0160608
0.0162012
0.0163889
0.0166441
0.0169899
0.0174546
0.0180735
0.0188775
0.0198781
0.0210317
0.0221506
0.0228698
0.0226194
0.0206832
0.0166448
0.016218
0.016372
0.0165671
0.0168242
0.0171675
0.0176291
0.0182487
0.0190679
0.0201141
0.0213712
0.0227474
0.0240162
0.0248488
0.0251168
0.0213701
0.016565
0.0167287
0.0169345
0.0172005
0.0175516
0.0180182
0.0186434
0.0194739
0.0205301
0.0217841
0.0230922
0.0241718
0.0246176
0.0248294
0.0201147
0.0169962
0.0171666
0.0173872
0.0176767
0.0180569
0.0185549
0.0192112
0.0200749
0.0211768
0.0224717
0.0238174
0.0248744
0.0250954
0.0251441
0.0208484
0.0177717
0.0179125
0.0181078
0.0183775
0.018751
0.0192576
0.0199405
0.020855
0.0220406
0.0234866
0.0250643
0.0264677
0.0270295
0.027453
0.0241611
0.0185515
0.0186829
0.0188766
0.0191535
0.0195427
0.0200779
0.0208064
0.0217914
0.0230983
0.0247331
0.0266459
0.0285827
0.0297832
0.0308393
0.0280245
0.019595
0.0196939
0.0198611
0.0201176
0.0205022
0.021052
0.0218201
0.0228799
0.024304
0.0261381
0.0283631
0.0307862
0.0325765
0.0342342
0.0312614
0.0205368
0.0206478
0.0208334
0.0211167
0.0215332
0.0221261
0.0229523
0.0240928
0.0256378
0.0276316
0.0301121
0.0329175
0.0351563
0.0372372
0.0336784
0.0217669
0.021861
0.0220363
0.0223122
0.0227359
0.0233499
0.024218
0.0254305
0.0270732
0.0292095
0.0318693
0.0349173
0.0373993
0.0397342
0.0354439
0.0228797
0.0230034
0.023211
0.0235259
0.0239915
0.0246551
0.0255849
0.0268728
0.028617
0.0308565
0.0336511
0.0368642
0.0394637
0.0418715
0.0367954
0.0243127
0.024428
0.0246308
0.0249467
0.0254255
0.0261159
0.0270885
0.0284423
0.0302651
0.0326026
0.0354895
0.0387826
0.0413624
0.0437186
0.0378265
0.025734
0.0258867
0.026123
0.0264727
0.0269825
0.0277091
0.0287283
0.0301396
0.0320407
0.0344481
0.0374156
0.0407654
0.0432736
0.0454013
0.038693
0.0273957
0.0275526
0.0278007
0.0281694
0.0287072
0.0294681
0.0305265
0.0319887
0.0339487
0.0364333
0.0394516
0.0428115
0.0451486
0.0469283
0.0393237
0.0291262
0.0293278
0.0296172
0.0300272
0.0306001
0.0313967
0.0324932
0.033998
0.0360224
0.0385608
0.0416245
0.0449851
0.0471107
0.0483431
0.0398728
0.0313132
0.0315038
0.0317823
0.0321828
0.0327557
0.033559
0.0346717
0.03621
0.0382799
0.0408544
0.0439239
0.047244
0.0490605
0.0495458
0.04014
0.0335301
0.0337686
0.0340876
0.0345229
0.0351169
0.0359398
0.0370751
0.0386386
0.0407221
0.0432858
0.0463469
0.049636
0.0510962
0.0505796
0.0403739
0.0362605
0.036469
0.0367642
0.0371812
0.0377681
0.0385898
0.0397226
0.0412772
0.0433355
0.0458506
0.0488694
0.0521024
0.053077
0.0512673
0.0402396
0.0388886
0.039147
0.0394906
0.03995
0.04057
0.0414166
0.0425656
0.0441081
0.0461196
0.0485532
0.0515343
0.0547242
0.0551142
0.0516721
0.0400674
0.0417899
0.042057
0.0424269
0.0429256
0.043594
0.0444848
0.0456503
0.0471835
0.0491306
0.0514647
0.0543619
0.0574308
0.0570195
0.0515349
0.0394638
0.0448434
0.0451659
0.0456025
0.046172
0.0469109
0.0478583
0.0490621
0.0505744
0.0524443
0.0546499
0.0574358
0.0603669
0.0589223
0.0510292
0.0389021
0.0488907
0.0491581
0.0495426
0.0500758
0.0507952
0.0517373
0.052916
0.0543846
0.0561428
0.0581688
0.0607615
0.0633926
0.0605826
0.0497825
0.037903
0.0531914
0.0535033
0.0539255
0.054476
0.0551957
0.056119
0.0572713
0.0586514
0.0602562
0.0620586
0.0644194
0.0666829
0.0621255
0.0480335
0.0370099
0.0581379
0.0584349
0.0588538
0.0594117
0.0601345
0.0610498
0.0621393
0.0634216
0.0648247
0.0663382
0.0683457
0.0700105
0.0632109
0.0453634
0.0357107
0.0634421
0.0637931
0.0642712
0.0648708
0.0656176
0.066518
0.0675643
0.0686905
0.0698492
0.0710281
0.0726481
0.0736283
0.0639415
0.0421157
0.0346311
0.0698767
0.0701727
0.0705905
0.0711445
0.0718382
0.0726744
0.0735819
0.0745268
0.0753803
0.0761276
0.0772253
0.0771665
0.063927
0.0378097
0.0332537
0.0767921
0.0771265
0.0775725
0.0781158
0.0787608
0.0794945
0.0802615
0.0809394
0.0814115
0.0816958
0.0822686
0.0809295
0.0632084
0.0328824
0.0322725
0.0845906
0.0848705
0.0852666
0.0857757
0.0863693
0.0870168
0.0875879
0.08799
0.0880167
0.0877082
0.0875537
0.0843961
0.061352
0.0268634
0.0311591
0.0925553
0.0929411
0.0934613
0.0940531
0.0946773
0.0952546
0.0956617
0.0956885
0.0951873
0.094235
0.0934534
0.0879508
0.0583555
0.0203334
0.0306441
0.102327
0.102592
0.10298
0.103487
0.104009
0.104439
0.104543
0.104159
0.102976
0.10124
0.0994933
0.0907967
0.0538181
0.0128449
0.0302046
0.113088
0.113369
0.113723
0.114111
0.114455
0.114622
0.11438
0.113355
0.111386
0.108824
0.106144
0.0933052
0.047712
0.00515627
0.0306022
0.12491
0.125108
0.125365
0.125682
0.125893
0.125824
0.125094
0.123404
0.120424
0.116774
0.11257
0.0944078
0.0397461
-0.00309525
0.0313115
0.137522
0.137745
0.137995
0.138243
0.138314
0.137977
0.136786
0.134174
0.130098
0.125269
0.119421
0.0945361
0.0299646
-0.0110046
0.0330132
0.151259
0.15143
0.151627
0.151842
0.151807
0.15124
0.149428
0.146007
0.140329
0.133898
0.125319
0.0923168
0.0182739
-0.0188616
0.0352232
0.166138
0.166332
0.166553
0.166729
0.166637
0.165768
0.163475
0.158525
0.151206
0.142806
0.130873
0.0882467
0.0049191
-0.0255946
0.0385409
0.183002
0.183124
0.183252
0.183415
0.183165
0.182021
0.178678
0.172329
0.162317
0.151203
0.1342
0.0808941
-0.00988746
-0.0314467
0.042499
0.201703
0.201879
0.202027
0.202119
0.20168
0.200058
0.195654
0.186679
0.17395
0.159523
0.136084
0.0711232
-0.0256492
-0.0354063
0.0474554
0.22261
0.222834
0.22301
0.223052
0.222526
0.220245
0.21414
0.202668
0.185699
0.16653
0.134317
0.05758
-0.0418424
-0.0376837
0.0530452
0.245669
0.246078
0.246437
0.246655
0.245896
0.242971
0.23505
0.219355
0.198289
0.172769
0.129856
0.0416776
-0.0577148
-0.0374
0.0594123
0.272547
0.273017
0.273434
0.273632
0.272714
0.268719
0.258261
0.238418
0.210965
0.176572
0.120651
0.0223673
-0.0724812
-0.0348208
0.0662545
0.303552
0.304193
0.30468
0.304827
0.303341
0.29836
0.284649
0.258427
0.225197
0.178755
0.108071
0.00163997
-0.0853476
-0.0294856
0.0734332
0.339606
0.340367
0.340862
0.340829
0.339053
0.331978
0.314249
0.281821
0.239535
0.177221
0.0907776
-0.0210223
-0.0954031
-0.0216683
0.0808056
0.380377
0.38164
0.382485
0.382634
0.380017
0.370937
0.347828
0.305983
0.256199
0.172966
0.0707188
-0.0429255
-0.101966
-0.0113852
0.0880073
0.4274
0.429455
0.430921
0.431297
0.428079
0.415452
0.385903
0.33416
0.273014
0.163449
0.0477063
-0.0638119
-0.104209
0.00103269
0.0950654
0.482564
0.485631
0.487936
0.488618
0.484212
0.468173
0.428895
0.363145
0.293021
0.146851
0.0248189
-0.0804521
-0.101822
0.0150939
0.101457
0.547057
0.551688
0.555279
0.556686
0.550895
0.527918
0.478375
0.396837
0.312796
0.127314
0.00933283
-0.0893819
-0.0939537
0.0304856
0.107071
0.622748
0.629586
0.635191
0.636376
0.627414
0.597671
0.53269
0.431492
0.332815
0.129254
0.00897166
-0.082635
-0.0799453
0.0464328
0.110656
0.710524
0.720145
0.726911
0.728673
0.715765
0.674171
0.594613
0.473054
0.354345
0.177089
0.0260513
-0.0638135
-0.0596339
0.0626769
0.111955
0.810587
0.823151
0.8333
0.83395
0.815706
0.763458
0.661329
0.516047
0.403082
0.288208
0.0590391
-0.0419884
-0.0358196
0.0777963
0.109696
0.925178
0.942642
0.955169
0.956395
0.931427
0.862739
0.736904
0.572543
0.494625
0.428122
0.0970291
-0.0198978
-0.0116503
0.0904366
0.104194
1.05503
1.07664
1.09233
1.08847
1.05587
0.964064
0.82245
0.655125
0.630902
0.553212
0.130103
-0.00149231
0.0062802
0.0967114
0.0945584
1.20398
1.23164
1.24859
1.24423
1.19575
1.07377
0.939599
0.802693
0.781315
0.630209
0.143566
0.0157377
0.0190683
0.0968177
0.0817982
1.38793
1.42413
1.44236
1.41673
1.34405
1.22396
1.11977
1.0352
0.924816
0.661051
0.130969
0.0255842
0.0235661
0.092545
0.0666852
1.60643
1.66218
1.67227
1.58978
1.46538
1.42896
1.40369
1.32682
1.04149
0.659999
0.101397
0.0152732
0.0111993
0.0833762
0.0506002
1.83188
1.88459
1.86502
1.72082
1.57842
1.72809
1.79154
1.628
1.11536
0.5945
0.0538911
-0.0313662
-0.0266218
0.0656287
0.033863
1.97861
1.99054
1.94546
1.81838
1.76676
2.15862
2.2022
1.87828
1.14717
0.400494
-0.037269
-0.123998
-0.0864425
0.0398224
0.0173132
2.05343
2.06771
2.05812
2.05724
2.06693
2.69184
2.59918
2.07106
1.06418
0.0164474
-0.19706
-0.256978
-0.157772
0.0112784
0.00240098
1.81882
1.88287
2.08593
2.38895
2.36317
3.30928
2.73484
1.77385
0.497807
-0.619056
-0.427508
-0.40921
-0.226543
-0.0134949
-0.00912212
1.70904
1.79406
2.06436
2.5891
2.67565
2.56916
1.49023
0.119962
-0.870056
-1.38809
-0.663523
-0.535481
-0.274628
-0.0283773
-0.0157765
1.64265
1.72802
2.02141
2.42594
2.26751
-0.0197313
-0.772985
-1.55022
-1.92576
-1.87655
-0.804903
-0.596021
-0.294087
-0.0323996
-0.0179072
1.7495
1.76582
1.8687
2.03299
1.77977
-1.72544
-1.95219
-2.27038
-2.3227
-2.00292
-0.825264
-0.608202
-0.294318
-0.0303916
-0.017829
0.0374689
0.0377589
0.0355993
0.0334535
0.0320354
0.0310729
0.0301856
0.0292027
0.0280964
0.0268903
0.0223059
0.0189994
0.015438
0.0131889
0.0120532
0.0113271
0.0104465
0.00914144
0.00707057
0.00432364
0.0174621
0.0176159
0.0185103
0.0197226
0.0207629
0.0212937
0.0211711
0.0204374
0.0191651
0.0176729
0.020571
0.0217817
0.0231082
0.0238114
0.0237191
0.0229254
0.0215893
0.0198884
0.0178174
0.0155609
0.0249832
0.0256236
0.0258335
0.0252695
0.0240216
0.0223347
0.0204368
0.0185199
0.0165424
0.014688
0.0279275
0.0277659
0.0269863
0.0255455
0.0236541
0.0215766
0.0195221
0.017661
0.0159169
0.0144429
0.0293634
0.0285888
0.0272114
0.0252916
0.0230691
0.0207924
0.0186573
0.0168331
0.0152045
0.0138715
0.0300653
0.0288793
0.0271811
0.0249727
0.0225218
0.0200508
0.0177844
0.015904
0.0142577
0.0129168
0.030592
0.0292101
0.027255
0.0248321
0.0220638
0.0193204
0.0167672
0.014698
0.0129026
0.0114933
0.0314431
0.0298764
0.0278132
0.0250773
0.021974
0.0187768
0.015811
0.0133927
0.0113344
0.00968728
0.0325516
0.0310599
0.0289257
0.0259578
0.0224162
0.0186884
0.0151474
0.0122229
0.00964681
0.007693
0.0339708
0.0326841
0.030585
0.0273704
0.0233309
0.0189354
0.0146372
0.0109794
0.00777087
0.00513484
0.0355378
0.0346139
0.0326056
0.0291437
0.0245227
0.0193363
0.0140951
0.00953651
0.00537056
0.00210349
0.0372576
0.0367829
0.0349215
0.0311794
0.0259055
0.0197833
0.0134048
0.00772764
0.00251492
-0.00181376
0.0389419
0.0390414
0.0374139
0.0334065
0.0274654
0.0203056
0.0126386
0.00566903
-0.000904358
-0.00616904
0.0405943
0.0413845
0.0400478
0.0358008
0.0291299
0.0208079
0.0116507
0.00316208
-0.00489329
-0.0115697
0.0420644
0.0437043
0.0427661
0.0383629
0.0309535
0.0213968
0.0105861
0.000401097
-0.00941792
-0.0173471
0.043462
0.0460657
0.0455845
0.041041
0.0327866
0.0218286
0.00913521
-0.00296742
-0.0146462
-0.0242293
0.0446741
0.0483754
0.048497
0.0438437
0.0347374
0.0222573
0.00754236
-0.00661725
-0.0203025
-0.0312777
0.045868
0.0507869
0.0514441
0.0466139
0.0364006
0.0221925
0.0052076
-0.0111543
-0.0268414
-0.0393823
0.0469423
0.0532085
0.054466
0.0494271
0.0380066
0.0219541
0.00258451
-0.0160368
-0.0337394
-0.0474866
0.0481996
0.0558585
0.0575601
0.0520837
0.0391216
0.0209629
-0.00101957
-0.0219884
-0.0416227
-0.056576
0.049463
0.058653
0.0608169
0.0548046
0.0401697
0.0197819
-0.00488954
-0.0282121
-0.0497041
-0.0654983
0.0511817
0.0618676
0.0641905
0.0572478
0.0405314
0.0175984
-0.00997093
-0.0356991
-0.0589012
-0.0753714
0.0530487
0.0653589
0.0677751
0.0597783
0.0407867
0.0152038
-0.0153178
-0.0434161
-0.0682181
-0.0850412
0.0556115
0.0693899
0.0715679
0.0619896
0.0403381
0.0117437
-0.0218788
-0.0523863
-0.0786287
-0.0955941
0.058422
0.0737669
0.0756134
0.0643417
0.0398305
0.00816167
-0.0285525
-0.0614012
-0.0889708
-0.105879
0.0620268
0.0786926
0.0797477
0.0662098
0.0384539
0.00341677
-0.0364504
-0.0715986
-0.100298
-0.116901
0.0659261
0.0839181
0.0840243
0.0681143
0.0369034
-0.00149525
-0.0444087
-0.081705
-0.111382
-0.12755
0.0706642
0.089621
0.088219
0.0693289
0.0343137
-0.00766933
-0.0535726
-0.0928746
-0.123279
-0.138754
0.0757074
0.0955539
0.0924269
0.0704744
0.0314549
-0.0140288
-0.0627098
-0.103777
-0.134723
-0.149445
0.0814806
0.1018
0.0962665
0.0706645
0.027374
-0.0217142
-0.0729779
-0.115555
-0.146731
-0.160453
0.0875028
0.108164
0.0999369
0.0706552
0.0229195
-0.0296005
-0.0831538
-0.126917
-0.158112
-0.170837
0.0940985
0.114677
0.103009
0.0694731
0.017133
-0.0388033
-0.0943489
-0.138962
-0.169829
-0.181363
0.100825
0.121217
0.105802
0.0680027
0.0109507
-0.0481384
-0.105344
-0.150439
-0.18077
-0.191186
0.107752
0.127685
0.107756
0.0652057
0.00345503
-0.0586242
-0.117117
-0.16232
-0.191775
-0.200957
0.11458
0.13405
0.109311
0.062056
-0.00442684
-0.0691234
-0.128564
-0.173503
-0.201898
-0.209963
0.121159
0.140078
0.109817
0.0574717
-0.0136286
-0.0806103
-0.140578
-0.184875
-0.211896
-0.218767
0.12733
0.145829
0.109821
0.0525532
-0.0231619
-0.0919743
-0.152135
-0.19544
-0.220956
-0.226755
0.132683
0.150927
0.108669
0.0462886
-0.0337675
-0.103967
-0.163886
-0.205876
-0.229671
-0.234363
0.137231
0.155396
0.106896
0.0397625
-0.0444836
-0.115584
-0.174957
-0.215359
-0.237398
-0.241095
0.140424
0.158572
0.103699
0.0319769
-0.0559929
-0.127475
-0.185876
-0.224452
-0.244626
-0.247311
0.142471
0.160472
0.0995709
0.0239527
-0.067382
-0.138759
-0.195936
-0.232517
-0.250884
-0.252649
0.142647
0.160475
0.0938564
0.0149489
-0.0791081
-0.149866
-0.205499
-0.239987
-0.256574
-0.257417
0.141212
0.158821
0.0871818
0.00594027
-0.0903731
-0.160109
-0.214064
-0.246422
-0.261392
-0.261367
0.137463
0.155124
0.0792099
-0.00355259
-0.101454
-0.169773
-0.22184
-0.252111
-0.265627
-0.26473
0.131647
0.149707
0.0706221
-0.0127156
-0.111736
-0.178382
-0.228505
-0.256762
-0.269082
-0.267375
0.123233
0.142448
0.0613673
-0.0218076
-0.121324
-0.186094
-0.234172
-0.26056
-0.271944
-0.269471
0.112882
0.134149
0.0522186
-0.0301269
-0.129771
-0.192602
-0.238681
-0.263357
-0.274108
-0.27096
0.100484
0.125067
0.0433547
-0.0377577
-0.137082
-0.197991
-0.242094
-0.265287
-0.275696
-0.271972
0.0871121
0.115978
0.0354214
-0.0442077
-0.142992
-0.202098
-0.244378
-0.266313
-0.27668
-0.272527
0.0733777
0.107367
0.0287218
-0.0494018
-0.14744
-0.204919
-0.24553
-0.266489
-0.277112
-0.272725
0.0603337
0.0996327
0.0237778
-0.0529348
-0.150229
-0.206336
-0.24555
-0.26582
-0.276986
-0.272608
0.0482906
0.0928657
0.0206547
-0.0547875
-0.151334
-0.206354
-0.244449
-0.264368
-0.276352
-0.272216
0.0378807
0.0869848
0.0193067
-0.0549604
-0.150861
-0.205088
-0.242428
-0.262321
-0.275306
-0.271631
0.0294968
0.0818436
0.0192289
-0.0539532
-0.149269
-0.20297
-0.239903
-0.260048
-0.274076
-0.270984
0.0233573
0.0775469
0.0196293
-0.0524784
-0.147305
-0.20067
-0.237491
-0.25802
-0.272922
-0.270549
0.0197939
0.0747248
0.0200939
-0.0510783
-0.145526
-0.198733
-0.235619
-0.256529
-0.271998
-0.270562
0.0183809
0.0738854
0.0206982
-0.04993
-0.144212
-0.19746
-0.234465
-0.255659
-0.271371
-0.270985
0.0180682
0.0741684
0.0212959
-0.0491777
-0.143494
-0.196843
-0.233932
-0.255265
-0.271023
-0.271633
0.0266294
0.0262464
0.0257804
0.025561
0.0254618
0.025276
0.0246707
0.0235265
0.0218075
0.0196034
0.0171291
0.01453
0.0120181
0.00958119
0.00721279
0.00400435
0.00119707
0.00124649
0.00198762
0.00334934
0.00497346
0.00673865
0.00835394
0.00972584
0.0106749
0.011084
0.0108743
0.0101291
0.00889306
0.00727574
0.00536854
0.00274288
0.0174481
0.0175069
0.0178502
0.0184629
0.0190262
0.0193848
0.019313
0.0187907
0.0178086
0.0163807
0.0146269
0.0125605
0.0102695
0.00774799
0.0050867
0.0021291
0.0139236
0.0138722
0.0142289
0.0150109
0.0158775
0.0166508
0.0170662
0.0170649
0.0165797
0.0156667
0.014307
0.0125622
0.010395
0.0078113
0.00497228
0.00193231
0.0143702
0.0144908
0.0147631
0.0152884
0.0158632
0.0163585
0.0165806
0.0164628
0.0160083
0.0151386
0.0139003
0.0122415
0.0101137
0.00749665
0.00459404
0.00163232
0.0146133
0.0147723
0.0149205
0.015263
0.0156564
0.0160254
0.0161539
0.0159938
0.0154937
0.014687
0.0135023
0.0118882
0.0097425
0.00706031
0.00411306
0.00125758
0.0144575
0.0146836
0.0148104
0.0150962
0.0154251
0.0157307
0.0158005
0.0155722
0.0150589
0.0142131
0.0130484
0.0114526
0.00929576
0.00656985
0.00361023
0.000874439
0.0139229
0.0142455
0.0144541
0.0148263
0.0152408
0.015592
0.0156553
0.0153709
0.0147437
0.013844
0.0126101
0.0109556
0.00872698
0.00595275
0.00302601
0.000459072
0.013277
0.0138024
0.0141854
0.0147059
0.0152302
0.0156295
0.0156805
0.0153159
0.0145924
0.0135319
0.0122049
0.0104579
0.00813479
0.00529609
0.00241226
3.0531e-05
0.0121278
0.0128822
0.0135064
0.014305
0.0150743
0.0156469
0.015764
0.0153582
0.0144742
0.0133054
0.0118161
0.00991749
0.00745737
0.00455809
0.00175208
-0.000417907
0.0109733
0.0120073
0.0129192
0.014022
0.0150462
0.0157717
0.0159289
0.0154169
0.014447
0.0130951
0.0114703
0.00940144
0.00678117
0.00380795
0.00109219
-0.000858619
0.00951185
0.0108478
0.0120775
0.0135201
0.0148357
0.0157565
0.0159494
0.0154732
0.0143819
0.0129337
0.0111178
0.00882276
0.00603293
0.00300779
0.000425451
-0.00129114
0.00736036
0.00903415
0.0106625
0.012556
0.014302
0.0155027
0.015924
0.0154402
0.0143401
0.0127701
0.0107657
0.00823901
0.00527216
0.00220436
-0.000218369
-0.00169325
0.004941
0.00703188
0.00912228
0.0115307
0.0137445
0.0153055
0.0158505
0.0154678
0.0142963
0.0125825
0.0103412
0.00756764
0.00445095
0.0013854
-0.000831362
-0.00206159
0.00173851
0.00430059
0.00694941
0.0100106
0.0128454
0.0148475
0.0157116
0.0153855
0.0142085
0.0123702
0.00990586
0.00688705
0.00362732
0.000587352
-0.00139617
-0.00237992
-0.00184
0.00123569
0.00446003
0.00817208
0.0116471
0.0141822
0.0153542
0.0152445
0.0140587
0.0120816
0.00937326
0.00614204
0.00278334
-0.000177893
-0.00189231
-0.0026425
-0.00636752
-0.00278565
0.00107149
0.00556738
0.00987175
0.013107
0.0148111
0.014914
0.013817
0.0117455
0.0088272
0.00539518
0.00195827
-0.00089317
-0.00231845
-0.00284128
-0.0115288
-0.00738282
-0.00281995
0.00256114
0.00779965
0.0118371
0.0140292
0.0144954
0.0134563
0.0112886
0.0081866
0.00461611
0.00115798
-0.00153036
-0.00264929
-0.00297328
-0.0169061
-0.0120835
-0.00672675
-0.000439781
0.00567219
0.0103454
0.0131316
0.0138644
0.0129962
0.0107844
0.00753279
0.00384343
0.000395265
-0.00209743
-0.00290128
-0.00303994
-0.0219381
-0.016482
-0.0104691
-0.00350712
0.00321968
0.00865493
0.0119337
0.0131264
0.0124204
0.0101614
0.006822
0.00307911
-0.000300354
-0.00255291
-0.00304548
-0.00304042
-0.0279326
-0.0218225
-0.0150368
-0.00729078
0.000402966
0.00657347
0.0105987
0.0122636
0.0117691
0.00951318
0.00611631
0.002342
-0.000935838
-0.00292297
-0.00311039
-0.00298229
-0.034084
-0.0272796
-0.0197102
-0.0110758
-0.00256388
0.00450509
0.00919415
0.0113267
0.0110392
0.00881896
0.00542948
0.00167505
-0.00145701
-0.00315549
-0.00306647
-0.00286765
-0.0402278
-0.0326484
-0.0242474
-0.0147845
-0.00538921
0.0023951
0.0077605
0.0103645
0.010313
0.00815088
0.0047897
0.00106921
-0.00189467
-0.00329474
-0.00295135
-0.00270786
-0.0462653
-0.0379489
-0.0287605
-0.0184801
-0.00832608
0.000263536
0.0062686
0.00936013
0.00955227
0.00751746
0.00423897
0.00058711
-0.00218322
-0.00328457
-0.00273628
-0.00250686
-0.0525962
-0.0434566
-0.0334339
-0.0223389
-0.0113644
-0.00198053
0.00476121
0.00837814
0.00884054
0.00693852
0.00376214
0.00018826
-0.00237738
-0.00318516
-0.00246534
-0.00227734
-0.0590388
-0.0491661
-0.0383591
-0.0265194
-0.0145817
-0.00429483
0.00326921
0.00742934
0.00820459
0.00649217
0.00344812
-3.93349e-05
-0.00240262
-0.00294172
-0.00211445
-0.00202551
-0.0658974
-0.055239
-0.0437694
-0.0309178
-0.0180497
-0.00667055
0.00179781
0.00654786
0.00764485
0.0061259
0.0032368
-0.000163043
-0.00232942
-0.00262255
-0.00172883
-0.00176276
-0.0729225
-0.0616846
-0.0493198
-0.0356544
-0.0216183
-0.00910649
0.000306402
0.00568314
0.00720272
0.00594034
0.00323434
-8.49949e-05
-0.00207924
-0.00217343
-0.00128643
-0.00149552
-0.0799148
-0.0679153
-0.0549191
-0.0403291
-0.025269
-0.0116298
-0.00120831
0.00484717
0.00680842
0.0058252
0.00333874
0.000100629
-0.00173734
-0.0016679
-0.000830677
-0.00123185
-0.0867858
-0.0741381
-0.0604012
-0.045027
-0.0289202
-0.0141507
-0.00267751
0.0041338
0.00661792
0.005951
0.00368562
0.000497775
-0.00123011
-0.00105915
-0.000343983
-0.000978023
-0.093638
-0.0802172
-0.0657848
-0.0495638
-0.0324697
-0.0165346
-0.00402213
0.00352476
0.00650972
0.00616793
0.00414792
0.00099907
-0.000648242
-0.000420119
0.000135009
-0.000738021
-0.100181
-0.086091
-0.0709209
-0.053881
-0.0357441
-0.0187194
-0.00512189
0.00318094
0.0066902
0.00667876
0.00487488
0.00171087
7.86467e-05
0.000291563
0.000621697
-0.000517244
-0.106441
-0.0915613
-0.0756719
-0.0577292
-0.0386015
-0.0204833
-0.00597492
0.00298355
0.0069622
0.00728679
0.00571192
0.00251332
0.000856855
0.00100658
0.00108377
-0.000315501
-0.112157
-0.0966617
-0.0798775
-0.0610709
-0.0409342
-0.0218997
-0.00639657
0.00317521
0.00758951
0.00822063
0.00680864
0.00350213
0.00174461
0.00175949
0.00153434
-0.000136859
-0.117867
-0.101304
-0.0836997
-0.0638477
-0.0427198
-0.0226922
-0.00652161
0.00352768
0.00831621
0.00925594
0.0080016
0.00455756
0.00265281
0.00248905
0.0019487
2.21856e-05
-0.122852
-0.105613
-0.0869579
-0.0661003
-0.0440075
-0.0231782
-0.00614103
0.00432636
0.00944056
0.0106373
0.00944211
0.00576978
0.0036328
0.00322581
0.0023393
0.00015873
-0.127499
-0.109263
-0.0896965
-0.0678264
-0.0447593
-0.022992
-0.00549403
0.00526864
0.0106645
0.0121206
0.0109621
0.00702214
0.00460312
0.00391834
0.00268877
0.000278588
-0.131337
-0.112374
-0.0918524
-0.0690096
-0.0450481
-0.0225295
-0.00426138
0.00671805
0.0123127
0.0139439
0.0126948
0.0083869
0.00560376
0.00459295
0.00300951
0.000380268
-0.13463
-0.114811
-0.0934018
-0.0695892
-0.0446614
-0.0212815
-0.00277716
0.0083019
0.0140591
0.0158584
0.0144793
0.00975758
0.00656519
0.00520977
0.00329046
0.000470278
-0.137081
-0.116513
-0.0942498
-0.069553
-0.0438168
-0.0197804
-0.000668746
0.010417
0.0162351
0.0180913
0.0164339
0.0111931
0.00752024
0.00579309
0.00354418
0.000547842
-0.138749
-0.117325
-0.0942429
-0.0687737
-0.0422066
-0.0174669
0.00164552
0.0126407
0.018496
0.0203924
0.0184051
0.0125975
0.00841192
0.00631356
0.00376407
0.000619193
-0.139205
-0.117162
-0.0934251
-0.0674181
-0.0402219
-0.0149559
0.0045955
0.0153914
0.0211531
0.0229526
0.0204802
0.0140107
0.00926593
0.00679414
0.00396323
0.000684527
-0.139134
-0.116167
-0.091819
-0.065294
-0.0374142
-0.0116144
0.00769478
0.0182208
0.0238712
0.0255434
0.0225265
0.0153546
0.0100403
0.00721495
0.00413727
0.000748513
-0.138064
-0.114463
-0.0897055
-0.0628638
-0.0343537
-0.00813803
0.0114057
0.0215539
0.0269447
0.0283299
0.0246105
0.0166576
0.0107574
0.00759833
0.00429921
0.000811699
-0.136421
-0.112061
-0.0869729
-0.0597371
-0.0304642
-0.00384566
0.0152128
0.0249453
0.030059
0.0311074
0.0266203
0.0178599
0.0113893
0.00793123
0.00444515
0.000876944
-0.133936
-0.109086
-0.0839933
-0.056483
-0.0263667
0.000550598
0.0195933
0.0288012
0.033467
0.0339992
0.0285964
0.01898
0.0119574
0.00823585
0.0045884
0.000945564
-0.130932
-0.105496
-0.0803815
-0.0524372
-0.0213219
0.0057604
0.0240339
0.0327072
0.0368944
0.0368372
0.0304542
0.0199797
0.012446
0.00850317
0.00472375
0.00101813
-0.127282
-0.101595
-0.0768029
-0.0483014
-0.016021
0.0110727
0.0290001
0.037043
0.0405546
0.03971
0.0322154
0.0208724
0.0128763
0.00875469
0.00486422
0.00109638
-0.123088
-0.0971534
-0.0726298
-0.0432218
-0.00965232
0.0171846
0.0340074
0.0414341
0.044211
0.0424802
0.0338194
0.0216387
0.0132417
0.00898267
0.00500267
0.00117897
-0.118393
-0.0927439
-0.0687529
-0.0379995
-0.00299788
0.0233937
0.0394771
0.0462163
0.0480336
0.0452023
0.0352739
0.0222903
0.0135639
0.00920816
0.00515236
0.00126848
-0.113043
-0.0878973
-0.0642059
-0.0316203
0.00475899
0.0303206
0.0449717
0.0510688
0.0518261
0.0477722
0.0365442
0.0228248
0.0138409
0.00942237
0.00530354
0.00136175
-0.107388
-0.0836556
-0.0600358
-0.0249738
0.0127814
0.0373532
0.0508683
0.0562714
0.0557068
0.050211
0.0376274
0.0232536
0.0140943
0.00964531
0.00546953
0.00146204
-0.100809
-0.0792218
-0.0549284
-0.0170109
0.0217854
0.0450116
0.056884
0.0615677
0.0595052
0.0524362
0.0385097
0.0235857
0.0143229
0.00986596
0.00563828
0.00156489
-0.0943581
-0.0760543
-0.0499875
-0.00871355
0.0309018
0.0527961
0.0634391
0.0672028
0.0632997
0.0544464
0.0391873
0.0238351
0.0145486
0.0101037
0.00582353
0.00167449
-0.086963
-0.0731813
-0.0438723
0.000752962
0.0407069
0.0611404
0.0703287
0.0729501
0.0669204
0.0561687
0.0396599
0.0240161
0.0147677
0.0103448
0.00601131
0.00178531
-0.0808615
-0.0718628
-0.0376384
0.0104556
0.0505253
0.0697127
0.0777682
0.0789329
0.0703983
0.0575854
0.0399254
0.0241435
0.0150011
0.0106079
0.00621584
0.00190234
-0.0758821
-0.0714178
-0.030081
0.0212934
0.0610164
0.0788259
0.0854575
0.0848617
0.0736448
0.0586827
0.0400085
0.0242342
0.0152411
0.0108766
0.00642175
0.00201932
-0.0727155
-0.0726878
-0.022153
0.0326781
0.0716942
0.0883636
0.0933738
0.0905639
0.0767839
0.0595542
0.0399591
0.0243133
0.0155093
0.0111696
0.0066438
0.00214199
-0.0702559
-0.0693044
-0.0120263
0.0454663
0.0817674
0.0981502
0.100671
0.0954648
0.0796446
0.0602437
0.0398335
0.0243982
0.0157927
0.0114681
0.00686578
0.00226361
-0.0674952
-0.055599
0.0023004
0.0592565
0.0902256
0.106776
0.107031
0.0994405
0.0822412
0.0608533
0.0397033
0.0245183
0.0161134
0.011791
0.007103
0.00239051
-0.0556514
-0.0337804
0.0224198
0.0740644
0.0977932
0.114073
0.11215
0.10258
0.0844954
0.0613981
0.0395873
0.0246696
0.0164497
0.0121172
0.00733832
0.00251553
-0.0356061
-0.0078796
0.0465112
0.0885099
0.104845
0.119598
0.11639
0.105284
0.0865971
0.062003
0.0395201
0.0248536
0.016811
0.0124592
0.00758403
0.00264448
-0.00798814
0.0182521
0.0701954
0.101106
0.11141
0.123132
0.119206
0.107378
0.0884619
0.062694
0.0394811
0.0250295
0.0171569
0.0127869
0.00781837
0.00276809
0.0263018
0.0437643
0.0890299
0.109931
0.115209
0.12385
0.12052
0.10884
0.0901042
0.0636
0.0395573
0.0252179
0.0175014
0.0131135
0.00805342
0.00289203
0.062742
0.0685626
0.102094
0.114726
0.114973
0.12187
0.120047
0.109447
0.0913417
0.06465
0.0397443
0.0254049
0.0178216
0.0134205
0.00827431
0.00300941
0.0942698
0.0897544
0.108299
0.114928
0.110935
0.117578
0.118148
0.109292
0.0921999
0.0658891
0.0401511
0.0256433
0.0181458
0.0137265
0.00849561
0.00312713
0.112593
0.101748
0.106473
0.109638
0.1046
0.111956
0.114946
0.108295
0.0925108
0.0671621
0.0407322
0.0259157
0.0184529
0.0140158
0.00870485
0.00323911
0.115874
0.103441
0.0988306
0.100238
0.0973723
0.105663
0.110973
0.106595
0.0923491
0.0684717
0.0415946
0.0262875
0.0187739
0.0143056
0.00891579
0.00335233
0.109426
0.0982004
0.0895851
0.090168
0.0901184
0.0991837
0.106331
0.104167
0.0916327
0.0696318
0.0426515
0.0267337
0.0190872
0.0145805
0.00911642
0.00346084
0.0980113
0.0892477
0.0800245
0.0802623
0.0827643
0.0925128
0.101291
0.101189
0.0905198
0.070622
0.0439904
0.0273314
0.0194279
0.014855
0.00931766
0.00357074
0.0846452
0.0785958
0.0705323
0.0708467
0.0754522
0.0858667
0.0959098
0.0977
0.0889402
0.0712672
0.0454703
0.0280424
0.0197753
0.0151152
0.00950875
0.00367631
0.0710957
0.0677457
0.0619508
0.0626193
0.0686213
0.079447
0.090448
0.0938696
0.0870064
0.0716113
0.047138
0.0289439
0.0201694
0.0153744
0.00969841
0.00378298
0.0582151
0.0576431
0.0546685
0.0559306
0.0625845
0.0734961
0.0850085
0.0897656
0.0846753
0.0715551
0.0487979
0.0299716
0.0205903
0.015621
0.00987707
0.0038852
0.0464018
0.0484394
0.0485442
0.0508013
0.0575726
0.0681347
0.0797465
0.0855227
0.0820712
0.0711543
0.0504522
0.0311836
0.021082
0.0158686
0.0100509
0.00398718
0.0361724
0.0402708
0.0431969
0.0468122
0.0534472
0.0633577
0.0747023
0.0811933
0.0791936
0.070311
0.0518915
0.0324808
0.0216217
0.0161102
0.0102128
0.00408407
0.0278194
0.033137
0.0383689
0.0435637
0.050083
0.0591394
0.0698982
0.0768409
0.0761351
0.0691003
0.0531131
0.0338925
0.0222508
0.0163607
0.0103677
0.00417913
0.0210522
0.0270646
0.0338546
0.040525
0.0470885
0.0553176
0.0653618
0.0725171
0.0729089
0.0674914
0.0539432
0.0352863
0.0229352
0.0166166
0.0105113
0.00426815
0.0154794
0.0216999
0.0294678
0.0374504
0.0443528
0.0518902
0.0610685
0.0682571
0.0695838
0.0655891
0.0544074
0.0366641
0.0237037
0.0168936
0.0106475
0.00435317
0.0104926
0.0168788
0.0252185
0.0342487
0.0416667
0.0487004
0.0570697
0.0641105
0.0662038
0.0634075
0.0544043
0.0378877
0.024506
0.0171894
0.0107766
0.00443137
0.00607478
0.0124409
0.0211531
0.0310266
0.0390717
0.0457972
0.0532893
0.0600784
0.0627915
0.0610363
0.0539975
0.0389536
0.0253534
0.0175167
0.0109023
0.00450426
0.00184321
0.00835289
0.0174023
0.0279012
0.0364894
0.0430165
0.0497949
0.0562108
0.0593936
0.0585005
0.0531588
0.0397459
0.0261786
0.0178688
0.0110281
0.00457074
-0.0019528
0.00466034
0.01404
0.0250131
0.0340373
0.0404595
0.0464922
0.0524919
0.0560003
0.0558584
0.0519774
0.0402752
0.0269771
0.0182501
0.0111569
0.00463237
-0.00546194
0.00144313
0.0112361
0.0225102
0.0317033
0.0379658
0.0434524
0.0489714
0.0526747
0.0531465
0.0504735
0.0404723
0.0276796
0.0186465
0.0112945
0.00469048
-0.00837091
-0.00118703
0.00890373
0.0202395
0.0294204
0.0355795
0.0405325
0.0456054
0.0493982
0.0504073
0.0487353
0.0403702
0.028277
0.0190518
0.011441
0.00474735
-0.0108214
-0.00338781
0.00680813
0.0179946
0.027019
0.0330867
0.0377868
0.0424461
0.046249
0.0476873
0.0468059
0.0399455
0.0287097
0.0194429
0.0116005
0.0048064
-0.012757
-0.00524502
0.00474918
0.0155517
0.0244607
0.0306077
0.0351074
0.0394427
0.0431981
0.0450034
0.044754
0.0392446
0.0289714
0.0198023
0.0117668
0.00487037
-0.014364
-0.00693496
0.00265226
0.0130756
0.0218558
0.0280621
0.0325742
0.0366465
0.0403118
0.0423872
0.0426206
0.038279
0.029027
0.020104
0.0119404
0.00494354
-0.0157715
-0.00848967
0.000698217
0.0106418
0.0192603
0.0255923
0.0300784
0.0339665
0.0375248
0.0398221
0.0404397
0.0370927
0.0288784
0.0203253
0.0121073
0.00502751
-0.0170849
-0.00992365
-0.00116
0.00835155
0.0167683
0.0230898
0.0276619
0.0314322
0.034886
0.0373335
0.0382424
0.0357133
0.0285151
0.0204447
0.0122624
0.00512454
-0.0182934
-0.0112699
-0.00286478
0.00616812
0.0143068
0.020649
0.0252327
0.0289443
0.0323156
0.0348905
0.036038
0.0341743
0.0279445
0.0204393
0.0123844
0.00523269
-0.0194444
-0.0125522
-0.00454709
0.00404024
0.0119195
0.018148
0.0228091
0.0265216
0.0298484
0.0325144
0.0338486
0.0325127
0.0271808
0.0203015
0.0124674
0.00534975
-0.0205482
-0.0138347
-0.00619033
0.00194326
0.00946659
0.0156283
0.0203056
0.024058
0.0273845
0.0301499
0.0316584
0.0307483
0.0262346
0.0200145
0.0124868
0.00546866
-0.0216219
-0.0151044
-0.00786213
-0.000230573
0.00697071
0.0129703
0.0177162
0.0215668
0.0249483
0.0278111
0.0294775
0.0289159
0.0251369
0.0195874
0.0124412
0.00558209
-0.0226325
-0.0163641
-0.00956658
-0.00243317
0.00436961
0.0102518
0.0150419
0.0189953
0.0224588
0.025437
0.0272749
0.0270174
0.0238932
0.0190088
0.0123073
0.00567866
-0.0235535
-0.0175868
-0.0112394
-0.00462119
0.00181655
0.00751717
0.012341
0.0164026
0.0199645
0.0230561
0.0250612
0.0250787
0.0225405
0.0183012
0.0120925
0.00574858
-0.0242913
-0.0186444
-0.0127589
-0.00664664
-0.000621504
0.00489294
0.00968051
0.0137886
0.017413
0.0206149
0.0227989
0.0230854
0.0210744
0.0174536
0.0117761
0.00577923
-0.0248362
-0.0195417
-0.0141243
-0.00852082
-0.00288699
0.00236572
0.00705426
0.0111683
0.0148432
0.0181461
0.0205011
0.021056
0.0195307
0.0164957
0.0113735
0.00576202
-0.0251834
-0.0202525
-0.015316
-0.0102246
-0.00503922
-6.4082e-05
0.00447931
0.00853492
0.0122136
0.0155988
0.0181272
0.0189685
0.0178982
0.015416
0.0108665
0.00568648
-0.0253679
-0.0208363
-0.0163892
-0.0118201
-0.00706599
-0.00241165
0.00191622
0.00586909
0.00955001
0.0130065
0.0156971
0.0168389
0.0162109
0.0142505
0.0102779
0.00554848
-0.0254014
-0.0212709
-0.0173187
-0.0132697
-0.00898968
-0.00470715
-0.000625949
0.00319791
0.00683104
0.0103267
0.0131726
0.0146402
0.0144527
0.0129906
0.00959388
0.00534299
-0.0252991
-0.0215941
-0.0181419
-0.0146146
-0.010818
-0.00692764
-0.00313003
0.000508834
0.00409062
0.00759916
0.0105896
0.012393
0.0126555
0.0116753
0.00884424
0.00507329
-0.0251105
-0.0218288
-0.0188686
-0.0158586
-0.0125438
-0.00905887
-0.00557162
-0.0021128
0.00135711
0.0048258
0.00794191
0.0100841
0.0108048
0.0102976
0.00802017
0.00474163
-0.0248249
-0.0219756
-0.0195034
-0.016999
-0.0141513
-0.0110577
-0.00786584
-0.00464398
-0.00132666
0.00207708
0.00529411
0.00775423
0.00893448
0.00889419
0.00715319
0.00435643
-0.0244714
-0.0220323
-0.0200197
-0.0179904
-0.0155924
-0.0128837
-0.0100162
-0.00703679
-0.00391386
-0.000617977
0.00265743
0.00540492
0.00703555
0.00745876
0.00623834
0.00392541
-0.0240203
-0.0219797
-0.0204058
-0.018826
-0.0168534
-0.0145232
-0.0119729
-0.00927837
-0.00637684
-0.00320914
9.15761e-05
0.00308403
0.00514313
0.00602407
0.00530593
0.00345959
-0.0234987
-0.0218281
-0.0206583
-0.0194959
-0.017935
-0.0159804
-0.0137704
-0.0113545
-0.0086788
-0.00566816
-0.00238668
0.000800577
0.0032551
0.00458547
0.00435541
0.00297118
-0.0228663
-0.0215479
-0.0207598
-0.0200021
-0.0188347
-0.0172406
-0.0153446
-0.0132136
-0.0107881
-0.00795601
-0.00472646
-0.00139834
0.00140507
0.00316866
0.00341054
0.00247067
-0.022112
-0.021098
-0.0206375
-0.0202227
-0.019417
-0.0181837
-0.0166351
-0.0148198
-0.0126604
-0.0100317
-0.0069023
-0.00349659
-0.000401967
0.00177174
0.00247456
0.00197325
-0.0212161
-0.0204776
-0.0203165
-0.0202315
-0.0197684
-0.0188741
-0.0176537
-0.0161463
-0.0142678
-0.0118718
-0.00887785
-0.00545395
-0.00213326
0.000415151
0.00156199
0.00148548
-0.0203601
-0.019841
-0.0199099
-0.0200671
-0.0198811
-0.0192945
-0.0183937
-0.0171955
-0.0156003
-0.0134417
-0.0106182
-0.00723844
-0.00376414
-0.000888636
0.000683728
0.00102388
-0.0195826
-0.0192743
-0.0195505
-0.0199335
-0.0199819
-0.019635
-0.018969
-0.0180044
-0.016643
-0.0147153
-0.0120853
-0.00880165
-0.00525054
-0.00211291
-0.000150926
0.000588096
-0.0189868
-0.0188408
-0.0192624
-0.0197845
-0.0199911
-0.0198206
-0.0193414
-0.0185663
-0.0174028
-0.0156816
-0.0132509
-0.0101083
-0.00655464
-0.00322811
-0.000919491
0.000196685
-0.0184094
-0.0184086
-0.018945
-0.0195842
-0.0199131
-0.0198719
-0.0195183
-0.0188756
-0.0178654
-0.0163274
-0.0140975
-0.0111281
-0.00764199
-0.00421057
-0.00161978
-0.000160679
-0.017827
-0.0179246
-0.0185156
-0.0191918
-0.0195828
-0.0196357
-0.0193987
-0.0188856
-0.0180203
-0.0166519
-0.0146178
-0.0118443
-0.00848337
-0.00502793
-0.00222436
-0.000465963
-0.0172133
-0.0174026
-0.0180352
-0.0187399
-0.0191694
-0.0192719
-0.0190893
-0.0186453
-0.0178788
-0.0166505
-0.0148
-0.0122342
-0.0090512
-0.00565862
-0.00273313
-0.000733294
-0.0167667
-0.0170268
-0.0176545
-0.0183158
-0.0187146
-0.0188144
-0.0186544
-0.0182536
-0.017553
-0.016425
-0.0147238
-0.0123567
-0.00937393
-0.00611106
-0.00314578
-0.000969657
-0.0145349
-0.0147397
-0.0153669
-0.0161025
-0.0166409
-0.0169225
-0.0169561
-0.0167506
-0.0162481
-0.0153351
-0.0138868
-0.0118116
-0.00914928
-0.00616026
-0.00331
-0.00106752
-0.0193727
-0.0196054
-0.0200503
-0.0204343
-0.0205143
-0.0202461
-0.0196606
-0.0188034
-0.0176772
-0.0162434
-0.0144339
-0.0121969
-0.00954089
-0.00665589
-0.0038526
-0.00152743
-0.00473429
-0.00499908
-0.00586321
-0.00695143
-0.00796998
-0.00885699
-0.00960424
-0.010188
-0.0105136
-0.0104454
-0.00986376
-0.00870406
-0.00700737
-0.00495276
-0.00277648
-0.000805379
-0.0274508
-0.0271823
-0.0269081
-0.0265936
-0.0260722
-0.0252001
-0.0239293
-0.022274
-0.0203066
-0.0181255
-0.0158282
-0.0134791
-0.0110885
-0.00869455
-0.00620737
-0.00364069
-0.158901
-0.260053
-0.306431
-0.287014
-0.231978
-0.170624
-0.111338
-0.0723002
-0.0189794
0.020894
-0.158883
-0.260052
-0.306479
-0.287153
-0.232198
-0.170809
-0.111475
-0.0725012
-0.0197766
0.0208789
-0.158822
-0.260117
-0.306586
-0.287392
-0.23247
-0.170964
-0.111528
-0.0726366
-0.020619
0.0201042
-0.158647
-0.260317
-0.306747
-0.287743
-0.232967
-0.171431
-0.111884
-0.0727945
-0.0211126
0.0188673
-0.15769
-0.260624
-0.306973
-0.287794
-0.233339
-0.172054
-0.112435
-0.0729677
-0.0210937
0.0183497
-0.155235
-0.260163
-0.307472
-0.287955
-0.234075
-0.173291
-0.113569
-0.0736116
-0.0210374
0.0188526
-0.151708
-0.258296
-0.307864
-0.288649
-0.235503
-0.175434
-0.115636
-0.0751695
-0.0214965
0.0193066
-0.147811
-0.255158
-0.307949
-0.290033
-0.237736
-0.178525
-0.118703
-0.0776264
-0.0226601
0.0184177
-0.143969
-0.250772
-0.306725
-0.291258
-0.240145
-0.182034
-0.122317
-0.0806991
-0.0244488
0.0163621
-0.139894
-0.244745
-0.303759
-0.291636
-0.242273
-0.18561
-0.126248
-0.0842036
-0.0268428
0.0134194
-0.135712
-0.237499
-0.299097
-0.290733
-0.243563
-0.188702
-0.130006
-0.0878181
-0.0297158
0.00984183
-0.131074
-0.228794
-0.292707
-0.288378
-0.243975
-0.191258
-0.133603
-0.0914963
-0.0331622
0.0055921
-0.126423
-0.219403
-0.285009
-0.284673
-0.243405
-0.193027
-0.136812
-0.0949858
-0.0369604
0.00100325
-0.121615
-0.209106
-0.275982
-0.279603
-0.241948
-0.194093
-0.139758
-0.0983198
-0.0411123
-0.00406524
-0.11727
-0.198821
-0.266186
-0.273464
-0.239588
-0.194337
-0.142165
-0.101343
-0.0453154
-0.00914721
-0.113514
-0.188377
-0.255536
-0.26622
-0.236367
-0.193845
-0.144105
-0.10411
-0.0495976
-0.0141808
-0.111009
-0.178774
-0.244663
-0.258264
-0.232332
-0.192574
-0.145382
-0.106407
-0.0536544
-0.0187315
-0.109749
-0.169745
-0.233395
-0.249495
-0.22748
-0.190604
-0.146112
-0.108268
-0.0575151
-0.0230288
-0.109973
-0.16208
-0.222416
-0.240392
-0.221986
-0.187985
-0.146168
-0.109516
-0.060884
-0.0268326
-0.111551
-0.155387
-0.211498
-0.230782
-0.215847
-0.184777
-0.145661
-0.110241
-0.0638588
-0.030382
-0.114425
-0.150235
-0.201325
-0.221173
-0.209334
-0.181114
-0.144608
-0.110414
-0.0662592
-0.0334734
-0.118268
-0.146088
-0.191567
-0.211363
-0.202372
-0.177021
-0.14316
-0.110212
-0.0683477
-0.0363513
-0.122745
-0.143223
-0.182781
-0.201902
-0.19529
-0.17266
-0.141346
-0.10963
-0.0699936
-0.0388947
-0.127646
-0.141087
-0.174554
-0.192512
-0.187952
-0.167978
-0.139176
-0.108772
-0.0713708
-0.0412905
-0.132607
-0.139834
-0.167318
-0.183686
-0.180706
-0.163144
-0.136703
-0.1076
-0.0723516
-0.0433605
-0.13734
-0.138893
-0.160589
-0.175062
-0.173336
-0.158041
-0.133887
-0.106189
-0.0730913
-0.0452305
-0.141286
-0.138254
-0.154666
-0.16707
-0.166191
-0.152875
-0.130841
-0.10453
-0.0734697
-0.0467491
-0.144273
-0.137468
-0.149071
-0.159321
-0.159017
-0.147494
-0.127493
-0.102663
-0.0735941
-0.0480519
-0.146059
-0.136584
-0.144065
-0.152196
-0.152155
-0.142129
-0.123984
-0.100597
-0.0733871
-0.0490712
-0.146726
-0.135312
-0.139224
-0.145304
-0.145328
-0.136608
-0.12022
-0.0983519
-0.0729396
-0.049913
-0.14618
-0.133723
-0.134778
-0.138987
-0.138869
-0.13119
-0.116372
-0.0959596
-0.0722233
-0.0504916
-0.144554
-0.131651
-0.130378
-0.132897
-0.132523
-0.125705
-0.112347
-0.0934117
-0.0712914
-0.0508648
-0.141871
-0.129152
-0.126215
-0.127306
-0.126576
-0.120402
-0.10831
-0.0907535
-0.0701307
-0.0509636
-0.138286
-0.126144
-0.122006
-0.121906
-0.120781
-0.115108
-0.104151
-0.0879387
-0.0687415
-0.0508056
-0.133885
-0.122674
-0.117878
-0.116869
-0.115344
-0.110019
-0.100008
-0.0850167
-0.0671293
-0.0503557
-0.128824
-0.118727
-0.113625
-0.11194
-0.11004
-0.104968
-0.0957724
-0.0819288
-0.0652754
-0.0496163
-0.123209
-0.114346
-0.109319
-0.107208
-0.104994
-0.100091
-0.0915594
-0.0787371
-0.0632169
-0.048599
-0.117176
-0.109569
-0.10483
-0.102482
-0.100021
-0.0952486
-0.0872806
-0.0753956
-0.0609404
-0.0473072
-0.110833
-0.104446
-0.100199
-0.0977979
-0.0951823
-0.0905177
-0.0830214
-0.0719724
-0.0585036
-0.0457938
-0.104287
-0.0990457
-0.0953747
-0.093044
-0.0903519
-0.0857993
-0.0787225
-0.0684437
-0.0559085
-0.0440708
-0.0976342
-0.0934199
-0.0903847
-0.0882335
-0.0855511
-0.0811305
-0.0744389
-0.0648694
-0.0532157
-0.0422135
-0.0909446
-0.0876451
-0.0852369
-0.0833245
-0.0807166
-0.0764573
-0.0701409
-0.0612461
-0.0504434
-0.0402398
-0.0843047
-0.0817767
-0.0799637
-0.0783311
-0.0758573
-0.0717956
-0.0658592
-0.0576164
-0.0476381
-0.0382185
-0.0777523
-0.0758851
-0.0746101
-0.0732665
-0.0709654
-0.0671341
-0.0615908
-0.0539903
-0.0448274
-0.0361677
-0.0713622
-0.0700233
-0.0692164
-0.0681566
-0.0660551
-0.0624848
-0.057352
-0.0503924
-0.042031
-0.0341271
-0.0651411
-0.0642454
-0.0638378
-0.0630409
-0.0611519
-0.0578627
-0.0531562
-0.0468347
-0.0392719
-0.0320974
-0.0591636
-0.0586119
-0.0585252
-0.0579598
-0.0562807
-0.053285
-0.0490127
-0.0433281
-0.0365408
-0.0300834
-0.0534427
-0.0531746
-0.0533434
-0.0529655
-0.0514877
-0.0487811
-0.044946
-0.0398802
-0.0338576
-0.0280867
-0.0480681
-0.0480268
-0.0483651
-0.04814
-0.0468305
-0.0444138
-0.0409983
-0.0365398
-0.0312384
-0.0261285
-0.0430941
-0.0432328
-0.0436997
-0.0435651
-0.042419
-0.0402647
-0.0372676
-0.0333777
-0.0287823
-0.0243182
-0.0386071
-0.0388997
-0.0394244
-0.0393557
-0.0383393
-0.0364443
-0.0338397
-0.0304996
-0.0265719
-0.0227195
-0.0346169
-0.0350501
-0.0356031
-0.0355631
-0.0346573
-0.0329962
-0.0307584
-0.0279292
-0.0246335
-0.0213721
-0.0311725
-0.0317083
-0.0322468
-0.0321944
-0.0313635
-0.0298986
-0.0279838
-0.0256126
-0.0228874
-0.020155
-0.0282171
-0.0288356
-0.0293238
-0.0292191
-0.0284212
-0.027107
-0.0254617
-0.0234845
-0.0212665
-0.0190252
-0.0257194
-0.0263935
-0.0268093
-0.0266224
-0.0258217
-0.0246152
-0.0231863
-0.0215404
-0.0197522
-0.0179235
-0.0233927
-0.0242168
-0.0246491
-0.0244237
-0.0236212
-0.0224933
-0.0212296
-0.0198429
-0.018409
-0.0169601
-0.0208556
-0.0219402
-0.0226238
-0.0225554
-0.0218489
-0.0207893
-0.019578
-0.0182472
-0.0168439
-0.0153005
-0.0188281
-0.0197189
-0.0205835
-0.0210758
-0.0211517
-0.0209352
-0.0205267
-0.0199389
-0.0193293
-0.0186852
-0.0204854
-0.0189769
-0.016767
-0.014893
-0.0134294
-0.0122101
-0.0110652
-0.00984602
-0.00839236
-0.00651432
-0.0316271
-0.0334642
-0.0329541
-0.0318906
-0.0309895
-0.0302498
-0.0295365
-0.0287773
-0.0280628
-0.0273365
1.72558
1.672
1.5318
1.37462
1.20432
0.998545
0.675558
0.262872
-0.0974442
-0.272172
-0.364266
-0.309944
-0.219636
-0.140056
-0.102805
1.65773
1.65651
1.60445
1.48654
1.29656
1.03369
0.668749
0.253377
-0.0940028
-0.267968
-0.363371
-0.31039
-0.221851
-0.140667
-0.102786
1.69137
1.68735
1.66283
1.5479
1.34658
1.04018
0.642097
0.233
-0.092464
-0.259698
-0.355434
-0.305987
-0.222025
-0.139795
-0.102148
1.8123
1.78323
1.68792
1.55045
1.3483
1.03257
0.61238
0.203421
-0.0917188
-0.243422
-0.339232
-0.297253
-0.218488
-0.13577
-0.0999766
1.96683
1.81189
1.65654
1.51251
1.31549
1.02535
0.619309
0.204748
-0.0801751
-0.217573
-0.319453
-0.288438
-0.21283
-0.129089
-0.095311
1.911
1.78743
1.62445
1.44377
1.24574
0.993723
0.639274
0.237384
-0.0587476
-0.200769
-0.308972
-0.287284
-0.209633
-0.122241
-0.0890785
1.75109
1.63637
1.49756
1.34002
1.16219
0.94466
0.652893
0.281162
-0.0282117
-0.195927
-0.311522
-0.295758
-0.212237
-0.117999
-0.0833316
1.53904
1.45154
1.34748
1.22457
1.07255
0.884368
0.648501
0.323695
0.00853599
-0.194358
-0.321766
-0.314964
-0.222253
-0.118015
-0.0799571
1.34269
1.28207
1.20641
1.10864
0.981504
0.820975
0.62734
0.359961
0.0526565
-0.187039
-0.330442
-0.342457
-0.239106
-0.122504
-0.0794447
1.17285
1.13148
1.07497
0.99866
0.893384
0.757881
0.594264
0.380236
0.0989818
-0.170111
-0.334408
-0.375979
-0.262262
-0.131289
-0.0815937
1.03106
0.999145
0.956173
0.895341
0.809715
0.696656
0.557242
0.384112
0.141169
-0.141363
-0.329955
-0.409413
-0.289444
-0.143429
-0.0854272
0.906519
0.882107
0.848161
0.801109
0.732229
0.638439
0.520039
0.37559
0.173186
-0.104163
-0.316547
-0.438357
-0.318829
-0.158305
-0.0906207
0.796647
0.777903
0.752504
0.715386
0.660548
0.58363
0.484114
0.361224
0.193396
-0.0640883
-0.293813
-0.456034
-0.346697
-0.17454
-0.0966164
0.700199
0.686388
0.666472
0.638239
0.595368
0.533024
0.449569
0.344197
0.202358
-0.026505
-0.263223
-0.459556
-0.37087
-0.191724
-0.103425
0.61529
0.604977
0.590806
0.569488
0.536161
0.485866
0.41689
0.326838
0.205172
0.00576904
-0.227746
-0.447181
-0.388245
-0.208343
-0.110608
0.541948
0.534877
0.52428
0.508261
0.482453
0.442677
0.38566
0.308978
0.204093
0.0314399
-0.191434
-0.422689
-0.398669
-0.224498
-0.118565
0.478921
0.473723
0.466019
0.453936
0.43416
0.402443
0.356205
0.291527
0.201227
0.0520583
-0.155232
-0.389622
-0.401326
-0.238793
-0.12675
0.424798
0.420978
0.41516
0.405975
0.390544
0.365963
0.328431
0.273964
0.19619
0.0678647
-0.121603
-0.353046
-0.3978
-0.251658
-0.135465
0.37851
0.375644
0.371104
0.363862
0.352001
0.332447
0.302282
0.256741
0.190018
0.0799603
-0.090812
-0.314622
-0.387873
-0.261635
-0.143875
0.338231
0.336107
0.332573
0.326895
0.317387
0.302175
0.277819
0.23973
0.182438
0.0882227
-0.0640779
-0.276673
-0.37332
-0.269422
-0.152265
0.302606
0.301123
0.29849
0.29405
0.28675
0.274544
0.254885
0.22319
0.174164
0.0935686
-0.0408782
-0.239731
-0.354199
-0.273724
-0.159732
0.271817
0.270722
0.268682
0.265236
0.259288
0.249647
0.233677
0.20719
0.165113
0.095995
-0.0219233
-0.205311
-0.332384
-0.275535
-0.166613
0.245101
0.244266
0.242668
0.239849
0.235138
0.227175
0.213996
0.191813
0.155785
0.096406
-0.00641059
-0.173435
-0.307971
-0.273814
-0.172078
0.222152
0.221473
0.220074
0.217674
0.213526
0.206893
0.195917
0.177167
0.14614
0.0948636
0.00539878
-0.145075
-0.28275
-0.269743
-0.176467
0.201384
0.200862
0.199702
0.197602
0.194145
0.188504
0.179102
0.163084
0.136421
0.0920651
0.0143811
-0.119887
-0.256702
-0.262576
-0.179105
0.182732
0.182311
0.181305
0.179542
0.176518
0.171568
0.163452
0.149716
0.126626
0.088075
0.0205296
-0.0983767
-0.231419
-0.25364
-0.180543
0.165856
0.165461
0.164612
0.163077
0.160394
0.156032
0.148906
0.136903
0.116952
0.0834
0.0246521
-0.0799833
-0.206662
-0.242401
-0.18039
0.15097
0.150548
0.14968
0.148213
0.145737
0.141761
0.135373
0.124937
0.107505
0.0781257
0.0268614
-0.0648854
-0.183717
-0.230147
-0.179134
0.137224
0.136826
0.136043
0.134684
0.13237
0.128695
0.12297
0.113667
0.0983749
0.0725956
0.0278042
-0.0524073
-0.162112
-0.216475
-0.176457
0.124618
0.124233
0.123478
0.122215
0.120069
0.116691
0.111458
0.103194
0.0896489
0.0669005
0.0275979
-0.0425045
-0.142833
-0.202574
-0.172998
0.112775
0.112422
0.111792
0.110667
0.108701
0.105596
0.100871
0.0934089
0.0813757
0.0612649
0.0267282
-0.0345292
-0.125203
-0.188053
-0.168497
0.102029
0.101681
0.101066
0.100036
0.0982538
0.0954425
0.0911251
0.0844347
0.0736665
0.0557862
0.0252916
-0.0283396
-0.109915
-0.173927
-0.163415
0.0922234
0.0919051
0.0914164
0.0905268
0.0889093
0.0863113
0.0823715
0.0762479
0.0665543
0.0506018
0.023624
-0.0234131
-0.0962098
-0.159801
-0.157457
0.0842578
0.0838516
0.083228
0.082248
0.0806328
0.0781628
0.0744644
0.0688745
0.0600865
0.0457676
0.0217818
-0.0196165
-0.0845966
-0.146516
-0.151102
0.0764666
0.0761023
0.0755438
0.0746346
0.0731171
0.0707961
0.0673881
0.062224
0.0542249
0.0413388
0.0199581
-0.0165694
-0.0743029
-0.133641
-0.144113
0.0695623
0.069193
0.0686256
0.0677515
0.066326
0.0641801
0.0610067
0.0562769
0.0489759
0.0373221
0.01817
-0.0142134
-0.0656836
-0.121821
-0.136931
0.0631268
0.0627991
0.0623193
0.0615519
0.0602584
0.0582722
0.0553577
0.0509723
0.0442845
0.0337151
0.0165202
-0.012268
-0.0580509
-0.110609
-0.129369
0.0578365
0.0574908
0.0569789
0.0562067
0.054952
0.0530748
0.050319
0.0462688
0.0401254
0.0305088
0.014991
-0.0107299
-0.0516903
-0.100498
-0.121814
0.0528976
0.052577
0.0521041
0.0513773
0.0501882
0.0484097
0.0458591
0.0420954
0.0364468
0.0276796
0.0136427
-0.00939128
-0.0460153
-0.091041
-0.114104
0.0486136
0.0482856
0.0477968
0.0470767
0.0459415
0.0442889
0.041907
0.038441
0.0332466
0.0252201
0.0124499
-0.00830524
-0.041251
-0.0825907
-0.106553
0.0445553
0.044259
0.0438445
0.0432232
0.0422112
0.040697
0.0385139
0.0352899
0.0304777
0.0230901
0.0114364
-0.00730244
-0.0369376
-0.0747391
-0.0990159
0.0415221
0.0412129
0.040773
0.040138
0.0391405
0.0376877
0.0355946
0.0325727
0.0280918
0.0212635
0.0105643
-0.0064584
-0.0332518
-0.0677438
-0.0917452
0.0386399
0.0383618
0.0379574
0.0373544
0.0363951
0.0349966
0.0330322
0.0301923
0.0260117
0.0196801
0.00984057
-0.00563725
-0.0298492
-0.0612456
-0.0846036
0.0360415
0.0357706
0.035368
0.0347729
0.0338536
0.0325482
0.0307082
0.0280778
0.0241994
0.0183302
0.00923925
-0.00490586
-0.0268682
-0.0554243
-0.0777828
0.0333143
0.0330814
0.0327485
0.032246
0.0314441
0.030277
0.0286261
0.0262124
0.0226212
0.0171712
0.00877368
-0.00415245
-0.0240545
-0.0499855
-0.0711557
0.0311296
0.0309126
0.0305953
0.0301206
0.0293793
0.0283162
0.0267947
0.0245767
0.0212573
0.0161993
0.00841761
-0.00343631
-0.0215152
-0.0450638
-0.0648714
0.0289602
0.0287913
0.0285459
0.0281576
0.0275151
0.0265609
0.0251854
0.023146
0.0200577
0.0153479
0.00816212
-0.00268414
-0.0190748
-0.0404309
-0.0588148
0.0272603
0.0271051
0.0268718
0.026503
0.0259039
0.0250219
0.0237423
0.0218392
0.0189667
0.0146078
0.00796669
-0.00196495
-0.0168367
-0.0362
-0.053112
0.0256108
0.0254805
0.025282
0.0249545
0.0244059
0.0235893
0.0223972
0.0206288
0.0179634
0.0139164
0.00782213
-0.0012445
-0.0147011
-0.0322219
-0.0476714
0.0242176
0.0240997
0.0239082
0.0235834
0.0230544
0.0222757
0.0211522
0.019499
0.0170179
0.0132987
0.00768907
-0.000598598
-0.0127731
-0.0286118
-0.0426139
0.0227934
0.022702
0.0225461
0.0222602
0.0217747
0.0210493
0.0199968
0.0184491
0.0161488
0.0126989
0.00755158
-1.20476e-05
-0.0109992
-0.0252743
-0.0378638
0.0216952
0.0215994
0.0214276
0.0211186
0.0206261
0.0199166
0.0189156
0.0174644
0.015315
0.0121298
0.0073789
0.000455181
-0.00946206
-0.0223027
-0.0335273
0.0204653
0.0203813
0.0202209
0.0199303
0.0194667
0.0188075
0.0178781
0.0165243
0.0145229
0.0115477
0.00716225
0.000821085
-0.00811777
-0.0196122
-0.0295212
0.0195172
0.0194083
0.0192135
0.01889
0.0184194
0.0177844
0.0169074
0.0156325
0.0137412
0.0109588
0.0068698
0.00102891
-0.00702605
-0.0172576
-0.0259137
0.0184526
0.0183306
0.0181305
0.0178214
0.0173888
0.0168094
0.0159909
0.014777
0.0129759
0.0103259
0.00648957
0.00108755
-0.00615596
-0.0151505
-0.0225493
0.0176477
0.017489
0.0172564
0.016933
0.0165125
0.0159571
0.0151628
0.0139808
0.0122329
0.00969532
0.00605319
0.00102218
-0.00548975
-0.0133278
-0.0194101
0.016851
0.0166795
0.0164491
0.0161491
0.0157626
0.0152358
0.0144603
0.0133046
0.0116159
0.00917402
0.00571013
0.00100949
-0.00488717
-0.0117588
-0.0164738
0.0164133
0.0162284
0.0159892
0.015686
0.0152969
0.014763
0.0139918
0.0128766
0.0112705
0.00896905
0.00571954
0.00135135
-0.00408364
-0.0103531
-0.0142421
0.0160812
0.0159169
0.0157011
0.0154193
0.0150399
0.0145109
0.0137612
0.0126961
0.0111838
0.00903178
0.00602077
0.00199933
-0.00300006
-0.00861385
-0.0126507
0.0159382
0.0157894
0.0155835
0.0153
0.0149043
0.0143546
0.013582
0.0124973
0.0109722
0.00883507
0.00591768
0.00219517
-0.0020124
-0.00567789
-0.00849496
)
;

boundaryField
{
    airfoil
    {
        type            zeroGradient;
    }
    farBoundaries
    {
        type            freestreamPressure;
        freestreamValue uniform 0;
        supersonic      false;
        value           nonuniform List<scalar> 
52
(
-0.0144353
-0.0152738
-0.015041
-0.0145555
-0.0141443
-0.0138067
-0.0134811
-0.0131346
-0.0128085
-0.012477
-0.0125291
-0.0124066
-0.0122814
-0.0121379
-0.0118999
-0.0115019
-0.0109218
-0.0101663
-0.00926838
-0.00827287
-0.00722433
-0.00615217
-0.00506104
-0.00396839
-0.00283318
-0.00166169
0.0144751
0.014267
0.0140136
0.0138944
0.0138405
0.0137395
0.0134104
0.0127885
0.0118541
0.010656
0.00931099
0.0078982
0.00653276
0.00520812
0.00392071
0.00217668
0.0203673
0.0205249
0.019351
0.0181846
0.0174137
0.0168906
0.0164082
0.0158739
0.0152726
0.014617
)
;
    }
    inlet
    {
        type            freestreamPressure;
        freestreamValue uniform 0;
        supersonic      false;
        value           nonuniform List<scalar> 
30
(
0.0159064
0.0157539
0.0155429
0.0152518
0.0148446
0.0142779
0.0134797
0.0123575
0.0107808
0.00858434
0.00563479
0.00201387
-0.00172116
-0.00423929
-0.00481699
0.0160317
0.0161754
0.0163674
0.016628
0.0169802
0.0174511
0.0180735
0.0188709
0.0198376
0.0208906
0.0217602
0.0219291
0.0206057
0.0169273
0.0108534
)
;
    }
    outlet
    {
        type            freestreamPressure;
        freestreamValue uniform 0;
        supersonic      false;
        value           nonuniform List<scalar> 
120
(
4.73473e-06
4.96428e-06
5.18426e-06
5.40577e-06
5.61653e-06
5.82925e-06
6.03257e-06
6.23897e-06
6.43708e-06
6.63786e-06
6.83046e-06
7.02466e-06
7.2098e-06
7.39353e-06
7.56643e-06
7.7344e-06
7.88931e-06
8.03538e-06
8.1676e-06
8.28995e-06
8.40164e-06
8.50794e-06
8.61286e-06
8.723e-06
8.84605e-06
8.98809e-06
9.15504e-06
9.34734e-06
9.56393e-06
9.79471e-06
1.00266e-05
1.02385e-05
1.04084e-05
1.05096e-05
1.05209e-05
1.04216e-05
1.01996e-05
9.84759e-06
9.37198e-06
8.78346e-06
8.10124e-06
7.34638e-06
6.54159e-06
5.7096e-06
4.8696e-06
4.04543e-06
3.24883e-06
2.49951e-06
1.79667e-06
1.15712e-06
5.69083e-07
5.23426e-08
-4.15824e-07
-8.13305e-07
-1.16623e-06
-1.47209e-06
-1.65089e-06
-2.09497e-06
-1.4318e-06
-3.01618e-06
5.28944e-06
3.80794e-06
3.11886e-06
2.82151e-06
2.42916e-06
1.95789e-06
1.4795e-06
9.56695e-07
4.1155e-07
-1.74496e-07
-7.69021e-07
-1.37834e-06
-1.97137e-06
-2.54637e-06
-3.07668e-06
-3.55279e-06
-3.95276e-06
-4.2664e-06
-4.48556e-06
-4.60419e-06
-4.62478e-06
-4.54641e-06
-4.38189e-06
-4.13496e-06
-3.82438e-06
-3.45837e-06
-3.05792e-06
-2.63172e-06
-2.19784e-06
-1.76403e-06
-1.34381e-06
-9.42871e-07
-5.68848e-07
-2.24812e-07
8.65956e-08
3.64432e-07
6.10599e-07
8.26504e-07
1.01638e-06
1.18288e-06
1.33171e-06
1.467e-06
1.59342e-06
1.71548e-06
1.8363e-06
1.96112e-06
2.08984e-06
2.22778e-06
2.37201e-06
2.52867e-06
2.69157e-06
2.86748e-06
3.04804e-06
3.24132e-06
3.43695e-06
3.64416e-06
3.85145e-06
4.0695e-06
4.28565e-06
4.51183e-06
)
;
    }
    defaultFaces
    {
        type            empty;
    }
}


// ************************************************************************* //
