/*--------------------------------*- C++ -*----------------------------------*\
  =========                 |
  \\      /  F ield         | OpenFOAM: The Open Source CFD Toolbox
   \\    /   O peration     | Website:  https://openfoam.org
    \\  /    A nd           | Version:  6.0
     \\/     M anipulation  |
\*---------------------------------------------------------------------------*/
FoamFile
{
    version     2.0;
    format      ascii;
    class       volScalarField;
    location    "17";
    object      p;
}
// * * * * * * * * * * * * * * * * * * * * * * * * * * * * * * * * * * * * * //

dimensions      [0 2 -2 0 0 0 0];

internalField   nonuniform List<scalar> 
4920
(
0.0156176
0.0157212
0.0158729
0.0160812
0.0163749
0.0167716
0.0173041
0.0179912
0.0188406
0.0198112
0.0207876
0.0214716
0.0211689
0.0187356
0.0155766
0.0158298
0.0159241
0.0160632
0.0162573
0.0165347
0.0169171
0.0174376
0.0181259
0.0190026
0.0200734
0.0212911
0.0225079
0.0231991
0.0224559
0.0190481
0.0161153
0.0162101
0.0163495
0.0165438
0.0168213
0.0172035
0.0177233
0.0184093
0.0192781
0.0203161
0.0214498
0.0224914
0.0228431
0.0216049
0.0163688
0.0165052
0.0166034
0.0167439
0.0169386
0.0172176
0.0176043
0.0181318
0.0188274
0.0196997
0.0207267
0.0217924
0.0226811
0.0227597
0.0210301
0.0152103
0.0169222
0.0170327
0.0171878
0.0173981
0.0176935
0.0180987
0.018649
0.0193724
0.0202778
0.0213311
0.0224075
0.0232832
0.0233588
0.0215546
0.0154774
0.0174355
0.017557
0.0177274
0.0179572
0.0182758
0.0187089
0.0192927
0.0200574
0.0210072
0.0221073
0.0232005
0.0240361
0.0240354
0.0220504
0.0153144
0.0180381
0.0181691
0.0183578
0.0186141
0.0189669
0.0194406
0.0200719
0.0208899
0.0218987
0.0230488
0.02416
0.0249264
0.0247314
0.0223464
0.014904
0.0188313
0.0189678
0.0191675
0.0194422
0.0198221
0.0203328
0.0210109
0.0218875
0.0229628
0.0241869
0.0253501
0.0260856
0.0256822
0.0227205
0.0146257
0.0198634
0.0199975
0.020199
0.0204807
0.0208771
0.021415
0.0221347
0.0230693
0.0242221
0.0255404
0.026806
0.0275991
0.0270989
0.0235557
0.0147717
0.0210713
0.0212104
0.0214191
0.0217129
0.0221283
0.0226954
0.0234574
0.0244532
0.0256889
0.02712
0.0285253
0.0294317
0.0288905
0.0246745
0.0148587
0.0225492
0.0226866
0.0228947
0.0231895
0.0236135
0.0242003
0.025
0.026056
0.0273795
0.0289307
0.0304705
0.0314923
0.0309261
0.0259874
0.0148453
0.0241256
0.0242765
0.0245035
0.024824
0.0252803
0.0259086
0.0267616
0.0278907
0.0293109
0.030975
0.0326424
0.0337313
0.0330359
0.0271577
0.0143489
0.0259998
0.0261497
0.026381
0.0267124
0.0271925
0.0278595
0.0287722
0.0299843
0.0315071
0.0332918
0.0350352
0.0361123
0.0351939
0.0282412
0.013641
0.0279856
0.0281603
0.0284254
0.0288011
0.0293343
0.030067
0.0310596
0.0323735
0.0340205
0.0359016
0.0377138
0.0387105
0.0373926
0.0290646
0.0124852
0.0304813
0.0306519
0.0309177
0.0312985
0.0318549
0.032632
0.0337011
0.0351321
0.0368842
0.0388719
0.0406973
0.0415379
0.0397051
0.0298701
0.0112782
0.0330967
0.0332986
0.033611
0.0340565
0.0346888
0.0355575
0.0367449
0.0382783
0.0401602
0.0422366
0.044095
0.0447337
0.0421908
0.0305083
0.00970127
0.0365166
0.036691
0.0369799
0.0374115
0.038054
0.0389742
0.0402244
0.0418926
0.043892
0.0460711
0.047926
0.0482855
0.0448966
0.0312444
0.00819879
0.039929
0.0401439
0.0404937
0.0410075
0.0417505
0.0427802
0.0441936
0.0459915
0.0481486
0.0504565
0.0523286
0.0523618
0.0478589
0.0318955
0.00637714
0.0441525
0.0443701
0.0447288
0.0452689
0.0460659
0.0471989
0.0487128
0.0507024
0.0530287
0.0554543
0.0572758
0.056876
0.0510571
0.0326958
0.00468914
0.0484899
0.0487983
0.0492681
0.0499399
0.0508847
0.0521701
0.0539057
0.0560603
0.0585841
0.0611468
0.0629391
0.0620414
0.0545182
0.0333834
0.00262789
0.0540057
0.0543275
0.0548132
0.0555159
0.0565235
0.0579352
0.059791
0.0621969
0.0649157
0.0675818
0.0692348
0.0676907
0.0581355
0.0341814
0.000707591
0.0593986
0.0598531
0.0605123
0.0614259
0.0626686
0.0643168
0.0664952
0.0691184
0.0720815
0.074887
0.0764226
0.0741012
0.06194
0.0348613
-0.00160971
0.0661586
0.0666491
0.0673627
0.0683744
0.0697711
0.0716588
0.0740493
0.0770306
0.0802375
0.0831105
0.0843551
0.0810306
0.0657697
0.0356188
-0.00375814
0.0731944
0.0738604
0.0747872
0.0760523
0.0777368
0.0799238
0.082721
0.085969
0.0894769
0.0924548
0.0934051
0.0888408
0.0696372
0.0361756
-0.00633461
0.0820884
0.0828128
0.0837997
0.0851661
0.0870166
0.08947
0.0925098
0.0962175
0.0999712
0.102917
0.103322
0.0971203
0.0733201
0.0367682
-0.00873166
0.0910609
0.092039
0.093325
0.0950367
0.0972668
0.100111
0.103688
0.107707
0.111798
0.114737
0.114582
0.106234
0.0768329
0.0371254
-0.0115917
0.101861
0.102968
0.104402
0.106332
0.108879
0.112168
0.116128
0.120752
0.125075
0.127784
0.126706
0.115609
0.079941
0.0375506
-0.014269
0.112614
0.114134
0.116045
0.11852
0.121641
0.12551
0.130176
0.13519
0.139884
0.142387
0.140352
0.125619
0.0826003
0.0376422
-0.0174693
0.126169
0.127847
0.129902
0.1326
0.136089
0.140495
0.145675
0.151464
0.156324
0.158281
0.15474
0.135452
0.0846679
0.037864
-0.0205148
0.139106
0.141315
0.143992
0.147398
0.151653
0.156877
0.163033
0.169334
0.17461
0.175992
0.170681
0.145517
0.0861576
0.0377249
-0.0241705
0.154369
0.156875
0.159912
0.163842
0.168859
0.17505
0.182104
0.189504
0.194789
0.194932
0.187022
0.154881
0.0870939
0.0378245
-0.0277354
0.169466
0.172666
0.176536
0.181463
0.187609
0.195074
0.203564
0.211683
0.21726
0.216005
0.204884
0.163981
0.0873622
0.0373904
-0.0320133
0.187027
0.190789
0.195322
0.201137
0.208502
0.217455
0.227337
0.236986
0.241875
0.238101
0.222457
0.171851
0.087339
0.037251
-0.036285
0.204937
0.209659
0.215303
0.222457
0.231428
0.242218
0.254155
0.264273
0.269131
0.262343
0.241081
0.179158
0.0868608
0.036385
-0.0413726
0.225317
0.230781
0.237335
0.245756
0.256443
0.26922
0.282893
0.295027
0.298082
0.286865
0.258483
0.185123
0.0865949
0.0357768
-0.0465418
0.245199
0.25187
0.259811
0.269974
0.282564
0.298075
0.314522
0.327069
0.329859
0.313476
0.276447
0.190447
0.0858672
0.0340141
-0.0525881
0.266462
0.274114
0.283408
0.295269
0.310799
0.329056
0.348123
0.363394
0.363145
0.339328
0.292413
0.19484
0.085814
0.0323528
-0.0587465
0.288299
0.297486
0.308651
0.323121
0.341202
0.363262
0.385828
0.400937
0.399803
0.366547
0.308643
0.199117
0.0851668
0.0291044
-0.0657431
0.312688
0.323515
0.336813
0.35386
0.375707
0.401115
0.426587
0.443616
0.437514
0.391905
0.323154
0.203513
0.0854269
0.0257727
-0.0727753
0.339072
0.352243
0.368246
0.388661
0.413869
0.443967
0.472218
0.487283
0.479393
0.418636
0.338841
0.208184
0.0843305
0.0203866
-0.0805151
0.368102
0.3839
0.403177
0.427393
0.457714
0.491425
0.521874
0.536722
0.521933
0.44308
0.354448
0.214072
0.0838399
0.0147768
-0.0881219
0.39877
0.418293
0.441967
0.471459
0.506695
0.545445
0.577009
0.58599
0.568768
0.469829
0.372351
0.220036
0.0806987
0.00682381
-0.0962133
0.433371
0.457293
0.486225
0.521701
0.563333
0.605648
0.636621
0.639671
0.614552
0.495565
0.391506
0.227124
0.0772504
-0.00141745
-0.103952
0.473146
0.502186
0.537244
0.579781
0.6279
0.674624
0.70036
0.690406
0.664134
0.527819
0.413127
0.231903
0.069466
-0.0121429
-0.111955
0.51791
0.553135
0.595624
0.646584
0.702555
0.749279
0.766935
0.743552
0.709656
0.564645
0.432942
0.233161
0.059771
-0.0232928
-0.119466
0.567615
0.61053
0.662007
0.722441
0.785409
0.831264
0.832791
0.788046
0.756273
0.621697
0.453316
0.222189
0.0438747
-0.0370786
-0.12711
0.620874
0.673169
0.734936
0.807331
0.875618
0.911819
0.894985
0.83202
0.80117
0.692996
0.473036
0.201926
0.0254682
-0.0510398
-0.133933
0.67739
0.740984
0.816425
0.899316
0.970984
0.992342
0.945273
0.857429
0.837398
0.776233
0.485816
0.17273
0.00300918
-0.0671985
-0.140787
0.727248
0.804244
0.897283
1.00135
1.06977
1.05578
0.989504
0.895983
0.867064
0.864256
0.466031
0.136677
-0.0186983
-0.0830963
-0.147291
0.739567
0.841046
0.972247
1.09946
1.16068
1.09849
1.04509
0.984986
0.999017
0.991411
0.405532
0.0869701
-0.0460659
-0.104654
-0.155788
0.695673
0.833248
1.0202
1.19495
1.23867
1.12058
1.17613
1.23467
1.26776
1.15177
0.311597
0.0228668
-0.0806973
-0.134787
-0.167222
0.732609
0.912029
1.12029
1.29707
1.33203
1.17545
1.45027
1.71986
1.6539
1.29729
0.270957
-0.0501063
-0.122321
-0.172734
-0.180943
1.00516
1.1784
1.31782
1.40256
1.46054
1.37385
2.01605
2.55969
1.99111
1.35107
0.29836
-0.122046
-0.165146
-0.211751
-0.195317
1.3931
1.4967
1.56151
1.63078
1.80034
1.92123
3.15669
3.35052
2.04585
1.32049
0.330892
-0.190919
-0.199819
-0.245541
-0.208302
1.61601
1.72648
1.88786
2.1924
2.49098
2.81316
4.70092
4.08513
2.22168
1.26538
0.228432
-0.275715
-0.230042
-0.272112
-0.217624
1.752
1.87922
2.24716
2.94988
3.61955
4.4059
6.40911
4.94623
2.74592
1.1119
-0.194159
-0.379024
-0.268047
-0.288121
-0.220455
2.12297
2.28603
2.73132
3.83758
5.2599
6.92813
7.52734
5.46759
3.19615
0.597202
-0.856201
-0.468312
-0.299723
-0.282753
-0.215879
2.63341
2.81438
3.35404
4.75991
7.0254
9.13599
6.6154
4.19785
2.88282
-0.10028
-1.31869
-0.4775
-0.277464
-0.248205
-0.20828
2.97608
3.18566
3.86686
5.47052
7.96825
9.10202
4.97426
2.64251
2.0994
-0.597508
-1.34893
-0.386118
-0.185972
-0.207505
-0.202389
2.32302
2.84256
3.94908
5.91911
8.28065
8.37533
3.8862
2.17882
1.89581
-0.648279
-1.12284
-0.219076
-0.0988668
-0.182826
-0.19724
0.0391752
0.0397579
0.0381075
0.0368694
0.0363969
0.0361355
0.0358784
0.0357325
0.0361681
0.0371493
0.0231798
0.0206821
0.0180844
0.0165588
0.0155705
0.0145879
0.0135917
0.0126565
0.0118232
0.0106285
0.0173647
0.0178812
0.0183107
0.0183694
0.0181641
0.0179727
0.0180694
0.018479
0.0194235
0.0207049
0.0162714
0.0163788
0.0159057
0.0150841
0.0144384
0.014258
0.0145165
0.0149183
0.0152265
0.0151882
0.0150925
0.0145134
0.0137933
0.0134149
0.0135796
0.0141738
0.0149274
0.0155135
0.0157738
0.0158148
0.0134044
0.0128856
0.0126348
0.0128191
0.0133037
0.0138164
0.0141107
0.0140119
0.0133699
0.0123924
0.0121991
0.0119394
0.0120043
0.0122431
0.0124526
0.0124553
0.0121473
0.0115071
0.0104389
0.00920548
0.0115978
0.0113367
0.0112686
0.0111566
0.0108731
0.0103915
0.00970162
0.00886405
0.00779552
0.00674668
0.0110012
0.010381
0.00988747
0.00929475
0.00862351
0.00786797
0.00709194
0.00630927
0.00543449
0.0046662
0.00979837
0.00864843
0.00763789
0.00670847
0.00586744
0.00516946
0.00457745
0.00408598
0.00350015
0.00308544
0.00791492
0.00610326
0.00463485
0.00352436
0.00280517
0.00244602
0.00232767
0.0023212
0.00214949
0.00208152
0.00534218
0.00284608
0.000987933
-0.000124474
-0.000475792
-0.000207669
0.000413104
0.00111497
0.00143928
0.00181863
0.00229953
-0.000944459
-0.00314825
-0.00413689
-0.00390768
-0.00276911
-0.00115441
0.000462363
0.00144847
0.00225201
-0.00118402
-0.00521619
-0.00776773
-0.00854115
-0.00755619
-0.00529985
-0.00241172
0.00038791
0.00215733
0.00357533
-0.00490048
-0.0098307
-0.012792
-0.0133146
-0.0114573
-0.0078578
-0.00341555
0.000851946
0.00366187
0.00569985
-0.00894225
-0.0148797
-0.018324
-0.0185991
-0.0157189
-0.0105011
-0.00413449
0.00197365
0.00606094
0.00903756
-0.0131116
-0.0202206
-0.0242709
-0.0243539
-0.0203534
-0.0132797
-0.0046363
0.00367286
0.00938543
0.0133406
-0.0176371
-0.0260571
-0.0308281
-0.0307492
-0.0254333
-0.0161682
-0.00480106
0.00614358
0.0137485
0.0190284
-0.0222545
-0.0321493
-0.0378081
-0.0376267
-0.0309151
-0.0191971
-0.00478054
0.00914041
0.0189062
0.0254574
-0.0273271
-0.0388455
-0.0454465
-0.0451355
-0.0366967
-0.0221499
-0.00423125
0.0130027
0.0250737
0.0330612
-0.0324649
-0.0457526
-0.0534538
-0.0530254
-0.0427161
-0.0251066
-0.00344256
0.0173073
0.0318179
0.0411328
-0.038133
-0.0533333
-0.0621835
-0.0614684
-0.0488441
-0.0277486
-0.0019529
0.0225307
0.0395084
0.0502463
-0.0437783
-0.0610689
-0.0712386
-0.0701838
-0.0550692
-0.0302951
-0.000247606
0.0280573
0.0475474
0.0595997
-0.0500317
-0.0696065
-0.0810323
-0.0792906
-0.0611122
-0.0322249
0.00234977
0.0345569
0.0564594
0.069737
-0.0561945
-0.0782776
-0.0910455
-0.0884936
-0.0670232
-0.0339146
0.00519153
0.0412735
0.0655969
0.0800081
-0.0629881
-0.0877824
-0.101739
-0.097868
-0.0725364
-0.0347983
0.00896557
0.0489141
0.0755388
0.0909499
-0.0696255
-0.0973339
-0.112481
-0.107141
-0.0777635
-0.0354321
0.0128555
0.0565756
0.085543
0.101971
-0.0769256
-0.107657
-0.123651
-0.116286
-0.0823392
-0.0352322
0.0175118
0.06487
0.0959941
0.113199
-0.0840457
-0.117859
-0.134551
-0.124998
-0.0864037
-0.0347757
0.0221046
0.0728985
0.106189
0.124144
-0.0918537
-0.128652
-0.145495
-0.133193
-0.0895685
-0.0334999
0.0272423
0.081189
0.116383
0.134721
-0.0994692
-0.139103
-0.155807
-0.140641
-0.0920717
-0.0320438
0.0321021
0.0888646
0.125944
0.144658
-0.10772
-0.149878
-0.165766
-0.147308
-0.0936248
-0.0300154
0.0371086
0.0962779
0.134928
0.153547
-0.115705
-0.160019
-0.174719
-0.152984
-0.0944601
-0.0279519
0.0416008
0.102758
0.14294
0.161406
-0.124149
-0.170075
-0.182902
-0.157701
-0.0944017
-0.0256088
0.0458665
0.108576
0.149932
0.167707
-0.132149
-0.179126
-0.189786
-0.161355
-0.0937262
-0.0234529
0.0494078
0.113291
0.155755
0.172807
-0.140301
-0.187685
-0.195733
-0.164207
-0.0925157
-0.0215014
0.052289
0.117003
0.160275
0.176058
-0.147728
-0.194849
-0.200244
-0.166115
-0.0909441
-0.0200054
0.0542603
0.119492
0.163547
0.177991
-0.154855
-0.201078
-0.20379
-0.167535
-0.0893146
-0.0191561
0.0552458
0.120794
0.165349
0.178017
-0.160883
-0.205551
-0.20597
-0.168328
-0.0877254
-0.0190018
0.0552656
0.120947
0.165939
0.176943
-0.166252
-0.208871
-0.207515
-0.169226
-0.0867453
-0.0199079
0.054141
0.119963
0.165151
0.174371
-0.170223
-0.210193
-0.207924
-0.169952
-0.086351
-0.0217602
0.052021
0.117955
0.163325
0.17109
-0.173332
-0.210315
-0.208117
-0.171374
-0.0872194
-0.0249484
0.0487256
0.114912
0.16036
0.166805
-0.174987
-0.208553
-0.20764
-0.173127
-0.0891642
-0.02914
0.0446221
0.111081
0.156658
0.162281
-0.176064
-0.206344
-0.207971
-0.17633
-0.0928943
-0.0346424
0.0396631
0.106629
0.152336
0.157522
-0.176258
-0.203532
-0.209069
-0.180764
-0.0981669
-0.0410914
0.0341498
0.101806
0.147703
0.153145
-0.176952
-0.202202
-0.212716
-0.187492
-0.105362
-0.0485159
0.0281064
0.0968444
0.14308
0.149201
-0.177919
-0.202256
-0.218684
-0.196017
-0.113856
-0.0563894
0.0217825
0.0918551
0.138717
0.14597
-0.181305
-0.206161
-0.228487
-0.206886
-0.123459
-0.0643919
0.0155054
0.0872231
0.135082
0.143477
-0.187591
-0.213815
-0.241261
-0.219049
-0.13329
-0.072005
0.00956844
0.0829933
0.132234
0.141785
-0.198951
-0.226546
-0.256883
-0.231756
-0.142311
-0.0784858
0.00473732
0.0798889
0.130725
0.141117
-0.214241
-0.242213
-0.273077
-0.243574
-0.149731
-0.083457
0.00130457
0.0780406
0.130498
0.141544
-0.231182
-0.258621
-0.287687
-0.253135
-0.154598
-0.0862372
2.66159e-05
0.0781204
0.132041
0.14322
-0.246259
-0.272624
-0.298702
-0.259536
-0.156778
-0.086886
0.000850426
0.0799753
0.135056
0.145933
-0.256589
-0.281841
-0.305245
-0.262589
-0.156456
-0.0854434
0.00367296
0.0835263
0.139484
0.149609
-0.260147
-0.284534
-0.307318
-0.263019
-0.154695
-0.0828024
0.00755607
0.0877516
0.144372
0.153638
-0.256062
-0.280627
-0.305769
-0.261641
-0.152202
-0.0796669
0.0116449
0.0918172
0.148938
0.157423
-0.245975
-0.272129
-0.301878
-0.25932
-0.149594
-0.0766894
0.0150869
0.0949071
0.152282
0.160188
-0.23565
-0.263597
-0.297418
-0.256704
-0.14718
-0.0741897
0.0176062
0.0969219
0.154153
0.161546
-0.229442
-0.258824
-0.294578
-0.254876
-0.145664
-0.0726057
0.019081
0.0980964
0.155024
0.161867
-0.225982
-0.256673
-0.293371
-0.25397
-0.14484
-0.0716741
0.0199391
0.098775
0.155376
0.161803
0.0383009
0.0378784
0.0370084
0.0358014
0.0342301
0.0322814
0.0300603
0.0277569
0.025488
0.0232627
0.0210361
0.0187548
0.0163913
0.0139075
0.0110458
0.00694199
0.00835134
0.00839462
0.00873686
0.0088848
0.00874173
0.00860196
0.00870218
0.00913826
0.0097713
0.0103461
0.0106067
0.0103876
0.00961431
0.00832358
0.0061119
0.00342556
0.0211778
0.0209579
0.0205275
0.0198115
0.0188406
0.0178534
0.0170227
0.0164618
0.0160827
0.0156704
0.014987
0.0138328
0.0121095
0.00982565
0.00660126
0.00318858
0.013427
0.0131469
0.0129613
0.0126759
0.0122524
0.0119289
0.0118671
0.012153
0.0126646
0.01316
0.0133472
0.0129869
0.0118969
0.0100131
0.00692664
0.00357249
0.0147126
0.0143869
0.0141486
0.0139767
0.0138115
0.0137447
0.0137982
0.0139966
0.0142657
0.0144429
0.0143314
0.0137321
0.0124531
0.010375
0.00706448
0.00354491
0.0108954
0.0106996
0.0107945
0.0111556
0.0116029
0.012105
0.0126181
0.0131513
0.0136636
0.0140354
0.0141053
0.0136818
0.0125384
0.0104846
0.00708527
0.00340998
0.00892989
0.00911493
0.0095953
0.0103278
0.0110857
0.0117998
0.0124308
0.0130182
0.0135641
0.0139872
0.0141272
0.0137797
0.0126795
0.0105825
0.00707379
0.00327762
0.00767834
0.00815505
0.00885864
0.00974854
0.0106121
0.0113839
0.012059
0.0127054
0.0133492
0.0139039
0.0141956
0.0139686
0.0129049
0.0107214
0.00706189
0.00314442
0.00627056
0.00689515
0.00768125
0.00862564
0.00954918
0.0104082
0.0112154
0.0120462
0.0129213
0.0137403
0.0142678
0.0141994
0.0131645
0.0108675
0.0070404
0.00299783
0.00487021
0.00550055
0.00624765
0.00715009
0.00808735
0.00904865
0.0100656
0.0111971
0.0124333
0.0136089
0.0144362
0.0145318
0.0134834
0.0110135
0.00698879
0.00282137
0.00362067
0.00413414
0.00475124
0.00556047
0.00649395
0.00757481
0.00884385
0.0103418
0.0120017
0.0135922
0.0147345
0.0149745
0.0138594
0.011165
0.00691913
0.00261342
0.00261911
0.00291001
0.00332747
0.00400596
0.00492333
0.00612997
0.00768184
0.00958359
0.0117119
0.0137435
0.0152038
0.0155441
0.014284
0.0112965
0.00680632
0.00236107
0.00195811
0.00189713
0.00200955
0.00248435
0.00335538
0.00470838
0.00658855
0.00896929
0.0116184
0.014112
0.0158616
0.0162307
0.0147392
0.0114062
0.00666027
0.00206539
0.00155228
0.00102132
0.000756452
0.000997544
0.00182782
0.00335499
0.00563526
0.00854497
0.011771
0.0147406
0.0167351
0.0170307
0.0151992
0.0114605
0.00645679
0.00172283
0.00170333
0.00056845
-0.000187982
-0.000261657
0.000493428
0.00221523
0.00491356
0.00841514
0.0122328
0.0156508
0.0178073
0.0179115
0.0156417
0.0114641
0.00620866
0.00133678
0.00241135
0.000577162
-0.000723838
-0.0011394
-0.000486961
0.00139902
0.00452331
0.00859318
0.0130044
0.0168293
0.0190486
0.0188249
0.0160192
0.0113768
0.0058944
0.00091432
0.00407364
0.00140893
-0.000583368
-0.0014776
-0.00102904
0.000972623
0.00448867
0.00913993
0.0140916
0.018234
0.0203887
0.0197134
0.0163078
0.0112095
0.00552858
0.000459979
0.00659481
0.00301594
0.000271156
-0.00115816
-0.000966661
0.00110846
0.00499847
0.0101364
0.0155371
0.0198551
0.0217826
0.0205184
0.0164628
0.0109326
0.00510628
-2.21858e-06
0.00987948
0.00529725
0.00176511
-0.000161526
-0.000157251
0.00203302
0.00620195
0.011711
0.0173629
0.0216624
0.0231869
0.021218
0.0164899
0.0105696
0.00463959
-0.000474135
0.0135372
0.00799969
0.00382746
0.0015693
0.00148005
0.00371334
0.00807674
0.0137699
0.0194943
0.0235826
0.0245241
0.0217453
0.0163483
0.0100991
0.00413638
-0.000918404
0.0181044
0.0115212
0.00658917
0.00392293
0.00365765
0.00594553
0.0104106
0.0161851
0.0218268
0.0255242
0.0257402
0.0220924
0.0160566
0.00954661
0.0036015
-0.00134624
0.0232128
0.0155774
0.00992067
0.00685715
0.00644752
0.00870438
0.0132075
0.018927
0.0242982
0.0274091
0.0267614
0.0222086
0.0155963
0.00891503
0.00306657
-0.00170614
0.028758
0.020046
0.0136781
0.0103068
0.00979996
0.01206
0.0164915
0.0219886
0.0268922
0.0292294
0.0276051
0.0221341
0.0150052
0.00822741
0.00252422
-0.00202342
0.0345192
0.0247812
0.0178242
0.0142589
0.0137218
0.0159216
0.0201655
0.0252539
0.0294918
0.0308797
0.0281962
0.0218269
0.0142765
0.00750202
0.00202337
-0.00223642
0.0406743
0.0298721
0.022311
0.0185776
0.018019
0.0200812
0.0240288
0.0285807
0.0320131
0.032341
0.0285653
0.0213394
0.0134478
0.00675037
0.00154126
-0.00238614
0.0472666
0.0354069
0.027256
0.0233469
0.0225935
0.0244393
0.0278893
0.0317584
0.0342675
0.0334764
0.0286355
0.0206471
0.01254
0.00601926
0.00114778
-0.00240756
0.0543785
0.0414455
0.032669
0.0283773
0.0273993
0.0287413
0.0316389
0.034729
0.0362539
0.0343249
0.0284663
0.0198032
0.0115739
0.005299
0.000801171
-0.00235621
0.0618424
0.0478671
0.0383535
0.0336802
0.0321952
0.0330133
0.0350916
0.0372878
0.0377928
0.034758
0.0279828
0.0187862
0.01058
0.00465176
0.000585176
-0.00216554
0.0694682
0.0545017
0.0442596
0.0390359
0.036977
0.0369376
0.0382168
0.0394777
0.0389723
0.0348734
0.0272676
0.0176439
0.00955725
0.00404267
0.00043712
-0.00190335
0.0770497
0.0610574
0.0500555
0.044177
0.0413572
0.0405234
0.0407461
0.041074
0.0396425
0.0345801
0.0262845
0.0163945
0.00857072
0.00355713
0.000447042
-0.00151197
0.0844447
0.0674704
0.0555129
0.0488676
0.0451721
0.0432795
0.042731
0.0422332
0.0399688
0.0340199
0.0251279
0.0150728
0.00759539
0.00313627
0.000535472
-0.00106577
0.0910988
0.0730835
0.0601907
0.0526009
0.0480288
0.0453817
0.043943
0.0427907
0.0398502
0.0331322
0.0237838
0.0137202
0.00671928
0.00288304
0.000796769
-0.000515063
0.096682
0.0776848
0.0636842
0.055206
0.0497921
0.0463986
0.0446337
0.0430201
0.0395084
0.0320812
0.0223444
0.0123519
0.00589109
0.00271476
0.00113721
6.45143e-05
0.100619
0.0805595
0.0654761
0.0561673
0.0502497
0.0466843
0.0446206
0.0428035
0.0388801
0.0308399
0.0208339
0.0110486
0.00522657
0.00274229
0.00164096
0.00070795
0.10313
0.0819115
0.0656801
0.0555883
0.049385
0.0458798
0.0442243
0.0424014
0.0381474
0.0295326
0.0193042
0.00978657
0.0046435
0.00286361
0.00220769
0.00134701
0.103869
0.0814947
0.064025
0.0533448
0.0473035
0.0444776
0.043291
0.0417031
0.037243
0.0281293
0.017789
0.00866732
0.0042771
0.00319532
0.00291222
0.00200598
0.102708
0.0793047
0.0607445
0.0496454
0.0440723
0.0422537
0.0421745
0.0409353
0.0363037
0.026714
0.0163006
0.00762909
0.0040166
0.0036203
0.00365334
0.00262879
0.0994232
0.0750046
0.0556234
0.0445557
0.0400241
0.0397646
0.040816
0.0400534
0.0353117
0.0253007
0.014914
0.00680322
0.0040065
0.00424336
0.00448558
0.00322856
0.094367
0.0691956
0.0491595
0.0384427
0.035382
0.0370072
0.0395395
0.0392259
0.0343513
0.0239259
0.0135979
0.00609318
0.00411535
0.00494243
0.00531762
0.00376772
0.0877255
0.0618238
0.0415675
0.0317621
0.0306919
0.0344856
0.0383643
0.0384577
0.0334376
0.0226323
0.0124579
0.00565626
0.00449646
0.00581123
0.0061875
0.00425283
0.0799337
0.0536157
0.0334783
0.0250448
0.026313
0.0323274
0.0375068
0.0378396
0.0325999
0.0214104
0.0114216
0.00536282
0.00500016
0.00672751
0.00701851
0.00466454
0.0710179
0.0447238
0.0253521
0.0188666
0.0227247
0.0308327
0.0370283
0.0374234
0.0319013
0.0203487
0.0106258
0.00537656
0.00576165
0.00775714
0.00782914
0.00500487
0.0620539
0.0360016
0.0179141
0.0138092
0.0203055
0.0301682
0.0369687
0.0371936
0.0312945
0.0193785
0.00995736
0.0055432
0.0066259
0.00879022
0.00856597
0.00527264
0.0534804
0.0281779
0.0118253
0.0103075
0.019231
0.0303233
0.0373881
0.0372189
0.030863
0.0186159
0.00959122
0.00603431
0.00771092
0.00986843
0.00923389
0.00546781
0.0464582
0.0221137
0.00778744
0.00888256
0.0197935
0.0314251
0.03817
0.0373983
0.0305007
0.0179473
0.00939456
0.00668107
0.00886368
0.0109
0.00980351
0.00560253
0.0413871
0.0183637
0.00614363
0.00957301
0.0217906
0.0332117
0.0394031
0.0378361
0.0303228
0.017552
0.0095617
0.00762922
0.0101623
0.0118995
0.0102704
0.00567604
0.0388673
0.0173125
0.0072527
0.0126598
0.02538
0.0357886
0.0408755
0.0383727
0.0301772
0.0173008
0.00994377
0.0087067
0.0114688
0.0128045
0.0106315
0.00570922
0.03887
0.0189036
0.0107802
0.0176183
0.0300112
0.0387523
0.0427196
0.0391422
0.0302497
0.0174232
0.0107229
0.0100333
0.0128159
0.0136062
0.0108779
0.00570086
0.0412516
0.0228529
0.0165655
0.0244166
0.0356949
0.0422042
0.0446765
0.0399523
0.0303925
0.0177684
0.0117257
0.0114489
0.0140869
0.0142698
0.011027
0.00567511
0.045582
0.0285376
0.0237045
0.0321081
0.0416812
0.0456992
0.0469062
0.0409823
0.0308369
0.0185608
0.0131138
0.0130071
0.0152697
0.0147723
0.0110689
0.00563008
0.0520853
0.0358022
0.0320636
0.0406232
0.0479505
0.0493481
0.0491398
0.0420323
0.0314214
0.0196225
0.0146965
0.0145588
0.0162902
0.0151142
0.0110363
0.00558848
0.0607937
0.044267
0.0409256
0.0491729
0.0538959
0.0528058
0.0515723
0.0433135
0.0323917
0.0211565
0.0165691
0.0160959
0.0171112
0.0152711
0.0109208
0.00554655
0.0718126
0.0539379
0.0504768
0.057886
0.0596479
0.0562718
0.0539625
0.0446178
0.0335735
0.0229775
0.0185505
0.0175108
0.0177121
0.0152756
0.0107631
0.00552273
0.0836964
0.0639
0.0601606
0.0662625
0.0648359
0.0595287
0.0565024
0.046151
0.0352002
0.0252418
0.0206686
0.0187581
0.01805
0.0151116
0.0105567
0.00551109
0.0941178
0.073149
0.0697491
0.0743512
0.0696955
0.0627981
0.0589848
0.0477352
0.0371092
0.027766
0.0227601
0.0197772
0.0181522
0.0148331
0.0103424
0.0055246
0.0997078
0.0801434
0.078257
0.0815864
0.0739999
0.0659757
0.0616108
0.0496118
0.0394938
0.0306342
0.0248044
0.0205098
0.0179809
0.0144311
0.0101123
0.00555501
0.0969183
0.0832138
0.0845525
0.0872718
0.0776317
0.0691284
0.0642383
0.0516909
0.0421851
0.0335974
0.0266536
0.0209561
0.0176086
0.0139707
0.00990144
0.0056105
0.0863771
0.0833539
0.0892444
0.0913234
0.0805295
0.0721216
0.0670074
0.0541947
0.045227
0.0365969
0.028261
0.021101
0.0170346
0.0134545
0.00969955
0.00568107
0.0719594
0.083037
0.0922411
0.0936951
0.0830606
0.0751029
0.0698153
0.0569631
0.0482257
0.0392455
0.0294779
0.0209968
0.0163635
0.0129465
0.00953219
0.00577168
0.0606263
0.0849198
0.0932168
0.0945663
0.0853031
0.0780366
0.0727518
0.0599369
0.0509806
0.0413897
0.0303043
0.0206819
0.0156206
0.0124501
0.00938508
0.00587192
0.0566139
0.0892564
0.0930147
0.0942321
0.0869219
0.0808335
0.0756772
0.062772
0.0531947
0.0428972
0.0307788
0.0202736
0.0149092
0.0120074
0.00927258
0.00598585
0.0611569
0.0951691
0.0933073
0.0924695
0.0877257
0.0833416
0.0783854
0.0652509
0.0548584
0.043931
0.0310705
0.0198668
0.0142543
0.0116074
0.00917311
0.00609983
0.0782005
0.103526
0.095546
0.0894454
0.0873534
0.0854448
0.080594
0.0670876
0.0559077
0.044541
0.0312436
0.0195426
0.0137132
0.0112674
0.00909211
0.00621268
0.110154
0.114053
0.100346
0.0864731
0.0860378
0.0868751
0.0821209
0.0681135
0.0563685
0.0448665
0.0314253
0.019373
0.0133027
0.0109814
0.0090163
0.00631524
0.137417
0.123531
0.106094
0.0855601
0.0846553
0.0874881
0.0827484
0.0682499
0.0562719
0.044924
0.0316141
0.0193596
0.0130294
0.0107548
0.00895732
0.00641737
0.143054
0.12743
0.109653
0.0869268
0.0841072
0.0876729
0.0823319
0.0674407
0.0556219
0.0447454
0.0318552
0.0195334
0.0129071
0.0105896
0.00890652
0.00651315
0.134979
0.123924
0.109989
0.0892676
0.0844367
0.0877053
0.0810346
0.065875
0.0545126
0.0443294
0.0320743
0.0198369
0.0129135
0.01048
0.00886885
0.00661017
0.122766
0.117357
0.108233
0.0915782
0.0852893
0.0871766
0.0789706
0.0637854
0.0530897
0.043714
0.0322484
0.0202679
0.0130759
0.0104443
0.00883713
0.00669968
0.109938
0.109085
0.104595
0.0927929
0.0857691
0.0856169
0.0763403
0.0615272
0.0515833
0.0429551
0.0322843
0.0207155
0.0133464
0.0104762
0.00881773
0.00678914
0.0963753
0.0994577
0.0991512
0.0921529
0.0854388
0.0835581
0.0739479
0.0596521
0.0502352
0.0421052
0.0321438
0.0211355
0.0137363
0.0106083
0.00881305
0.00686952
0.082376
0.088793
0.0921866
0.0897606
0.0845186
0.0816511
0.0722051
0.0584544
0.049231
0.0412652
0.0318162
0.0214192
0.0141636
0.0108205
0.00883155
0.00695028
0.0689458
0.0778412
0.0843161
0.0858701
0.082859
0.0797993
0.0709755
0.0578213
0.0485615
0.040466
0.0313043
0.0215353
0.0146203
0.0111381
0.00888125
0.00702285
0.0568252
0.0670651
0.0757894
0.0806517
0.0803653
0.0779146
0.0699505
0.0574999
0.048138
0.0397564
0.0306649
0.0214359
0.0150127
0.0115149
0.00896634
0.00709843
0.0463506
0.0569194
0.0671123
0.0745748
0.0770526
0.0758181
0.069051
0.0573975
0.0478801
0.0391025
0.0299038
0.0211171
0.0153197
0.0119561
0.00909429
0.00716838
0.0377068
0.0477201
0.0586157
0.0680262
0.0730598
0.073468
0.0680483
0.057359
0.0477332
0.0385369
0.029112
0.020602
0.0154682
0.0123959
0.00925969
0.00724514
0.0307271
0.039718
0.0507483
0.0615081
0.0686238
0.0707567
0.0668751
0.0572979
0.0476262
0.0380047
0.028275
0.019903
0.0154465
0.0128261
0.00946478
0.00731929
0.0254886
0.0332146
0.0438967
0.0553913
0.0640154
0.0677517
0.0653594
0.057042
0.0474862
0.0375242
0.0274837
0.0190969
0.0152338
0.0131802
0.00969313
0.00740329
0.021919
0.0284038
0.0383666
0.0499955
0.059465
0.0644433
0.0635276
0.056549
0.0472544
0.037034
0.026697
0.0181953
0.0148365
0.0134466
0.00994041
0.00748666
0.0200703
0.025359
0.0343266
0.0455095
0.0551806
0.0609886
0.061333
0.0557359
0.04689
0.0365528
0.0259871
0.0172969
0.0142903
0.0135818
0.0101839
0.00758186
0.0196567
0.0239196
0.0317137
0.0419708
0.0512703
0.057448
0.0589282
0.054668
0.0463954
0.0360432
0.0253024
0.0163931
0.0136073
0.0135833
0.0104151
0.00767686
0.0203661
0.0236803
0.030274
0.039314
0.0478331
0.0540315
0.0563412
0.053334
0.0457675
0.0355361
0.0247062
0.0155747
0.0128529
0.013437
0.0106091
0.00778269
0.0216001
0.0241984
0.0296481
0.0373421
0.0448155
0.050737
0.0537226
0.0518212
0.0450309
0.0350152
0.0241531
0.0148139
0.0120266
0.0131432
0.0107524
0.00788502
0.0231844
0.025065
0.0294507
0.0358056
0.0421775
0.0476887
0.05105
0.0501072
0.0441597
0.0344867
0.0236811
0.0141791
0.0112057
0.0127186
0.0108258
0.00799356
0.0245252
0.0258748
0.0293363
0.0345065
0.0397973
0.0447793
0.0484048
0.0482473
0.0431461
0.0339145
0.0232383
0.013624
0.0103777
0.01217
0.0108181
0.00809111
0.0255613
0.0263844
0.0290505
0.0331913
0.0375869
0.0420584
0.0456936
0.0461728
0.0419182
0.0332627
0.0228306
0.0131897
0.00962184
0.0115425
0.0107239
0.00818534
0.0258694
0.0262873
0.0283041
0.0317108
0.0353775
0.0393216
0.0429219
0.0439018
0.0404602
0.032494
0.0224121
0.012828
0.00891603
0.0108427
0.0105363
0.00825532
0.0254816
0.0254941
0.0270107
0.02983
0.0329928
0.0365401
0.0399817
0.0413778
0.0387359
0.0315806
0.0219779
0.0125578
0.00832464
0.0101275
0.0102663
0.00830816
0.0242333
0.023942
0.0250299
0.0274765
0.0303004
0.0335209
0.0368871
0.0386445
0.0367749
0.0305124
0.0214973
0.012334
0.00781116
0.00939445
0.00991081
0.00831957
0.022324
0.021731
0.0224801
0.0245882
0.0271965
0.030277
0.0335768
0.0356747
0.034564
0.0292611
0.020949
0.0121521
0.00741573
0.00869873
0.00949494
0.00829721
0.0198171
0.0189796
0.0193705
0.0212192
0.0237126
0.026715
0.0300627
0.0324931
0.0321185
0.0278064
0.0202972
0.0119659
0.00709058
0.00802521
0.00901475
0.00821451
0.0168427
0.0157635
0.0158618
0.0174567
0.0198575
0.0228946
0.0263109
0.0290722
0.0294193
0.0261197
0.0195094
0.0117539
0.00685082
0.00741835
0.00850447
0.00808356
0.0134491
0.0122002
0.0120148
0.0133881
0.0157442
0.0188085
0.022349
0.0254326
0.0264746
0.0241864
0.0185547
0.0114744
0.00664269
0.00685068
0.00795802
0.00788023
0.00974299
0.00835948
0.00795994
0.00914829
0.0114326
0.0145479
0.0182
0.0215861
0.02329
0.0220024
0.0174125
0.0111049
0.0064657
0.00635285
0.00741348
0.00762532
0.00578302
0.00433928
0.00379042
0.00480702
0.00702374
0.0101524
0.0139079
0.0175733
0.0198943
0.0195771
0.0160687
0.0106167
0.00627076
0.00588967
0.00685877
0.00729933
0.00166381
0.000218931
-0.000440479
0.000427344
0.00255758
0.00568949
0.00953357
0.0134504
0.0163375
0.0169473
0.0145346
0.0100024
0.00605506
0.00547929
0.00632829
0.00693035
-0.00255637
-0.00397448
-0.00470731
-0.00396216
-0.00190018
0.00123342
0.00514722
0.00927994
0.0126683
0.0141405
0.0128097
0.00924241
0.00577706
0.00508235
0.00580199
0.00650242
-0.00677556
-0.00810953
-0.00888018
-0.00824404
-0.00625261
-0.00313661
0.000822797
0.00512579
0.00894476
0.011203
0.0109163
0.00833781
0.0054344
0.00470818
0.00530794
0.00604825
-0.0108863
-0.0121245
-0.0129069
-0.012358
-0.0104392
-0.00734979
-0.00338489
0.00103339
0.00519583
0.00814345
0.00884012
0.00726033
0.00498618
0.00431487
0.00481956
0.0055543
-0.0148125
-0.0159121
-0.0166789
-0.0162117
-0.0143705
-0.0113532
-0.0074259
-0.00296291
0.0014713
0.00500975
0.00661452
0.00602225
0.00443148
0.00390384
0.00435561
0.0050529
-0.0184481
-0.019416
-0.020162
-0.0197658
-0.0180244
-0.0150958
-0.0112584
-0.00680221
-0.0021934
0.00182285
0.00423975
0.00460324
0.00373498
0.00343407
0.00388363
0.00453092
-0.021759
-0.022576
-0.0232861
-0.0229607
-0.0213209
-0.0185258
-0.0148209
-0.010448
-0.00573766
-0.00134969
0.00177849
0.00304392
0.00291478
0.00291268
0.00341834
0.00401758
-0.02465
-0.0253414
-0.0260232
-0.0257673
-0.0242468
-0.0216041
-0.0180775
-0.013827
-0.00911263
-0.00446855
-0.000749984
0.00133824
0.0019478
0.00231055
0.00293105
0.00350069
-0.0271237
-0.0276842
-0.0283348
-0.028146
-0.026753
-0.0242878
-0.020963
-0.0169069
-0.0122605
-0.00746084
-0.00326935
-0.000453178
0.000871905
0.00164469
0.00243723
0.00300395
-0.0291136
-0.0295788
-0.0302101
-0.0300885
-0.0288278
-0.0265515
-0.0234669
-0.0196284
-0.0151274
-0.0102791
-0.00575295
-0.00232698
-0.000328712
0.000892037
0.00191237
0.00251549
-0.0306739
-0.0310494
-0.0316592
-0.031597
-0.030464
-0.0283856
-0.0255404
-0.0219723
-0.0176735
-0.0128712
-0.00813333
-0.00421658
-0.0016047
7.82772e-05
0.00137271
0.002053
-0.0317777
-0.0321003
-0.0326988
-0.0326889
-0.0316742
-0.0297795
-0.0271923
-0.0238979
-0.019854
-0.0151913
-0.0103817
-0.00611296
-0.00296784
-0.000817238
0.000797616
0.00160389
-0.0325759
-0.0328484
-0.0334146
-0.0334184
-0.0324802
-0.0307441
-0.0283821
-0.0253867
-0.021646
-0.0172173
-0.0124426
-0.00794727
-0.00435637
-0.00175701
0.000204218
0.00117865
-0.0328658
-0.0331067
-0.0336464
-0.0336663
-0.0328133
-0.0312364
-0.0291254
-0.0264398
-0.0230444
-0.0189063
-0.0142872
-0.00969861
-0.00576794
-0.0027531
-0.000423711
0.00076388
-0.0329253
-0.0331327
-0.033619
-0.0336111
-0.0327965
-0.0313484
-0.0294567
-0.0270817
-0.0240419
-0.0202609
-0.0158699
-0.0112973
-0.0071299
-0.00375309
-0.00106098
0.000366627
-0.0325284
-0.032693
-0.0331215
-0.0331013
-0.0323511
-0.0310546
-0.0293989
-0.0273318
-0.0246662
-0.0212524
-0.0171686
-0.0127215
-0.00843279
-0.00476171
-0.00171762
-2.18653e-05
-0.0320208
-0.0321376
-0.0324825
-0.0323983
-0.0316558
-0.0304607
-0.0290045
-0.0272317
-0.0249225
-0.021913
-0.0181747
-0.0139306
-0.00961533
-0.0057247
-0.00236229
-0.000395166
-0.031136
-0.0311831
-0.031439
-0.0313196
-0.0306284
-0.0295705
-0.0283279
-0.0268372
-0.0248879
-0.0222596
-0.0188964
-0.01492
-0.0106758
-0.00664796
-0.0030047
-0.000759193
-0.030078
-0.0300742
-0.0302579
-0.0301003
-0.0294444
-0.0284987
-0.0274395
-0.0262078
-0.0245719
-0.0223238
-0.0193339
-0.0156579
-0.0115495
-0.00746123
-0.00359571
-0.00109702
-0.0287545
-0.0286969
-0.0288226
-0.0286847
-0.0281401
-0.0273744
-0.0265339
-0.0255465
-0.0242071
-0.0222751
-0.0196212
-0.0162405
-0.012319
-0.00823788
-0.0041991
-0.00144961
-0.0264112
-0.0262597
-0.0263495
-0.0262785
-0.0259013
-0.0253762
-0.0248161
-0.024146
-0.0231379
-0.0215796
-0.0193096
-0.0163001
-0.0126419
-0.00868498
-0.00459449
-0.00169055
-0.0273456
-0.0272063
-0.0272016
-0.0270455
-0.026631
-0.0260902
-0.0255005
-0.0247745
-0.0237295
-0.0221593
-0.0199338
-0.0169899
-0.0134116
-0.00946813
-0.00527074
-0.0021273
-0.0204615
-0.0202919
-0.0204902
-0.0206755
-0.0206826
-0.0206369
-0.0206173
-0.0205405
-0.0201868
-0.0193289
-0.0177891
-0.0155072
-0.0124931
-0.00901138
-0.00509408
-0.00203683
-0.0314531
-0.0313382
-0.0311724
-0.0307952
-0.0301164
-0.0292234
-0.0281763
-0.0269427
-0.0254023
-0.0234278
-0.0209494
-0.0179306
-0.0144496
-0.0107062
-0.00659814
-0.00322773
-0.00786556
-0.0080104
-0.0087939
-0.00963667
-0.0103138
-0.0109974
-0.0117912
-0.012606
-0.0131741
-0.0132337
-0.0125955
-0.0112353
-0.00921304
-0.00673044
-0.00361251
-0.000875503
-0.0483283
-0.0481845
-0.0478497
-0.0471556
-0.0458663
-0.0438745
-0.0412953
-0.0382616
-0.0349065
-0.0313359
-0.0276697
-0.0240048
-0.0203667
-0.0168352
-0.0128393
-0.00881279
-0.271935
-0.207642
-0.252623
-0.265625
-0.148
-0.0230778
0.034268
0.0554652
0.0434894
-0.00812802
-0.271575
-0.207615
-0.252589
-0.26583
-0.148339
-0.0233992
0.0340632
0.0552586
0.0432551
-0.00681588
-0.270474
-0.207401
-0.252555
-0.266177
-0.148829
-0.0238525
0.0337723
0.0549486
0.0429203
-0.00446101
-0.267881
-0.206858
-0.252638
-0.266735
-0.149612
-0.0245773
0.033292
0.0545899
0.0423547
-0.00218621
-0.263257
-0.205794
-0.252939
-0.267531
-0.150766
-0.0255384
0.0326237
0.0542206
0.0417227
-0.00104059
-0.256179
-0.20415
-0.253584
-0.268359
-0.152233
-0.0267973
0.0316325
0.0536221
0.0409961
-0.000699272
-0.247537
-0.201859
-0.254513
-0.269242
-0.153879
-0.0283534
0.0303647
0.0526895
0.0399668
-0.000943226
-0.239114
-0.199148
-0.255457
-0.269854
-0.155226
-0.0300427
0.0288801
0.0514265
0.0384719
-0.00134291
-0.233379
-0.195993
-0.255816
-0.269653
-0.15581
-0.0315367
0.027388
0.0499924
0.0366094
-0.00177983
-0.233138
-0.194219
-0.25494
-0.267264
-0.154668
-0.0324124
0.0261099
0.0485199
0.0345963
-0.00215469
-0.239112
-0.195541
-0.252835
-0.262382
-0.151692
-0.0324128
0.0252733
0.047232
0.0327404
-0.00257324
-0.249975
-0.200852
-0.250034
-0.254998
-0.146675
-0.0313271
0.0250588
0.0462464
0.0312648
-0.00284019
-0.262628
-0.208532
-0.247002
-0.246437
-0.140492
-0.0293703
0.0254439
0.0456596
0.0302447
-0.00294596
-0.274718
-0.217316
-0.243749
-0.237037
-0.133368
-0.0266484
0.0264344
0.0455015
0.0297695
-0.00268118
-0.284506
-0.225438
-0.240272
-0.2278
-0.126273
-0.0236306
0.0277931
0.0457182
0.029763
-0.00214633
-0.291835
-0.232908
-0.236665
-0.218757
-0.11937
-0.0205452
0.0294069
0.0462789
0.0303192
-0.00109012
-0.296593
-0.239219
-0.233112
-0.210458
-0.113283
-0.0178103
0.0309797
0.0470371
0.0312331
0.000265911
-0.299284
-0.245205
-0.230104
-0.202884
-0.10805
-0.0156449
0.0323502
0.0479152
0.0325479
0.00218329
-0.299842
-0.250391
-0.227724
-0.196293
-0.103976
-0.0142961
0.0332585
0.0487003
0.0339196
0.00431572
-0.298499
-0.255277
-0.226385
-0.19067
-0.101067
-0.0139302
0.0335385
0.0492857
0.0353767
0.00694099
-0.295215
-0.259004
-0.225627
-0.185875
-0.0992733
-0.0145347
0.0331068
0.0494623
0.0365483
0.00957583
-0.290154
-0.261755
-0.22557
-0.181974
-0.0985081
-0.0161894
0.0318506
0.0491079
0.0374964
0.0124818
-0.28348
-0.262673
-0.225385
-0.17872
-0.0983571
-0.0185937
0.0298333
0.0480428
0.0378635
0.0150833
-0.275393
-0.261933
-0.225077
-0.176219
-0.0987692
-0.0217774
0.0268838
0.0461242
0.0376973
0.0175937
-0.266272
-0.259006
-0.223838
-0.173939
-0.099342
-0.0253346
0.0231427
0.0433075
0.0367537
0.0194649
-0.256323
-0.254273
-0.221818
-0.172009
-0.100352
-0.0294565
0.0184552
0.0395838
0.0351679
0.0209619
-0.245953
-0.2476
-0.218417
-0.169796
-0.101384
-0.0337195
0.0132498
0.0351713
0.0328725
0.0216605
-0.235361
-0.239502
-0.213929
-0.167473
-0.102655
-0.0383795
0.00742224
0.0300916
0.0299938
0.0218012
-0.224893
-0.230099
-0.208008
-0.164438
-0.103599
-0.0429069
0.0014478
0.0246113
0.0265449
0.0211037
-0.214547
-0.219889
-0.201093
-0.160999
-0.10448
-0.0475638
-0.00486145
0.0186871
0.0226132
0.0198086
-0.204393
-0.209052
-0.193091
-0.15673
-0.104781
-0.0518079
-0.0110281
0.0126217
0.0182936
0.0177825
-0.194382
-0.197994
-0.184516
-0.152041
-0.104831
-0.055939
-0.0172636
0.00631929
0.0136129
0.0151855
-0.184565
-0.186885
-0.17537
-0.146661
-0.104204
-0.0594656
-0.0231245
9.70246e-05
0.00870256
0.012001
-0.174937
-0.175975
-0.166065
-0.140963
-0.103213
-0.0626674
-0.0288112
-0.0061591
0.00354755
0.00832471
-0.165483
-0.165319
-0.156593
-0.134773
-0.101532
-0.0651414
-0.0339343
-0.0121328
-0.0016648
0.00426876
-0.156171
-0.155015
-0.147234
-0.1284
-0.0994415
-0.0671273
-0.0386595
-0.0179162
-0.0069433
-9.84116e-05
-0.146966
-0.145049
-0.137982
-0.121767
-0.0967526
-0.0683509
-0.042683
-0.0232222
-0.0120632
-0.00457881
-0.137892
-0.135473
-0.129027
-0.115122
-0.093711
-0.0690163
-0.0461382
-0.0281134
-0.0170141
-0.00912714
-0.128962
-0.12627
-0.120367
-0.108454
-0.0902469
-0.0689839
-0.0488314
-0.0323705
-0.0215845
-0.0135115
-0.120236
-0.117473
-0.112104
-0.101924
-0.0865463
-0.0684158
-0.0508693
-0.036036
-0.0257507
-0.0177074
-0.11176
-0.109079
-0.104231
-0.0955389
-0.0826077
-0.0672761
-0.0521673
-0.0389816
-0.0293631
-0.0215045
-0.103597
-0.101108
-0.0967819
-0.0893757
-0.0785479
-0.0656846
-0.052815
-0.0412467
-0.0323998
-0.024901
-0.0957868
-0.0935565
-0.0897397
-0.0834355
-0.0743919
-0.0636694
-0.0528168
-0.0427972
-0.0348026
-0.0277506
-0.0883544
-0.0864116
-0.0830819
-0.0777249
-0.0701903
-0.0613089
-0.05225
-0.0436831
-0.036567
-0.030082
-0.0813086
-0.0796521
-0.0767726
-0.0722256
-0.0659627
-0.058653
-0.0511701
-0.0439412
-0.0377223
-0.0318371
-0.0746312
-0.0732347
-0.0707591
-0.0669071
-0.0617203
-0.0557525
-0.0496471
-0.0436373
-0.0382878
-0.03307
-0.0683034
-0.0671272
-0.0650061
-0.0617519
-0.0574839
-0.0526656
-0.0477604
-0.0428465
-0.038349
-0.0337971
-0.0622936
-0.0612998
-0.0594839
-0.056754
-0.0532781
-0.0494521
-0.0455895
-0.0416555
-0.0379465
-0.0340726
-0.0566219
-0.0557622
-0.0542233
-0.0519518
-0.0491768
-0.046206
-0.0432482
-0.0401702
-0.0371997
-0.0339721
-0.0512895
-0.0505751
-0.0492841
-0.0474484
-0.0452893
-0.043065
-0.040876
-0.0385387
-0.0362143
-0.0335831
-0.0463856
-0.04581
-0.0447751
-0.0433402
-0.0417344
-0.0401442
-0.0385968
-0.0368704
-0.0350895
-0.0329719
-0.0419324
-0.0415275
-0.0407535
-0.0396981
-0.0385742
-0.0375081
-0.0364693
-0.0352199
-0.0338575
-0.0321522
-0.0379758
-0.0377643
-0.0372538
-0.0365458
-0.0358278
-0.0351717
-0.0345051
-0.033594
-0.0325098
-0.0310861
-0.0345481
-0.0345353
-0.0342693
-0.0338693
-0.0334859
-0.033135
-0.0327147
-0.0320065
-0.0310709
-0.0298301
-0.031735
-0.0318959
-0.0318026
-0.0316284
-0.031496
-0.0313576
-0.0310692
-0.0304245
-0.0294313
-0.0280562
-0.0294203
-0.0298395
-0.0298944
-0.0298458
-0.029892
-0.0299865
-0.0299602
-0.0295968
-0.0289567
-0.0281379
-0.0270391
-0.027998
-0.0283425
-0.0281697
-0.0278243
-0.0274316
-0.0269118
-0.0260777
-0.0247882
-0.0229736
-0.0252404
-0.0268581
-0.0283939
-0.0295187
-0.030253
-0.0306643
-0.0308171
-0.0307155
-0.0306464
-0.0307703
-0.0270406
-0.0249847
-0.0224485
-0.020799
-0.0197433
-0.0187265
-0.0174976
-0.0159424
-0.0139208
-0.0111862
-0.0449775
-0.0476489
-0.0470815
-0.0461478
-0.0457964
-0.0457275
-0.0456655
-0.0455585
-0.0458222
-0.0463035
1.74853
1.40438
1.10926
0.842428
0.578338
0.266051
-0.0675056
-0.40919
-0.633681
-0.673933
-0.566422
-0.467928
-0.368144
-0.324492
-0.331873
2.69149
2.22662
1.73943
1.25576
0.796311
0.339385
-0.0598382
-0.423326
-0.642038
-0.674873
-0.564853
-0.465856
-0.366474
-0.32315
-0.330999
2.46618
2.17552
1.81652
1.38684
0.921992
0.420394
-0.0363673
-0.417107
-0.639521
-0.676538
-0.564172
-0.459523
-0.362595
-0.320115
-0.329041
1.99277
1.80181
1.5454
1.22763
0.844357
0.414733
-0.0209189
-0.392725
-0.621111
-0.67122
-0.564163
-0.450397
-0.356926
-0.314956
-0.324873
1.67434
1.52593
1.29763
1.02103
0.696366
0.340623
-0.0334237
-0.371219
-0.596586
-0.654607
-0.560012
-0.442519
-0.351343
-0.309535
-0.31881
1.47563
1.25762
1.04
0.809766
0.547236
0.249869
-0.0531836
-0.348034
-0.562002
-0.625071
-0.545376
-0.433467
-0.345256
-0.305575
-0.312086
1.20112
0.972391
0.790679
0.61919
0.433554
0.197659
-0.053066
-0.309842
-0.512132
-0.583986
-0.521837
-0.423097
-0.339755
-0.304487
-0.307196
0.826957
0.691074
0.597789
0.509999
0.395184
0.205263
-0.0161946
-0.246183
-0.445642
-0.53313
-0.494373
-0.412499
-0.334937
-0.305348
-0.305461
0.620697
0.555622
0.507886
0.455965
0.37836
0.241665
0.0503356
-0.161047
-0.367793
-0.479853
-0.469611
-0.404137
-0.330763
-0.306917
-0.306948
0.613348
0.554166
0.498827
0.442255
0.372534
0.270192
0.118472
-0.0691302
-0.283124
-0.426709
-0.449598
-0.397652
-0.325297
-0.306781
-0.310162
0.663003
0.591682
0.519596
0.448132
0.374886
0.287915
0.168653
0.010919
-0.198568
-0.373423
-0.433382
-0.392823
-0.318836
-0.303817
-0.312925
0.660778
0.592621
0.520564
0.448211
0.376562
0.299503
0.201965
0.0719283
-0.11895
-0.316723
-0.415994
-0.388793
-0.311911
-0.297767
-0.313613
0.622254
0.56515
0.503787
0.439997
0.375186
0.306488
0.223963
0.114793
-0.0511254
-0.257442
-0.393397
-0.385282
-0.306095
-0.289789
-0.311813
0.576287
0.529998
0.479455
0.425555
0.368986
0.308814
0.238141
0.145228
0.00348206
-0.196628
-0.362227
-0.38043
-0.301773
-0.280706
-0.307669
0.531332
0.49334
0.451698
0.406461
0.358762
0.306993
0.246585
0.166673
0.0454098
-0.139175
-0.323626
-0.372471
-0.299189
-0.272077
-0.302053
0.488188
0.457006
0.422503
0.385455
0.345663
0.30214
0.250556
0.181683
0.0777983
-0.0877553
-0.279722
-0.359872
-0.297686
-0.26431
-0.295347
0.448577
0.422645
0.394539
0.364124
0.331471
0.294972
0.251029
0.191598
0.1025
-0.0436027
-0.233905
-0.34221
-0.296467
-0.258102
-0.288241
0.413198
0.391881
0.368772
0.343905
0.31681
0.286102
0.248445
0.197232
0.120801
-0.00641216
-0.188491
-0.319705
-0.294615
-0.253113
-0.280766
0.382257
0.364656
0.345516
0.324788
0.301972
0.275694
0.243445
0.199378
0.133822
0.0240267
-0.145643
-0.293114
-0.291177
-0.249324
-0.273366
0.354534
0.339915
0.323898
0.306361
0.286749
0.264218
0.236386
0.19851
0.142321
0.0481045
-0.106455
-0.263547
-0.28563
-0.24619
-0.2659
0.328058
0.316119
0.302861
0.288011
0.271233
0.251648
0.227721
0.195275
0.14718
0.0665497
-0.0717943
-0.232238
-0.277396
-0.243469
-0.258784
0.303605
0.293696
0.282548
0.269896
0.255333
0.238506
0.217876
0.190102
0.148907
0.079947
-0.0420873
-0.200556
-0.266583
-0.240686
-0.251803
0.280687
0.27236
0.26293
0.252069
0.239603
0.224962
0.207231
0.183482
0.148258
0.089223
-0.0173251
-0.169565
-0.2531
-0.237538
-0.245287
0.25992
0.252704
0.244483
0.235027
0.22406
0.211451
0.196164
0.175867
0.145605
0.0949049
0.00251933
-0.140408
-0.237564
-0.233684
-0.238918
0.239642
0.233504
0.22648
0.218304
0.20894
0.198
0.184873
0.167409
0.141485
0.0978344
0.0179856
-0.113674
-0.220247
-0.228872
-0.232896
0.22059
0.215321
0.209251
0.202212
0.194053
0.184691
0.173383
0.158456
0.136052
0.0983203
0.0293271
-0.0900626
-0.202013
-0.222969
-0.226843
0.201084
0.196849
0.191947
0.186149
0.179393
0.171471
0.161855
0.148935
0.129668
0.0970151
0.0373275
-0.0696162
-0.183239
-0.215877
-0.220894
0.183804
0.18019
0.175997
0.171043
0.165292
0.158581
0.150305
0.139244
0.12249
0.0941165
0.0422992
-0.0526071
-0.164749
-0.207664
-0.21471
0.166873
0.164006
0.160637
0.15658
0.151788
0.1461
0.139033
0.129356
0.114841
0.0901694
0.045056
-0.0386413
-0.146806
-0.198392
-0.208372
0.152169
0.149669
0.146722
0.143201
0.139078
0.134192
0.128014
0.119655
0.106919
0.085329
0.045852
-0.0277029
-0.130032
-0.188298
-0.201593
0.137345
0.135413
0.133109
0.130292
0.126902
0.122759
0.117468
0.110074
0.0989259
0.080006
0.0453728
-0.0191735
-0.11448
-0.177553
-0.19449
0.124681
0.12298
0.120942
0.118473
0.115533
0.11196
0.1073
0.100884
0.0910185
0.0743072
0.0437627
-0.0129267
-0.100522
-0.166444
-0.186911
0.111504
0.110313
0.10885
0.106992
0.104663
0.101685
0.0977305
0.092022
0.0832989
0.0685143
0.041539
-0.00831847
-0.0880233
-0.155152
-0.179005
0.100913
0.0998396
0.0985188
0.0968708
0.0948282
0.0922392
0.0887066
0.0837025
0.075903
0.0627121
0.0387599
-0.00522725
-0.0771577
-0.143935
-0.170712
0.090331
0.0895427
0.0885476
0.0872638
0.0856101
0.083407
0.0803717
0.075854
0.0688673
0.0570797
0.0357994
-0.00309933
-0.0676625
-0.132931
-0.162192
0.0814768
0.080783
0.0798932
0.0787537
0.0772884
0.0753545
0.072602
0.0685984
0.0622967
0.0516884
0.0326693
-0.00187001
-0.0595812
-0.122335
-0.153456
0.0727388
0.0722612
0.0716175
0.0707452
0.0695597
0.0679028
0.0655318
0.061895
0.0561995
0.046635
0.0296226
-0.00112032
-0.0526135
-0.112217
-0.144645
0.0657641
0.0653187
0.0647063
0.0638884
0.0627904
0.0612963
0.0591002
0.0558324
0.0506463
0.0419592
0.0266328
-0.000851449
-0.0467531
-0.102697
-0.135802
0.0590819
0.0587442
0.0582558
0.0575792
0.0566416
0.0553084
0.0533655
0.0503452
0.0455879
0.0376695
0.0238444
-0.000776484
-0.0417142
-0.0937825
-0.127044
0.0537219
0.0533826
0.0528856
0.0522102
0.0512948
0.050041
0.048187
0.0454104
0.0410241
0.0337657
0.0212102
-0.00093292
-0.0374779
-0.0855315
-0.118428
0.0482788
0.0480451
0.0476672
0.0471186
0.0463333
0.045202
0.0435381
0.0409498
0.0368891
0.030221
0.018815
-0.00112565
-0.0338026
-0.077907
-0.110036
0.0439658
0.043735
0.0433558
0.0428102
0.0420383
0.0409627
0.0393598
0.0369542
0.0331859
0.0270412
0.0166207
-0.00140084
-0.0306726
-0.0709244
-0.101924
0.039769
0.0395807
0.0392542
0.0387738
0.0380845
0.0370945
0.0356365
0.0333812
0.0298712
0.0241947
0.0146714
-0.00163106
-0.0279027
-0.0645209
-0.0941353
0.0363489
0.0361357
0.0357891
0.0353044
0.0346354
0.0337061
0.0323123
0.0302075
0.0269365
0.0216779
0.0129303
-0.00186378
-0.025488
-0.0586864
-0.0867129
0.0329372
0.032754
0.0324575
0.0320463
0.0314693
0.0306333
0.0293709
0.0274005
0.0243387
0.0194514
0.0114151
-0.00201896
-0.0232975
-0.0533493
-0.0796647
0.03032
0.0301229
0.0298169
0.0294049
0.0288368
0.0280333
0.0268084
0.0249428
0.0220674
0.0175134
0.0100994
-0.00213482
-0.0213338
-0.0484881
-0.0730133
0.0278392
0.0276674
0.0273942
0.0270206
0.0264949
0.0257314
0.0245778
0.0228067
0.0200869
0.0158272
0.00898998
-0.00216117
-0.0195101
-0.0440348
-0.0667404
0.0258587
0.0256842
0.0254124
0.0250424
0.0245228
0.0237768
0.0226517
0.0209482
0.018373
0.0143912
0.00805898
-0.00213483
-0.0178389
-0.0399683
-0.0608561
0.0239896
0.0238268
0.0235765
0.0232365
0.0227502
0.0220383
0.020957
0.0193313
0.016896
0.0131571
0.00729571
-0.00203998
-0.0162751
-0.0362363
-0.0553296
0.0224174
0.0222549
0.0220119
0.0216826
0.0212109
0.0205169
0.0194729
0.017923
0.0156192
0.0121189
0.00666197
-0.00192036
-0.0148429
-0.0328286
-0.0501687
0.0209458
0.0207972
0.0205769
0.0202758
0.0198333
0.019171
0.0181744
0.0167036
0.0145301
0.0112278
0.0061354
-0.001773
-0.0135152
-0.0297059
-0.0453354
0.0197407
0.0195948
0.019383
0.0190919
0.018661
0.0180169
0.0170603
0.0156629
0.0135991
0.0104807
0.00570789
-0.00159936
-0.0122789
-0.0268459
-0.0408317
0.01871
0.0185686
0.0183637
0.0180803
0.0176586
0.0170338
0.0161187
0.0147902
0.0128312
0.00987629
0.00540726
-0.00134249
-0.0110611
-0.0241779
-0.0366102
0.01792
0.0177783
0.0175712
0.0172809
0.0168547
0.0162389
0.0153581
0.0140918
0.0122281
0.00944036
0.0052667
-0.000958803
-0.00980236
-0.0216283
-0.0326667
0.0173206
0.0171783
0.0169656
0.016665
0.0162315
0.0156231
0.0147715
0.013558
0.0117849
0.00915714
0.00527245
-0.000455332
-0.00848819
-0.0191208
-0.0289138
0.0168175
0.0166823
0.0164745
0.0161753
0.015747
0.0151529
0.0143275
0.0131559
0.0114568
0.00897272
0.00534622
6.8414e-05
-0.00720769
-0.016695
-0.0252278
0.0164095
0.0162826
0.0160832
0.0157929
0.0153773
0.0148003
0.0139958
0.0128553
0.0112173
0.00885137
0.00543674
0.000536529
-0.00609054
-0.0145789
-0.0216133
0.0160278
0.0159125
0.0157308
0.0154635
0.0150766
0.0145314
0.0137615
0.0126668
0.0111006
0.00885335
0.00562334
0.00102425
-0.00515394
-0.0130014
-0.0188587
0.0157437
0.0156324
0.0154609
0.0152122
0.014853
0.0143425
0.0136156
0.0125746
0.0110849
0.00894545
0.00587828
0.00154288
-0.00424333
-0.0113356
-0.0172576
0.0155269
0.0154153
0.0152487
0.0150099
0.0146619
0.0141629
0.0134383
0.0123914
0.0108847
0.00873353
0.00572041
0.00168457
-0.00317129
-0.00770989
-0.01195
)
;

boundaryField
{
    airfoil
    {
        type            zeroGradient;
    }
    farBoundaries
    {
        type            freestreamPressure;
        freestreamValue uniform 0;
        supersonic      false;
        value           nonuniform List<scalar> 
52
(
-0.0205287
-0.021748
-0.021489
-0.0210629
-0.0209025
-0.020871
-0.0208427
-0.0207939
-0.0209143
-0.021134
-0.0220581
-0.0219924
-0.0218397
-0.0215228
-0.0209344
-0.0200253
-0.0188481
-0.0174634
-0.0159321
-0.0143024
-0.0126291
-0.0109563
-0.0092958
-0.00768397
-0.00586012
-0.00402235
0.0208195
0.0205899
0.020117
0.0194608
0.0186067
0.0175474
0.0163401
0.0150881
0.0138547
0.0126451
0.0114347
0.0101947
0.00890993
0.00755981
0.00600423
0.00377352
0.0212948
0.0216115
0.0207144
0.0200414
0.0197846
0.0196424
0.0195027
0.0194234
0.0196602
0.0201935
)
;
    }
    inlet
    {
        type            freestreamPressure;
        freestreamValue uniform 0;
        supersonic      false;
        value           nonuniform List<scalar> 
30
(
0.0154958
0.0153807
0.0152089
0.0149625
0.0146033
0.0140872
0.0133371
0.0122528
0.0106948
0.00848568
0.00544695
0.00154544
-0.00271233
-0.00575644
-0.00677617
0.0155894
0.0156962
0.0158521
0.0160656
0.0163655
0.0167682
0.0173041
0.0179849
0.0188021
0.0196783
0.0204213
0.0205885
0.0192843
0.0153335
0.0101569
)
;
    }
    outlet
    {
        type            freestreamPressure;
        freestreamValue uniform 0;
        supersonic      false;
        value           nonuniform List<scalar> 
120
(
3.47489e-06
3.60501e-06
3.73361e-06
3.85955e-06
3.98274e-06
4.09842e-06
4.20758e-06
4.30739e-06
4.4002e-06
4.48382e-06
4.56197e-06
4.63269e-06
4.70015e-06
4.76201e-06
4.82267e-06
4.87911e-06
4.93711e-06
4.99313e-06
5.0523e-06
5.10928e-06
5.17062e-06
5.22872e-06
5.28796e-06
5.33781e-06
5.38299e-06
5.40884e-06
5.41681e-06
5.3892e-06
5.32808e-06
5.21847e-06
5.07011e-06
4.87654e-06
4.65272e-06
4.39612e-06
4.12363e-06
3.83237e-06
3.5371e-06
3.2364e-06
2.94435e-06
2.65647e-06
2.38059e-06
2.10941e-06
1.84661e-06
1.58396e-06
1.32361e-06
1.05928e-06
7.93277e-07
5.21153e-07
2.45433e-07
-3.56687e-08
-3.20706e-07
-6.10636e-07
-9.01217e-07
-1.20216e-06
-1.4936e-06
-1.77734e-06
-2.13478e-06
-2.14291e-06
-1.68269e-06
-6.61039e-07
6.06653e-06
4.38628e-06
4.08424e-06
4.1503e-06
3.93606e-06
3.66614e-06
3.42598e-06
3.20389e-06
2.98332e-06
2.7509e-06
2.50292e-06
2.22824e-06
1.92872e-06
1.60072e-06
1.24531e-06
8.64062e-07
4.59609e-07
4.83416e-08
-3.7389e-07
-7.78843e-07
-1.17493e-06
-1.51645e-06
-1.82471e-06
-2.03869e-06
-2.19157e-06
-2.217e-06
-2.17126e-06
-1.98723e-06
-1.73907e-06
-1.37281e-06
-9.8032e-07
-5.19764e-07
-8.11289e-08
3.65022e-07
7.4522e-07
1.08616e-06
1.34804e-06
1.55746e-06
1.69948e-06
1.7967e-06
1.8536e-06
1.88755e-06
1.90611e-06
1.91745e-06
1.93047e-06
1.94817e-06
1.97697e-06
2.01545e-06
2.06924e-06
2.13469e-06
2.21546e-06
2.30649e-06
2.41109e-06
2.52414e-06
2.64796e-06
2.77712e-06
2.91305e-06
3.05089e-06
3.19092e-06
3.33389e-06
)
;
    }
    defaultFaces
    {
        type            empty;
    }
}


// ************************************************************************* //
