/*--------------------------------*- C++ -*----------------------------------*\
  =========                 |
  \\      /  F ield         | OpenFOAM: The Open Source CFD Toolbox
   \\    /   O peration     | Website:  https://openfoam.org
    \\  /    A nd           | Version:  6.0
     \\/     M anipulation  |
\*---------------------------------------------------------------------------*/
FoamFile
{
    version     2.0;
    format      ascii;
    class       labelList;
    note        "nPoints: 10092 nCells: 4920 nFaces: 19806 nInternalFaces: 9714";
    location    "constant/polyMesh";
    object      neighbour;
}
// * * * * * * * * * * * * * * * * * * * * * * * * * * * * * * * * * * * * * //


9714
(
1
15
4905
2
16
3
17
4
18
5
19
6
20
7
21
8
22
9
23
10
24
11
25
12
26
13
27
14
28
29
900
16
30
4890
17
31
18
32
19
33
20
34
21
35
22
36
23
37
24
38
25
39
26
40
27
41
28
42
29
43
44
910
31
45
4875
32
46
33
47
34
48
35
49
36
50
37
51
38
52
39
53
40
54
41
55
42
56
43
57
44
58
59
920
46
60
4860
47
61
48
62
49
63
50
64
51
65
52
66
53
67
54
68
55
69
56
70
57
71
58
72
59
73
74
930
61
75
4845
62
76
63
77
64
78
65
79
66
80
67
81
68
82
69
83
70
84
71
85
72
86
73
87
74
88
89
940
76
90
4830
77
91
78
92
79
93
80
94
81
95
82
96
83
97
84
98
85
99
86
100
87
101
88
102
89
103
104
950
91
105
4815
92
106
93
107
94
108
95
109
96
110
97
111
98
112
99
113
100
114
101
115
102
116
103
117
104
118
119
960
106
120
4800
107
121
108
122
109
123
110
124
111
125
112
126
113
127
114
128
115
129
116
130
117
131
118
132
119
133
134
970
121
135
4785
122
136
123
137
124
138
125
139
126
140
127
141
128
142
129
143
130
144
131
145
132
146
133
147
134
148
149
980
136
150
4770
137
151
138
152
139
153
140
154
141
155
142
156
143
157
144
158
145
159
146
160
147
161
148
162
149
163
164
990
151
165
4755
152
166
153
167
154
168
155
169
156
170
157
171
158
172
159
173
160
174
161
175
162
176
163
177
164
178
179
1000
166
180
4740
167
181
168
182
169
183
170
184
171
185
172
186
173
187
174
188
175
189
176
190
177
191
178
192
179
193
194
1010
181
195
4725
182
196
183
197
184
198
185
199
186
200
187
201
188
202
189
203
190
204
191
205
192
206
193
207
194
208
209
1020
196
210
4710
197
211
198
212
199
213
200
214
201
215
202
216
203
217
204
218
205
219
206
220
207
221
208
222
209
223
224
1030
211
225
4695
212
226
213
227
214
228
215
229
216
230
217
231
218
232
219
233
220
234
221
235
222
236
223
237
224
238
239
1040
226
240
4680
227
241
228
242
229
243
230
244
231
245
232
246
233
247
234
248
235
249
236
250
237
251
238
252
239
253
254
1050
241
255
4665
242
256
243
257
244
258
245
259
246
260
247
261
248
262
249
263
250
264
251
265
252
266
253
267
254
268
269
1060
256
270
4650
257
271
258
272
259
273
260
274
261
275
262
276
263
277
264
278
265
279
266
280
267
281
268
282
269
283
284
1070
271
285
4635
272
286
273
287
274
288
275
289
276
290
277
291
278
292
279
293
280
294
281
295
282
296
283
297
284
298
299
1080
286
300
4620
287
301
288
302
289
303
290
304
291
305
292
306
293
307
294
308
295
309
296
310
297
311
298
312
299
313
314
1090
301
315
4605
302
316
303
317
304
318
305
319
306
320
307
321
308
322
309
323
310
324
311
325
312
326
313
327
314
328
329
1100
316
330
4590
317
331
318
332
319
333
320
334
321
335
322
336
323
337
324
338
325
339
326
340
327
341
328
342
329
343
344
1110
331
345
4575
332
346
333
347
334
348
335
349
336
350
337
351
338
352
339
353
340
354
341
355
342
356
343
357
344
358
359
1120
346
360
4560
347
361
348
362
349
363
350
364
351
365
352
366
353
367
354
368
355
369
356
370
357
371
358
372
359
373
374
1130
361
375
4545
362
376
363
377
364
378
365
379
366
380
367
381
368
382
369
383
370
384
371
385
372
386
373
387
374
388
389
1140
376
390
4530
377
391
378
392
379
393
380
394
381
395
382
396
383
397
384
398
385
399
386
400
387
401
388
402
389
403
404
1150
391
405
4515
392
406
393
407
394
408
395
409
396
410
397
411
398
412
399
413
400
414
401
415
402
416
403
417
404
418
419
1160
406
420
4500
407
421
408
422
409
423
410
424
411
425
412
426
413
427
414
428
415
429
416
430
417
431
418
432
419
433
434
1170
421
435
4485
422
436
423
437
424
438
425
439
426
440
427
441
428
442
429
443
430
444
431
445
432
446
433
447
434
448
449
1180
436
450
4470
437
451
438
452
439
453
440
454
441
455
442
456
443
457
444
458
445
459
446
460
447
461
448
462
449
463
464
1190
451
465
4455
452
466
453
467
454
468
455
469
456
470
457
471
458
472
459
473
460
474
461
475
462
476
463
477
464
478
479
1200
466
480
4440
467
481
468
482
469
483
470
484
471
485
472
486
473
487
474
488
475
489
476
490
477
491
478
492
479
493
494
1210
481
495
4425
482
496
483
497
484
498
485
499
486
500
487
501
488
502
489
503
490
504
491
505
492
506
493
507
494
508
509
1220
496
510
4410
497
511
498
512
499
513
500
514
501
515
502
516
503
517
504
518
505
519
506
520
507
521
508
522
509
523
524
1230
511
525
4395
512
526
513
527
514
528
515
529
516
530
517
531
518
532
519
533
520
534
521
535
522
536
523
537
524
538
539
1240
526
540
4380
527
541
528
542
529
543
530
544
531
545
532
546
533
547
534
548
535
549
536
550
537
551
538
552
539
553
554
1250
541
555
4365
542
556
543
557
544
558
545
559
546
560
547
561
548
562
549
563
550
564
551
565
552
566
553
567
554
568
569
1260
556
570
4350
557
571
558
572
559
573
560
574
561
575
562
576
563
577
564
578
565
579
566
580
567
581
568
582
569
583
584
1270
571
585
4335
572
586
573
587
574
588
575
589
576
590
577
591
578
592
579
593
580
594
581
595
582
596
583
597
584
598
599
1280
586
600
4320
587
601
588
602
589
603
590
604
591
605
592
606
593
607
594
608
595
609
596
610
597
611
598
612
599
613
614
1290
601
615
4305
602
616
603
617
604
618
605
619
606
620
607
621
608
622
609
623
610
624
611
625
612
626
613
627
614
628
629
1300
616
630
4290
617
631
618
632
619
633
620
634
621
635
622
636
623
637
624
638
625
639
626
640
627
641
628
642
629
643
644
1310
631
645
4275
632
646
633
647
634
648
635
649
636
650
637
651
638
652
639
653
640
654
641
655
642
656
643
657
644
658
659
1320
646
660
4260
647
661
648
662
649
663
650
664
651
665
652
666
653
667
654
668
655
669
656
670
657
671
658
672
659
673
674
1330
661
675
4245
662
676
663
677
664
678
665
679
666
680
667
681
668
682
669
683
670
684
671
685
672
686
673
687
674
688
689
1340
676
690
4230
677
691
678
692
679
693
680
694
681
695
682
696
683
697
684
698
685
699
686
700
687
701
688
702
689
703
704
1350
691
705
4215
692
706
693
707
694
708
695
709
696
710
697
711
698
712
699
713
700
714
701
715
702
716
703
717
704
718
719
1360
706
720
4200
707
721
708
722
709
723
710
724
711
725
712
726
713
727
714
728
715
729
716
730
717
731
718
732
719
733
734
1370
721
735
4185
722
736
723
737
724
738
725
739
726
740
727
741
728
742
729
743
730
744
731
745
732
746
733
747
734
748
749
1380
736
750
4170
737
751
738
752
739
753
740
754
741
755
742
756
743
757
744
758
745
759
746
760
747
761
748
762
749
763
764
1390
751
765
4155
752
766
753
767
754
768
755
769
756
770
757
771
758
772
759
773
760
774
761
775
762
776
763
777
764
778
779
1400
766
780
4140
767
781
768
782
769
783
770
784
771
785
772
786
773
787
774
788
775
789
776
790
777
791
778
792
779
793
794
1410
781
795
4125
782
796
783
797
784
798
785
799
786
800
787
801
788
802
789
803
790
804
791
805
792
806
793
807
794
808
809
1420
796
810
4110
797
811
798
812
799
813
800
814
801
815
802
816
803
817
804
818
805
819
806
820
807
821
808
822
809
823
824
1430
811
825
4095
812
826
813
827
814
828
815
829
816
830
817
831
818
832
819
833
820
834
821
835
822
836
823
837
824
838
839
1440
826
840
4080
827
841
828
842
829
843
830
844
831
845
832
846
833
847
834
848
835
849
836
850
837
851
838
852
839
853
854
1450
841
855
4065
842
856
843
857
844
858
845
859
846
860
847
861
848
862
849
863
850
864
851
865
852
866
853
867
854
868
869
1460
856
870
4050
857
871
858
872
859
873
860
874
861
875
862
876
863
877
864
878
865
879
866
880
867
881
868
882
869
883
884
1470
871
885
4035
872
886
873
887
874
888
875
889
876
890
877
891
878
892
879
893
880
894
881
895
882
896
883
897
884
898
899
1480
886
4020
887
888
889
890
891
892
893
894
895
896
897
898
899
1490
901
910
902
911
903
912
904
913
905
914
906
915
907
916
908
917
909
918
919
1500
911
920
912
921
913
922
914
923
915
924
916
925
917
926
918
927
919
928
929
1516
921
930
922
931
923
932
924
933
925
934
926
935
927
936
928
937
929
938
939
1532
931
940
932
941
933
942
934
943
935
944
936
945
937
946
938
947
939
948
949
1548
941
950
942
951
943
952
944
953
945
954
946
955
947
956
948
957
949
958
959
1564
951
960
952
961
953
962
954
963
955
964
956
965
957
966
958
967
959
968
969
1580
961
970
962
971
963
972
964
973
965
974
966
975
967
976
968
977
969
978
979
1596
971
980
972
981
973
982
974
983
975
984
976
985
977
986
978
987
979
988
989
1612
981
990
982
991
983
992
984
993
985
994
986
995
987
996
988
997
989
998
999
1628
991
1000
992
1001
993
1002
994
1003
995
1004
996
1005
997
1006
998
1007
999
1008
1009
1644
1001
1010
1002
1011
1003
1012
1004
1013
1005
1014
1006
1015
1007
1016
1008
1017
1009
1018
1019
1660
1011
1020
1012
1021
1013
1022
1014
1023
1015
1024
1016
1025
1017
1026
1018
1027
1019
1028
1029
1676
1021
1030
1022
1031
1023
1032
1024
1033
1025
1034
1026
1035
1027
1036
1028
1037
1029
1038
1039
1692
1031
1040
1032
1041
1033
1042
1034
1043
1035
1044
1036
1045
1037
1046
1038
1047
1039
1048
1049
1708
1041
1050
1042
1051
1043
1052
1044
1053
1045
1054
1046
1055
1047
1056
1048
1057
1049
1058
1059
1724
1051
1060
1052
1061
1053
1062
1054
1063
1055
1064
1056
1065
1057
1066
1058
1067
1059
1068
1069
1740
1061
1070
1062
1071
1063
1072
1064
1073
1065
1074
1066
1075
1067
1076
1068
1077
1069
1078
1079
1756
1071
1080
1072
1081
1073
1082
1074
1083
1075
1084
1076
1085
1077
1086
1078
1087
1079
1088
1089
1772
1081
1090
1082
1091
1083
1092
1084
1093
1085
1094
1086
1095
1087
1096
1088
1097
1089
1098
1099
1788
1091
1100
1092
1101
1093
1102
1094
1103
1095
1104
1096
1105
1097
1106
1098
1107
1099
1108
1109
1804
1101
1110
1102
1111
1103
1112
1104
1113
1105
1114
1106
1115
1107
1116
1108
1117
1109
1118
1119
1820
1111
1120
1112
1121
1113
1122
1114
1123
1115
1124
1116
1125
1117
1126
1118
1127
1119
1128
1129
1836
1121
1130
1122
1131
1123
1132
1124
1133
1125
1134
1126
1135
1127
1136
1128
1137
1129
1138
1139
1852
1131
1140
1132
1141
1133
1142
1134
1143
1135
1144
1136
1145
1137
1146
1138
1147
1139
1148
1149
1868
1141
1150
1142
1151
1143
1152
1144
1153
1145
1154
1146
1155
1147
1156
1148
1157
1149
1158
1159
1884
1151
1160
1152
1161
1153
1162
1154
1163
1155
1164
1156
1165
1157
1166
1158
1167
1159
1168
1169
1900
1161
1170
1162
1171
1163
1172
1164
1173
1165
1174
1166
1175
1167
1176
1168
1177
1169
1178
1179
1916
1171
1180
1172
1181
1173
1182
1174
1183
1175
1184
1176
1185
1177
1186
1178
1187
1179
1188
1189
1932
1181
1190
1182
1191
1183
1192
1184
1193
1185
1194
1186
1195
1187
1196
1188
1197
1189
1198
1199
1948
1191
1200
1192
1201
1193
1202
1194
1203
1195
1204
1196
1205
1197
1206
1198
1207
1199
1208
1209
1964
1201
1210
1202
1211
1203
1212
1204
1213
1205
1214
1206
1215
1207
1216
1208
1217
1209
1218
1219
1980
1211
1220
1212
1221
1213
1222
1214
1223
1215
1224
1216
1225
1217
1226
1218
1227
1219
1228
1229
1996
1221
1230
1222
1231
1223
1232
1224
1233
1225
1234
1226
1235
1227
1236
1228
1237
1229
1238
1239
2012
1231
1240
1232
1241
1233
1242
1234
1243
1235
1244
1236
1245
1237
1246
1238
1247
1239
1248
1249
2028
1241
1250
1242
1251
1243
1252
1244
1253
1245
1254
1246
1255
1247
1256
1248
1257
1249
1258
1259
2044
1251
1260
1252
1261
1253
1262
1254
1263
1255
1264
1256
1265
1257
1266
1258
1267
1259
1268
1269
2060
1261
1270
1262
1271
1263
1272
1264
1273
1265
1274
1266
1275
1267
1276
1268
1277
1269
1278
1279
2076
1271
1280
1272
1281
1273
1282
1274
1283
1275
1284
1276
1285
1277
1286
1278
1287
1279
1288
1289
2092
1281
1290
1282
1291
1283
1292
1284
1293
1285
1294
1286
1295
1287
1296
1288
1297
1289
1298
1299
2108
1291
1300
1292
1301
1293
1302
1294
1303
1295
1304
1296
1305
1297
1306
1298
1307
1299
1308
1309
2124
1301
1310
1302
1311
1303
1312
1304
1313
1305
1314
1306
1315
1307
1316
1308
1317
1309
1318
1319
2140
1311
1320
1312
1321
1313
1322
1314
1323
1315
1324
1316
1325
1317
1326
1318
1327
1319
1328
1329
2156
1321
1330
1322
1331
1323
1332
1324
1333
1325
1334
1326
1335
1327
1336
1328
1337
1329
1338
1339
2172
1331
1340
1332
1341
1333
1342
1334
1343
1335
1344
1336
1345
1337
1346
1338
1347
1339
1348
1349
2188
1341
1350
1342
1351
1343
1352
1344
1353
1345
1354
1346
1355
1347
1356
1348
1357
1349
1358
1359
2204
1351
1360
1352
1361
1353
1362
1354
1363
1355
1364
1356
1365
1357
1366
1358
1367
1359
1368
1369
2220
1361
1370
1362
1371
1363
1372
1364
1373
1365
1374
1366
1375
1367
1376
1368
1377
1369
1378
1379
2236
1371
1380
1372
1381
1373
1382
1374
1383
1375
1384
1376
1385
1377
1386
1378
1387
1379
1388
1389
2252
1381
1390
1382
1391
1383
1392
1384
1393
1385
1394
1386
1395
1387
1396
1388
1397
1389
1398
1399
2268
1391
1400
1392
1401
1393
1402
1394
1403
1395
1404
1396
1405
1397
1406
1398
1407
1399
1408
1409
2284
1401
1410
1402
1411
1403
1412
1404
1413
1405
1414
1406
1415
1407
1416
1408
1417
1409
1418
1419
2300
1411
1420
1412
1421
1413
1422
1414
1423
1415
1424
1416
1425
1417
1426
1418
1427
1419
1428
1429
2316
1421
1430
1422
1431
1423
1432
1424
1433
1425
1434
1426
1435
1427
1436
1428
1437
1429
1438
1439
2332
1431
1440
1432
1441
1433
1442
1434
1443
1435
1444
1436
1445
1437
1446
1438
1447
1439
1448
1449
2348
1441
1450
1442
1451
1443
1452
1444
1453
1445
1454
1446
1455
1447
1456
1448
1457
1449
1458
1459
2364
1451
1460
1452
1461
1453
1462
1454
1463
1455
1464
1456
1465
1457
1466
1458
1467
1459
1468
1469
2380
1461
1470
1462
1471
1463
1472
1464
1473
1465
1474
1466
1475
1467
1476
1468
1477
1469
1478
1479
2396
1471
1480
1472
1481
1473
1482
1474
1483
1475
1484
1476
1485
1477
1486
1478
1487
1479
1488
1489
2412
1481
1490
1482
1491
1483
1492
1484
1493
1485
1494
1486
1495
1487
1496
1488
1497
1489
1498
1499
2428
1491
1492
1493
1494
1495
1496
1497
1498
1499
2444
1501
1516
1502
1517
1503
1518
1504
1519
1505
1520
1506
1521
1507
1522
1508
1523
1509
1524
1510
1525
1511
1526
1512
1527
1513
1528
1514
1529
1515
1530
1531
1517
1532
1518
1533
1519
1534
1520
1535
1521
1536
1522
1537
1523
1538
1524
1539
1525
1540
1526
1541
1527
1542
1528
1543
1529
1544
1530
1545
1531
1546
1547
1533
1548
1534
1549
1535
1550
1536
1551
1537
1552
1538
1553
1539
1554
1540
1555
1541
1556
1542
1557
1543
1558
1544
1559
1545
1560
1546
1561
1547
1562
1563
1549
1564
1550
1565
1551
1566
1552
1567
1553
1568
1554
1569
1555
1570
1556
1571
1557
1572
1558
1573
1559
1574
1560
1575
1561
1576
1562
1577
1563
1578
1579
1565
1580
1566
1581
1567
1582
1568
1583
1569
1584
1570
1585
1571
1586
1572
1587
1573
1588
1574
1589
1575
1590
1576
1591
1577
1592
1578
1593
1579
1594
1595
1581
1596
1582
1597
1583
1598
1584
1599
1585
1600
1586
1601
1587
1602
1588
1603
1589
1604
1590
1605
1591
1606
1592
1607
1593
1608
1594
1609
1595
1610
1611
1597
1612
1598
1613
1599
1614
1600
1615
1601
1616
1602
1617
1603
1618
1604
1619
1605
1620
1606
1621
1607
1622
1608
1623
1609
1624
1610
1625
1611
1626
1627
1613
1628
1614
1629
1615
1630
1616
1631
1617
1632
1618
1633
1619
1634
1620
1635
1621
1636
1622
1637
1623
1638
1624
1639
1625
1640
1626
1641
1627
1642
1643
1629
1644
1630
1645
1631
1646
1632
1647
1633
1648
1634
1649
1635
1650
1636
1651
1637
1652
1638
1653
1639
1654
1640
1655
1641
1656
1642
1657
1643
1658
1659
1645
1660
1646
1661
1647
1662
1648
1663
1649
1664
1650
1665
1651
1666
1652
1667
1653
1668
1654
1669
1655
1670
1656
1671
1657
1672
1658
1673
1659
1674
1675
1661
1676
1662
1677
1663
1678
1664
1679
1665
1680
1666
1681
1667
1682
1668
1683
1669
1684
1670
1685
1671
1686
1672
1687
1673
1688
1674
1689
1675
1690
1691
1677
1692
1678
1693
1679
1694
1680
1695
1681
1696
1682
1697
1683
1698
1684
1699
1685
1700
1686
1701
1687
1702
1688
1703
1689
1704
1690
1705
1691
1706
1707
1693
1708
1694
1709
1695
1710
1696
1711
1697
1712
1698
1713
1699
1714
1700
1715
1701
1716
1702
1717
1703
1718
1704
1719
1705
1720
1706
1721
1707
1722
1723
1709
1724
1710
1725
1711
1726
1712
1727
1713
1728
1714
1729
1715
1730
1716
1731
1717
1732
1718
1733
1719
1734
1720
1735
1721
1736
1722
1737
1723
1738
1739
1725
1740
1726
1741
1727
1742
1728
1743
1729
1744
1730
1745
1731
1746
1732
1747
1733
1748
1734
1749
1735
1750
1736
1751
1737
1752
1738
1753
1739
1754
1755
1741
1756
1742
1757
1743
1758
1744
1759
1745
1760
1746
1761
1747
1762
1748
1763
1749
1764
1750
1765
1751
1766
1752
1767
1753
1768
1754
1769
1755
1770
1771
1757
1772
1758
1773
1759
1774
1760
1775
1761
1776
1762
1777
1763
1778
1764
1779
1765
1780
1766
1781
1767
1782
1768
1783
1769
1784
1770
1785
1771
1786
1787
1773
1788
1774
1789
1775
1790
1776
1791
1777
1792
1778
1793
1779
1794
1780
1795
1781
1796
1782
1797
1783
1798
1784
1799
1785
1800
1786
1801
1787
1802
1803
1789
1804
1790
1805
1791
1806
1792
1807
1793
1808
1794
1809
1795
1810
1796
1811
1797
1812
1798
1813
1799
1814
1800
1815
1801
1816
1802
1817
1803
1818
1819
1805
1820
1806
1821
1807
1822
1808
1823
1809
1824
1810
1825
1811
1826
1812
1827
1813
1828
1814
1829
1815
1830
1816
1831
1817
1832
1818
1833
1819
1834
1835
1821
1836
1822
1837
1823
1838
1824
1839
1825
1840
1826
1841
1827
1842
1828
1843
1829
1844
1830
1845
1831
1846
1832
1847
1833
1848
1834
1849
1835
1850
1851
1837
1852
1838
1853
1839
1854
1840
1855
1841
1856
1842
1857
1843
1858
1844
1859
1845
1860
1846
1861
1847
1862
1848
1863
1849
1864
1850
1865
1851
1866
1867
1853
1868
1854
1869
1855
1870
1856
1871
1857
1872
1858
1873
1859
1874
1860
1875
1861
1876
1862
1877
1863
1878
1864
1879
1865
1880
1866
1881
1867
1882
1883
1869
1884
1870
1885
1871
1886
1872
1887
1873
1888
1874
1889
1875
1890
1876
1891
1877
1892
1878
1893
1879
1894
1880
1895
1881
1896
1882
1897
1883
1898
1899
1885
1900
1886
1901
1887
1902
1888
1903
1889
1904
1890
1905
1891
1906
1892
1907
1893
1908
1894
1909
1895
1910
1896
1911
1897
1912
1898
1913
1899
1914
1915
1901
1916
1902
1917
1903
1918
1904
1919
1905
1920
1906
1921
1907
1922
1908
1923
1909
1924
1910
1925
1911
1926
1912
1927
1913
1928
1914
1929
1915
1930
1931
1917
1932
1918
1933
1919
1934
1920
1935
1921
1936
1922
1937
1923
1938
1924
1939
1925
1940
1926
1941
1927
1942
1928
1943
1929
1944
1930
1945
1931
1946
1947
1933
1948
1934
1949
1935
1950
1936
1951
1937
1952
1938
1953
1939
1954
1940
1955
1941
1956
1942
1957
1943
1958
1944
1959
1945
1960
1946
1961
1947
1962
1963
1949
1964
1950
1965
1951
1966
1952
1967
1953
1968
1954
1969
1955
1970
1956
1971
1957
1972
1958
1973
1959
1974
1960
1975
1961
1976
1962
1977
1963
1978
1979
1965
1980
1966
1981
1967
1982
1968
1983
1969
1984
1970
1985
1971
1986
1972
1987
1973
1988
1974
1989
1975
1990
1976
1991
1977
1992
1978
1993
1979
1994
1995
1981
1996
1982
1997
1983
1998
1984
1999
1985
2000
1986
2001
1987
2002
1988
2003
1989
2004
1990
2005
1991
2006
1992
2007
1993
2008
1994
2009
1995
2010
2011
1997
2012
1998
2013
1999
2014
2000
2015
2001
2016
2002
2017
2003
2018
2004
2019
2005
2020
2006
2021
2007
2022
2008
2023
2009
2024
2010
2025
2011
2026
2027
2013
2028
2014
2029
2015
2030
2016
2031
2017
2032
2018
2033
2019
2034
2020
2035
2021
2036
2022
2037
2023
2038
2024
2039
2025
2040
2026
2041
2027
2042
2043
2029
2044
2030
2045
2031
2046
2032
2047
2033
2048
2034
2049
2035
2050
2036
2051
2037
2052
2038
2053
2039
2054
2040
2055
2041
2056
2042
2057
2043
2058
2059
2045
2060
2046
2061
2047
2062
2048
2063
2049
2064
2050
2065
2051
2066
2052
2067
2053
2068
2054
2069
2055
2070
2056
2071
2057
2072
2058
2073
2059
2074
2075
2061
2076
2062
2077
2063
2078
2064
2079
2065
2080
2066
2081
2067
2082
2068
2083
2069
2084
2070
2085
2071
2086
2072
2087
2073
2088
2074
2089
2075
2090
2091
2077
2092
2078
2093
2079
2094
2080
2095
2081
2096
2082
2097
2083
2098
2084
2099
2085
2100
2086
2101
2087
2102
2088
2103
2089
2104
2090
2105
2091
2106
2107
2093
2108
2094
2109
2095
2110
2096
2111
2097
2112
2098
2113
2099
2114
2100
2115
2101
2116
2102
2117
2103
2118
2104
2119
2105
2120
2106
2121
2107
2122
2123
2109
2124
2110
2125
2111
2126
2112
2127
2113
2128
2114
2129
2115
2130
2116
2131
2117
2132
2118
2133
2119
2134
2120
2135
2121
2136
2122
2137
2123
2138
2139
2125
2140
2126
2141
2127
2142
2128
2143
2129
2144
2130
2145
2131
2146
2132
2147
2133
2148
2134
2149
2135
2150
2136
2151
2137
2152
2138
2153
2139
2154
2155
2141
2156
2142
2157
2143
2158
2144
2159
2145
2160
2146
2161
2147
2162
2148
2163
2149
2164
2150
2165
2151
2166
2152
2167
2153
2168
2154
2169
2155
2170
2171
2157
2172
2158
2173
2159
2174
2160
2175
2161
2176
2162
2177
2163
2178
2164
2179
2165
2180
2166
2181
2167
2182
2168
2183
2169
2184
2170
2185
2171
2186
2187
2173
2188
2174
2189
2175
2190
2176
2191
2177
2192
2178
2193
2179
2194
2180
2195
2181
2196
2182
2197
2183
2198
2184
2199
2185
2200
2186
2201
2187
2202
2203
2189
2204
2190
2205
2191
2206
2192
2207
2193
2208
2194
2209
2195
2210
2196
2211
2197
2212
2198
2213
2199
2214
2200
2215
2201
2216
2202
2217
2203
2218
2219
2205
2220
2206
2221
2207
2222
2208
2223
2209
2224
2210
2225
2211
2226
2212
2227
2213
2228
2214
2229
2215
2230
2216
2231
2217
2232
2218
2233
2219
2234
2235
2221
2236
2222
2237
2223
2238
2224
2239
2225
2240
2226
2241
2227
2242
2228
2243
2229
2244
2230
2245
2231
2246
2232
2247
2233
2248
2234
2249
2235
2250
2251
2237
2252
2238
2253
2239
2254
2240
2255
2241
2256
2242
2257
2243
2258
2244
2259
2245
2260
2246
2261
2247
2262
2248
2263
2249
2264
2250
2265
2251
2266
2267
2253
2268
2254
2269
2255
2270
2256
2271
2257
2272
2258
2273
2259
2274
2260
2275
2261
2276
2262
2277
2263
2278
2264
2279
2265
2280
2266
2281
2267
2282
2283
2269
2284
2270
2285
2271
2286
2272
2287
2273
2288
2274
2289
2275
2290
2276
2291
2277
2292
2278
2293
2279
2294
2280
2295
2281
2296
2282
2297
2283
2298
2299
2285
2300
2286
2301
2287
2302
2288
2303
2289
2304
2290
2305
2291
2306
2292
2307
2293
2308
2294
2309
2295
2310
2296
2311
2297
2312
2298
2313
2299
2314
2315
2301
2316
2302
2317
2303
2318
2304
2319
2305
2320
2306
2321
2307
2322
2308
2323
2309
2324
2310
2325
2311
2326
2312
2327
2313
2328
2314
2329
2315
2330
2331
2317
2332
2318
2333
2319
2334
2320
2335
2321
2336
2322
2337
2323
2338
2324
2339
2325
2340
2326
2341
2327
2342
2328
2343
2329
2344
2330
2345
2331
2346
2347
2333
2348
2334
2349
2335
2350
2336
2351
2337
2352
2338
2353
2339
2354
2340
2355
2341
2356
2342
2357
2343
2358
2344
2359
2345
2360
2346
2361
2347
2362
2363
2349
2364
2350
2365
2351
2366
2352
2367
2353
2368
2354
2369
2355
2370
2356
2371
2357
2372
2358
2373
2359
2374
2360
2375
2361
2376
2362
2377
2363
2378
2379
2365
2380
2366
2381
2367
2382
2368
2383
2369
2384
2370
2385
2371
2386
2372
2387
2373
2388
2374
2389
2375
2390
2376
2391
2377
2392
2378
2393
2379
2394
2395
2381
2396
2382
2397
2383
2398
2384
2399
2385
2400
2386
2401
2387
2402
2388
2403
2389
2404
2390
2405
2391
2406
2392
2407
2393
2408
2394
2409
2395
2410
2411
2397
2412
2398
2413
2399
2414
2400
2415
2401
2416
2402
2417
2403
2418
2404
2419
2405
2420
2406
2421
2407
2422
2408
2423
2409
2424
2410
2425
2411
2426
2427
2413
2428
2414
2429
2415
2430
2416
2431
2417
2432
2418
2433
2419
2434
2420
2435
2421
2436
2422
2437
2423
2438
2424
2439
2425
2440
2426
2441
2427
2442
2443
2429
2444
2430
2445
2431
2446
2432
2447
2433
2448
2434
2449
2435
2450
2436
2451
2437
2452
2438
2453
2439
2454
2440
2455
2441
2456
2442
2457
2443
2458
2459
2445
2460
2446
2461
2447
2462
2448
2463
2449
2464
2450
2465
2451
2466
2452
2467
2453
2468
2454
2469
2455
2470
2456
2471
2457
2472
2458
2473
2459
2474
2475
2461
2476
3429
2462
2477
2463
2478
2464
2479
2465
2480
2466
2481
2467
2482
2468
2483
2469
2484
2470
2485
2471
2486
2472
2487
2473
2488
2474
2489
2475
2490
2491
2477
2492
3439
2478
2493
2479
2494
2480
2495
2481
2496
2482
2497
2483
2498
2484
2499
2485
2500
2486
2501
2487
2502
2488
2503
2489
2504
2490
2505
2491
2506
2507
2493
2508
3449
2494
2509
2495
2510
2496
2511
2497
2512
2498
2513
2499
2514
2500
2515
2501
2516
2502
2517
2503
2518
2504
2519
2505
2520
2506
2521
2507
2522
2523
2509
2524
3459
2510
2525
2511
2526
2512
2527
2513
2528
2514
2529
2515
2530
2516
2531
2517
2532
2518
2533
2519
2534
2520
2535
2521
2536
2522
2537
2523
2538
2539
2525
2540
3469
2526
2541
2527
2542
2528
2543
2529
2544
2530
2545
2531
2546
2532
2547
2533
2548
2534
2549
2535
2550
2536
2551
2537
2552
2538
2553
2539
2554
2555
2541
2556
3479
2542
2557
2543
2558
2544
2559
2545
2560
2546
2561
2547
2562
2548
2563
2549
2564
2550
2565
2551
2566
2552
2567
2553
2568
2554
2569
2555
2570
2571
2557
2572
3489
2558
2573
2559
2574
2560
2575
2561
2576
2562
2577
2563
2578
2564
2579
2565
2580
2566
2581
2567
2582
2568
2583
2569
2584
2570
2585
2571
2586
2587
2573
2588
3499
2574
2589
2575
2590
2576
2591
2577
2592
2578
2593
2579
2594
2580
2595
2581
2596
2582
2597
2583
2598
2584
2599
2585
2600
2586
2601
2587
2602
2603
2589
2604
3509
2590
2605
2591
2606
2592
2607
2593
2608
2594
2609
2595
2610
2596
2611
2597
2612
2598
2613
2599
2614
2600
2615
2601
2616
2602
2617
2603
2618
2619
2605
2620
3519
2606
2621
2607
2622
2608
2623
2609
2624
2610
2625
2611
2626
2612
2627
2613
2628
2614
2629
2615
2630
2616
2631
2617
2632
2618
2633
2619
2634
2635
2621
2636
3529
2622
2637
2623
2638
2624
2639
2625
2640
2626
2641
2627
2642
2628
2643
2629
2644
2630
2645
2631
2646
2632
2647
2633
2648
2634
2649
2635
2650
2651
2637
2652
3539
2638
2653
2639
2654
2640
2655
2641
2656
2642
2657
2643
2658
2644
2659
2645
2660
2646
2661
2647
2662
2648
2663
2649
2664
2650
2665
2651
2666
2667
2653
2668
3549
2654
2669
2655
2670
2656
2671
2657
2672
2658
2673
2659
2674
2660
2675
2661
2676
2662
2677
2663
2678
2664
2679
2665
2680
2666
2681
2667
2682
2683
2669
2684
3559
2670
2685
2671
2686
2672
2687
2673
2688
2674
2689
2675
2690
2676
2691
2677
2692
2678
2693
2679
2694
2680
2695
2681
2696
2682
2697
2683
2698
2699
2685
2700
3569
2686
2701
2687
2702
2688
2703
2689
2704
2690
2705
2691
2706
2692
2707
2693
2708
2694
2709
2695
2710
2696
2711
2697
2712
2698
2713
2699
2714
2715
2701
2716
3579
2702
2717
2703
2718
2704
2719
2705
2720
2706
2721
2707
2722
2708
2723
2709
2724
2710
2725
2711
2726
2712
2727
2713
2728
2714
2729
2715
2730
2731
2717
2732
3589
2718
2733
2719
2734
2720
2735
2721
2736
2722
2737
2723
2738
2724
2739
2725
2740
2726
2741
2727
2742
2728
2743
2729
2744
2730
2745
2731
2746
2747
2733
2748
3599
2734
2749
2735
2750
2736
2751
2737
2752
2738
2753
2739
2754
2740
2755
2741
2756
2742
2757
2743
2758
2744
2759
2745
2760
2746
2761
2747
2762
2763
2749
2764
3609
2750
2765
2751
2766
2752
2767
2753
2768
2754
2769
2755
2770
2756
2771
2757
2772
2758
2773
2759
2774
2760
2775
2761
2776
2762
2777
2763
2778
2779
2765
2780
3619
2766
2781
2767
2782
2768
2783
2769
2784
2770
2785
2771
2786
2772
2787
2773
2788
2774
2789
2775
2790
2776
2791
2777
2792
2778
2793
2779
2794
2795
2781
2796
3629
2782
2797
2783
2798
2784
2799
2785
2800
2786
2801
2787
2802
2788
2803
2789
2804
2790
2805
2791
2806
2792
2807
2793
2808
2794
2809
2795
2810
2811
2797
2812
3639
2798
2813
2799
2814
2800
2815
2801
2816
2802
2817
2803
2818
2804
2819
2805
2820
2806
2821
2807
2822
2808
2823
2809
2824
2810
2825
2811
2826
2827
2813
2828
3649
2814
2829
2815
2830
2816
2831
2817
2832
2818
2833
2819
2834
2820
2835
2821
2836
2822
2837
2823
2838
2824
2839
2825
2840
2826
2841
2827
2842
2843
2829
2844
3659
2830
2845
2831
2846
2832
2847
2833
2848
2834
2849
2835
2850
2836
2851
2837
2852
2838
2853
2839
2854
2840
2855
2841
2856
2842
2857
2843
2858
2859
2845
2860
3669
2846
2861
2847
2862
2848
2863
2849
2864
2850
2865
2851
2866
2852
2867
2853
2868
2854
2869
2855
2870
2856
2871
2857
2872
2858
2873
2859
2874
2875
2861
2876
3679
2862
2877
2863
2878
2864
2879
2865
2880
2866
2881
2867
2882
2868
2883
2869
2884
2870
2885
2871
2886
2872
2887
2873
2888
2874
2889
2875
2890
2891
2877
2892
3689
2878
2893
2879
2894
2880
2895
2881
2896
2882
2897
2883
2898
2884
2899
2885
2900
2886
2901
2887
2902
2888
2903
2889
2904
2890
2905
2891
2906
2907
2893
2908
3699
2894
2909
2895
2910
2896
2911
2897
2912
2898
2913
2899
2914
2900
2915
2901
2916
2902
2917
2903
2918
2904
2919
2905
2920
2906
2921
2907
2922
2923
2909
2924
3709
2910
2925
2911
2926
2912
2927
2913
2928
2914
2929
2915
2930
2916
2931
2917
2932
2918
2933
2919
2934
2920
2935
2921
2936
2922
2937
2923
2938
2939
2925
2940
3719
2926
2941
2927
2942
2928
2943
2929
2944
2930
2945
2931
2946
2932
2947
2933
2948
2934
2949
2935
2950
2936
2951
2937
2952
2938
2953
2939
2954
2955
2941
2956
3729
2942
2957
2943
2958
2944
2959
2945
2960
2946
2961
2947
2962
2948
2963
2949
2964
2950
2965
2951
2966
2952
2967
2953
2968
2954
2969
2955
2970
2971
2957
2972
3739
2958
2973
2959
2974
2960
2975
2961
2976
2962
2977
2963
2978
2964
2979
2965
2980
2966
2981
2967
2982
2968
2983
2969
2984
2970
2985
2971
2986
2987
2973
2988
3749
2974
2989
2975
2990
2976
2991
2977
2992
2978
2993
2979
2994
2980
2995
2981
2996
2982
2997
2983
2998
2984
2999
2985
3000
2986
3001
2987
3002
3003
2989
3004
3759
2990
3005
2991
3006
2992
3007
2993
3008
2994
3009
2995
3010
2996
3011
2997
3012
2998
3013
2999
3014
3000
3015
3001
3016
3002
3017
3003
3018
3019
3005
3020
3769
3006
3021
3007
3022
3008
3023
3009
3024
3010
3025
3011
3026
3012
3027
3013
3028
3014
3029
3015
3030
3016
3031
3017
3032
3018
3033
3019
3034
3035
3021
3036
3779
3022
3037
3023
3038
3024
3039
3025
3040
3026
3041
3027
3042
3028
3043
3029
3044
3030
3045
3031
3046
3032
3047
3033
3048
3034
3049
3035
3050
3051
3037
3052
3789
3038
3053
3039
3054
3040
3055
3041
3056
3042
3057
3043
3058
3044
3059
3045
3060
3046
3061
3047
3062
3048
3063
3049
3064
3050
3065
3051
3066
3067
3053
3068
3799
3054
3069
3055
3070
3056
3071
3057
3072
3058
3073
3059
3074
3060
3075
3061
3076
3062
3077
3063
3078
3064
3079
3065
3080
3066
3081
3067
3082
3083
3069
3084
3809
3070
3085
3071
3086
3072
3087
3073
3088
3074
3089
3075
3090
3076
3091
3077
3092
3078
3093
3079
3094
3080
3095
3081
3096
3082
3097
3083
3098
3099
3085
3100
3819
3086
3101
3087
3102
3088
3103
3089
3104
3090
3105
3091
3106
3092
3107
3093
3108
3094
3109
3095
3110
3096
3111
3097
3112
3098
3113
3099
3114
3115
3101
3116
3829
3102
3117
3103
3118
3104
3119
3105
3120
3106
3121
3107
3122
3108
3123
3109
3124
3110
3125
3111
3126
3112
3127
3113
3128
3114
3129
3115
3130
3131
3117
3132
3839
3118
3133
3119
3134
3120
3135
3121
3136
3122
3137
3123
3138
3124
3139
3125
3140
3126
3141
3127
3142
3128
3143
3129
3144
3130
3145
3131
3146
3147
3133
3148
3849
3134
3149
3135
3150
3136
3151
3137
3152
3138
3153
3139
3154
3140
3155
3141
3156
3142
3157
3143
3158
3144
3159
3145
3160
3146
3161
3147
3162
3163
3149
3164
3859
3150
3165
3151
3166
3152
3167
3153
3168
3154
3169
3155
3170
3156
3171
3157
3172
3158
3173
3159
3174
3160
3175
3161
3176
3162
3177
3163
3178
3179
3165
3180
3869
3166
3181
3167
3182
3168
3183
3169
3184
3170
3185
3171
3186
3172
3187
3173
3188
3174
3189
3175
3190
3176
3191
3177
3192
3178
3193
3179
3194
3195
3181
3196
3879
3182
3197
3183
3198
3184
3199
3185
3200
3186
3201
3187
3202
3188
3203
3189
3204
3190
3205
3191
3206
3192
3207
3193
3208
3194
3209
3195
3210
3211
3197
3212
3889
3198
3213
3199
3214
3200
3215
3201
3216
3202
3217
3203
3218
3204
3219
3205
3220
3206
3221
3207
3222
3208
3223
3209
3224
3210
3225
3211
3226
3227
3213
3228
3899
3214
3229
3215
3230
3216
3231
3217
3232
3218
3233
3219
3234
3220
3235
3221
3236
3222
3237
3223
3238
3224
3239
3225
3240
3226
3241
3227
3242
3243
3229
3244
3909
3230
3245
3231
3246
3232
3247
3233
3248
3234
3249
3235
3250
3236
3251
3237
3252
3238
3253
3239
3254
3240
3255
3241
3256
3242
3257
3243
3258
3259
3245
3260
3919
3246
3261
3247
3262
3248
3263
3249
3264
3250
3265
3251
3266
3252
3267
3253
3268
3254
3269
3255
3270
3256
3271
3257
3272
3258
3273
3259
3274
3275
3261
3276
3929
3262
3277
3263
3278
3264
3279
3265
3280
3266
3281
3267
3282
3268
3283
3269
3284
3270
3285
3271
3286
3272
3287
3273
3288
3274
3289
3275
3290
3291
3277
3292
3939
3278
3293
3279
3294
3280
3295
3281
3296
3282
3297
3283
3298
3284
3299
3285
3300
3286
3301
3287
3302
3288
3303
3289
3304
3290
3305
3291
3306
3307
3293
3308
3949
3294
3309
3295
3310
3296
3311
3297
3312
3298
3313
3299
3314
3300
3315
3301
3316
3302
3317
3303
3318
3304
3319
3305
3320
3306
3321
3307
3322
3323
3309
3324
3959
3310
3325
3311
3326
3312
3327
3313
3328
3314
3329
3315
3330
3316
3331
3317
3332
3318
3333
3319
3334
3320
3335
3321
3336
3322
3337
3323
3338
3339
3325
3340
3969
3326
3341
3327
3342
3328
3343
3329
3344
3330
3345
3331
3346
3332
3347
3333
3348
3334
3349
3335
3350
3336
3351
3337
3352
3338
3353
3339
3354
3355
3341
3356
3979
3342
3357
3343
3358
3344
3359
3345
3360
3346
3361
3347
3362
3348
3363
3349
3364
3350
3365
3351
3366
3352
3367
3353
3368
3354
3369
3355
3370
3371
3357
3372
3989
3358
3373
3359
3374
3360
3375
3361
3376
3362
3377
3363
3378
3364
3379
3365
3380
3366
3381
3367
3382
3368
3383
3369
3384
3370
3385
3371
3386
3387
3373
3388
3999
3374
3389
3375
3390
3376
3391
3377
3392
3378
3393
3379
3394
3380
3395
3381
3396
3382
3397
3383
3398
3384
3399
3385
3400
3386
3401
3387
3402
3403
3389
3404
4009
3390
3405
3391
3406
3392
3407
3393
3408
3394
3409
3395
3410
3396
3411
3397
3412
3398
3413
3399
3414
3400
3415
3401
3416
3402
3417
3403
3418
3419
3405
4019
3406
3407
3408
3409
3410
3411
3412
3413
3414
3415
3416
3417
3418
3419
3421
3430
4034
3422
3431
3423
3432
3424
3433
3425
3434
3426
3435
3427
3436
3428
3437
3429
3438
3439
3431
3440
4049
3432
3441
3433
3442
3434
3443
3435
3444
3436
3445
3437
3446
3438
3447
3439
3448
3449
3441
3450
4064
3442
3451
3443
3452
3444
3453
3445
3454
3446
3455
3447
3456
3448
3457
3449
3458
3459
3451
3460
4079
3452
3461
3453
3462
3454
3463
3455
3464
3456
3465
3457
3466
3458
3467
3459
3468
3469
3461
3470
4094
3462
3471
3463
3472
3464
3473
3465
3474
3466
3475
3467
3476
3468
3477
3469
3478
3479
3471
3480
4109
3472
3481
3473
3482
3474
3483
3475
3484
3476
3485
3477
3486
3478
3487
3479
3488
3489
3481
3490
4124
3482
3491
3483
3492
3484
3493
3485
3494
3486
3495
3487
3496
3488
3497
3489
3498
3499
3491
3500
4139
3492
3501
3493
3502
3494
3503
3495
3504
3496
3505
3497
3506
3498
3507
3499
3508
3509
3501
3510
4154
3502
3511
3503
3512
3504
3513
3505
3514
3506
3515
3507
3516
3508
3517
3509
3518
3519
3511
3520
4169
3512
3521
3513
3522
3514
3523
3515
3524
3516
3525
3517
3526
3518
3527
3519
3528
3529
3521
3530
4184
3522
3531
3523
3532
3524
3533
3525
3534
3526
3535
3527
3536
3528
3537
3529
3538
3539
3531
3540
4199
3532
3541
3533
3542
3534
3543
3535
3544
3536
3545
3537
3546
3538
3547
3539
3548
3549
3541
3550
4214
3542
3551
3543
3552
3544
3553
3545
3554
3546
3555
3547
3556
3548
3557
3549
3558
3559
3551
3560
4229
3552
3561
3553
3562
3554
3563
3555
3564
3556
3565
3557
3566
3558
3567
3559
3568
3569
3561
3570
4244
3562
3571
3563
3572
3564
3573
3565
3574
3566
3575
3567
3576
3568
3577
3569
3578
3579
3571
3580
4259
3572
3581
3573
3582
3574
3583
3575
3584
3576
3585
3577
3586
3578
3587
3579
3588
3589
3581
3590
4274
3582
3591
3583
3592
3584
3593
3585
3594
3586
3595
3587
3596
3588
3597
3589
3598
3599
3591
3600
4289
3592
3601
3593
3602
3594
3603
3595
3604
3596
3605
3597
3606
3598
3607
3599
3608
3609
3601
3610
4304
3602
3611
3603
3612
3604
3613
3605
3614
3606
3615
3607
3616
3608
3617
3609
3618
3619
3611
3620
4319
3612
3621
3613
3622
3614
3623
3615
3624
3616
3625
3617
3626
3618
3627
3619
3628
3629
3621
3630
4334
3622
3631
3623
3632
3624
3633
3625
3634
3626
3635
3627
3636
3628
3637
3629
3638
3639
3631
3640
4349
3632
3641
3633
3642
3634
3643
3635
3644
3636
3645
3637
3646
3638
3647
3639
3648
3649
3641
3650
4364
3642
3651
3643
3652
3644
3653
3645
3654
3646
3655
3647
3656
3648
3657
3649
3658
3659
3651
3660
4379
3652
3661
3653
3662
3654
3663
3655
3664
3656
3665
3657
3666
3658
3667
3659
3668
3669
3661
3670
4394
3662
3671
3663
3672
3664
3673
3665
3674
3666
3675
3667
3676
3668
3677
3669
3678
3679
3671
3680
4409
3672
3681
3673
3682
3674
3683
3675
3684
3676
3685
3677
3686
3678
3687
3679
3688
3689
3681
3690
4424
3682
3691
3683
3692
3684
3693
3685
3694
3686
3695
3687
3696
3688
3697
3689
3698
3699
3691
3700
4439
3692
3701
3693
3702
3694
3703
3695
3704
3696
3705
3697
3706
3698
3707
3699
3708
3709
3701
3710
4454
3702
3711
3703
3712
3704
3713
3705
3714
3706
3715
3707
3716
3708
3717
3709
3718
3719
3711
3720
4469
3712
3721
3713
3722
3714
3723
3715
3724
3716
3725
3717
3726
3718
3727
3719
3728
3729
3721
3730
4484
3722
3731
3723
3732
3724
3733
3725
3734
3726
3735
3727
3736
3728
3737
3729
3738
3739
3731
3740
4499
3732
3741
3733
3742
3734
3743
3735
3744
3736
3745
3737
3746
3738
3747
3739
3748
3749
3741
3750
4514
3742
3751
3743
3752
3744
3753
3745
3754
3746
3755
3747
3756
3748
3757
3749
3758
3759
3751
3760
4529
3752
3761
3753
3762
3754
3763
3755
3764
3756
3765
3757
3766
3758
3767
3759
3768
3769
3761
3770
4544
3762
3771
3763
3772
3764
3773
3765
3774
3766
3775
3767
3776
3768
3777
3769
3778
3779
3771
3780
4559
3772
3781
3773
3782
3774
3783
3775
3784
3776
3785
3777
3786
3778
3787
3779
3788
3789
3781
3790
4574
3782
3791
3783
3792
3784
3793
3785
3794
3786
3795
3787
3796
3788
3797
3789
3798
3799
3791
3800
4589
3792
3801
3793
3802
3794
3803
3795
3804
3796
3805
3797
3806
3798
3807
3799
3808
3809
3801
3810
4604
3802
3811
3803
3812
3804
3813
3805
3814
3806
3815
3807
3816
3808
3817
3809
3818
3819
3811
3820
4619
3812
3821
3813
3822
3814
3823
3815
3824
3816
3825
3817
3826
3818
3827
3819
3828
3829
3821
3830
4634
3822
3831
3823
3832
3824
3833
3825
3834
3826
3835
3827
3836
3828
3837
3829
3838
3839
3831
3840
4649
3832
3841
3833
3842
3834
3843
3835
3844
3836
3845
3837
3846
3838
3847
3839
3848
3849
3841
3850
4664
3842
3851
3843
3852
3844
3853
3845
3854
3846
3855
3847
3856
3848
3857
3849
3858
3859
3851
3860
4679
3852
3861
3853
3862
3854
3863
3855
3864
3856
3865
3857
3866
3858
3867
3859
3868
3869
3861
3870
4694
3862
3871
3863
3872
3864
3873
3865
3874
3866
3875
3867
3876
3868
3877
3869
3878
3879
3871
3880
4709
3872
3881
3873
3882
3874
3883
3875
3884
3876
3885
3877
3886
3878
3887
3879
3888
3889
3881
3890
4724
3882
3891
3883
3892
3884
3893
3885
3894
3886
3895
3887
3896
3888
3897
3889
3898
3899
3891
3900
4739
3892
3901
3893
3902
3894
3903
3895
3904
3896
3905
3897
3906
3898
3907
3899
3908
3909
3901
3910
4754
3902
3911
3903
3912
3904
3913
3905
3914
3906
3915
3907
3916
3908
3917
3909
3918
3919
3911
3920
4769
3912
3921
3913
3922
3914
3923
3915
3924
3916
3925
3917
3926
3918
3927
3919
3928
3929
3921
3930
4784
3922
3931
3923
3932
3924
3933
3925
3934
3926
3935
3927
3936
3928
3937
3929
3938
3939
3931
3940
4799
3932
3941
3933
3942
3934
3943
3935
3944
3936
3945
3937
3946
3938
3947
3939
3948
3949
3941
3950
4814
3942
3951
3943
3952
3944
3953
3945
3954
3946
3955
3947
3956
3948
3957
3949
3958
3959
3951
3960
4829
3952
3961
3953
3962
3954
3963
3955
3964
3956
3965
3957
3966
3958
3967
3959
3968
3969
3961
3970
4844
3962
3971
3963
3972
3964
3973
3965
3974
3966
3975
3967
3976
3968
3977
3969
3978
3979
3971
3980
4859
3972
3981
3973
3982
3974
3983
3975
3984
3976
3985
3977
3986
3978
3987
3979
3988
3989
3981
3990
4874
3982
3991
3983
3992
3984
3993
3985
3994
3986
3995
3987
3996
3988
3997
3989
3998
3999
3991
4000
4889
3992
4001
3993
4002
3994
4003
3995
4004
3996
4005
3997
4006
3998
4007
3999
4008
4009
4001
4010
4904
4002
4011
4003
4012
4004
4013
4005
4014
4006
4015
4007
4016
4008
4017
4009
4018
4019
4011
4919
4012
4013
4014
4015
4016
4017
4018
4019
4021
4035
4022
4036
4023
4037
4024
4038
4025
4039
4026
4040
4027
4041
4028
4042
4029
4043
4030
4044
4031
4045
4032
4046
4033
4047
4034
4048
4049
4036
4050
4037
4051
4038
4052
4039
4053
4040
4054
4041
4055
4042
4056
4043
4057
4044
4058
4045
4059
4046
4060
4047
4061
4048
4062
4049
4063
4064
4051
4065
4052
4066
4053
4067
4054
4068
4055
4069
4056
4070
4057
4071
4058
4072
4059
4073
4060
4074
4061
4075
4062
4076
4063
4077
4064
4078
4079
4066
4080
4067
4081
4068
4082
4069
4083
4070
4084
4071
4085
4072
4086
4073
4087
4074
4088
4075
4089
4076
4090
4077
4091
4078
4092
4079
4093
4094
4081
4095
4082
4096
4083
4097
4084
4098
4085
4099
4086
4100
4087
4101
4088
4102
4089
4103
4090
4104
4091
4105
4092
4106
4093
4107
4094
4108
4109
4096
4110
4097
4111
4098
4112
4099
4113
4100
4114
4101
4115
4102
4116
4103
4117
4104
4118
4105
4119
4106
4120
4107
4121
4108
4122
4109
4123
4124
4111
4125
4112
4126
4113
4127
4114
4128
4115
4129
4116
4130
4117
4131
4118
4132
4119
4133
4120
4134
4121
4135
4122
4136
4123
4137
4124
4138
4139
4126
4140
4127
4141
4128
4142
4129
4143
4130
4144
4131
4145
4132
4146
4133
4147
4134
4148
4135
4149
4136
4150
4137
4151
4138
4152
4139
4153
4154
4141
4155
4142
4156
4143
4157
4144
4158
4145
4159
4146
4160
4147
4161
4148
4162
4149
4163
4150
4164
4151
4165
4152
4166
4153
4167
4154
4168
4169
4156
4170
4157
4171
4158
4172
4159
4173
4160
4174
4161
4175
4162
4176
4163
4177
4164
4178
4165
4179
4166
4180
4167
4181
4168
4182
4169
4183
4184
4171
4185
4172
4186
4173
4187
4174
4188
4175
4189
4176
4190
4177
4191
4178
4192
4179
4193
4180
4194
4181
4195
4182
4196
4183
4197
4184
4198
4199
4186
4200
4187
4201
4188
4202
4189
4203
4190
4204
4191
4205
4192
4206
4193
4207
4194
4208
4195
4209
4196
4210
4197
4211
4198
4212
4199
4213
4214
4201
4215
4202
4216
4203
4217
4204
4218
4205
4219
4206
4220
4207
4221
4208
4222
4209
4223
4210
4224
4211
4225
4212
4226
4213
4227
4214
4228
4229
4216
4230
4217
4231
4218
4232
4219
4233
4220
4234
4221
4235
4222
4236
4223
4237
4224
4238
4225
4239
4226
4240
4227
4241
4228
4242
4229
4243
4244
4231
4245
4232
4246
4233
4247
4234
4248
4235
4249
4236
4250
4237
4251
4238
4252
4239
4253
4240
4254
4241
4255
4242
4256
4243
4257
4244
4258
4259
4246
4260
4247
4261
4248
4262
4249
4263
4250
4264
4251
4265
4252
4266
4253
4267
4254
4268
4255
4269
4256
4270
4257
4271
4258
4272
4259
4273
4274
4261
4275
4262
4276
4263
4277
4264
4278
4265
4279
4266
4280
4267
4281
4268
4282
4269
4283
4270
4284
4271
4285
4272
4286
4273
4287
4274
4288
4289
4276
4290
4277
4291
4278
4292
4279
4293
4280
4294
4281
4295
4282
4296
4283
4297
4284
4298
4285
4299
4286
4300
4287
4301
4288
4302
4289
4303
4304
4291
4305
4292
4306
4293
4307
4294
4308
4295
4309
4296
4310
4297
4311
4298
4312
4299
4313
4300
4314
4301
4315
4302
4316
4303
4317
4304
4318
4319
4306
4320
4307
4321
4308
4322
4309
4323
4310
4324
4311
4325
4312
4326
4313
4327
4314
4328
4315
4329
4316
4330
4317
4331
4318
4332
4319
4333
4334
4321
4335
4322
4336
4323
4337
4324
4338
4325
4339
4326
4340
4327
4341
4328
4342
4329
4343
4330
4344
4331
4345
4332
4346
4333
4347
4334
4348
4349
4336
4350
4337
4351
4338
4352
4339
4353
4340
4354
4341
4355
4342
4356
4343
4357
4344
4358
4345
4359
4346
4360
4347
4361
4348
4362
4349
4363
4364
4351
4365
4352
4366
4353
4367
4354
4368
4355
4369
4356
4370
4357
4371
4358
4372
4359
4373
4360
4374
4361
4375
4362
4376
4363
4377
4364
4378
4379
4366
4380
4367
4381
4368
4382
4369
4383
4370
4384
4371
4385
4372
4386
4373
4387
4374
4388
4375
4389
4376
4390
4377
4391
4378
4392
4379
4393
4394
4381
4395
4382
4396
4383
4397
4384
4398
4385
4399
4386
4400
4387
4401
4388
4402
4389
4403
4390
4404
4391
4405
4392
4406
4393
4407
4394
4408
4409
4396
4410
4397
4411
4398
4412
4399
4413
4400
4414
4401
4415
4402
4416
4403
4417
4404
4418
4405
4419
4406
4420
4407
4421
4408
4422
4409
4423
4424
4411
4425
4412
4426
4413
4427
4414
4428
4415
4429
4416
4430
4417
4431
4418
4432
4419
4433
4420
4434
4421
4435
4422
4436
4423
4437
4424
4438
4439
4426
4440
4427
4441
4428
4442
4429
4443
4430
4444
4431
4445
4432
4446
4433
4447
4434
4448
4435
4449
4436
4450
4437
4451
4438
4452
4439
4453
4454
4441
4455
4442
4456
4443
4457
4444
4458
4445
4459
4446
4460
4447
4461
4448
4462
4449
4463
4450
4464
4451
4465
4452
4466
4453
4467
4454
4468
4469
4456
4470
4457
4471
4458
4472
4459
4473
4460
4474
4461
4475
4462
4476
4463
4477
4464
4478
4465
4479
4466
4480
4467
4481
4468
4482
4469
4483
4484
4471
4485
4472
4486
4473
4487
4474
4488
4475
4489
4476
4490
4477
4491
4478
4492
4479
4493
4480
4494
4481
4495
4482
4496
4483
4497
4484
4498
4499
4486
4500
4487
4501
4488
4502
4489
4503
4490
4504
4491
4505
4492
4506
4493
4507
4494
4508
4495
4509
4496
4510
4497
4511
4498
4512
4499
4513
4514
4501
4515
4502
4516
4503
4517
4504
4518
4505
4519
4506
4520
4507
4521
4508
4522
4509
4523
4510
4524
4511
4525
4512
4526
4513
4527
4514
4528
4529
4516
4530
4517
4531
4518
4532
4519
4533
4520
4534
4521
4535
4522
4536
4523
4537
4524
4538
4525
4539
4526
4540
4527
4541
4528
4542
4529
4543
4544
4531
4545
4532
4546
4533
4547
4534
4548
4535
4549
4536
4550
4537
4551
4538
4552
4539
4553
4540
4554
4541
4555
4542
4556
4543
4557
4544
4558
4559
4546
4560
4547
4561
4548
4562
4549
4563
4550
4564
4551
4565
4552
4566
4553
4567
4554
4568
4555
4569
4556
4570
4557
4571
4558
4572
4559
4573
4574
4561
4575
4562
4576
4563
4577
4564
4578
4565
4579
4566
4580
4567
4581
4568
4582
4569
4583
4570
4584
4571
4585
4572
4586
4573
4587
4574
4588
4589
4576
4590
4577
4591
4578
4592
4579
4593
4580
4594
4581
4595
4582
4596
4583
4597
4584
4598
4585
4599
4586
4600
4587
4601
4588
4602
4589
4603
4604
4591
4605
4592
4606
4593
4607
4594
4608
4595
4609
4596
4610
4597
4611
4598
4612
4599
4613
4600
4614
4601
4615
4602
4616
4603
4617
4604
4618
4619
4606
4620
4607
4621
4608
4622
4609
4623
4610
4624
4611
4625
4612
4626
4613
4627
4614
4628
4615
4629
4616
4630
4617
4631
4618
4632
4619
4633
4634
4621
4635
4622
4636
4623
4637
4624
4638
4625
4639
4626
4640
4627
4641
4628
4642
4629
4643
4630
4644
4631
4645
4632
4646
4633
4647
4634
4648
4649
4636
4650
4637
4651
4638
4652
4639
4653
4640
4654
4641
4655
4642
4656
4643
4657
4644
4658
4645
4659
4646
4660
4647
4661
4648
4662
4649
4663
4664
4651
4665
4652
4666
4653
4667
4654
4668
4655
4669
4656
4670
4657
4671
4658
4672
4659
4673
4660
4674
4661
4675
4662
4676
4663
4677
4664
4678
4679
4666
4680
4667
4681
4668
4682
4669
4683
4670
4684
4671
4685
4672
4686
4673
4687
4674
4688
4675
4689
4676
4690
4677
4691
4678
4692
4679
4693
4694
4681
4695
4682
4696
4683
4697
4684
4698
4685
4699
4686
4700
4687
4701
4688
4702
4689
4703
4690
4704
4691
4705
4692
4706
4693
4707
4694
4708
4709
4696
4710
4697
4711
4698
4712
4699
4713
4700
4714
4701
4715
4702
4716
4703
4717
4704
4718
4705
4719
4706
4720
4707
4721
4708
4722
4709
4723
4724
4711
4725
4712
4726
4713
4727
4714
4728
4715
4729
4716
4730
4717
4731
4718
4732
4719
4733
4720
4734
4721
4735
4722
4736
4723
4737
4724
4738
4739
4726
4740
4727
4741
4728
4742
4729
4743
4730
4744
4731
4745
4732
4746
4733
4747
4734
4748
4735
4749
4736
4750
4737
4751
4738
4752
4739
4753
4754
4741
4755
4742
4756
4743
4757
4744
4758
4745
4759
4746
4760
4747
4761
4748
4762
4749
4763
4750
4764
4751
4765
4752
4766
4753
4767
4754
4768
4769
4756
4770
4757
4771
4758
4772
4759
4773
4760
4774
4761
4775
4762
4776
4763
4777
4764
4778
4765
4779
4766
4780
4767
4781
4768
4782
4769
4783
4784
4771
4785
4772
4786
4773
4787
4774
4788
4775
4789
4776
4790
4777
4791
4778
4792
4779
4793
4780
4794
4781
4795
4782
4796
4783
4797
4784
4798
4799
4786
4800
4787
4801
4788
4802
4789
4803
4790
4804
4791
4805
4792
4806
4793
4807
4794
4808
4795
4809
4796
4810
4797
4811
4798
4812
4799
4813
4814
4801
4815
4802
4816
4803
4817
4804
4818
4805
4819
4806
4820
4807
4821
4808
4822
4809
4823
4810
4824
4811
4825
4812
4826
4813
4827
4814
4828
4829
4816
4830
4817
4831
4818
4832
4819
4833
4820
4834
4821
4835
4822
4836
4823
4837
4824
4838
4825
4839
4826
4840
4827
4841
4828
4842
4829
4843
4844
4831
4845
4832
4846
4833
4847
4834
4848
4835
4849
4836
4850
4837
4851
4838
4852
4839
4853
4840
4854
4841
4855
4842
4856
4843
4857
4844
4858
4859
4846
4860
4847
4861
4848
4862
4849
4863
4850
4864
4851
4865
4852
4866
4853
4867
4854
4868
4855
4869
4856
4870
4857
4871
4858
4872
4859
4873
4874
4861
4875
4862
4876
4863
4877
4864
4878
4865
4879
4866
4880
4867
4881
4868
4882
4869
4883
4870
4884
4871
4885
4872
4886
4873
4887
4874
4888
4889
4876
4890
4877
4891
4878
4892
4879
4893
4880
4894
4881
4895
4882
4896
4883
4897
4884
4898
4885
4899
4886
4900
4887
4901
4888
4902
4889
4903
4904
4891
4905
4892
4906
4893
4907
4894
4908
4895
4909
4896
4910
4897
4911
4898
4912
4899
4913
4900
4914
4901
4915
4902
4916
4903
4917
4904
4918
4919
4906
4907
4908
4909
4910
4911
4912
4913
4914
4915
4916
4917
4918
4919
)


// ************************************************************************* //
