/*--------------------------------*- C++ -*----------------------------------*\
  =========                 |
  \\      /  F ield         | OpenFOAM: The Open Source CFD Toolbox
   \\    /   O peration     | Website:  https://openfoam.org
    \\  /    A nd           | Version:  6.0
     \\/     M anipulation  |
\*---------------------------------------------------------------------------*/
FoamFile
{
    version     2.0;
    format      ascii;
    class       volScalarField;
    location    "150";
    object      nuTilda;
}
// * * * * * * * * * * * * * * * * * * * * * * * * * * * * * * * * * * * * * //

dimensions      [0 2 -1 0 0 0 0];

internalField   nonuniform List<scalar> 
9800
(
0.140017
0.140008
0.140008
0.140007
0.140007
0.140006
0.140006
0.140007
0.140007
0.140007
0.140008
0.140009
0.14001
0.140011
0.140012
0.140012
0.140012
0.140012
0.140012
0.140011
0.14001
0.140008
0.139999
0.140001
0.140007
0.140011
0.140012
0.140013
0.140013
0.140013
0.140013
0.140013
0.140013
0.140012
0.140012
0.140011
0.140009
0.140008
0.140008
0.140007
0.140007
0.140006
0.140006
0.140005
0.140005
0.140004
0.140004
0.140003
0.140003
0.140002
0.140001
0.140001
0.14
0.139999
0.139997
0.139995
0.139993
0.139988
0.139979
0.139972
0.139968
0.139965
0.13997
0.139978
0.139985
0.139991
0.139997
0.140003
0.140008
0.140014
0.140021
0.140028
0.140037
0.140049
0.140062
0.140079
0.140101
0.140128
0.140164
0.140212
0.140279
0.140373
0.140498
0.140798
0.141025
0.141488
0.14193
0.142127
0.142179
0.142226
0.14224
0.142252
0.142272
0.142296
0.142314
0.142313
0.142299
0.142123
0.143213
0.135686
0.140037
0.140032
0.140029
0.140025
0.140023
0.140021
0.140019
0.140017
0.140015
0.140012
0.140009
0.140004
0.139996
0.139989
0.139988
0.139988
0.139987
0.139987
0.139987
0.139986
0.139985
0.139984
0.13997
0.139974
0.139997
0.139996
0.13999
0.139989
0.139988
0.139988
0.139988
0.139989
0.139989
0.139989
0.139992
0.140001
0.140008
0.140012
0.140014
0.140016
0.140017
0.140018
0.140019
0.14002
0.140021
0.140022
0.140023
0.140024
0.140025
0.140026
0.140026
0.140027
0.140028
0.140029
0.14003
0.14003
0.140031
0.14003
0.140026
0.140022
0.140018
0.140015
0.140015
0.14002
0.140027
0.140036
0.140047
0.140059
0.140071
0.140084
0.140099
0.140115
0.140132
0.140152
0.140174
0.140199
0.140228
0.140262
0.140301
0.140347
0.1404
0.140464
0.140534
0.140638
0.140731
0.140765
0.140806
0.140855
0.140908
0.140953
0.140989
0.141018
0.141041
0.141062
0.14108
0.141097
0.141112
0.141107
0.141136
0.141126
0.140011
0.140008
0.139993
0.13999
0.139987
0.139984
0.139981
0.139979
0.139976
0.139973
0.139968
0.139961
0.139953
0.139947
0.139945
0.139945
0.139944
0.139943
0.139943
0.139945
0.139954
0.139955
0.139932
0.139937
0.13997
0.139967
0.139951
0.139947
0.139946
0.139946
0.139946
0.139947
0.139947
0.139947
0.13995
0.139957
0.139964
0.139971
0.139975
0.139978
0.139979
0.139981
0.139982
0.139983
0.139983
0.139984
0.139985
0.139986
0.139986
0.139987
0.139988
0.139989
0.13999
0.13999
0.139991
0.139992
0.139992
0.139993
0.139992
0.139991
0.139989
0.139986
0.139984
0.139982
0.139983
0.139991
0.140004
0.140018
0.140033
0.140049
0.140065
0.140082
0.1401
0.140118
0.140138
0.140159
0.140182
0.140207
0.140234
0.140265
0.140299
0.140336
0.140377
0.140423
0.140474
0.140526
0.140579
0.140639
0.140705
0.140774
0.140845
0.140915
0.140986
0.141058
0.141129
0.141199
0.141266
0.141333
0.141395
0.141457
0.139954
0.139946
0.139938
0.139937
0.139935
0.139933
0.139932
0.139931
0.139928
0.139922
0.139915
0.13991
0.139907
0.139906
0.139909
0.139912
0.139915
0.139918
0.139922
0.139927
0.139935
0.139929
0.139891
0.139895
0.139939
0.139944
0.139931
0.139919
0.13991
0.139903
0.139899
0.139898
0.139898
0.139899
0.1399
0.139904
0.139909
0.139915
0.13992
0.139924
0.139927
0.139929
0.13993
0.139931
0.139932
0.139932
0.139932
0.139933
0.139933
0.139933
0.139933
0.139933
0.139933
0.139933
0.139933
0.139933
0.139932
0.139932
0.139931
0.139931
0.139929
0.139927
0.139924
0.139921
0.139918
0.139916
0.139917
0.139921
0.139926
0.139933
0.139941
0.13995
0.139961
0.139976
0.139992
0.14001
0.140029
0.140048
0.140066
0.140085
0.140104
0.140123
0.140141
0.140159
0.140176
0.140196
0.140218
0.140239
0.14026
0.14028
0.140299
0.140317
0.140334
0.140351
0.140366
0.14038
0.140393
0.140404
0.140411
0.140426
0.139882
0.139878
0.139875
0.139875
0.139875
0.139875
0.139873
0.139871
0.139866
0.13986
0.139856
0.139853
0.139853
0.139854
0.139858
0.139862
0.13987
0.139883
0.139896
0.139908
0.139914
0.139898
0.139847
0.139848
0.139895
0.139912
0.139901
0.139879
0.139862
0.139852
0.139847
0.139844
0.139843
0.139843
0.139843
0.139844
0.139847
0.13985
0.139855
0.139859
0.139862
0.139865
0.139867
0.139868
0.139868
0.139868
0.139868
0.139867
0.139867
0.139866
0.139866
0.139865
0.139864
0.139864
0.139863
0.139862
0.139861
0.13986
0.139859
0.139858
0.139857
0.139856
0.139854
0.139851
0.139848
0.139845
0.139844
0.139845
0.139847
0.139851
0.139856
0.139862
0.139869
0.139876
0.139884
0.139893
0.139902
0.13991
0.139919
0.139926
0.139932
0.139934
0.139933
0.139927
0.13992
0.139914
0.139909
0.13991
0.139911
0.139914
0.139917
0.139921
0.139925
0.13993
0.139936
0.139942
0.139948
0.139955
0.13996
0.139962
0.139816
0.139806
0.139806
0.139808
0.139808
0.139808
0.139806
0.139802
0.139797
0.139794
0.139791
0.139791
0.139792
0.139794
0.139797
0.139804
0.139817
0.139839
0.139864
0.139881
0.139883
0.139856
0.139798
0.139795
0.139838
0.139867
0.13986
0.139833
0.139808
0.139795
0.139787
0.139783
0.139781
0.13978
0.139779
0.139779
0.139779
0.13978
0.139782
0.139785
0.139788
0.139791
0.139793
0.139795
0.139795
0.139795
0.139795
0.139794
0.139793
0.139792
0.13979
0.139788
0.139787
0.139785
0.139783
0.139781
0.139779
0.139777
0.139775
0.139773
0.13977
0.139768
0.139765
0.139762
0.139759
0.139755
0.139751
0.139747
0.139744
0.139741
0.139738
0.139736
0.139735
0.139734
0.139733
0.139732
0.139732
0.139731
0.13973
0.139729
0.139726
0.139723
0.139721
0.13972
0.13972
0.139721
0.139721
0.139722
0.139724
0.139726
0.139728
0.139731
0.139734
0.139738
0.139742
0.139746
0.139752
0.139757
0.139761
0.139765
0.139748
0.139726
0.139729
0.139731
0.139733
0.139732
0.13973
0.139727
0.139726
0.139727
0.139733
0.139737
0.139742
0.139748
0.139758
0.139772
0.139792
0.139817
0.139841
0.139855
0.139847
0.139806
0.139742
0.139735
0.139778
0.139819
0.139823
0.139803
0.139775
0.13975
0.139734
0.13972
0.139712
0.139707
0.139705
0.139704
0.139703
0.139703
0.139703
0.139705
0.139707
0.139709
0.13971
0.139712
0.139713
0.139713
0.139713
0.139712
0.139711
0.139709
0.139707
0.139705
0.139702
0.139699
0.139696
0.139693
0.13969
0.139687
0.139683
0.139679
0.139675
0.139672
0.139668
0.139664
0.139659
0.139654
0.139649
0.139643
0.139637
0.139631
0.139624
0.139618
0.139611
0.139604
0.139598
0.139592
0.139585
0.139579
0.139572
0.139565
0.139558
0.139551
0.139548
0.139547
0.139548
0.139549
0.139551
0.139554
0.139558
0.139561
0.139565
0.139569
0.139573
0.139577
0.139582
0.139586
0.139591
0.139596
0.1396
0.139589
0.139675
0.139653
0.139663
0.139667
0.13967
0.139671
0.139672
0.139674
0.139678
0.139686
0.139697
0.139704
0.139714
0.139726
0.139742
0.139762
0.139785
0.139808
0.139825
0.139828
0.139805
0.139751
0.139677
0.139667
0.13971
0.139766
0.139787
0.139779
0.139754
0.139725
0.1397
0.139677
0.13966
0.139647
0.139637
0.139629
0.139623
0.139619
0.139617
0.139616
0.139615
0.139615
0.139616
0.139617
0.139617
0.139617
0.139617
0.139616
0.139615
0.139614
0.139612
0.139609
0.139606
0.139603
0.139599
0.139595
0.139591
0.139586
0.139581
0.139576
0.139571
0.139566
0.13956
0.139554
0.139548
0.139542
0.139536
0.139529
0.139522
0.139514
0.139506
0.139497
0.139488
0.139479
0.139469
0.13946
0.13945
0.13944
0.13943
0.13942
0.139409
0.139398
0.139388
0.139378
0.139371
0.139367
0.139366
0.139368
0.139371
0.139375
0.139379
0.139384
0.139389
0.139394
0.1394
0.139404
0.13941
0.139414
0.139418
0.139405
0.139614
0.139597
0.139607
0.139612
0.139617
0.139621
0.139627
0.139635
0.139645
0.139657
0.139672
0.139683
0.139698
0.139715
0.139735
0.139757
0.139778
0.139796
0.139803
0.139791
0.139751
0.139681
0.139602
0.139587
0.139628
0.1397
0.13974
0.139748
0.139733
0.139706
0.139679
0.139649
0.139624
0.139601
0.139582
0.139566
0.139553
0.139543
0.139536
0.139529
0.139524
0.13952
0.139516
0.139513
0.139511
0.139509
0.139507
0.139505
0.139503
0.139501
0.139498
0.139496
0.139492
0.139489
0.139485
0.139481
0.139476
0.139471
0.139466
0.13946
0.139453
0.139447
0.13944
0.139433
0.139426
0.139418
0.13941
0.139402
0.139394
0.139385
0.139375
0.139365
0.139355
0.139344
0.139333
0.139321
0.139309
0.139297
0.139285
0.139273
0.13926
0.139247
0.139234
0.139221
0.139208
0.139197
0.139191
0.139187
0.139187
0.139189
0.139192
0.139197
0.139202
0.139207
0.139213
0.139218
0.139223
0.139228
0.139233
0.139218
0.13958
0.139568
0.139575
0.139581
0.139587
0.139595
0.139604
0.139616
0.139628
0.139643
0.139659
0.139674
0.139691
0.139711
0.139731
0.139751
0.139767
0.139775
0.139769
0.13974
0.139681
0.139592
0.13951
0.139491
0.139528
0.139614
0.139673
0.139699
0.139699
0.139682
0.139658
0.139628
0.139599
0.139571
0.139545
0.139522
0.139502
0.139486
0.139472
0.13946
0.139449
0.139439
0.13943
0.139422
0.139413
0.139405
0.139398
0.13939
0.139384
0.139377
0.139371
0.139366
0.13936
0.139355
0.13935
0.139344
0.139339
0.139333
0.139327
0.139321
0.139314
0.139306
0.139299
0.139291
0.139283
0.139274
0.139265
0.139255
0.139246
0.139236
0.139225
0.139214
0.139202
0.13919
0.139177
0.139164
0.13915
0.139136
0.139122
0.139108
0.139094
0.139079
0.139064
0.139048
0.139033
0.139017
0.139002
0.138989
0.13898
0.138975
0.138973
0.138973
0.138976
0.138979
0.138983
0.138988
0.138992
0.138995
0.138999
0.138982
0.139538
0.139526
0.139533
0.139543
0.139554
0.139565
0.139578
0.139592
0.139607
0.139623
0.139642
0.13966
0.139678
0.139698
0.139715
0.13973
0.139737
0.139732
0.139708
0.139658
0.139576
0.139469
0.139392
0.139374
0.139413
0.139509
0.139587
0.139633
0.139651
0.139648
0.139633
0.139609
0.139582
0.139554
0.139527
0.139501
0.139477
0.139455
0.139435
0.139416
0.1394
0.139385
0.13937
0.139358
0.139345
0.139332
0.139318
0.139305
0.139291
0.139277
0.139264
0.139251
0.139238
0.139226
0.139215
0.139204
0.139194
0.139184
0.139174
0.139165
0.139155
0.139146
0.139136
0.139126
0.139115
0.139105
0.139094
0.139082
0.139071
0.139059
0.139046
0.139034
0.139021
0.139007
0.138992
0.138977
0.138962
0.138946
0.13893
0.138914
0.138898
0.138881
0.138864
0.138847
0.138829
0.138812
0.138794
0.138777
0.138764
0.138756
0.138752
0.138752
0.138753
0.138756
0.13876
0.138765
0.13877
0.138774
0.138777
0.138763
0.13954
0.139532
0.139539
0.139549
0.13956
0.139572
0.139585
0.139599
0.139613
0.139629
0.139647
0.139664
0.13968
0.139694
0.139704
0.139709
0.139703
0.13968
0.139636
0.139563
0.139459
0.139333
0.13925
0.139228
0.139262
0.139345
0.139443
0.139515
0.139556
0.139573
0.139575
0.139562
0.139543
0.139518
0.139491
0.139465
0.139437
0.13941
0.139384
0.13936
0.139337
0.139315
0.139293
0.139272
0.139253
0.139235
0.139216
0.139197
0.139177
0.139158
0.139138
0.139119
0.139101
0.139083
0.139066
0.139049
0.139033
0.139018
0.139003
0.138989
0.138974
0.13896
0.138946
0.138932
0.138919
0.138905
0.13889
0.138876
0.138862
0.138847
0.138831
0.138816
0.1388
0.138784
0.138767
0.13875
0.138732
0.138714
0.138696
0.138677
0.138658
0.138639
0.138619
0.138599
0.138579
0.138559
0.138538
0.138517
0.138496
0.138475
0.138455
0.138438
0.138425
0.138416
0.138411
0.138409
0.138409
0.138409
0.138409
0.138389
0.139438
0.139415
0.139427
0.139447
0.139467
0.139486
0.139505
0.139524
0.139542
0.139561
0.139585
0.139602
0.139614
0.139621
0.139621
0.13961
0.139583
0.139534
0.139458
0.139352
0.139225
0.139117
0.139054
0.13904
0.13908
0.139171
0.139293
0.139392
0.139461
0.139502
0.139524
0.139527
0.139518
0.139502
0.139481
0.139458
0.139433
0.139407
0.13938
0.139354
0.139327
0.139301
0.139275
0.139248
0.139223
0.139198
0.139172
0.139148
0.139122
0.139095
0.139067
0.139038
0.139009
0.138979
0.13895
0.138922
0.138895
0.13887
0.138845
0.13882
0.138797
0.138774
0.138752
0.138731
0.13871
0.13869
0.138669
0.138649
0.138628
0.138608
0.138587
0.138567
0.138546
0.138525
0.138504
0.138482
0.13846
0.138437
0.138415
0.138392
0.13837
0.138347
0.138324
0.138301
0.138278
0.138254
0.13823
0.138206
0.138182
0.13816
0.138144
0.138133
0.138127
0.138124
0.138125
0.138127
0.13813
0.138134
0.138136
0.138126
0.139508
0.139504
0.139517
0.139533
0.13955
0.139568
0.139585
0.139601
0.139617
0.139632
0.139645
0.139651
0.13965
0.13964
0.139619
0.139583
0.139529
0.139451
0.139348
0.139221
0.139077
0.138938
0.138836
0.138797
0.138812
0.138869
0.138949
0.139032
0.139109
0.139177
0.139236
0.139268
0.13928
0.139275
0.13926
0.139238
0.139211
0.139182
0.139151
0.139122
0.139091
0.139061
0.139031
0.139003
0.138975
0.138948
0.138921
0.138896
0.13887
0.138845
0.138821
0.138795
0.138769
0.138743
0.138715
0.138688
0.138661
0.138633
0.138606
0.138577
0.138549
0.138521
0.138494
0.138467
0.13844
0.138413
0.138387
0.13836
0.138334
0.138307
0.13828
0.138253
0.138226
0.1382
0.138173
0.138146
0.138118
0.138091
0.138063
0.138036
0.138009
0.137981
0.137954
0.137926
0.137897
0.137869
0.13784
0.137811
0.137781
0.137751
0.137721
0.137691
0.13766
0.13763
0.137599
0.137568
0.137539
0.137509
0.137481
0.137461
0.13913
0.1391
0.139108
0.139123
0.139139
0.139153
0.139165
0.139175
0.139183
0.139186
0.139184
0.139174
0.139157
0.139128
0.139088
0.139034
0.138966
0.138882
0.138785
0.13868
0.138576
0.138487
0.138435
0.138433
0.138481
0.138582
0.138717
0.138841
0.13895
0.139043
0.139122
0.139179
0.139216
0.139237
0.139242
0.139236
0.139221
0.1392
0.139173
0.139144
0.139112
0.139078
0.139043
0.139007
0.13897
0.138932
0.138894
0.138855
0.138815
0.138774
0.138733
0.13869
0.138645
0.138599
0.138552
0.138507
0.138461
0.138417
0.138374
0.138333
0.138292
0.138253
0.138214
0.138177
0.138139
0.138103
0.138067
0.138031
0.137995
0.137959
0.137924
0.137888
0.137853
0.137817
0.137782
0.137746
0.13771
0.137674
0.137637
0.137602
0.137566
0.137531
0.137496
0.137461
0.137426
0.137391
0.137356
0.137321
0.137286
0.13725
0.137216
0.137187
0.137166
0.137152
0.137145
0.137142
0.137141
0.137142
0.137144
0.13715
0.139247
0.139235
0.139236
0.139241
0.139246
0.139249
0.139249
0.139245
0.139236
0.139221
0.1392
0.139171
0.13913
0.139079
0.139017
0.138945
0.138861
0.138768
0.138665
0.138556
0.138441
0.138324
0.138206
0.138093
0.138014
0.138011
0.138052
0.138114
0.138184
0.138255
0.138321
0.138378
0.138423
0.138455
0.138476
0.138487
0.138489
0.138482
0.138469
0.13845
0.138427
0.1384
0.13837
0.138338
0.138304
0.138268
0.138231
0.138194
0.138155
0.138115
0.138074
0.138033
0.13799
0.137946
0.137902
0.137857
0.137811
0.137766
0.137723
0.13768
0.137637
0.137596
0.137556
0.137517
0.137478
0.13744
0.137402
0.137365
0.137327
0.13729
0.137253
0.137216
0.137179
0.137142
0.137105
0.137067
0.13703
0.136992
0.136954
0.136915
0.136877
0.136838
0.136798
0.136758
0.136718
0.136676
0.136634
0.136592
0.136548
0.136504
0.136459
0.136413
0.136367
0.136319
0.136271
0.136221
0.13617
0.136117
0.136062
0.136027
0.13825
0.138279
0.138284
0.138255
0.138216
0.138183
0.138155
0.138129
0.1381
0.138061
0.138007
0.137956
0.137902
0.137844
0.137781
0.137716
0.137651
0.137588
0.137534
0.137494
0.137477
0.13749
0.137527
0.137578
0.137638
0.137708
0.137784
0.137864
0.137944
0.138022
0.138098
0.138165
0.138224
0.138275
0.138317
0.138351
0.138376
0.138394
0.138404
0.138406
0.138402
0.138393
0.138378
0.138358
0.138334
0.138306
0.138273
0.138238
0.138199
0.138156
0.138109
0.138058
0.138003
0.137943
0.137878
0.137808
0.137732
0.137648
0.137558
0.137462
0.137364
0.137266
0.137168
0.13707
0.136974
0.136884
0.136798
0.136716
0.136638
0.136563
0.136491
0.136421
0.136354
0.136288
0.136224
0.136161
0.136099
0.136038
0.135976
0.135914
0.135853
0.135791
0.13573
0.13567
0.135609
0.13555
0.13549
0.13543
0.13537
0.13531
0.135249
0.135188
0.135126
0.135065
0.135007
0.134959
0.134925
0.134904
0.134897
0.134912
0.138234
0.138199
0.138159
0.138117
0.138076
0.138037
0.137998
0.137959
0.137919
0.137878
0.137838
0.137798
0.137755
0.137711
0.137666
0.137624
0.137585
0.137552
0.137526
0.13751
0.137505
0.137508
0.137518
0.137528
0.137534
0.137532
0.137518
0.137491
0.137448
0.137386
0.137309
0.137238
0.137178
0.137124
0.137072
0.137021
0.136966
0.136904
0.136842
0.136779
0.136719
0.136656
0.13659
0.136524
0.136459
0.136396
0.136336
0.136282
0.136228
0.136177
0.136127
0.136078
0.13603
0.135982
0.135934
0.135884
0.135833
0.135778
0.13572
0.135657
0.135591
0.135523
0.135455
0.135384
0.135311
0.135235
0.135158
0.13508
0.135001
0.134923
0.134845
0.134766
0.134689
0.134611
0.134533
0.134455
0.134377
0.134299
0.134221
0.134143
0.134064
0.133984
0.133903
0.133822
0.133738
0.133654
0.133568
0.133481
0.133393
0.133303
0.133211
0.133118
0.133023
0.132926
0.132828
0.132727
0.132623
0.132517
0.132419
0.132378
0.137668
0.137917
0.138051
0.13811
0.138125
0.138113
0.138083
0.138037
0.137978
0.137903
0.137831
0.137765
0.137705
0.137649
0.137598
0.137551
0.137509
0.137471
0.137437
0.137408
0.137382
0.137358
0.137336
0.137314
0.137292
0.137267
0.137238
0.137201
0.137152
0.137087
0.137005
0.136924
0.136831
0.136734
0.136634
0.136532
0.136427
0.13632
0.136211
0.136098
0.135983
0.135865
0.135745
0.135621
0.135494
0.13536
0.135218
0.135066
0.134906
0.134732
0.13454
0.134331
0.134103
0.133857
0.133594
0.133319
0.133039
0.13276
0.132492
0.132242
0.132006
0.131788
0.131599
0.131412
0.131237
0.13107
0.130911
0.130759
0.130611
0.130468
0.130329
0.130191
0.130054
0.129918
0.129784
0.129648
0.129512
0.129375
0.129236
0.129094
0.12895
0.128805
0.128657
0.128507
0.128356
0.128204
0.128051
0.127897
0.127741
0.127583
0.127423
0.127261
0.127096
0.126927
0.126757
0.126586
0.126418
0.126269
0.126181
0.126188
0.134976
0.133961
0.133613
0.133536
0.133486
0.133381
0.1332
0.132939
0.132605
0.13224
0.132228
0.131545
0.130941
0.130461
0.130056
0.129695
0.129357
0.12903
0.128706
0.12838
0.128047
0.127706
0.127356
0.126995
0.126624
0.126243
0.125853
0.125456
0.125055
0.124661
0.124412
0.124869
0.124763
0.1246
0.124386
0.124126
0.123824
0.123485
0.12311
0.122704
0.122266
0.1218
0.121306
0.120787
0.120242
0.119675
0.119087
0.118482
0.117873
0.117272
0.116685
0.116118
0.115574
0.115055
0.11456
0.114092
0.113647
0.113223
0.112811
0.112392
0.111923
0.111588
0.111643
0.111369
0.111089
0.110817
0.110552
0.110293
0.11004
0.109792
0.109549
0.10931
0.109076
0.108846
0.10862
0.108399
0.108183
0.107973
0.107768
0.10757
0.107379
0.107197
0.107023
0.106859
0.106706
0.106564
0.106432
0.106311
0.106201
0.106103
0.106016
0.105942
0.105878
0.105825
0.105782
0.105753
0.105758
0.105871
0.106296
0.10735
0.181943
0.195735
0.209753
0.223318
0.236405
0.249041
0.261253
0.273067
0.284503
0.295583
0.306324
0.316742
0.32685
0.336661
0.346185
0.355431
0.364428
0.373135
0.381579
0.389776
0.397732
0.405449
0.412931
0.420181
0.427201
0.433993
0.440561
0.446906
0.453031
0.458939
0.464632
0.470115
0.475298
0.480161
0.485015
0.489683
0.49416
0.498451
0.502561
0.506496
0.51026
0.513859
0.5173
0.520591
0.523737
0.526749
0.529634
0.532151
0.534437
0.53701
0.539514
0.541952
0.544342
0.546705
0.549067
0.551456
0.553907
0.556459
0.559158
0.561491
0.564096
0.567683
0.571674
0.576127
0.581125
0.586752
0.593102
0.598681
0.607676
0.616577
0.141134
0.141135
0.141124
0.141094
0.14105
0.140996
0.140937
0.140878
0.140823
0.140776
0.140739
0.140717
0.14071
0.140721
0.140752
0.140805
0.140883
0.140982
0.141102
0.141248
0.14142
0.141619
0.141845
0.142098
0.142378
0.142686
0.14302
0.143381
0.143767
0.144179
0.144617
0.145079
0.145544
0.145997
0.146518
0.147065
0.147633
0.148221
0.148827
0.14945
0.15009
0.150745
0.151415
0.152099
0.152796
0.153507
0.154235
0.154898
0.155528
0.156285
0.157061
0.157844
0.158632
0.159424
0.16022
0.161018
0.161822
0.162633
0.16346
0.164106
0.164758
0.165651
0.166581
0.167536
0.168534
0.169603
0.170799
0.171558
0.173595
0.175821
0.141435
0.141419
0.141401
0.141382
0.141358
0.141328
0.141291
0.14125
0.141203
0.141152
0.141097
0.141039
0.140977
0.140911
0.140841
0.140767
0.14069
0.140607
0.140521
0.14043
0.140334
0.140233
0.140128
0.140019
0.139906
0.139788
0.139667
0.139542
0.139414
0.139282
0.139147
0.139009
0.138867
0.138719
0.138569
0.138416
0.13826
0.138103
0.137943
0.137781
0.137618
0.137452
0.137286
0.137117
0.136948
0.136776
0.136603
0.136423
0.136235
0.136049
0.135864
0.135678
0.135493
0.135308
0.135123
0.134939
0.134756
0.134573
0.13439
0.134189
0.13398
0.133782
0.133588
0.133397
0.133208
0.133022
0.132838
0.132604
0.132448
0.132306
0.140418
0.140416
0.140415
0.140415
0.140415
0.140415
0.140413
0.140409
0.140405
0.1404
0.140395
0.14039
0.140387
0.140384
0.140381
0.14038
0.140379
0.140378
0.140378
0.140379
0.140379
0.14038
0.140381
0.140381
0.140383
0.140384
0.140385
0.140387
0.140389
0.140391
0.140394
0.140397
0.1404
0.140403
0.140407
0.140411
0.140416
0.14042
0.140425
0.14043
0.140435
0.140439
0.140444
0.140448
0.140452
0.140456
0.140458
0.14046
0.140462
0.140461
0.14046
0.140459
0.140456
0.140454
0.140451
0.140447
0.140443
0.140439
0.140433
0.140429
0.140423
0.140414
0.140406
0.140398
0.140391
0.140384
0.140373
0.140369
0.140342
0.14031
0.139961
0.139961
0.139963
0.139965
0.139968
0.13997
0.139971
0.139972
0.139972
0.139972
0.139972
0.139973
0.139975
0.139978
0.139982
0.139988
0.139994
0.140001
0.140009
0.140018
0.140027
0.140037
0.140048
0.14006
0.140072
0.140086
0.1401
0.140114
0.14013
0.140147
0.140164
0.140183
0.140202
0.140223
0.140244
0.140267
0.140291
0.140316
0.140342
0.140369
0.140397
0.140426
0.140455
0.140486
0.140517
0.140548
0.140579
0.140611
0.140644
0.140678
0.140712
0.140746
0.140781
0.140817
0.140853
0.140889
0.140926
0.140963
0.140999
0.141036
0.141075
0.141116
0.141157
0.141199
0.14124
0.141282
0.14132
0.141357
0.141387
0.141404
0.139765
0.139765
0.139767
0.13977
0.139774
0.139777
0.13978
0.139782
0.139784
0.139787
0.139789
0.139793
0.139797
0.139802
0.139808
0.139815
0.139823
0.139832
0.139842
0.139852
0.139864
0.139875
0.139888
0.139901
0.139915
0.139929
0.139945
0.13996
0.139977
0.139994
0.140012
0.140031
0.140051
0.140071
0.140092
0.140114
0.140137
0.140161
0.140186
0.140212
0.140239
0.140266
0.140294
0.140323
0.140352
0.140381
0.140411
0.14044
0.140471
0.140502
0.140534
0.140567
0.1406
0.140634
0.140668
0.140703
0.140738
0.140773
0.140807
0.140842
0.140879
0.140917
0.140957
0.140997
0.141038
0.141077
0.141114
0.141148
0.141178
0.141194
0.1396
0.139605
0.139611
0.139618
0.139625
0.139631
0.139638
0.139643
0.139649
0.139655
0.139661
0.139668
0.139675
0.139683
0.139692
0.139702
0.139713
0.139724
0.139736
0.139748
0.139761
0.139775
0.139789
0.139804
0.139819
0.139835
0.139851
0.139868
0.139886
0.139904
0.139922
0.139942
0.139961
0.139982
0.140003
0.140025
0.140048
0.140071
0.140095
0.14012
0.140145
0.140171
0.140198
0.140225
0.140253
0.140281
0.140308
0.140336
0.140364
0.140394
0.140424
0.140454
0.140485
0.140517
0.140549
0.140581
0.140614
0.140646
0.140678
0.140709
0.140743
0.140779
0.140816
0.140854
0.140891
0.140928
0.140961
0.140992
0.141019
0.141032
0.139419
0.139426
0.139433
0.13944
0.139448
0.139456
0.139463
0.13947
0.139477
0.139484
0.139491
0.139499
0.139508
0.139518
0.139528
0.139539
0.13955
0.139563
0.139575
0.139588
0.139602
0.139616
0.139631
0.139646
0.139662
0.139678
0.139695
0.139712
0.139729
0.139748
0.139766
0.139785
0.139805
0.139825
0.139845
0.139867
0.139889
0.139912
0.139935
0.139959
0.139984
0.140009
0.140035
0.140062
0.140089
0.140115
0.140142
0.140169
0.140196
0.140225
0.140254
0.140284
0.140315
0.140346
0.140378
0.14041
0.140443
0.140476
0.140508
0.140539
0.140574
0.14061
0.140648
0.140687
0.140726
0.140764
0.140798
0.14083
0.140857
0.140871
0.139233
0.139241
0.139249
0.139256
0.139264
0.139272
0.139279
0.139287
0.139295
0.139303
0.139312
0.139321
0.139331
0.139341
0.139352
0.139364
0.139376
0.139389
0.139403
0.139417
0.139431
0.139446
0.139461
0.139476
0.139492
0.139509
0.139525
0.139543
0.13956
0.139579
0.139597
0.139616
0.139635
0.139655
0.139675
0.139696
0.139717
0.139739
0.139762
0.139785
0.139809
0.139834
0.139858
0.139884
0.13991
0.139936
0.139961
0.139987
0.140014
0.140041
0.14007
0.140099
0.140129
0.14016
0.140192
0.140224
0.140257
0.14029
0.140322
0.140353
0.140388
0.140425
0.140464
0.140505
0.140545
0.140584
0.140619
0.140652
0.140681
0.140694
0.138996
0.139004
0.139012
0.139021
0.139029
0.139037
0.139046
0.139054
0.139062
0.139071
0.13908
0.13909
0.1391
0.139111
0.139122
0.139134
0.139146
0.139159
0.139173
0.139186
0.1392
0.139215
0.13923
0.139245
0.139261
0.139277
0.139294
0.139311
0.139328
0.139346
0.139364
0.139383
0.139401
0.13942
0.13944
0.139461
0.139482
0.139504
0.139526
0.139549
0.139573
0.139597
0.139622
0.139648
0.139674
0.1397
0.139727
0.139753
0.13978
0.139809
0.139839
0.13987
0.139902
0.139935
0.139969
0.140004
0.140039
0.140075
0.14011
0.140144
0.140182
0.140223
0.140267
0.140311
0.140356
0.1404
0.140439
0.140476
0.140508
0.140523
0.138773
0.13878
0.138786
0.138793
0.1388
0.138808
0.138815
0.138823
0.138831
0.138839
0.138848
0.138857
0.138867
0.138877
0.138888
0.138899
0.138911
0.138924
0.138937
0.13895
0.138964
0.138978
0.138993
0.139008
0.139024
0.13904
0.139056
0.139074
0.139091
0.139109
0.139127
0.139146
0.139164
0.139184
0.139204
0.139224
0.139245
0.139267
0.13929
0.139313
0.139337
0.139361
0.139387
0.139413
0.13944
0.139467
0.139494
0.13952
0.139548
0.139578
0.13961
0.139642
0.139675
0.13971
0.139746
0.139784
0.139821
0.139859
0.139896
0.139932
0.139972
0.140016
0.140062
0.14011
0.140158
0.140204
0.140244
0.140283
0.140317
0.140332
0.138399
0.138408
0.138416
0.138425
0.138433
0.138442
0.138451
0.138459
0.138468
0.138477
0.138486
0.138496
0.138505
0.138516
0.138527
0.138538
0.13855
0.138562
0.138574
0.138587
0.138601
0.138615
0.13863
0.138645
0.13866
0.138676
0.138693
0.13871
0.138728
0.138746
0.138765
0.138784
0.138803
0.138823
0.138843
0.138865
0.138887
0.13891
0.138934
0.138958
0.138984
0.139011
0.139038
0.139066
0.139096
0.139125
0.139155
0.139185
0.139216
0.139249
0.139285
0.139321
0.13936
0.1394
0.139442
0.139486
0.13953
0.139575
0.139619
0.139662
0.139709
0.139762
0.139817
0.139874
0.139933
0.139989
0.140039
0.140086
0.140129
0.140148
0.138129
0.138134
0.138138
0.138144
0.138152
0.138161
0.138169
0.138177
0.138186
0.138194
0.138202
0.138211
0.138219
0.138228
0.138238
0.138247
0.138258
0.138268
0.138279
0.138291
0.138302
0.138315
0.138328
0.138341
0.138355
0.13837
0.138385
0.138401
0.138417
0.138434
0.138452
0.13847
0.138488
0.138507
0.138527
0.138547
0.138569
0.138592
0.138615
0.13864
0.138666
0.138693
0.138722
0.138751
0.138782
0.138813
0.138844
0.138876
0.138909
0.138946
0.138984
0.139024
0.139066
0.139111
0.139158
0.139207
0.139257
0.139308
0.139357
0.139405
0.139458
0.139517
0.13958
0.139645
0.139712
0.139776
0.139832
0.139884
0.139932
0.139952
0.137475
0.137485
0.137493
0.137497
0.137501
0.137506
0.137513
0.13752
0.137529
0.13754
0.137551
0.137563
0.137576
0.13759
0.137604
0.137618
0.137633
0.137648
0.137662
0.137678
0.137693
0.137708
0.137724
0.13774
0.137757
0.137774
0.137792
0.13781
0.137829
0.137848
0.137868
0.137888
0.137909
0.13793
0.137952
0.137976
0.138001
0.138027
0.138055
0.138083
0.138114
0.138146
0.13818
0.138215
0.138252
0.13829
0.138329
0.138367
0.138408
0.138452
0.138499
0.138549
0.138601
0.138657
0.138715
0.138775
0.138838
0.1389
0.13896
0.139018
0.139082
0.139154
0.139229
0.139308
0.139388
0.139464
0.13953
0.139592
0.139651
0.139678
0.137152
0.13716
0.137166
0.137169
0.137171
0.137173
0.137173
0.137174
0.137173
0.137171
0.137168
0.137163
0.137158
0.137152
0.137146
0.137141
0.137136
0.137131
0.137128
0.137125
0.137123
0.137122
0.137122
0.137125
0.137129
0.137135
0.137144
0.137156
0.13717
0.137188
0.13721
0.137234
0.137261
0.13729
0.137324
0.137361
0.137398
0.137436
0.137475
0.137515
0.137555
0.137596
0.137639
0.137682
0.137727
0.137772
0.137817
0.137862
0.137908
0.137959
0.138012
0.138068
0.138127
0.138189
0.138254
0.138321
0.13839
0.138459
0.138524
0.138587
0.138655
0.138732
0.138813
0.138897
0.138981
0.139061
0.139129
0.139192
0.139251
0.139273
0.136018
0.136031
0.136042
0.136052
0.136061
0.136072
0.136084
0.136097
0.136111
0.136125
0.136138
0.136151
0.136162
0.136173
0.136182
0.13619
0.136197
0.136203
0.136207
0.13621
0.13621
0.136209
0.136207
0.136202
0.136195
0.136187
0.136177
0.136165
0.136152
0.136139
0.136126
0.136113
0.136102
0.136094
0.136089
0.136087
0.13609
0.136097
0.13611
0.136127
0.13615
0.136179
0.136215
0.136258
0.136308
0.136364
0.136423
0.136485
0.136553
0.136631
0.136719
0.136815
0.136922
0.137036
0.137154
0.137274
0.137394
0.13751
0.137616
0.137715
0.137819
0.137935
0.138055
0.138179
0.138302
0.138418
0.138515
0.138604
0.138695
0.138736
0.1349
0.134925
0.134952
0.134978
0.135005
0.135032
0.13506
0.135087
0.135115
0.135143
0.13517
0.135196
0.135222
0.135247
0.135272
0.135297
0.135321
0.135344
0.135366
0.135388
0.13541
0.13543
0.13545
0.13547
0.135488
0.135507
0.135524
0.135541
0.135557
0.135572
0.135587
0.1356
0.135612
0.135624
0.135635
0.135646
0.135657
0.135668
0.135678
0.135689
0.135699
0.135709
0.13572
0.13573
0.135741
0.13575
0.135759
0.135765
0.13577
0.135776
0.135783
0.135793
0.135805
0.135823
0.135848
0.135882
0.135926
0.13598
0.136037
0.136094
0.136162
0.136252
0.136359
0.136483
0.136618
0.136755
0.136872
0.136973
0.137088
0.137132
0.132219
0.132204
0.132194
0.132183
0.132174
0.132169
0.13217
0.132176
0.132186
0.132198
0.132214
0.132231
0.13225
0.132272
0.132295
0.13232
0.132345
0.132372
0.132401
0.13243
0.132462
0.132495
0.13253
0.132566
0.132605
0.132645
0.132687
0.132729
0.132772
0.132815
0.132857
0.132896
0.132932
0.132964
0.132997
0.133029
0.133061
0.13309
0.133118
0.133143
0.133165
0.133184
0.133199
0.133209
0.133214
0.133213
0.133204
0.133188
0.133163
0.133131
0.133096
0.13306
0.133022
0.132984
0.132947
0.132912
0.132879
0.132846
0.132814
0.132781
0.13275
0.132734
0.132738
0.132761
0.1328
0.132848
0.132892
0.13293
0.132973
0.132979
0.125532
0.125512
0.125555
0.12561
0.125669
0.125734
0.125804
0.125879
0.125959
0.126045
0.126135
0.126231
0.126332
0.126439
0.126552
0.126671
0.126797
0.126927
0.127063
0.127206
0.127354
0.12751
0.127672
0.12784
0.128015
0.128195
0.12838
0.128572
0.128769
0.128972
0.129178
0.129383
0.129582
0.129778
0.129988
0.130203
0.130422
0.130646
0.130875
0.131108
0.131345
0.131586
0.13183
0.132077
0.132324
0.132565
0.132791
0.132988
0.133178
0.133388
0.133604
0.133826
0.134053
0.134285
0.134524
0.134765
0.135004
0.135232
0.135433
0.135579
0.135732
0.135933
0.136154
0.136389
0.136625
0.136842
0.13701
0.137056
0.137162
0.13714
0.100362
0.0989768
0.0983191
0.0977607
0.0972274
0.0967101
0.0962071
0.0957175
0.0952407
0.0947761
0.0943232
0.0938815
0.0934504
0.0930296
0.0926187
0.0922176
0.0918312
0.09145
0.0910735
0.0907032
0.0903398
0.0899842
0.0896368
0.0892981
0.0889686
0.0886489
0.0883393
0.0880403
0.0877522
0.0874752
0.0872089
0.0869523
0.0866789
0.0863678
0.0860785
0.085801
0.0855329
0.0852743
0.0850254
0.0847868
0.0845587
0.0843416
0.0841358
0.0839416
0.0837589
0.0835871
0.0834243
0.0831975
0.0829122
0.0826723
0.082454
0.0822518
0.0820649
0.0818939
0.0817392
0.0816012
0.0814801
0.0813752
0.0812847
0.0810442
0.0807545
0.0805522
0.0803991
0.0802858
0.0802128
0.0801816
0.0801933
0.0797956
0.0798894
0.0800615
0.72173
0.860302
0.94519
0.994755
1.0234
1.04064
1.05216
1.061
1.06863
1.07562
1.08216
1.08829
1.09401
1.09936
1.10435
1.10905
1.1135
1.11774
1.12181
1.12572
1.12951
1.13319
1.13676
1.14024
1.14365
1.14698
1.15025
1.15346
1.15662
1.15975
1.16283
1.16588
1.1689
1.1719
1.17487
1.17782
1.18076
1.18369
1.1866
1.18951
1.19241
1.19531
1.1982
1.20109
1.20399
1.20689
1.20979
1.21269
1.2156
1.21851
1.22143
1.22436
1.22729
1.23024
1.23318
1.23613
1.23909
1.24206
1.24502
1.24799
1.25096
1.25393
1.2569
1.25987
1.26283
1.26578
1.26871
1.27161
1.27448
1.27728
1.27997
1.28249
1.28472
1.28645
1.28741
0.20696
0.287318
0.380657
0.476141
0.566398
0.647745
0.718936
0.780101
0.832103
0.876142
0.913518
0.945475
0.973115
0.997358
1.01894
1.03841
1.05619
1.07258
1.08781
1.10205
1.11542
1.12802
1.13995
1.15128
1.16207
1.17239
1.18229
1.1918
1.20098
1.20985
1.21844
1.22677
1.23488
1.24277
1.25047
1.258
1.26536
1.27257
1.27966
1.28661
1.29346
1.3002
1.30684
1.3134
1.31988
1.32628
1.33261
1.33888
1.34509
1.35125
1.35735
1.3634
1.36941
1.37538
1.3813
1.38718
1.39302
1.39882
1.40458
1.4103
1.41598
1.42162
1.42721
1.43276
1.43827
1.44372
1.44913
1.45446
1.45973
1.4649
1.46993
1.47474
1.47918
1.48292
1.48534
0.130905
0.132258
0.141379
0.160752
0.190702
0.230109
0.277098
0.329507
0.385195
0.442224
0.498964
0.554138
0.606824
0.656421
0.70261
0.745302
0.784578
0.820639
0.853758
0.884241
0.912399
0.938522
0.962876
0.985688
1.00715
1.02743
1.04666
1.06495
1.0824
1.09908
1.11506
1.13041
1.14518
1.15942
1.17318
1.18649
1.1994
1.21194
1.22413
1.236
1.24759
1.2589
1.26997
1.2808
1.29142
1.30183
1.31206
1.32212
1.33201
1.34175
1.35135
1.36081
1.37014
1.37935
1.38844
1.39742
1.4063
1.41507
1.42373
1.4323
1.44077
1.44915
1.45742
1.4656
1.47368
1.48167
1.48955
1.49733
1.505
1.51254
1.51993
1.52709
1.53386
1.53987
1.5442
0.139873
0.138324
0.136083
0.133733
0.132211
0.132578
0.135827
0.142772
0.153942
0.169794
0.19041
0.215615
0.245026
0.278108
0.314221
0.352671
0.392747
0.43376
0.475074
0.516131
0.556461
0.595695
0.63356
0.669877
0.704548
0.737545
0.768891
0.798651
0.826916
0.853792
0.87939
0.90382
0.927187
0.949586
0.971104
0.991817
1.01179
1.03108
1.04975
1.06783
1.08537
1.10241
1.11898
1.13512
1.15084
1.16619
1.18119
1.19585
1.2102
1.22427
1.23806
1.2516
1.26489
1.27795
1.2908
1.30343
1.31587
1.32811
1.34017
1.35205
1.36375
1.37529
1.38665
1.39785
1.40889
1.41977
1.43048
1.44103
1.45142
1.46164
1.47167
1.48146
1.49089
1.49959
1.50644
0.141477
0.141563
0.141487
0.14112
0.140371
0.139227
0.13777
0.136175
0.134687
0.133615
0.133306
0.134121
0.136414
0.140513
0.146708
0.155235
0.166244
0.179932
0.196372
0.215533
0.237304
0.261503
0.287891
0.316179
0.346046
0.377152
0.409153
0.441717
0.474531
0.507311
0.539813
0.571832
0.603204
0.63381
0.663566
0.692424
0.720363
0.747388
0.77352
0.798796
0.823258
0.846954
0.869933
0.892243
0.91393
0.935037
0.955602
0.975659
0.995241
1.01437
1.03308
1.05139
1.06932
1.08689
1.10412
1.12101
1.1376
1.15388
1.16988
1.18559
1.20104
1.21623
1.23117
1.24586
1.26031
1.27452
1.28849
1.30223
1.31573
1.32899
1.34202
1.35478
1.36719
1.379
1.38919
0.141262
0.141404
0.14156
0.141719
0.141857
0.141936
0.141914
0.141747
0.141404
0.140869
0.140145
0.139258
0.138259
0.137221
0.136236
0.135418
0.134894
0.13481
0.135323
0.136603
0.138818
0.142137
0.146722
0.15272
0.160259
0.169443
0.18034
0.193028
0.207564
0.22394
0.242102
0.261959
0.283389
0.306243
0.330352
0.355529
0.38158
0.408309
0.435522
0.463037
0.490682
0.518306
0.545776
0.572979
0.599825
0.626244
0.652186
0.677618
0.702521
0.726891
0.750732
0.774056
0.796878
0.819221
0.841104
0.862549
0.883576
0.904205
0.924451
0.944331
0.963856
0.983037
1.00188
1.0204
1.03859
1.05647
1.07403
1.09128
1.10821
1.12484
1.14114
1.15713
1.17277
1.18799
1.20246
0.141079
0.141168
0.141261
0.141361
0.141471
0.14159
0.141718
0.141847
0.14197
0.142073
0.142141
0.142159
0.14211
0.141981
0.14176
0.141443
0.141027
0.14052
0.139933
0.139287
0.138612
0.137943
0.137329
0.136823
0.136488
0.136396
0.136623
0.137255
0.138385
0.140112
0.142536
0.14576
0.149883
0.155003
0.161208
0.168575
0.177171
0.187044
0.198218
0.210745
0.224648
0.239911
0.256493
0.274331
0.293346
0.313443
0.334512
0.356436
0.37909
0.402346
0.426078
0.450161
0.474479
0.498921
0.523391
0.547799
0.572072
0.596146
0.61997
0.643506
0.666721
0.689596
0.712117
0.734275
0.756067
0.777492
0.798549
0.819242
0.839569
0.859531
0.879126
0.898346
0.917187
0.935756
0.955467
0.14091
0.140979
0.141048
0.141118
0.141189
0.141262
0.141338
0.141419
0.141503
0.141594
0.141689
0.141789
0.141891
0.141992
0.142088
0.142172
0.142239
0.142281
0.142292
0.142266
0.142196
0.142078
0.141906
0.141681
0.141402
0.141072
0.140695
0.140282
0.139843
0.139393
0.138953
0.138546
0.1382
0.137948
0.137828
0.137882
0.138157
0.138706
0.139583
0.14085
0.142571
0.144815
0.147652
0.151155
0.155394
0.160437
0.166348
0.173187
0.181003
0.189838
0.199723
0.21067
0.222714
0.23587
0.250124
0.265443
0.281782
0.299083
0.317275
0.336279
0.356007
0.376366
0.397257
0.418582
0.440242
0.462141
0.484186
0.50629
0.528371
0.550356
0.572176
0.593772
0.615083
0.636043
0.661504
0.140722
0.140772
0.140824
0.140877
0.14093
0.140983
0.141035
0.141087
0.141139
0.141193
0.141248
0.141306
0.141366
0.141431
0.141499
0.141571
0.141647
0.141725
0.141805
0.141886
0.141964
0.142039
0.142108
0.142168
0.142217
0.14225
0.142265
0.14226
0.14223
0.142174
0.14209
0.141975
0.141828
0.14165
0.141441
0.141203
0.140939
0.140654
0.140355
0.14005
0.13975
0.139466
0.139216
0.139016
0.138888
0.138856
0.138947
0.139191
0.139624
0.140282
0.141205
0.142437
0.144025
0.14602
0.148473
0.151439
0.154973
0.159129
0.163961
0.169518
0.175846
0.182985
0.190969
0.199822
0.209558
0.220178
0.231716
0.244155
0.257471
0.271623
0.286561
0.302212
0.318598
0.334744
0.359219
0.140544
0.140583
0.140623
0.140663
0.140701
0.140738
0.140773
0.140806
0.140839
0.140873
0.140906
0.140941
0.140976
0.141013
0.141051
0.141091
0.141132
0.141174
0.141218
0.141263
0.14131
0.141358
0.141408
0.14146
0.141513
0.141567
0.141621
0.141675
0.141729
0.14178
0.141828
0.141872
0.141911
0.141943
0.141966
0.141979
0.141981
0.141969
0.141943
0.1419
0.14184
0.141762
0.141665
0.141548
0.141412
0.141257
0.141084
0.140896
0.140694
0.140483
0.140268
0.140055
0.139851
0.139665
0.139507
0.139389
0.139327
0.139336
0.139434
0.139643
0.139985
0.140486
0.141174
0.142078
0.14323
0.144664
0.146415
0.14852
0.151017
0.153943
0.157339
0.161212
0.165738
0.170137
0.178958
0.140343
0.140355
0.140365
0.140375
0.140385
0.140396
0.140405
0.140413
0.14042
0.140425
0.140429
0.140433
0.140438
0.140443
0.140449
0.140457
0.140465
0.140475
0.140485
0.140497
0.140509
0.140522
0.140537
0.140553
0.14057
0.140588
0.140608
0.140629
0.140653
0.140677
0.140704
0.140731
0.140761
0.140791
0.140822
0.140854
0.140886
0.140919
0.14095
0.140981
0.14101
0.141037
0.141061
0.141081
0.141098
0.141109
0.141115
0.141115
0.141107
0.141091
0.141066
0.141031
0.140986
0.14093
0.140864
0.140785
0.140696
0.140596
0.140486
0.140367
0.140241
0.140111
0.139979
0.139849
0.139726
0.139614
0.139522
0.139455
0.139422
0.139433
0.139499
0.139627
0.139853
0.140081
0.140817
0.14016
0.140167
0.140168
0.140166
0.140164
0.140161
0.140156
0.140148
0.140135
0.140118
0.140097
0.140072
0.140045
0.140017
0.139988
0.13996
0.139932
0.139905
0.139879
0.139854
0.13983
0.139807
0.139785
0.139764
0.139744
0.139726
0.139709
0.139693
0.13968
0.139668
0.139658
0.139649
0.139643
0.139639
0.139636
0.139635
0.139637
0.139641
0.139647
0.139656
0.139667
0.139683
0.139702
0.139724
0.139751
0.139781
0.139816
0.139854
0.139895
0.13994
0.139987
0.140036
0.140087
0.140138
0.14019
0.140241
0.140291
0.140339
0.140384
0.140426
0.140465
0.140499
0.140529
0.140552
0.140569
0.140579
0.140584
0.140581
0.140571
0.140556
0.140534
0.140509
0.140481
0.140457
0.140413
0.139906
0.139795
0.13969
0.139592
0.139505
0.13943
0.139366
0.13931
0.13926
0.139216
0.139176
0.139142
0.139113
0.139089
0.139069
0.139053
0.13904
0.139028
0.139017
0.139005
0.138992
0.138978
0.138963
0.138945
0.138927
0.138907
0.138886
0.138865
0.138843
0.138821
0.138799
0.138777
0.138756
0.138735
0.138716
0.138698
0.138682
0.138669
0.13866
0.138657
0.13866
0.13867
0.138689
0.138719
0.138762
0.138815
0.13888
0.138954
0.139037
0.139128
0.139224
0.139321
0.139421
0.139521
0.139623
0.139726
0.139829
0.139932
0.140036
0.14014
0.140243
0.140345
0.140447
0.140546
0.140645
0.140741
0.140835
0.140927
0.141016
0.141102
0.141185
0.141265
0.141341
0.141412
0.141509
0.139679
0.139658
0.139636
0.139618
0.139597
0.139566
0.139523
0.139468
0.139405
0.13934
0.139276
0.139217
0.139162
0.139114
0.13907
0.13903
0.138992
0.138955
0.138918
0.138881
0.138843
0.138804
0.138763
0.138722
0.13868
0.138637
0.138594
0.138551
0.138509
0.138468
0.138428
0.13839
0.138353
0.138317
0.138284
0.138253
0.138224
0.1382
0.13818
0.138167
0.138161
0.138164
0.13818
0.13821
0.138258
0.138324
0.138405
0.138501
0.138607
0.138719
0.138834
0.138951
0.139071
0.139192
0.139314
0.139437
0.139561
0.139685
0.139809
0.139933
0.140057
0.140182
0.140305
0.140429
0.140552
0.140674
0.140796
0.140917
0.141037
0.141157
0.141276
0.141394
0.141511
0.141621
0.141788
0.139141
0.138889
0.138653
0.13844
0.138251
0.138085
0.137942
0.137818
0.137712
0.137623
0.137548
0.137488
0.137441
0.137405
0.13738
0.137362
0.137352
0.137347
0.137348
0.137354
0.137366
0.137379
0.137392
0.137404
0.137414
0.137422
0.137429
0.137435
0.137442
0.13745
0.13746
0.137475
0.137494
0.137517
0.137544
0.137578
0.137621
0.13767
0.137726
0.137789
0.13786
0.137937
0.138019
0.138109
0.1382
0.138293
0.138386
0.138481
0.138576
0.138672
0.138769
0.138867
0.138966
0.139065
0.139166
0.139267
0.139371
0.139476
0.139583
0.139692
0.139802
0.139915
0.140029
0.140145
0.140263
0.140383
0.140503
0.140626
0.14075
0.140874
0.141001
0.141128
0.141258
0.141377
0.141571
0.138725
0.138673
0.138612
0.138554
0.138503
0.138456
0.138411
0.138369
0.138328
0.138289
0.138253
0.13822
0.138188
0.13816
0.138133
0.138109
0.138086
0.138064
0.138043
0.138022
0.138002
0.137982
0.137962
0.137942
0.137922
0.137902
0.137881
0.137862
0.137843
0.137826
0.137811
0.137799
0.13779
0.137785
0.137783
0.137785
0.13779
0.137798
0.137809
0.137823
0.137839
0.137857
0.137876
0.137896
0.137917
0.137937
0.137957
0.137976
0.137993
0.13801
0.138024
0.138038
0.138052
0.138067
0.138086
0.138112
0.138147
0.138195
0.138258
0.138331
0.13841
0.138496
0.138589
0.138688
0.138792
0.138901
0.139016
0.139135
0.139259
0.139387
0.139519
0.139654
0.139795
0.139925
0.140145
0.136776
0.136114
0.135508
0.134973
0.134517
0.134138
0.13383
0.133586
0.133396
0.133252
0.133147
0.133073
0.133026
0.133
0.13299
0.132995
0.133012
0.133038
0.133072
0.133112
0.133157
0.133206
0.133259
0.133316
0.133374
0.133433
0.133492
0.133553
0.133622
0.133694
0.133766
0.133838
0.133908
0.133977
0.134044
0.134109
0.134173
0.134235
0.134297
0.134358
0.134418
0.134479
0.134539
0.134599
0.134659
0.13472
0.13478
0.13484
0.1349
0.13496
0.135019
0.135079
0.13514
0.135202
0.135267
0.135335
0.135406
0.135483
0.135564
0.13565
0.135743
0.135841
0.135945
0.136054
0.136171
0.136294
0.136423
0.13656
0.136701
0.136846
0.136996
0.137149
0.13731
0.137457
0.137712
0.132559
0.131669
0.130779
0.12998
0.129303
0.128752
0.128312
0.127954
0.127691
0.127561
0.127507
0.127488
0.127486
0.127494
0.127509
0.127531
0.12756
0.127594
0.127634
0.127677
0.127723
0.127766
0.127797
0.127828
0.127863
0.127902
0.127948
0.127996
0.128067
0.128151
0.12824
0.128333
0.12843
0.128529
0.128631
0.128736
0.128843
0.128953
0.129067
0.129183
0.129303
0.129427
0.129555
0.129687
0.129823
0.129964
0.130109
0.130258
0.130412
0.13057
0.130733
0.130899
0.13107
0.131245
0.131425
0.131608
0.131797
0.13199
0.132187
0.13239
0.132598
0.132811
0.13303
0.133254
0.133484
0.13372
0.133961
0.134209
0.134463
0.134723
0.13499
0.135262
0.135547
0.135801
0.136252
0.133594
0.128066
0.123988
0.121124
0.119102
0.117992
0.117366
0.11701
0.116822
0.116749
0.116751
0.116803
0.116893
0.117014
0.11716
0.117326
0.11751
0.117708
0.11792
0.118144
0.118379
0.118623
0.118876
0.119138
0.119406
0.119681
0.119962
0.12025
0.120543
0.120842
0.121147
0.121458
0.121774
0.122096
0.122423
0.122756
0.123095
0.12344
0.12379
0.124147
0.12451
0.12488
0.125256
0.125639
0.126028
0.126425
0.126829
0.12724
0.127658
0.128083
0.128515
0.128955
0.129401
0.129855
0.130316
0.130784
0.131259
0.131741
0.13223
0.132727
0.13323
0.133742
0.13426
0.134787
0.135321
0.135862
0.136412
0.13697
0.137535
0.138109
0.138691
0.139279
0.139889
0.140433
0.141376
0.0773629
0.0758734
0.0758991
0.0765808
0.0775765
0.0787499
0.0800348
0.081393
0.0828025
0.0842357
0.0856919
0.0871681
0.088656
0.0901471
0.0916337
0.0931096
0.0945694
0.0960093
0.0974266
0.0988192
0.100186
0.101527
0.102842
0.104131
0.105394
0.106632
0.107845
0.109034
0.110199
0.11134
0.112459
0.113556
0.114633
0.115691
0.116731
0.117756
0.118766
0.119763
0.120748
0.121723
0.122687
0.123641
0.124587
0.125524
0.126453
0.127374
0.128289
0.129197
0.1301
0.130997
0.131889
0.132776
0.13366
0.13454
0.135417
0.136292
0.137165
0.138036
0.138906
0.139775
0.140643
0.141512
0.142381
0.143251
0.144122
0.144994
0.145868
0.146744
0.147623
0.148504
0.149387
0.15027
0.151172
0.15198
0.15333
0.0676149
0.067852
0.070003
0.0724837
0.0748107
0.077345
0.0797442
0.0819479
0.0839614
0.0858231
0.0875588
0.0891886
0.0907287
0.0921924
0.0935907
0.0949326
0.0962245
0.0974714
0.0986774
0.0998455
0.100978
0.102078
0.103148
0.104187
0.105198
0.106183
0.107141
0.108074
0.108983
0.109871
0.110742
0.1116
0.112451
0.113303
0.114161
0.115041
0.11594
0.116887
0.11786
0.118854
0.119864
0.120886
0.121918
0.122957
0.124001
0.125048
0.126096
0.127145
0.128193
0.12924
0.130285
0.131328
0.132368
0.133405
0.134439
0.13547
0.136498
0.137523
0.138544
0.139562
0.140578
0.14159
0.142598
0.143604
0.144607
0.145607
0.146603
0.147597
0.148588
0.149575
0.15056
0.151539
0.152532
0.153425
0.154879
0.133226
0.135393
0.13743
0.139327
0.141102
0.142768
0.14434
0.14583
0.147251
0.148609
0.149912
0.151162
0.152362
0.153515
0.154622
0.155685
0.156702
0.157672
0.158597
0.159478
0.160317
0.161116
0.161877
0.162601
0.16329
0.163946
0.164568
0.16516
0.165721
0.166253
0.166757
0.167235
0.167687
0.168115
0.168521
0.168907
0.169274
0.169623
0.169957
0.170275
0.170578
0.170868
0.171145
0.171409
0.171661
0.171902
0.172133
0.172353
0.172564
0.172766
0.17296
0.173147
0.173326
0.1735
0.173668
0.173831
0.17399
0.174144
0.174296
0.174444
0.17459
0.174733
0.174875
0.175016
0.175156
0.175295
0.175434
0.175572
0.17571
0.175849
0.175987
0.176126
0.176267
0.176392
0.176608
0.139639
0.139431
0.139394
0.139463
0.139608
0.13981
0.140057
0.14034
0.140652
0.14099
0.141351
0.141732
0.142132
0.142551
0.142985
0.143434
0.1439
0.144383
0.144881
0.145394
0.145918
0.146453
0.146996
0.147547
0.148105
0.148666
0.149231
0.149798
0.150363
0.150927
0.151488
0.152046
0.152602
0.153157
0.153711
0.154264
0.154816
0.155368
0.155919
0.15647
0.15702
0.15757
0.15812
0.158669
0.159217
0.159764
0.16031
0.160854
0.161397
0.161938
0.162476
0.163011
0.163544
0.164073
0.164599
0.16512
0.165638
0.166151
0.166659
0.167162
0.16766
0.168152
0.168639
0.169119
0.169594
0.170062
0.170523
0.170977
0.171424
0.171865
0.172297
0.172722
0.173144
0.173524
0.174115
0.139416
0.139508
0.139595
0.139689
0.139788
0.13989
0.139993
0.140098
0.140203
0.140308
0.140413
0.140519
0.140625
0.140732
0.140839
0.140945
0.141051
0.141157
0.141261
0.141364
0.141465
0.141564
0.14166
0.141755
0.141848
0.141938
0.142023
0.142096
0.142147
0.142164
0.142162
0.142178
0.142243
0.142332
0.14244
0.142568
0.142715
0.142881
0.143066
0.143269
0.143491
0.143731
0.143989
0.144263
0.144554
0.14486
0.145181
0.145515
0.145862
0.146222
0.146592
0.146973
0.147364
0.147762
0.148169
0.148583
0.149003
0.149428
0.149859
0.150294
0.150732
0.151174
0.151619
0.152066
0.152514
0.152964
0.153414
0.153865
0.154316
0.154765
0.155214
0.15566
0.156112
0.156517
0.15718
0.14002
0.140214
0.140413
0.140619
0.14083
0.141043
0.141254
0.141461
0.141664
0.141862
0.142056
0.142244
0.142428
0.142607
0.142781
0.14295
0.143114
0.143273
0.143426
0.143572
0.143713
0.143846
0.143973
0.144092
0.144205
0.14431
0.144407
0.144495
0.144573
0.144642
0.144701
0.144752
0.144796
0.144834
0.144867
0.144897
0.144924
0.144948
0.144972
0.144995
0.145018
0.145041
0.145065
0.145091
0.145118
0.145146
0.145176
0.145208
0.145242
0.145277
0.145314
0.145352
0.145392
0.145433
0.145476
0.145519
0.145563
0.145608
0.145654
0.1457
0.145747
0.145794
0.145842
0.14589
0.145938
0.145985
0.146033
0.14608
0.146127
0.146172
0.146215
0.146257
0.146304
0.146337
0.146451
0.1408
0.140844
0.140899
0.140968
0.14105
0.141143
0.141243
0.141346
0.141453
0.141562
0.141673
0.141786
0.1419
0.142016
0.142133
0.142252
0.142371
0.14249
0.14261
0.142729
0.142847
0.142963
0.143077
0.14319
0.1433
0.143407
0.143511
0.143613
0.143711
0.143805
0.143895
0.143982
0.144064
0.144142
0.144215
0.144285
0.14435
0.144411
0.144468
0.144521
0.14457
0.144615
0.144655
0.144692
0.144725
0.144753
0.144778
0.144799
0.144815
0.144828
0.144837
0.144841
0.144842
0.144838
0.144831
0.144819
0.144804
0.144784
0.14476
0.144733
0.144701
0.144665
0.144626
0.144582
0.144535
0.144484
0.144429
0.144371
0.144309
0.144244
0.144176
0.144105
0.144031
0.143961
0.143852
0.14114
0.141229
0.141316
0.141406
0.141499
0.141596
0.141693
0.141791
0.141887
0.141983
0.142077
0.142169
0.142261
0.142352
0.142443
0.142533
0.142623
0.142712
0.142801
0.142888
0.142975
0.143059
0.143142
0.143223
0.143301
0.143377
0.143451
0.143522
0.143591
0.143657
0.14372
0.143781
0.143839
0.143894
0.143946
0.143995
0.144041
0.144084
0.144123
0.144159
0.144192
0.144221
0.144246
0.144267
0.144284
0.144297
0.144306
0.14431
0.14431
0.144305
0.144296
0.144282
0.144264
0.14424
0.144212
0.144178
0.14414
0.144097
0.144049
0.143996
0.143938
0.143876
0.143808
0.143736
0.143659
0.143578
0.143493
0.143404
0.143312
0.143216
0.143117
0.143017
0.142913
0.142816
0.142665
0.141283
0.14133
0.141375
0.141426
0.141483
0.141545
0.14161
0.141677
0.141743
0.141809
0.141873
0.141937
0.142001
0.142064
0.142128
0.142191
0.142255
0.142319
0.142383
0.142447
0.14251
0.142573
0.142635
0.142695
0.142754
0.142812
0.142868
0.142922
0.142975
0.143025
0.143073
0.14312
0.143164
0.143206
0.143247
0.143285
0.14332
0.143354
0.143385
0.143413
0.143438
0.143461
0.14348
0.143496
0.143508
0.143517
0.143521
0.143521
0.143518
0.143509
0.143496
0.143479
0.143456
0.143429
0.143396
0.143359
0.143317
0.14327
0.143217
0.14316
0.143098
0.143031
0.14296
0.142885
0.142806
0.142723
0.142637
0.142548
0.142456
0.142363
0.142269
0.142174
0.142079
0.14199
0.141862
0.141344
0.141411
0.141472
0.141534
0.141599
0.141666
0.141733
0.141801
0.141866
0.14193
0.141992
0.142052
0.14211
0.142167
0.142223
0.142278
0.142333
0.142387
0.142441
0.142494
0.142547
0.142598
0.142648
0.142697
0.142744
0.14279
0.142833
0.142875
0.142915
0.142952
0.142988
0.143022
0.143054
0.143083
0.143111
0.143137
0.143161
0.143182
0.143202
0.143219
0.143235
0.143247
0.143258
0.143265
0.14327
0.143271
0.14327
0.143265
0.143256
0.143243
0.143226
0.143205
0.14318
0.14315
0.143115
0.143075
0.143031
0.142982
0.142928
0.142869
0.142805
0.142737
0.142665
0.142588
0.142508
0.142425
0.142339
0.142251
0.142161
0.14207
0.141979
0.141889
0.1418
0.141716
0.141603
0.141496
0.141543
0.141583
0.141626
0.141675
0.141727
0.141783
0.141839
0.141894
0.141948
0.142
0.14205
0.142098
0.142144
0.142189
0.142234
0.142277
0.142321
0.142364
0.142407
0.14245
0.142492
0.142534
0.142575
0.142614
0.142653
0.142691
0.142727
0.142761
0.142794
0.142825
0.142855
0.142882
0.142908
0.142932
0.142955
0.142975
0.142994
0.14301
0.143025
0.143038
0.143048
0.143057
0.143062
0.143066
0.143066
0.143063
0.143058
0.143048
0.143035
0.143019
0.142997
0.142972
0.142942
0.142907
0.142867
0.142822
0.142772
0.142717
0.142657
0.142592
0.142522
0.142448
0.142369
0.142287
0.142201
0.142112
0.142022
0.141929
0.141836
0.141743
0.141651
0.141561
0.141477
0.141367
0.141593
0.141651
0.141702
0.141755
0.14181
0.141868
0.141927
0.141985
0.142043
0.142098
0.142151
0.142202
0.14225
0.142297
0.142342
0.142386
0.142429
0.14247
0.142512
0.142552
0.142592
0.14263
0.142668
0.142705
0.142741
0.142775
0.142809
0.142841
0.142872
0.142901
0.142929
0.142955
0.14298
0.143002
0.143023
0.143042
0.143058
0.143072
0.143084
0.143093
0.143099
0.143102
0.143102
0.143099
0.143092
0.143081
0.143066
0.143046
0.143022
0.142993
0.142958
0.142917
0.142871
0.142819
0.142761
0.142697
0.142626
0.14255
0.142468
0.142381
0.142289
0.142192
0.142093
0.14199
0.141887
0.141783
0.141682
0.141583
0.141491
0.141406
0.141331
0.141269
0.141227
0.141192
0.141221
0.141744
0.141805
0.141858
0.141909
0.141961
0.142014
0.142068
0.142123
0.142178
0.142233
0.142286
0.142338
0.142389
0.142438
0.142486
0.142532
0.142577
0.142621
0.142664
0.142706
0.142747
0.142787
0.142826
0.142864
0.142901
0.142936
0.142969
0.142999
0.143028
0.143053
0.143075
0.143092
0.143105
0.143113
0.143115
0.143111
0.1431
0.143083
0.143058
0.143026
0.142987
0.142941
0.142887
0.142827
0.142761
0.142689
0.142613
0.142533
0.142452
0.14237
0.142289
0.142213
0.142142
0.14208
0.142031
0.141997
0.141984
0.141995
0.142035
0.142111
0.142229
0.142395
0.142617
0.142903
0.143263
0.143707
0.144245
0.144889
0.145651
0.146545
0.147585
0.148779
0.150189
0.151558
0.15441
0.141921
0.141993
0.142059
0.142121
0.142181
0.142241
0.142301
0.14236
0.142419
0.142478
0.142537
0.142595
0.142654
0.142713
0.142771
0.142829
0.142886
0.142941
0.142994
0.143042
0.143085
0.143122
0.143151
0.14317
0.143179
0.143177
0.143162
0.143134
0.143093
0.143038
0.142969
0.142889
0.142798
0.142698
0.142592
0.142484
0.142378
0.142279
0.142193
0.142127
0.142089
0.142087
0.142132
0.142233
0.142402
0.142652
0.142996
0.143449
0.144025
0.144741
0.145615
0.146664
0.147908
0.149365
0.151056
0.153003
0.155226
0.157747
0.160587
0.163769
0.167313
0.171241
0.175573
0.180328
0.185523
0.191174
0.197296
0.2039
0.210996
0.218588
0.226683
0.235262
0.24444
0.253364
0.268286
0.142181
0.142274
0.142361
0.142447
0.142532
0.142616
0.1427
0.142782
0.142863
0.142944
0.143022
0.143096
0.143165
0.143225
0.143274
0.143306
0.14332
0.143311
0.143277
0.143217
0.143131
0.14302
0.142889
0.142743
0.142591
0.142443
0.142313
0.142215
0.142169
0.142195
0.142316
0.142557
0.142946
0.143512
0.144286
0.145302
0.146592
0.148191
0.150135
0.152457
0.155194
0.158377
0.162041
0.166215
0.170928
0.176204
0.182067
0.188534
0.19562
0.203336
0.211686
0.220673
0.230291
0.240534
0.251388
0.262835
0.274856
0.287424
0.300511
0.314088
0.328119
0.342569
0.357401
0.372576
0.388056
0.403801
0.419771
0.435928
0.452234
0.468653
0.485147
0.501683
0.518236
0.534589
0.556151
0.142592
0.142723
0.142844
0.142961
0.143075
0.143188
0.143296
0.143391
0.143461
0.143496
0.143486
0.143424
0.14331
0.143148
0.142953
0.142742
0.142546
0.142398
0.142343
0.14243
0.142715
0.14326
0.144131
0.145398
0.147131
0.149404
0.152287
0.155849
0.160155
0.165262
0.171223
0.17808
0.185865
0.1946
0.204293
0.214944
0.226537
0.239048
0.25244
0.266668
0.281677
0.297405
0.313787
0.33075
0.348222
0.366128
0.384394
0.402948
0.421719
0.440642
0.459655
0.478702
0.497731
0.516698
0.535563
0.554294
0.572862
0.591246
0.609427
0.627395
0.64514
0.662658
0.679946
0.697007
0.713843
0.730459
0.74686
0.763054
0.779047
0.794846
0.810456
0.825882
0.841134
0.856337
0.873339
0.142954
0.143159
0.143344
0.143485
0.143546
0.143496
0.143325
0.143059
0.142752
0.142496
0.14241
0.142635
0.143327
0.144651
0.146776
0.149867
0.154078
0.15955
0.166404
0.174734
0.184609
0.196065
0.209106
0.223704
0.239801
0.257311
0.276122
0.296103
0.317107
0.338978
0.361554
0.384673
0.408177
0.431916
0.45575
0.479553
0.503213
0.526634
0.549737
0.572458
0.594747
0.616568
0.637899
0.658728
0.679052
0.698876
0.718212
0.737075
0.755485
0.773464
0.791036
0.808224
0.825053
0.841545
0.857723
0.873609
0.889221
0.904578
0.919697
0.934593
0.949279
0.963768
0.978071
0.992199
1.00616
1.01996
1.03361
1.04711
1.06048
1.0737
1.08679
1.09975
1.11255
1.12517
1.13752
0.143748
0.143755
0.14341
0.142881
0.142571
0.143024
0.14483
0.148545
0.154638
0.163457
0.175219
0.190005
0.207774
0.228379
0.251581
0.277076
0.304514
0.333515
0.363692
0.394665
0.426074
0.457588
0.488916
0.51981
0.550068
0.579532
0.608088
0.635659
0.662206
0.687715
0.712199
0.735687
0.758222
0.779856
0.800646
0.82065
0.839927
0.858533
0.876523
0.893945
0.910843
0.92726
0.943232
0.958791
0.973966
0.988785
1.00327
1.01745
1.03133
1.04494
1.0583
1.07141
1.0843
1.09698
1.10946
1.12175
1.13387
1.14582
1.15763
1.16929
1.18082
1.19222
1.2035
1.21467
1.22574
1.23671
1.24758
1.25836
1.26905
1.27966
1.29017
1.30056
1.31075
1.32048
1.32887
0.143264
0.144065
0.150234
0.163963
0.185943
0.21564
0.251807
0.292886
0.33727
0.383473
0.430213
0.47645
0.521389
0.564462
0.605303
0.643713
0.679628
0.713085
0.744196
0.773119
0.80004
0.825155
0.848657
0.87073
0.891539
0.911234
0.929941
0.947772
0.96482
0.981161
0.996864
1.01198
1.02657
1.04066
1.05429
1.0675
1.08031
1.09276
1.10487
1.11666
1.12816
1.13939
1.15037
1.16111
1.17164
1.18196
1.1921
1.20207
1.21188
1.22154
1.23106
1.24045
1.24972
1.25888
1.26794
1.27691
1.28578
1.29457
1.30329
1.31193
1.32051
1.32902
1.33748
1.34588
1.35423
1.36253
1.37078
1.37899
1.38715
1.39525
1.40327
1.41114
1.41872
1.42561
1.43079
0.194571
0.265121
0.351176
0.440629
0.525394
0.601613
0.668129
0.725215
0.773811
0.815111
0.850336
0.880619
0.906945
0.930138
0.950858
0.969621
0.98682
1.00275
1.01762
1.0316
1.0448
1.05731
1.06921
1.08056
1.09141
1.10181
1.1118
1.12141
1.13069
1.13966
1.14835
1.15678
1.16499
1.17298
1.18077
1.18839
1.19584
1.20313
1.21029
1.21731
1.22422
1.23101
1.2377
1.24429
1.2508
1.25723
1.26359
1.26988
1.27612
1.28229
1.28842
1.2945
1.30054
1.30655
1.31252
1.31847
1.32439
1.33028
1.33615
1.34201
1.34785
1.35367
1.35948
1.36528
1.37107
1.37684
1.38261
1.38835
1.39407
1.39975
1.40534
1.41074
1.41578
1.42005
1.42276
0.665764
0.812734
0.900293
0.952185
0.983668
1.00382
1.01786
1.02864
1.03763
1.04557
1.05275
1.05936
1.06545
1.07111
1.07639
1.08134
1.08601
1.09046
1.09471
1.0988
1.10274
1.10656
1.11027
1.11388
1.11739
1.12082
1.12418
1.12746
1.13068
1.13385
1.13696
1.14003
1.14307
1.14607
1.14904
1.15198
1.15491
1.15781
1.1607
1.16357
1.16643
1.16929
1.17213
1.17498
1.17782
1.18066
1.1835
1.18635
1.1892
1.19206
1.19492
1.1978
1.20068
1.20358
1.20649
1.20942
1.21235
1.21531
1.21828
1.22127
1.22427
1.22729
1.23033
1.23338
1.23645
1.23954
1.24263
1.24573
1.24881
1.25187
1.25484
1.25765
1.26015
1.26208
1.26302
0.128343
0.126723
0.12586
0.125101
0.124357
0.123616
0.122876
0.122136
0.121397
0.120657
0.119916
0.119173
0.118427
0.117678
0.116923
0.116163
0.115392
0.114606
0.113809
0.113003
0.112188
0.111367
0.110539
0.109706
0.108869
0.10803
0.107188
0.106346
0.105505
0.104665
0.103828
0.102998
0.102185
0.101284
0.100381
0.0994813
0.098582
0.0976836
0.0967877
0.0958955
0.0950087
0.0941285
0.0932564
0.0923942
0.0915442
0.0907108
0.0899036
0.089102
0.0881539
0.0872132
0.0862942
0.085389
0.0844986
0.0836248
0.0827699
0.081937
0.0811307
0.0803599
0.0796437
0.0788371
0.077857
0.0769066
0.0760165
0.0751761
0.0743913
0.0736783
0.0730722
0.0719109
0.0708979
0.0697902
0.130893
0.131411
0.131895
0.132329
0.132699
0.133031
0.133339
0.133625
0.133892
0.134144
0.134383
0.134611
0.134831
0.135049
0.135278
0.135527
0.135785
0.136044
0.136298
0.136543
0.136777
0.136998
0.137205
0.137397
0.137572
0.137729
0.137869
0.137991
0.138094
0.138178
0.138243
0.138291
0.138326
0.138343
0.13835
0.13834
0.138313
0.138268
0.138206
0.138128
0.138034
0.137925
0.137802
0.137667
0.13752
0.137366
0.13721
0.137054
0.136873
0.136687
0.136495
0.136294
0.136087
0.135875
0.135659
0.135443
0.135228
0.13502
0.134828
0.134617
0.134362
0.13411
0.133867
0.133632
0.133411
0.133209
0.133041
0.132699
0.132421
0.132122
0.135222
0.135194
0.135181
0.13518
0.135188
0.135204
0.135227
0.135256
0.13529
0.13533
0.135374
0.135421
0.135472
0.135526
0.135581
0.135638
0.135696
0.135755
0.135813
0.135869
0.135922
0.13597
0.136012
0.136047
0.136074
0.136091
0.1361
0.136105
0.136112
0.136125
0.136142
0.136163
0.13619
0.136226
0.136269
0.136315
0.136366
0.136421
0.13648
0.136543
0.136613
0.136691
0.136782
0.136882
0.136984
0.137087
0.137187
0.137288
0.1374
0.137522
0.137644
0.137764
0.137884
0.138003
0.13812
0.138235
0.138349
0.138461
0.138571
0.138686
0.138819
0.138967
0.139114
0.139259
0.139401
0.139537
0.13966
0.139784
0.139892
0.139907
0.135204
0.135207
0.135213
0.135221
0.13523
0.135241
0.135254
0.135268
0.135285
0.135303
0.135323
0.135345
0.13537
0.135396
0.135424
0.135454
0.135486
0.135519
0.135553
0.135588
0.135625
0.135661
0.135698
0.135735
0.135772
0.135808
0.135843
0.135878
0.135912
0.135945
0.135978
0.136011
0.136042
0.136073
0.136105
0.136138
0.136171
0.136205
0.136241
0.136279
0.13632
0.136363
0.13641
0.136462
0.136517
0.136577
0.13664
0.136704
0.136773
0.136851
0.136936
0.137028
0.137126
0.137231
0.137343
0.137461
0.137585
0.137711
0.137834
0.137952
0.138081
0.138228
0.138381
0.138542
0.138706
0.138865
0.139004
0.139144
0.139283
0.139349
0.138329
0.138274
0.138221
0.138169
0.138119
0.13807
0.138023
0.137977
0.137933
0.13789
0.137849
0.137811
0.137774
0.137741
0.137709
0.137681
0.137656
0.137633
0.137613
0.137597
0.137583
0.137573
0.137565
0.13756
0.137559
0.13756
0.137563
0.137569
0.137577
0.137586
0.137596
0.137607
0.137618
0.137626
0.137636
0.137646
0.137658
0.137671
0.137685
0.1377
0.137717
0.137735
0.137757
0.137781
0.137809
0.13784
0.137875
0.13791
0.137947
0.137995
0.13805
0.138114
0.138187
0.13827
0.138361
0.13846
0.138565
0.138672
0.138775
0.13887
0.138967
0.13908
0.139199
0.139325
0.139454
0.139578
0.139683
0.139778
0.139874
0.139916
0.137652
0.137661
0.13767
0.137678
0.137687
0.137695
0.137703
0.137711
0.137719
0.137727
0.137736
0.137745
0.137754
0.137765
0.137777
0.13779
0.137804
0.13782
0.137837
0.137856
0.137877
0.137899
0.137923
0.13795
0.137979
0.138009
0.138042
0.138078
0.138115
0.138155
0.138197
0.138239
0.138282
0.138326
0.138372
0.138419
0.138467
0.138515
0.138565
0.138615
0.138666
0.138717
0.13877
0.138823
0.138877
0.138932
0.138986
0.139038
0.13909
0.139146
0.139206
0.139269
0.139336
0.139407
0.139483
0.139564
0.139648
0.139733
0.139816
0.139894
0.139975
0.140069
0.140169
0.140275
0.140383
0.140488
0.140578
0.14066
0.14074
0.140773
0.139109
0.139092
0.139077
0.13906
0.139042
0.139023
0.139003
0.138981
0.138959
0.138937
0.138915
0.138896
0.138878
0.138863
0.13885
0.13884
0.138832
0.138826
0.138824
0.138825
0.138828
0.138836
0.138847
0.138861
0.138879
0.138897
0.138917
0.138939
0.138961
0.138985
0.139011
0.139038
0.139065
0.139093
0.139122
0.139154
0.139187
0.139221
0.139256
0.139293
0.139331
0.139371
0.139411
0.139453
0.139496
0.13954
0.139583
0.139625
0.139668
0.139715
0.139763
0.139815
0.13987
0.139928
0.13999
0.140055
0.140123
0.140193
0.140261
0.140326
0.140396
0.140476
0.140561
0.140652
0.140744
0.140833
0.140911
0.140985
0.141054
0.141085
0.13853
0.138541
0.138552
0.138564
0.138575
0.138587
0.138598
0.13861
0.138622
0.138634
0.138647
0.13866
0.138673
0.138687
0.138701
0.138716
0.138732
0.138748
0.138766
0.138784
0.138804
0.138824
0.138847
0.13887
0.138895
0.138921
0.138949
0.138978
0.139008
0.13904
0.139073
0.139107
0.139141
0.139175
0.139212
0.13925
0.139289
0.139328
0.139369
0.139411
0.139454
0.139497
0.139542
0.139587
0.139634
0.139681
0.139728
0.139773
0.13982
0.139871
0.139924
0.139979
0.140037
0.140097
0.140161
0.140228
0.140297
0.140367
0.140435
0.140502
0.140573
0.140653
0.140738
0.140827
0.140917
0.141005
0.141081
0.141154
0.14122
0.141249
0.139361
0.139352
0.139344
0.139337
0.13933
0.139322
0.139312
0.139302
0.139293
0.139286
0.139282
0.139279
0.139279
0.139281
0.139284
0.139287
0.139292
0.139297
0.139302
0.139309
0.139317
0.139325
0.139335
0.139347
0.139359
0.139373
0.139389
0.139406
0.139424
0.139444
0.139466
0.139488
0.139511
0.139535
0.13956
0.139587
0.139615
0.139644
0.139675
0.139706
0.139739
0.139774
0.139809
0.139846
0.139884
0.139923
0.139962
0.14
0.140039
0.140083
0.140128
0.140176
0.140226
0.140279
0.140335
0.140394
0.140455
0.140517
0.140578
0.140637
0.140701
0.140772
0.140848
0.140927
0.141007
0.141084
0.141152
0.141216
0.141274
0.1413
0.139217
0.139222
0.139228
0.139234
0.139241
0.139249
0.139258
0.139268
0.139277
0.139287
0.139297
0.139307
0.139317
0.139328
0.139339
0.13935
0.139362
0.139375
0.139389
0.139403
0.139419
0.139435
0.139453
0.139471
0.139491
0.139511
0.139533
0.139556
0.13958
0.139605
0.139631
0.139658
0.139685
0.139713
0.139743
0.139773
0.139804
0.139837
0.13987
0.139904
0.139939
0.139975
0.140013
0.140051
0.14009
0.140131
0.140171
0.14021
0.140251
0.140296
0.140342
0.14039
0.14044
0.140493
0.140549
0.140606
0.140665
0.140726
0.140785
0.140842
0.140904
0.140973
0.141044
0.141119
0.141194
0.141266
0.14133
0.141389
0.14144
0.141463
0.139531
0.139528
0.139524
0.139521
0.139519
0.139517
0.139516
0.139515
0.139515
0.139517
0.139521
0.139524
0.139529
0.139533
0.139539
0.139545
0.139551
0.139559
0.139567
0.139577
0.139587
0.139599
0.139612
0.139626
0.139642
0.139659
0.139677
0.139696
0.139717
0.139739
0.139762
0.139786
0.139811
0.139836
0.139864
0.139892
0.139921
0.139952
0.139984
0.140017
0.140051
0.140087
0.140124
0.140162
0.140202
0.140242
0.140282
0.140323
0.140364
0.14041
0.140456
0.140506
0.140557
0.14061
0.140666
0.140724
0.140783
0.140843
0.140902
0.140959
0.14102
0.141088
0.141157
0.141229
0.1413
0.141369
0.141429
0.141485
0.141532
0.141554
0.139598
0.139599
0.139599
0.139599
0.1396
0.139602
0.139606
0.13961
0.139616
0.139622
0.139628
0.139635
0.139642
0.139649
0.139658
0.139666
0.139676
0.139686
0.139697
0.13971
0.139723
0.139737
0.139752
0.139768
0.139786
0.139804
0.139824
0.139845
0.139867
0.13989
0.139914
0.13994
0.139965
0.139992
0.140019
0.140048
0.140079
0.14011
0.140142
0.140175
0.14021
0.140246
0.140283
0.140322
0.140362
0.140402
0.140443
0.140485
0.140527
0.140573
0.140621
0.14067
0.140722
0.140776
0.140832
0.14089
0.140949
0.141009
0.141068
0.141126
0.141188
0.141254
0.141323
0.141393
0.141463
0.141529
0.141588
0.141642
0.141686
0.141706
0.139856
0.139853
0.139849
0.139846
0.139844
0.139842
0.139842
0.139841
0.139841
0.139843
0.139846
0.139851
0.139856
0.139861
0.139868
0.139875
0.139882
0.139891
0.1399
0.139911
0.139922
0.139935
0.139948
0.139963
0.139979
0.139996
0.140015
0.140034
0.140055
0.140077
0.1401
0.140124
0.140148
0.140174
0.140201
0.140229
0.140258
0.140289
0.14032
0.140353
0.140387
0.140423
0.14046
0.140498
0.140537
0.140578
0.140619
0.140661
0.140704
0.14075
0.140798
0.140848
0.140901
0.140955
0.141011
0.14107
0.141129
0.141189
0.141249
0.141308
0.141369
0.141436
0.141504
0.141573
0.141641
0.141706
0.141764
0.141816
0.141858
0.141877
0.140033
0.14003
0.140026
0.140023
0.140021
0.140019
0.140018
0.140017
0.140018
0.14002
0.140024
0.140029
0.140034
0.140041
0.140048
0.140056
0.140065
0.140075
0.140085
0.140097
0.14011
0.140123
0.140138
0.140154
0.140171
0.14019
0.140209
0.14023
0.140252
0.140275
0.140299
0.140324
0.140349
0.140376
0.140403
0.140432
0.140462
0.140494
0.140526
0.14056
0.140595
0.140631
0.140669
0.140709
0.140749
0.140791
0.140834
0.140878
0.140923
0.140971
0.141021
0.141074
0.141128
0.141185
0.141244
0.141304
0.141366
0.141429
0.141491
0.141552
0.141616
0.141685
0.141754
0.141824
0.141893
0.141958
0.142016
0.142067
0.142108
0.142127
0.140282
0.140278
0.140275
0.140271
0.140268
0.140265
0.140261
0.140258
0.140254
0.140252
0.14025
0.14025
0.140251
0.140254
0.140259
0.140266
0.140274
0.140283
0.140293
0.140305
0.140318
0.140332
0.140348
0.140364
0.140382
0.140402
0.140423
0.140445
0.140468
0.140492
0.140518
0.140544
0.140572
0.140601
0.140631
0.140662
0.140694
0.140728
0.140764
0.1408
0.140838
0.140878
0.14092
0.140963
0.141008
0.141054
0.141101
0.14115
0.1412
0.141254
0.14131
0.141368
0.141428
0.141491
0.141556
0.141623
0.141691
0.14176
0.141829
0.141897
0.141968
0.142043
0.142118
0.142193
0.142267
0.142337
0.142399
0.142453
0.142496
0.142516
0.140442
0.140442
0.14044
0.140437
0.140434
0.140431
0.140428
0.140425
0.140422
0.140419
0.140416
0.140414
0.140413
0.140414
0.140415
0.140419
0.140424
0.140433
0.140443
0.140456
0.140469
0.140485
0.140502
0.140521
0.140541
0.140562
0.140585
0.140609
0.140635
0.140661
0.140689
0.140718
0.140748
0.140779
0.140812
0.140846
0.140882
0.140919
0.140957
0.140997
0.141039
0.141083
0.141128
0.141176
0.141225
0.141276
0.141328
0.141382
0.141437
0.141497
0.141558
0.141622
0.141688
0.141757
0.141827
0.141899
0.141973
0.142048
0.142122
0.142196
0.142271
0.14235
0.142429
0.142507
0.142584
0.142655
0.142719
0.142774
0.142817
0.14284
0.140831
0.140831
0.140829
0.140826
0.140823
0.140819
0.140815
0.140811
0.140806
0.140801
0.140797
0.140792
0.140788
0.140785
0.140782
0.14078
0.14078
0.140781
0.140784
0.140789
0.140797
0.140808
0.140821
0.140837
0.140855
0.140875
0.140896
0.14092
0.140945
0.140972
0.141
0.14103
0.141062
0.141095
0.141131
0.141168
0.141207
0.141248
0.141292
0.141338
0.141386
0.141437
0.141491
0.141547
0.141606
0.141668
0.141732
0.141798
0.141867
0.14194
0.142016
0.142095
0.142177
0.142262
0.14235
0.14244
0.142531
0.142624
0.142717
0.14281
0.142905
0.143003
0.1431
0.143197
0.14329
0.143378
0.143457
0.143525
0.143579
0.143608
0.141616
0.141604
0.14159
0.141575
0.141559
0.141542
0.141524
0.141504
0.141485
0.141464
0.141443
0.141421
0.1414
0.141378
0.141356
0.141334
0.141313
0.141293
0.141273
0.141255
0.141239
0.141225
0.141213
0.141203
0.141197
0.141194
0.141194
0.141199
0.141208
0.141221
0.141238
0.141258
0.141282
0.141306
0.141336
0.14137
0.141407
0.141447
0.141492
0.14154
0.141591
0.141646
0.141703
0.141763
0.141826
0.141893
0.141964
0.142041
0.142118
0.142206
0.142296
0.142389
0.142484
0.142581
0.14268
0.14278
0.142882
0.142987
0.143095
0.143203
0.143309
0.143425
0.143537
0.143644
0.143743
0.143835
0.14392
0.14396
0.144009
0.143994
0.142524
0.142648
0.142796
0.142962
0.143141
0.143331
0.143533
0.143749
0.14398
0.144227
0.144488
0.144766
0.14506
0.145368
0.145692
0.146031
0.146381
0.146741
0.147112
0.147495
0.147888
0.148289
0.148699
0.149116
0.149539
0.149967
0.1504
0.150837
0.151278
0.151723
0.152171
0.152624
0.153083
0.153464
0.153904
0.15435
0.154793
0.155236
0.155676
0.156113
0.156548
0.156982
0.157413
0.157844
0.158274
0.158705
0.159137
0.159545
0.159811
0.160198
0.160588
0.160974
0.161353
0.161728
0.162098
0.162466
0.162835
0.163207
0.16359
0.163858
0.164007
0.164368
0.164769
0.165208
0.165707
0.166295
0.167019
0.167394
0.168741
0.170203
0.229388
0.245569
0.260921
0.275262
0.288699
0.301325
0.313214
0.324427
0.335017
0.345027
0.354495
0.363455
0.371934
0.379959
0.387553
0.394736
0.401518
0.407908
0.413948
0.419647
0.425021
0.430081
0.434841
0.439311
0.443504
0.44743
0.4511
0.454525
0.457715
0.46068
0.46343
0.465975
0.468324
0.470168
0.472107
0.473884
0.4755
0.476965
0.478289
0.479483
0.480555
0.481518
0.482381
0.483156
0.483854
0.484488
0.485071
0.485514
0.485441
0.485883
0.486344
0.486831
0.487368
0.487984
0.488709
0.489579
0.490635
0.491924
0.493496
0.494967
0.496471
0.499262
0.502623
0.506618
0.511329
0.51684
0.523241
0.529019
0.538255
0.547515
0.133862
0.133667
0.133487
0.133159
0.132818
0.132477
0.132109
0.131648
0.130975
0.13059
0.131612
0.131736
0.131781
0.131815
0.131843
0.131866
0.131884
0.131897
0.131905
0.131908
0.131906
0.131899
0.131888
0.131872
0.131852
0.131827
0.131794
0.131742
0.131626
0.13132
0.131811
0.132103
0.13221
0.132294
0.13237
0.132442
0.132509
0.132572
0.13263
0.132683
0.132733
0.132778
0.13282
0.132857
0.132891
0.13292
0.132946
0.132969
0.132988
0.133004
0.133016
0.133026
0.133033
0.133038
0.133041
0.133043
0.133044
0.133041
0.133028
0.132984
0.132839
0.133168
0.133358
0.133431
0.133487
0.13354
0.133589
0.133634
0.133677
0.133716
0.133752
0.133784
0.133813
0.133838
0.13386
0.133878
0.133892
0.133903
0.133909
0.133911
0.133909
0.133903
0.133892
0.133876
0.133856
0.13383
0.133799
0.133762
0.133719
0.13367
0.133614
0.133552
0.133483
0.133408
0.13333
0.133255
0.1332
0.13321
0.133414
0.134468
0.137328
0.137046
0.136797
0.136581
0.136384
0.136211
0.136075
0.135994
0.135958
0.135932
0.135922
0.135904
0.135887
0.135871
0.135855
0.135838
0.135819
0.135799
0.135776
0.135751
0.135722
0.13569
0.135654
0.135615
0.135572
0.135527
0.13548
0.135433
0.135388
0.135344
0.135311
0.135276
0.135236
0.135193
0.135146
0.135096
0.135041
0.134982
0.134918
0.134848
0.134773
0.134693
0.134607
0.134515
0.134417
0.134314
0.134203
0.134084
0.133956
0.133818
0.133668
0.133507
0.133334
0.13315
0.132957
0.132757
0.132552
0.13235
0.132154
0.131968
0.131783
0.131599
0.131424
0.131261
0.131108
0.130966
0.130835
0.130715
0.130604
0.130502
0.130408
0.130323
0.130246
0.130176
0.130113
0.130054
0.129999
0.129948
0.129903
0.129861
0.12982
0.129783
0.12975
0.129724
0.129706
0.129697
0.129697
0.129704
0.129717
0.129736
0.129759
0.129782
0.129807
0.129831
0.129857
0.129884
0.129916
0.129965
0.130067
0.130363
0.138263
0.138286
0.138309
0.138331
0.13835
0.138367
0.138379
0.138389
0.138398
0.138412
0.138429
0.138443
0.138454
0.138463
0.138469
0.138473
0.138474
0.138473
0.13847
0.138464
0.138457
0.138446
0.138434
0.138418
0.138401
0.13838
0.138356
0.13833
0.138303
0.13828
0.138266
0.138253
0.138237
0.138217
0.138193
0.138163
0.138125
0.138076
0.138012
0.13793
0.137837
0.137741
0.137646
0.137552
0.137458
0.137365
0.137272
0.13718
0.137089
0.136998
0.136909
0.136821
0.136735
0.136651
0.136569
0.136489
0.13641
0.136333
0.136256
0.13618
0.136103
0.136031
0.13596
0.135893
0.135836
0.135794
0.135763
0.13574
0.135721
0.135706
0.135693
0.135681
0.13567
0.13566
0.135651
0.135643
0.135635
0.135629
0.135622
0.135617
0.135612
0.135607
0.135603
0.1356
0.135595
0.135589
0.135581
0.135571
0.135559
0.135544
0.135527
0.135509
0.135489
0.135468
0.135446
0.135423
0.135399
0.135374
0.135347
0.135321
0.13822
0.138198
0.138179
0.138164
0.138152
0.138142
0.138133
0.138125
0.138116
0.138109
0.138108
0.138107
0.138106
0.138105
0.138103
0.138101
0.138098
0.138095
0.138091
0.138086
0.138079
0.13807
0.138061
0.13805
0.138038
0.138024
0.138008
0.137991
0.137972
0.137952
0.137935
0.13792
0.137902
0.137883
0.137861
0.137837
0.13781
0.137781
0.137751
0.137719
0.137686
0.137652
0.137616
0.137579
0.137542
0.137503
0.137463
0.137423
0.137382
0.13734
0.137298
0.137256
0.137214
0.137171
0.137129
0.137087
0.137045
0.137004
0.136964
0.136923
0.136883
0.136844
0.136806
0.136768
0.136731
0.136694
0.136656
0.136618
0.13658
0.136542
0.136504
0.136465
0.136426
0.136386
0.136346
0.136306
0.136265
0.136224
0.136182
0.136139
0.136096
0.136052
0.136008
0.135963
0.135919
0.135876
0.135831
0.135782
0.13573
0.135678
0.135625
0.135572
0.135518
0.135464
0.135411
0.13536
0.135311
0.135263
0.135223
0.135229
0.13927
0.139295
0.139323
0.139353
0.139381
0.139408
0.139431
0.139452
0.139472
0.139492
0.139513
0.139531
0.139548
0.139561
0.139572
0.139581
0.139587
0.139591
0.139593
0.139592
0.139589
0.139584
0.139577
0.139567
0.139554
0.139538
0.139518
0.139493
0.139464
0.139438
0.139418
0.139398
0.139373
0.139341
0.139297
0.139246
0.139192
0.139139
0.139086
0.139035
0.138984
0.138934
0.138885
0.138836
0.138787
0.13874
0.138695
0.13865
0.138607
0.138564
0.138523
0.138482
0.138443
0.138408
0.138382
0.138365
0.138354
0.138347
0.138343
0.138339
0.138336
0.138332
0.138329
0.138327
0.138325
0.138324
0.138324
0.138324
0.138325
0.138327
0.138329
0.138331
0.138334
0.138337
0.138341
0.138345
0.13835
0.138355
0.138361
0.138367
0.138374
0.138381
0.138389
0.138398
0.138407
0.138417
0.138428
0.138439
0.138451
0.138463
0.138473
0.13848
0.138485
0.138486
0.138485
0.138481
0.138474
0.138465
0.138452
0.138426
0.139185
0.139231
0.139273
0.139308
0.139338
0.139363
0.139384
0.139401
0.139416
0.139426
0.139433
0.139438
0.139442
0.139446
0.139448
0.139449
0.139448
0.139446
0.139442
0.139437
0.13943
0.139422
0.139413
0.139403
0.139393
0.139381
0.139368
0.139353
0.139337
0.139314
0.139288
0.139262
0.139237
0.139213
0.139189
0.139165
0.139142
0.139117
0.139093
0.139068
0.139043
0.139018
0.138992
0.138967
0.138941
0.138915
0.138889
0.138863
0.138837
0.13881
0.138783
0.138757
0.13873
0.138703
0.138675
0.138648
0.138621
0.138594
0.138568
0.138542
0.138517
0.138492
0.138468
0.138444
0.13842
0.138396
0.138372
0.138349
0.138325
0.138301
0.138278
0.138254
0.13823
0.138206
0.138182
0.138158
0.138134
0.138109
0.138085
0.13806
0.138035
0.138009
0.137984
0.13796
0.137937
0.137916
0.137897
0.137881
0.137866
0.13785
0.137824
0.137791
0.137756
0.137722
0.137689
0.13766
0.137633
0.137621
0.137621
0.137639
0.139521
0.139534
0.139548
0.139562
0.139576
0.139589
0.1396
0.139609
0.139618
0.139627
0.139636
0.139644
0.139652
0.139659
0.139665
0.139671
0.139676
0.13968
0.139684
0.139686
0.139688
0.13969
0.13969
0.13969
0.139689
0.139686
0.139682
0.139676
0.139668
0.139659
0.139652
0.139645
0.139635
0.139619
0.139597
0.139571
0.139542
0.139514
0.139485
0.139456
0.139427
0.139398
0.139369
0.139339
0.139309
0.13928
0.139251
0.139223
0.139195
0.139168
0.139142
0.139116
0.139091
0.139066
0.139043
0.139025
0.139014
0.139007
0.139003
0.139002
0.139001
0.139
0.139
0.138999
0.138999
0.138998
0.138998
0.138999
0.138999
0.139
0.139001
0.139002
0.139004
0.139005
0.139008
0.13901
0.139013
0.139016
0.13902
0.139024
0.139029
0.139034
0.13904
0.139047
0.139055
0.139063
0.139072
0.139082
0.139094
0.139106
0.139119
0.139131
0.139141
0.139149
0.139155
0.139159
0.13916
0.13916
0.139158
0.139148
0.139468
0.139493
0.139516
0.139536
0.139555
0.139571
0.139586
0.139599
0.139611
0.139622
0.139632
0.139642
0.139651
0.139659
0.139668
0.139675
0.139683
0.139689
0.139695
0.139701
0.139705
0.139709
0.139712
0.139714
0.139716
0.139716
0.139716
0.139714
0.139711
0.139707
0.139702
0.139695
0.139686
0.139677
0.139666
0.139653
0.139638
0.139621
0.139602
0.13958
0.139555
0.139529
0.139502
0.139476
0.139449
0.139424
0.139398
0.139374
0.139349
0.139326
0.139302
0.139279
0.139256
0.139233
0.139211
0.139188
0.139166
0.139144
0.139122
0.139101
0.13908
0.139059
0.13904
0.13902
0.139001
0.138982
0.138963
0.138944
0.138926
0.138907
0.138889
0.13887
0.138851
0.138832
0.138813
0.138794
0.138775
0.138756
0.138736
0.138717
0.138697
0.138677
0.138656
0.138636
0.138615
0.138593
0.138572
0.138549
0.138527
0.138503
0.13848
0.138458
0.138438
0.138429
0.13843
0.138438
0.138449
0.138463
0.138479
0.138505
0.139555
0.139571
0.139586
0.139602
0.139617
0.139631
0.139645
0.139657
0.139669
0.139681
0.139693
0.139704
0.139715
0.139725
0.139734
0.139743
0.139752
0.139759
0.139765
0.139771
0.139775
0.139779
0.139781
0.139783
0.139784
0.139784
0.139782
0.13978
0.139776
0.13977
0.139766
0.139761
0.139753
0.139744
0.13973
0.139713
0.139696
0.139678
0.13966
0.139642
0.139624
0.139605
0.139587
0.139568
0.139548
0.139529
0.139508
0.139488
0.139468
0.139448
0.139427
0.139407
0.139387
0.139367
0.139347
0.139328
0.139309
0.139292
0.13928
0.139272
0.139266
0.139262
0.139258
0.139256
0.139253
0.139251
0.139249
0.139248
0.139246
0.139245
0.139244
0.139243
0.139242
0.139243
0.139243
0.139245
0.139247
0.13925
0.139253
0.139258
0.139262
0.139268
0.139274
0.13928
0.139288
0.139295
0.139304
0.139313
0.139323
0.139333
0.139344
0.139354
0.139363
0.13937
0.139375
0.139378
0.139381
0.139382
0.139382
0.139381
0.139559
0.139578
0.139597
0.139615
0.139633
0.139651
0.139668
0.139684
0.139699
0.139714
0.139727
0.13974
0.139751
0.139762
0.139772
0.13978
0.139788
0.139795
0.1398
0.139805
0.139809
0.139813
0.139816
0.139818
0.13982
0.139821
0.139823
0.139823
0.139824
0.139823
0.139823
0.139822
0.13982
0.139818
0.139815
0.139811
0.139805
0.139796
0.139785
0.139771
0.139753
0.139733
0.139712
0.13969
0.139667
0.139644
0.139621
0.139598
0.139574
0.13955
0.139525
0.139501
0.139477
0.139452
0.139427
0.139403
0.139378
0.139353
0.139328
0.139304
0.139282
0.13926
0.139239
0.139219
0.139199
0.139181
0.139163
0.139146
0.139129
0.139113
0.139098
0.139084
0.139072
0.139063
0.139058
0.139056
0.139056
0.139057
0.13906
0.139063
0.139066
0.139069
0.139073
0.139076
0.139079
0.139082
0.139085
0.139088
0.139091
0.139093
0.139096
0.139101
0.139108
0.139116
0.139126
0.139138
0.139151
0.139165
0.13918
0.139202
0.1396
0.139619
0.139639
0.13966
0.13968
0.1397
0.139718
0.139736
0.139752
0.139766
0.139779
0.13979
0.139799
0.139807
0.139815
0.139821
0.139827
0.139833
0.139838
0.139843
0.139848
0.139853
0.139858
0.139863
0.139868
0.139872
0.139876
0.13988
0.139882
0.139884
0.139885
0.139886
0.139884
0.139881
0.139875
0.139866
0.139854
0.139837
0.139817
0.139796
0.139772
0.139747
0.139722
0.139696
0.139669
0.139643
0.139616
0.139589
0.139561
0.139535
0.139508
0.139482
0.139457
0.139432
0.139408
0.139384
0.139361
0.13934
0.139324
0.139312
0.139303
0.139296
0.139291
0.139288
0.139287
0.139286
0.139287
0.139288
0.13929
0.139293
0.139296
0.1393
0.139305
0.13931
0.139316
0.139322
0.139328
0.139335
0.139342
0.13935
0.139358
0.139366
0.139375
0.139384
0.139394
0.139403
0.139414
0.139424
0.139435
0.139446
0.139458
0.139468
0.139478
0.139488
0.139497
0.139505
0.139513
0.139519
0.139526
0.139534
0.13964
0.139663
0.139687
0.13971
0.139731
0.139752
0.13977
0.139786
0.139799
0.139809
0.139817
0.139824
0.139831
0.139837
0.139844
0.139851
0.139859
0.139867
0.139876
0.139885
0.139894
0.139903
0.139911
0.139919
0.139925
0.139931
0.139934
0.139936
0.139937
0.139935
0.139931
0.139924
0.139915
0.139903
0.139888
0.139869
0.139847
0.139822
0.139794
0.139765
0.139735
0.139705
0.139675
0.139646
0.139618
0.139591
0.139564
0.139539
0.139514
0.139489
0.139466
0.139444
0.139422
0.139402
0.139382
0.139364
0.139347
0.139332
0.139318
0.139305
0.139296
0.139289
0.139285
0.139285
0.139288
0.139293
0.139298
0.139304
0.139311
0.139318
0.139325
0.139333
0.13934
0.139348
0.139355
0.139363
0.139371
0.139379
0.139387
0.139395
0.139403
0.139411
0.139419
0.139427
0.139435
0.139442
0.13945
0.139458
0.139466
0.139474
0.139482
0.139492
0.139502
0.139512
0.139524
0.139536
0.139548
0.139561
0.139574
0.139591
0.139704
0.139729
0.139751
0.139772
0.139791
0.139807
0.139821
0.139831
0.139838
0.139843
0.139849
0.139855
0.139863
0.139873
0.139884
0.139896
0.139909
0.139921
0.139933
0.139944
0.139953
0.13996
0.139964
0.139966
0.139965
0.139961
0.139955
0.139945
0.139933
0.139917
0.139898
0.139877
0.139854
0.139827
0.139798
0.13977
0.139741
0.139714
0.139689
0.139664
0.139641
0.139619
0.139599
0.139579
0.139561
0.139543
0.139527
0.139511
0.139497
0.139484
0.139471
0.139459
0.139448
0.13944
0.139436
0.139435
0.139437
0.139441
0.139447
0.139454
0.139461
0.139469
0.139477
0.139485
0.139494
0.139502
0.139511
0.13952
0.139529
0.139539
0.139548
0.139558
0.139567
0.139577
0.139587
0.139597
0.139607
0.139617
0.139628
0.139638
0.139649
0.13966
0.139671
0.139682
0.139693
0.139705
0.139717
0.139729
0.139741
0.139753
0.139765
0.139776
0.139788
0.139799
0.13981
0.139821
0.139832
0.139842
0.139852
0.13986
0.139773
0.139793
0.139811
0.139825
0.139838
0.139848
0.139856
0.139862
0.139869
0.139877
0.139888
0.1399
0.139915
0.13993
0.139944
0.139958
0.139969
0.139978
0.139984
0.139986
0.139984
0.13998
0.139972
0.139961
0.139946
0.139929
0.139909
0.139887
0.139862
0.139836
0.13981
0.139787
0.139765
0.139745
0.139727
0.13971
0.139695
0.139681
0.139669
0.139657
0.139647
0.139637
0.139629
0.139621
0.139614
0.139608
0.139602
0.139596
0.139592
0.139587
0.139584
0.139582
0.139582
0.139584
0.139589
0.139595
0.139602
0.13961
0.139618
0.139626
0.139634
0.139643
0.139651
0.139659
0.139668
0.139676
0.139684
0.139693
0.139701
0.13971
0.139719
0.139728
0.139737
0.139746
0.139755
0.139764
0.139773
0.139783
0.139792
0.139802
0.139812
0.139821
0.139831
0.139842
0.139852
0.139862
0.139873
0.139884
0.139895
0.139907
0.139918
0.139931
0.139943
0.139956
0.13997
0.139983
0.139997
0.140011
0.140024
0.140036
0.139836
0.139849
0.139858
0.139865
0.139872
0.139879
0.139889
0.139903
0.139918
0.139935
0.139952
0.139967
0.13998
0.139991
0.139999
0.140003
0.140002
0.139997
0.139988
0.139976
0.139961
0.139945
0.139927
0.139907
0.139885
0.139864
0.139845
0.139828
0.139814
0.139801
0.139791
0.139782
0.139775
0.139769
0.139764
0.139761
0.139758
0.139756
0.139755
0.139754
0.139754
0.139755
0.139755
0.139756
0.139757
0.139758
0.139759
0.139762
0.139766
0.139771
0.139777
0.139782
0.139788
0.139794
0.139799
0.139804
0.139809
0.139814
0.13982
0.139825
0.139831
0.139838
0.139844
0.139852
0.139859
0.139867
0.139875
0.139883
0.139892
0.139901
0.13991
0.13992
0.13993
0.13994
0.139951
0.139961
0.139972
0.139984
0.139995
0.140007
0.140019
0.140032
0.140044
0.140057
0.14007
0.140084
0.140097
0.140111
0.140125
0.140139
0.140154
0.140168
0.140183
0.140198
0.140213
0.140229
0.140245
0.14026
0.140276
0.140285
0.139899
0.1399
0.139901
0.139908
0.13992
0.139933
0.139953
0.139972
0.139989
0.140002
0.140011
0.140017
0.140019
0.140019
0.140015
0.140005
0.13999
0.13997
0.139952
0.139934
0.139919
0.139905
0.139894
0.139885
0.139877
0.139872
0.139868
0.139865
0.139863
0.139863
0.139864
0.139865
0.139868
0.139872
0.139876
0.139881
0.139887
0.139894
0.139902
0.139909
0.139917
0.139924
0.139931
0.139938
0.139944
0.139949
0.139953
0.139956
0.139957
0.139958
0.139957
0.139956
0.139955
0.139954
0.139953
0.139953
0.139955
0.13996
0.139967
0.139975
0.139983
0.139992
0.140001
0.14001
0.14002
0.140029
0.140039
0.140048
0.140058
0.140068
0.140078
0.140088
0.140099
0.140109
0.14012
0.14013
0.140141
0.140152
0.140163
0.140175
0.140186
0.140197
0.140209
0.140221
0.140234
0.140246
0.140259
0.140273
0.140286
0.1403
0.140315
0.14033
0.140345
0.14036
0.140376
0.140392
0.140409
0.140426
0.140442
0.140439
0.139965
0.139966
0.139972
0.139987
0.140003
0.140014
0.140021
0.140026
0.140028
0.140029
0.140029
0.140027
0.140023
0.140018
0.140009
0.139995
0.139983
0.139972
0.139964
0.139957
0.139952
0.139949
0.139947
0.139945
0.139945
0.139945
0.139945
0.139947
0.139951
0.139957
0.139964
0.139972
0.13998
0.139988
0.139997
0.140006
0.140015
0.140024
0.140033
0.140043
0.140052
0.140062
0.140072
0.140082
0.140092
0.140103
0.140114
0.140125
0.140136
0.140148
0.14016
0.140171
0.140183
0.140195
0.140207
0.14022
0.140234
0.140249
0.140264
0.140279
0.140294
0.140309
0.140323
0.140338
0.140352
0.140366
0.14038
0.140394
0.140407
0.14042
0.140432
0.140443
0.140455
0.140465
0.140476
0.140487
0.140497
0.140508
0.140518
0.140529
0.14054
0.140551
0.140562
0.140574
0.140586
0.140599
0.140612
0.140626
0.14064
0.140655
0.14067
0.140687
0.140704
0.140722
0.14074
0.14076
0.140781
0.140802
0.140825
0.140831
0.14001
0.140015
0.140018
0.140018
0.140016
0.140015
0.140015
0.140016
0.140017
0.140019
0.140019
0.140019
0.140017
0.140015
0.140012
0.140009
0.140007
0.140004
0.140003
0.140002
0.140002
0.140001
0.140001
0.140002
0.140003
0.140004
0.140006
0.140009
0.140013
0.140017
0.140022
0.140028
0.140034
0.140041
0.140049
0.140058
0.140067
0.140077
0.140088
0.1401
0.140112
0.140125
0.140139
0.140155
0.140171
0.140188
0.140207
0.140228
0.140249
0.140273
0.140297
0.140324
0.140352
0.140382
0.140414
0.140448
0.140483
0.140523
0.140567
0.140614
0.140663
0.140712
0.140762
0.140812
0.140861
0.14091
0.140959
0.141007
0.141054
0.1411
0.141145
0.141188
0.141229
0.141268
0.141305
0.14134
0.141372
0.141402
0.14143
0.141455
0.141478
0.141499
0.141517
0.141533
0.141548
0.14156
0.141571
0.141579
0.141587
0.141593
0.141598
0.141602
0.141605
0.141607
0.141609
0.141611
0.141612
0.141614
0.141613
0.141641
0.140038
0.140027
0.140017
0.140008
0.140001
0.140003
0.140008
0.140013
0.140016
0.140019
0.140021
0.140023
0.140024
0.140025
0.140025
0.140025
0.140026
0.140025
0.140023
0.140021
0.140018
0.140015
0.140013
0.140011
0.140011
0.140013
0.140017
0.140022
0.140028
0.140035
0.140043
0.140051
0.140061
0.14007
0.140081
0.140092
0.140103
0.140116
0.14013
0.140146
0.140162
0.140181
0.140201
0.140224
0.140249
0.140277
0.140309
0.140344
0.140384
0.140429
0.14048
0.140538
0.1406
0.140678
0.140739
0.140765
0.140813
0.140871
0.140933
0.140994
0.141049
0.141099
0.141144
0.141186
0.141226
0.141264
0.141302
0.141339
0.141377
0.141415
0.141455
0.141494
0.141535
0.141575
0.141614
0.141653
0.14169
0.141726
0.14176
0.141792
0.141823
0.141851
0.141878
0.141903
0.141926
0.141947
0.141965
0.141982
0.141997
0.142008
0.142017
0.142024
0.142027
0.142027
0.142024
0.142016
0.142
0.141998
0.142001
0.142201
0.140024
0.140027
0.140027
0.140025
0.140022
0.140019
0.140016
0.140012
0.140009
0.140007
0.140005
0.140003
0.140001
0.14
0.139998
0.139996
0.139993
0.139988
0.139982
0.139976
0.139972
0.139969
0.139967
0.139966
0.13997
0.139976
0.139982
0.139987
0.139991
0.139995
0.139999
0.140003
0.140007
0.140012
0.140017
0.140022
0.140028
0.140035
0.140043
0.140052
0.140063
0.140075
0.14009
0.140108
0.14013
0.140156
0.140188
0.140228
0.14028
0.140345
0.140432
0.14055
0.140703
0.140988
0.141182
0.141313
0.141728
0.141845
0.141913
0.141979
0.142021
0.142049
0.142067
0.142077
0.142082
0.142085
0.142089
0.142096
0.142109
0.142129
0.142156
0.142189
0.142227
0.14227
0.142315
0.142361
0.142406
0.142449
0.142491
0.14253
0.142568
0.142604
0.142642
0.14268
0.142721
0.142765
0.142813
0.142865
0.142921
0.142983
0.14305
0.143122
0.1432
0.143286
0.143379
0.143482
0.143599
0.143702
0.144024
0.159763
)
;

boundaryField
{
    airfoil
    {
        type            fixedValue;
        value           uniform 0;
    }
    farBoundaries
    {
        type            fixedValue;
        value           uniform 1;
    }
    inlet
    {
        type            freestream;
        freestreamValue uniform 0.14;
        value           nonuniform List<scalar> 
200
(
0.14
0.14
0.14
0.14
0.14
0.14
0.14
0.14
0.14
0.14
0.14
0.14
0.14
0.14
0.14
0.14
0.14
0.14
0.14
0.14
0.14
0.14
0.14
0.14
0.14
0.14
0.14
0.14
0.14
0.14
0.14
0.14
0.14
0.14
0.14
0.14
0.14
0.14
0.14
0.14
0.14
0.14
0.14
0.14
0.14
0.14
0.14
0.14
0.14
0.14
0.14
0.14
0.14
0.14
0.14
0.14
0.141728
0.141845
0.141913
0.141979
0.142021
0.142049
0.142067
0.142077
0.142082
0.142085
0.142089
0.142096
0.142109
0.142129
0.142156
0.142189
0.142227
0.14227
0.142315
0.142361
0.142406
0.142449
0.142491
0.14253
0.142568
0.142604
0.142642
0.14268
0.142721
0.142765
0.142813
0.142865
0.142921
0.142983
0.14305
0.143122
0.1432
0.143286
0.143379
0.143482
0.143599
0.143702
0.144024
0.159763
0.14
0.14
0.14
0.14
0.14
0.14
0.14
0.14
0.14
0.14
0.14
0.14
0.14
0.14
0.14
0.14
0.14
0.14
0.14
0.14
0.14
0.14
0.14
0.14
0.14
0.14
0.14
0.14
0.14
0.14
0.14
0.14
0.14
0.14
0.14
0.14
0.14
0.14
0.14
0.14
0.14
0.14
0.14
0.14
0.14
0.14
0.14
0.14
0.14
0.14
0.14
0.14
0.14
0.14
0.14
0.14
0.14
0.14
0.14
0.14
0.14
0.14
0.14
0.14
0.14
0.14
0.14
0.14
0.14
0.14
0.14
0.14
0.14
0.14
0.14
0.14
0.14
0.14
0.14
0.14
0.14
0.14
0.14
0.14
0.14
0.141488
0.14193
0.142127
0.142179
0.142226
0.14224
0.142252
0.142272
0.142296
0.142314
0.142313
0.142299
0.142123
0.143213
0.135686
)
;
    }
    outlet
    {
        type            freestream;
        freestreamValue uniform 0.14;
        value           nonuniform List<scalar> 
40
(
0.154879
0.176608
0.174115
0.15718
0.146451
0.143852
0.142665
0.141862
0.141603
0.141367
0.141221
0.15441
0.268286
0.556151
0.873339
1.13752
1.32887
1.43079
1.42276
1.26302
1.28741
1.48534
1.5442
1.50644
1.38919
1.20246
0.955467
0.661504
0.359219
0.178958
0.140817
0.140413
0.141509
0.141788
0.141571
0.140145
0.137712
0.136252
0.141376
0.15333
)
;
    }
    defaultFaces
    {
        type            empty;
    }
}


// ************************************************************************* //
