/*--------------------------------*- C++ -*----------------------------------*\
  =========                 |
  \\      /  F ield         | OpenFOAM: The Open Source CFD Toolbox
   \\    /   O peration     | Website:  https://openfoam.org
    \\  /    A nd           | Version:  6.0
     \\/     M anipulation  |
\*---------------------------------------------------------------------------*/
FoamFile
{
    version     2.0;
    format      ascii;
    class       volScalarField;
    location    "150";
    object      p;
}
// * * * * * * * * * * * * * * * * * * * * * * * * * * * * * * * * * * * * * //

dimensions      [0 2 -2 0 0 0 0];

internalField   nonuniform List<scalar> 
9800
(
69.5026
68.5002
67.7696
67.206
66.7382
66.3277
65.9485
65.5874
65.2357
64.8899
64.5362
64.176
63.81
63.4377
63.0586
62.6733
62.2832
61.8912
61.5026
61.1263
60.7773
60.4812
60.29
60.3152
60.5582
60.9083
61.3119
61.743
62.1861
62.6319
63.0749
63.5079
63.9322
64.3464
64.7495
65.1409
65.5202
65.8873
66.2422
66.5848
66.9153
67.2337
67.54
67.8343
68.1168
68.3873
68.646
68.8927
69.1275
69.3502
69.5608
69.759
69.9449
70.1179
70.2783
70.425
70.5586
70.6777
70.7829
70.873
70.9481
71.0068
71.0482
71.073
71.079
71.0656
71.0323
70.9785
70.904
70.8091
70.6953
70.5651
70.4248
70.2834
70.16
70.0818
70.1002
70.2899
70.7825
71.7728
73.5817
76.6866
81.81
90.0527
102.345
120.384
138.349
153.557
161.558
168.62
177.319
186.488
194.858
202.387
209.638
216.962
224.398
231.905
239.482
247.189
112.126
112.204
112.183
112.137
112.089
112.053
112.028
112.015
112.007
112.006
112.009
112.009
112.007
112.002
111.993
111.983
111.972
111.964
111.963
111.973
112
112.044
112.085
112.135
112.196
112.257
112.333
112.424
112.526
112.631
112.736
112.837
112.927
113.008
113.077
113.134
113.177
113.207
113.223
113.225
113.212
113.186
113.145
113.089
113.02
112.935
112.837
112.724
112.596
112.454
112.297
112.125
111.938
111.736
111.519
111.287
111.04
110.778
110.5
110.208
109.898
109.576
109.237
108.883
108.513
108.131
107.736
107.334
106.925
106.515
106.11
105.715
105.341
104.996
104.696
104.454
104.291
104.222
104.274
104.46
104.807
105.331
106.073
107.152
108.78
112.323
119.251
129.443
141.293
151.824
160.408
167.82
174.694
181.096
186.894
192.037
196.538
200.352
203.292
205.135
73.3625
74.4085
75.2717
76.008
76.6558
77.2506
77.8122
78.3591
78.8972
79.4366
79.9893
80.5621
81.1485
81.7508
82.366
82.9942
83.6297
84.2679
84.8966
85.5012
86.056
86.5267
86.8414
86.8984
86.693
86.3273
85.8711
85.3632
84.8257
84.2758
83.7221
83.1765
82.6413
82.1171
81.6035
81.1028
80.6143
80.1389
79.6757
79.2252
78.7867
78.3605
77.946
77.5433
77.1522
76.7728
76.4051
76.0492
75.7054
75.3739
75.0553
74.75
74.4586
74.182
73.921
73.677
73.4509
73.2447
73.0592
72.8973
72.7601
72.6517
72.5754
72.5372
72.5412
72.5938
72.7025
72.876
73.1254
73.4621
73.902
74.4607
75.1607
76.0244
77.0843
78.3736
79.9401
81.8349
84.1302
86.9075
90.2758
94.3631
99.3248
105.336
112.531
121.039
130.314
139.469
147.677
154.636
160.706
166.35
171.705
176.653
181.102
185.074
188.598
191.601
194.042
195.565
75.1538
74.6165
74.2402
73.972
73.7698
73.6173
73.4946
73.4
73.3237
73.267
73.2238
73.1984
73.1869
73.1926
73.211
73.2432
73.2839
73.3321
73.3813
73.429
73.4694
73.5089
73.5567
73.613
73.6747
73.7458
73.8134
73.8752
73.932
73.9907
74.0525
74.1232
74.2046
74.2995
74.4076
74.5315
74.6704
74.8257
74.9964
75.1838
75.3868
75.6064
75.8419
76.094
76.3623
76.6475
76.9497
77.2693
77.607
77.9632
78.3388
78.7346
79.1519
79.5915
80.0553
80.5445
81.0612
81.6072
82.1852
82.7978
83.448
84.1392
84.8749
85.6595
86.4998
87.4013
88.3721
89.4187
90.5515
91.7786
93.1129
94.5642
96.1483
97.8771
99.7692
101.838
104.106
106.585
109.297
112.253
115.464
118.93
122.64
126.563
130.646
134.815
138.986
143.125
147.245
151.354
155.409
159.334
163.062
166.551
169.773
172.683
175.223
177.305
178.933
179.845
88.1519
87.7713
87.3928
87.0386
86.7041
86.3971
86.1076
85.8398
85.5861
85.349
85.1123
84.8786
84.6466
84.4194
84.1932
83.9716
83.7527
83.5424
83.3426
83.1631
83.0114
82.9049
82.8675
82.9336
83.1021
83.3447
83.6317
83.9492
84.2842
84.6316
84.9836
85.3357
85.6837
86.0318
86.3779
86.7234
87.0666
87.4093
87.7505
88.092
88.433
88.7754
89.1184
89.4639
89.8115
90.1629
90.5181
90.8785
91.2447
91.6178
91.9989
92.3892
92.79
93.2026
93.6291
94.0702
94.5293
95.0068
95.5068
96.0296
96.5806
97.1597
97.7729
98.42
99.1106
99.8455
100.634
101.479
102.389
103.367
104.425
105.567
106.806
108.145
109.599
111.175
112.887
114.742
116.756
118.938
121.299
123.848
126.594
129.541
132.687
136.025
139.534
143.172
146.866
150.529
154.083
157.484
160.713
163.748
166.554
169.088
171.322
173.219
174.839
175.966
92.0797
92.0347
91.9753
91.9183
91.857
91.8038
91.7525
91.7128
91.68
91.6612
91.6439
91.6341
91.6297
91.6349
91.645
91.6646
91.6899
91.7255
91.7686
91.8239
91.8883
91.9629
92.0411
92.1276
92.2199
92.3189
92.424
92.54
92.6633
92.7953
92.9323
93.0729
93.2133
93.3589
93.5075
93.661
93.8173
93.9792
94.1453
94.3182
94.4968
94.6837
94.8781
95.0826
95.2967
95.5228
95.7608
96.0128
96.2795
96.5626
96.8632
97.1829
97.5237
97.8866
98.2745
98.6881
99.1313
99.6041
100.112
100.654
101.238
101.862
102.533
103.251
104.026
104.856
105.753
106.714
107.752
108.866
110.066
111.353
112.738
114.222
115.814
117.516
119.336
121.275
123.336
125.519
127.822
130.237
132.759
135.37
138.053
140.785
143.539
146.281
148.987
151.628
154.189
156.649
158.991
161.193
163.235
165.104
166.795
168.291
169.654
170.693
95.5017
95.2687
95.0667
94.9044
94.768
94.6645
94.5826
94.529
94.496
94.4889
94.4946
94.5196
94.5599
94.62
94.6939
94.7853
94.8881
95.005
95.1293
95.2621
95.3959
95.5293
95.6514
95.758
95.8455
95.9239
95.9971
96.0735
96.1532
96.2421
96.3395
96.4478
96.5647
96.6966
96.8417
97.0027
97.1775
97.3691
97.5757
97.7997
98.0396
98.2979
98.573
98.8675
99.1801
99.5131
99.8657
100.24
100.636
101.055
101.497
101.965
102.458
102.979
103.529
104.107
104.719
105.363
106.043
106.759
107.515
108.31
109.149
110.028
110.959
111.935
112.968
114.051
115.194
116.393
117.655
118.978
120.368
121.821
123.343
124.931
126.587
128.309
130.097
131.947
133.857
135.821
137.837
139.896
141.992
144.116
146.26
148.411
150.558
152.683
154.773
156.808
158.775
160.659
162.451
164.141
165.727
167.191
168.59
169.735
100.337
100.055
99.7907
99.5574
99.3464
99.166
99.0076
98.8786
98.7723
98.6942
98.6287
98.5823
98.5515
98.541
98.5445
98.5662
98.6004
98.6508
98.7125
98.7889
98.8759
98.9775
99.0907
99.2186
99.3581
99.5126
99.6787
99.8586
100.049
100.254
100.47
100.697
100.932
101.183
101.445
101.723
102.014
102.321
102.641
102.977
103.327
103.694
104.076
104.475
104.89
105.323
105.773
106.243
106.731
107.239
107.768
108.318
108.89
109.486
110.106
110.752
111.424
112.124
112.854
113.613
114.404
115.227
116.085
116.975
117.904
118.87
119.879
120.927
122.022
123.158
124.343
125.571
126.851
128.176
129.553
130.976
132.45
133.971
135.54
137.152
138.808
140.502
142.232
143.989
145.771
147.565
149.368
151.166
152.953
154.715
156.446
158.135
159.777
161.365
162.896
164.364
165.772
167.105
168.419
169.544
104.958
104.701
104.464
104.255
104.067
103.906
103.766
103.652
103.56
103.495
103.441
103.404
103.382
103.379
103.39
103.418
103.459
103.516
103.587
103.674
103.775
103.893
104.028
104.183
104.357
104.551
104.76
104.986
105.225
105.479
105.745
106.02
106.302
106.598
106.905
107.225
107.557
107.903
108.261
108.633
109.019
109.42
109.835
110.267
110.714
111.178
111.659
112.158
112.676
113.213
113.771
114.349
114.949
115.571
116.217
116.887
117.583
118.304
119.052
119.828
120.633
121.467
122.331
123.223
124.148
125.105
126.098
127.124
128.186
129.283
130.417
131.586
132.791
134.031
135.308
136.617
137.96
139.334
140.738
142.168
143.624
145.1
146.594
148.101
149.618
151.138
152.66
154.175
155.683
157.175
158.649
160.101
161.525
162.92
164.282
165.609
166.9
168.145
169.393
170.482
108.92
108.706
108.512
108.345
108.201
108.084
107.989
107.92
107.876
107.859
107.856
107.869
107.9
107.951
108.017
108.102
108.202
108.317
108.446
108.59
108.745
108.913
109.093
109.284
109.488
109.704
109.933
110.175
110.43
110.699
110.981
111.273
111.572
111.886
112.215
112.558
112.915
113.288
113.676
114.08
114.499
114.936
115.389
115.859
116.347
116.853
117.378
117.921
118.484
119.067
119.669
120.292
120.937
121.603
122.29
123.001
123.734
124.49
125.27
126.074
126.902
127.755
128.63
129.529
130.453
131.403
132.38
133.382
134.41
135.465
136.545
137.651
138.781
139.936
141.115
142.316
143.539
144.781
146.043
147.322
148.616
149.923
151.241
152.566
153.898
155.232
156.567
157.898
159.224
160.541
161.847
163.138
164.413
165.671
166.907
168.123
169.317
170.482
171.66
172.706
113.558
113.305
113.08
112.889
112.726
112.595
112.491
112.417
112.373
112.359
112.362
112.386
112.431
112.498
112.586
112.694
112.819
112.963
113.123
113.299
113.489
113.693
113.91
114.139
114.381
114.637
114.905
115.188
115.485
115.795
116.121
116.456
116.799
117.158
117.532
117.921
118.326
118.746
119.182
119.634
120.102
120.586
121.087
121.605
122.139
122.69
123.258
123.844
124.446
125.067
125.705
126.362
127.036
127.729
128.44
129.17
129.918
130.685
131.471
132.277
133.101
133.944
134.803
135.68
136.576
137.491
138.426
139.38
140.352
141.343
142.353
143.38
144.425
145.486
146.563
147.656
148.762
149.882
151.014
152.157
153.309
154.468
155.635
156.805
157.978
159.153
160.327
161.499
162.667
163.829
164.984
166.132
167.269
168.397
169.513
170.618
171.713
172.788
173.883
174.866
116.268
116.196
116.135
116.092
116.065
116.058
116.069
116.102
116.157
116.237
116.326
116.429
116.549
116.687
116.843
117.016
117.205
117.41
117.631
117.866
118.115
118.377
118.652
118.94
119.24
119.553
119.88
120.222
120.577
120.947
121.331
121.723
122.124
122.538
122.968
123.412
123.871
124.345
124.833
125.337
125.856
126.39
126.94
127.504
128.085
128.681
129.292
129.92
130.562
131.221
131.895
132.585
133.291
134.013
134.75
135.504
136.273
137.058
137.858
138.675
139.507
140.354
141.213
142.086
142.973
143.876
144.793
145.726
146.672
147.633
148.607
149.595
150.595
151.608
152.631
153.666
154.711
155.765
156.827
157.897
158.973
160.055
161.141
162.23
163.321
164.414
165.507
166.598
167.688
168.775
169.858
170.936
172.008
173.074
174.133
175.184
176.229
177.259
178.307
179.254
122.409
122.181
121.987
121.828
121.701
121.608
121.544
121.512
121.511
121.542
121.595
121.669
121.766
121.888
122.032
122.2
122.389
122.598
122.829
123.078
123.346
123.632
123.935
124.254
124.591
124.944
125.313
125.698
126.097
126.511
126.94
127.375
127.818
128.273
128.744
129.228
129.726
130.237
130.762
131.301
131.853
132.419
132.999
133.592
134.199
134.819
135.453
136.099
136.759
137.432
138.117
138.815
139.526
140.25
140.986
141.734
142.495
143.268
144.052
144.849
145.657
146.476
147.302
148.137
148.983
149.84
150.707
151.586
152.473
153.371
154.278
155.194
156.119
157.052
157.992
158.94
159.894
160.854
161.819
162.788
163.762
164.738
165.717
166.698
167.68
168.661
169.643
170.623
171.602
172.578
173.551
174.521
175.485
176.447
177.403
178.354
179.301
180.239
181.192
182.061
120.281
120.582
120.876
121.172
121.471
121.776
122.088
122.41
122.746
123.095
123.439
123.781
124.131
124.493
124.864
125.246
125.638
126.041
126.453
126.875
127.307
127.747
128.196
128.652
129.114
129.584
130.064
130.555
131.057
131.57
132.096
132.624
133.158
133.702
134.261
134.833
135.418
136.015
136.626
137.249
137.885
138.534
139.196
139.87
140.557
141.255
141.965
142.687
143.421
144.165
144.921
145.688
146.466
147.254
148.053
148.862
149.682
150.511
151.35
152.198
153.056
153.921
154.792
155.667
156.551
157.443
158.344
159.252
160.167
161.09
162.019
162.955
163.896
164.842
165.794
166.75
167.709
168.672
169.638
170.606
171.575
172.544
173.515
174.484
175.453
176.42
177.384
178.346
179.305
180.259
181.209
182.154
183.092
184.025
184.95
185.869
186.781
187.682
188.589
189.425
134.345
134.026
133.755
133.529
133.345
133.2
133.092
133.018
132.978
132.974
133.011
133.077
133.172
133.296
133.449
133.629
133.837
134.071
134.332
134.618
134.929
135.265
135.626
136.009
136.418
136.85
137.304
137.777
138.268
138.776
139.3
139.831
140.366
140.913
141.475
142.048
142.634
143.23
143.838
144.457
145.087
145.726
146.377
147.036
147.705
148.383
149.071
149.767
150.472
151.185
151.908
152.638
153.376
154.122
154.876
155.637
156.406
157.182
157.964
158.754
159.55
160.35
161.152
161.956
162.765
163.581
164.401
165.228
166.059
166.894
167.734
168.579
169.426
170.277
171.131
171.988
172.846
173.706
174.567
175.429
176.291
177.152
178.014
178.874
179.733
180.59
181.446
182.3
183.151
184
184.846
185.69
186.531
187.369
188.205
189.038
189.869
190.696
191.529
192.309
114.56
115.651
116.711
117.756
118.789
119.815
120.836
121.858
122.889
123.92
124.902
125.848
126.785
127.719
128.648
129.573
130.494
131.41
132.321
133.228
134.13
135.027
135.918
136.803
137.682
138.554
139.42
140.285
141.151
142.019
142.89
143.748
144.598
145.452
146.314
147.181
148.054
148.933
149.818
150.71
151.608
152.511
153.421
154.336
155.258
156.185
157.117
158.054
158.997
159.944
160.896
161.852
162.813
163.776
164.744
165.715
166.688
167.664
168.642
169.622
170.603
171.583
172.559
173.531
174.503
175.475
176.447
177.419
178.39
179.36
180.328
181.294
182.259
183.22
184.178
185.132
186.083
187.028
187.969
188.903
189.832
190.754
191.67
192.578
193.479
194.372
195.256
196.132
196.999
197.858
198.706
199.545
200.373
201.192
201.999
202.797
203.583
204.356
205.121
205.85
160.106
159.356
158.67
158.046
157.472
156.941
156.448
155.985
155.536
155.12
154.822
154.577
154.373
154.209
154.086
154.003
153.96
153.957
153.995
154.073
154.191
154.348
154.546
154.782
155.058
155.372
155.726
156.116
156.539
156.993
157.474
157.973
158.476
158.996
159.535
160.091
160.663
161.249
161.851
162.466
163.096
163.738
164.394
165.06
165.739
166.427
167.128
167.837
168.557
169.284
170.022
170.766
171.52
172.279
173.046
173.818
174.597
175.38
176.169
176.962
177.759
178.556
179.35
180.141
180.932
181.725
182.523
183.322
184.124
184.928
185.733
186.539
187.346
188.153
188.96
189.766
190.571
191.374
192.176
192.975
193.771
194.564
195.354
196.14
196.922
197.699
198.472
199.24
200.002
200.759
201.51
202.256
202.994
203.726
204.45
205.168
205.877
206.578
207.265
207.947
77.8827
80.8289
83.7132
86.5603
89.3898
92.2131
95.0408
97.8918
100.793
103.695
106.383
108.946
111.477
113.989
116.483
118.954
121.403
123.827
126.225
128.594
130.934
133.243
135.521
137.766
139.977
142.152
144.291
146.395
148.464
150.498
152.489
154.392
156.248
158.076
159.883
161.668
163.434
165.18
166.908
168.618
170.31
171.984
173.641
175.281
176.904
178.509
180.099
181.67
183.226
184.764
186.286
187.79
189.277
190.747
192.201
193.636
195.055
196.456
197.84
199.205
200.552
201.875
203.172
204.454
205.712
206.949
208.172
209.377
210.566
211.738
212.892
214.029
215.149
216.25
217.334
218.4
219.447
220.475
221.484
222.473
223.444
224.395
225.326
226.237
227.129
228
228.851
229.682
230.493
231.284
232.053
232.804
233.532
234.242
234.93
235.6
236.248
236.876
237.47
238.135
236.663
234.618
232.375
230.223
228.15
226.113
224.093
222.065
219.938
217.697
216.055
214.49
212.944
211.465
210.062
208.73
207.476
206.298
205.201
204.185
203.252
202.402
201.637
200.954
200.355
199.838
199.401
199.041
198.759
198.546
198.374
198.288
198.229
198.173
198.166
198.211
198.306
198.446
198.633
198.863
199.136
199.45
199.802
200.191
200.616
201.073
201.563
202.082
202.629
203.202
203.8
204.421
205.064
205.727
206.408
207.105
207.818
208.544
209.282
210.03
210.783
211.521
212.26
213.047
213.789
214.525
215.277
216.042
216.814
217.592
218.376
219.165
219.957
220.753
221.55
222.349
223.146
223.943
224.738
225.53
226.318
227.103
227.881
228.654
229.42
230.179
230.929
231.672
232.403
233.126
233.836
234.537
235.222
235.897
236.556
237.202
237.831
238.442
239
239.802
-68.3332
-56.4767
-46.1861
-34.8326
-22.8991
-10.7216
1.71017
14.8211
27.1807
33.5204
38.2976
46.4067
55.3281
63.9676
72.4402
80.7948
89.0217
97.1074
105.042
112.819
120.432
127.874
135.141
142.231
149.14
155.862
162.388
168.754
175.029
180.968
185.704
189.767
194.905
199.882
204.661
209.311
213.844
218.258
222.551
226.723
230.774
234.706
238.518
242.211
245.785
249.24
252.579
255.819
258.964
262.013
264.966
267.825
270.593
273.272
275.862
278.368
280.788
283.126
285.385
287.576
289.683
291.549
293.29
295.561
297.529
299.342
301.117
302.85
304.527
306.151
307.721
309.242
310.712
312.135
313.511
314.841
316.126
317.37
318.572
319.735
320.858
321.946
322.998
324.018
325.005
325.962
326.89
327.791
328.666
329.518
330.346
331.154
331.941
332.711
333.464
334.204
334.928
335.594
336.113
337.707
250.734
250.154
249.517
249.204
249.081
249.056
249.116
249.25
249.453
249.719
250.048
250.44
250.896
251.416
252
252.652
253.349
254.09
254.902
255.773
256.69
257.652
258.658
259.706
260.794
261.922
263.087
264.288
265.523
266.796
268.097
269.361
270.596
272.058
273.625
275.062
276.49
277.949
279.428
280.922
282.428
283.949
285.479
287.025
288.59
290.154
291.523
292.865
294.719
296.664
298.253
299.797
301.37
302.959
304.546
306.15
307.778
309.373
310.513
311.786
314.084
316.337
317.92
319.467
321.127
322.612
323.016
325.7
328.895
328.645
205.411
206.169
207.756
209.38
210.942
212.531
214.153
215.774
217.373
218.947
220.495
222.023
223.536
225.042
226.545
228.049
229.554
231.062
232.571
234.082
235.59
237.098
238.602
240.106
241.606
243.107
244.607
246.109
247.61
249.114
250.619
252.126
253.63
255.145
256.664
258.174
259.681
261.194
262.706
264.223
265.739
267.261
268.782
270.309
271.835
273.369
274.893
276.419
277.966
279.521
281.039
282.559
284.08
285.608
287.134
288.666
290.198
291.736
293.251
294.769
296.347
297.911
299.409
300.903
302.419
303.94
305.398
306.988
308.714
309.838
196.751
197.469
198.936
200.484
202.001
203.553
205.138
206.727
208.298
209.848
211.375
212.887
214.387
215.883
217.378
218.877
220.378
221.883
223.389
224.897
226.401
227.905
229.405
230.904
232.399
233.894
235.386
236.879
238.369
239.861
241.35
242.842
244.327
245.81
247.289
248.764
250.235
251.708
253.178
254.65
256.118
257.589
259.056
260.526
261.993
263.464
264.93
266.391
267.838
269.284
270.717
272.154
273.587
275.023
276.455
277.891
279.324
280.762
282.196
283.613
285.013
286.407
287.793
289.183
290.583
291.99
293.398
294.765
296.204
297.341
180.768
181.593
183.133
184.727
186.289
187.891
189.522
191.156
192.771
194.365
195.938
197.495
199.04
200.582
202.122
203.666
205.213
206.762
208.313
209.863
211.411
212.957
214.5
216.041
217.578
219.115
220.649
222.183
223.715
225.248
226.78
228.313
229.842
231.366
232.884
234.396
235.907
237.418
238.928
240.439
241.95
243.461
244.973
246.486
248.001
249.518
251.035
252.545
254.042
255.531
257.01
258.494
259.979
261.47
262.962
264.46
265.96
267.47
268.978
270.474
271.946
273.407
274.86
276.33
277.812
279.311
280.81
282.28
283.803
285.041
177.212
178.011
179.468
180.981
182.463
183.977
185.519
187.066
188.598
190.114
191.613
193.1
194.576
196.05
197.522
198.998
200.474
201.956
203.436
204.919
206.398
207.877
209.352
210.827
212.299
213.771
215.24
216.711
218.18
219.65
221.12
222.593
224.06
225.521
226.974
228.424
229.873
231.323
232.771
234.222
235.672
237.124
238.577
240.033
241.49
242.951
244.414
245.868
247.306
248.732
250.151
251.578
253.006
254.441
255.877
257.322
258.77
260.23
261.69
263.137
264.552
265.952
267.35
268.77
270.205
271.661
273.118
274.547
276.012
277.215
171.996
172.838
174.27
175.736
177.171
178.641
180.14
181.649
183.148
184.634
186.103
187.56
189.005
190.447
191.885
193.327
194.769
196.216
197.664
199.114
200.561
202.01
203.455
204.902
206.345
207.789
209.231
210.675
212.118
213.564
215.009
216.458
217.902
219.341
220.768
222.195
223.62
225.048
226.474
227.904
229.332
230.765
232.196
233.633
235.069
236.513
237.955
239.393
240.808
242.21
243.604
245.007
246.41
247.819
249.228
250.646
252.066
253.497
254.929
256.344
257.725
259.082
260.443
261.822
263.222
264.64
266.065
267.457
268.867
270.042
171.105
171.928
173.296
174.695
176.065
177.471
178.909
180.36
181.804
183.24
184.659
186.067
187.464
188.857
190.246
191.638
193.031
194.43
195.828
197.228
198.626
200.026
201.422
202.819
204.212
205.608
207
208.396
209.789
211.187
212.584
213.985
215.381
216.771
218.147
219.523
220.897
222.276
223.651
225.031
226.409
227.793
229.175
230.564
231.952
233.348
234.743
236.133
237.497
238.845
240.185
241.536
242.887
244.245
245.604
246.972
248.343
249.726
251.109
252.477
253.803
255.1
256.403
257.73
259.078
260.448
261.825
263.17
264.517
265.648
170.887
171.695
173.007
174.345
175.659
177.007
178.386
179.776
181.159
182.531
183.887
185.232
186.566
187.896
189.223
190.553
191.884
193.221
194.558
195.897
197.235
198.574
199.91
201.248
202.583
203.92
205.255
206.594
207.932
209.273
210.616
211.963
213.307
214.643
215.966
217.287
218.611
219.937
221.263
222.592
223.923
225.258
226.595
227.938
229.283
230.636
231.992
233.341
234.665
235.968
237.269
238.581
239.897
241.222
242.551
243.892
245.239
246.603
247.969
249.322
250.626
251.902
253.185
254.5
255.837
257.203
258.575
259.923
261.262
262.398
171.783
172.58
173.852
175.146
176.418
177.722
179.057
180.403
181.743
183.074
184.391
185.699
186.996
188.29
189.581
190.876
192.171
193.472
194.773
196.075
197.376
198.678
199.977
201.278
202.576
203.876
205.174
206.475
207.776
209.081
210.387
211.697
213.004
214.301
215.584
216.865
218.148
219.434
220.72
222.008
223.299
224.593
225.89
227.192
228.498
229.812
231.129
232.438
233.719
234.978
236.233
237.501
238.774
240.056
241.342
242.641
243.947
245.272
246.6
247.914
249.173
250.401
251.637
252.91
254.207
255.537
256.873
258.187
259.48
260.585
173.985
174.779
176.014
177.268
178.501
179.765
181.06
182.366
183.668
184.962
186.242
187.513
188.774
190.031
191.285
192.541
193.798
195.061
196.323
197.587
198.849
200.112
201.373
202.635
203.895
205.157
206.418
207.683
208.947
210.216
211.486
212.761
214.032
215.294
216.54
217.785
219.031
220.282
221.531
222.786
224.041
225.302
226.565
227.835
229.107
230.389
231.673
232.951
234.195
235.415
236.629
237.86
239.092
240.334
241.58
242.838
244.104
245.387
246.675
247.944
249.154
250.324
251.508
252.727
253.976
255.257
256.551
257.815
259.046
260.099
176.081
176.871
178.076
179.293
180.488
181.712
182.964
184.227
185.488
186.742
187.985
189.22
190.447
191.67
192.891
194.114
195.338
196.568
197.797
199.028
200.256
201.486
202.714
203.944
205.172
206.403
207.633
208.866
210.1
211.339
212.58
213.827
215.068
216.301
217.515
218.729
219.945
221.167
222.386
223.612
224.838
226.072
227.306
228.55
229.795
231.053
232.311
233.564
234.78
235.968
237.152
238.353
239.557
240.772
241.99
243.223
244.464
245.723
246.988
248.233
249.412
250.547
251.699
252.889
254.11
255.368
256.639
257.88
259.076
260.105
180.416
181.185
182.342
183.512
184.66
185.835
187.035
188.246
189.454
190.655
191.846
193.029
194.203
195.374
196.542
197.712
198.883
200.058
201.233
202.409
203.582
204.757
205.93
207.104
208.277
209.451
210.626
211.804
212.984
214.167
215.354
216.547
217.736
218.913
220.072
221.229
222.391
223.556
224.723
225.894
227.068
228.249
229.434
230.626
231.825
233.034
234.249
235.454
236.623
237.76
238.896
240.051
241.212
242.385
243.566
244.765
245.975
247.209
248.451
249.674
250.82
251.922
253.042
254.21
255.411
256.66
257.92
259.154
260.331
261.351
183.146
183.911
185.047
186.192
187.314
188.462
189.633
190.815
191.995
193.171
194.337
195.497
196.649
197.798
198.944
200.092
201.24
202.393
203.544
204.696
205.845
206.996
208.145
209.295
210.443
211.594
212.744
213.898
215.053
216.213
217.376
218.544
219.708
220.86
221.991
223.122
224.256
225.395
226.534
227.677
228.824
229.977
231.135
232.3
233.472
234.654
235.843
237.022
238.162
239.267
240.373
241.497
242.629
243.773
244.925
246.096
247.279
248.489
249.706
250.904
252.02
253.091
254.18
255.322
256.498
257.725
258.965
260.18
261.331
262.335
190.478
191.226
192.317
193.421
194.504
195.608
196.731
197.865
198.995
200.121
201.236
202.345
203.445
204.542
205.635
206.73
207.823
208.921
210.016
211.112
212.204
213.297
214.387
215.479
216.568
217.659
218.75
219.845
220.939
222.04
223.142
224.252
225.356
226.446
227.513
228.581
229.651
230.726
231.801
232.882
233.964
235.056
236.15
237.254
238.363
239.486
240.613
241.731
242.802
243.835
244.868
245.922
246.982
248.055
249.136
250.236
251.35
252.49
253.64
254.766
255.8
256.779
257.784
258.842
259.942
261.095
262.272
263.41
264.467
265.394
193.293
194.027
195.1
196.187
197.247
198.323
199.417
200.521
201.623
202.724
203.816
204.905
205.986
207.066
208.141
209.219
210.294
211.374
212.451
213.528
214.601
215.675
216.746
217.818
218.888
219.961
221.033
222.109
223.185
224.266
225.35
226.441
227.526
228.597
229.644
230.69
231.74
232.795
233.849
234.909
235.972
237.043
238.117
239.201
240.291
241.394
242.502
243.6
244.651
245.662
246.674
247.707
248.746
249.798
250.858
251.938
253.031
254.152
255.282
256.388
257.399
258.354
259.337
260.374
261.454
262.59
263.747
264.872
265.911
266.832
206.763
207.421
208.398
209.404
210.384
211.375
212.377
213.387
214.393
215.395
216.388
217.376
218.357
219.335
220.308
221.281
222.252
223.226
224.195
225.163
226.125
227.088
228.046
229.005
229.961
230.918
231.875
232.834
233.794
234.758
235.725
236.699
237.666
238.614
239.535
240.456
241.38
242.309
243.237
244.17
245.107
246.051
247.001
247.959
248.925
249.905
250.892
251.865
252.782
253.653
254.528
255.424
256.329
257.249
258.18
259.134
260.104
261.106
262.122
263.107
263.975
264.781
265.621
266.526
267.481
268.505
269.562
270.563
271.458
272.262
208.782
209.279
210.178
211.149
212.076
213
213.932
214.874
215.81
216.747
217.677
218.606
219.528
220.451
221.369
222.289
223.205
224.126
225.041
225.957
226.866
227.778
228.685
229.594
230.501
231.411
232.32
233.235
234.149
235.071
235.995
236.928
237.855
238.765
239.647
240.532
241.42
242.315
243.21
244.113
245.018
245.934
246.855
247.788
248.727
249.684
250.647
251.601
252.501
253.358
254.218
255.103
255.996
256.906
257.827
258.771
259.733
260.725
261.733
262.713
263.59
264.407
265.26
266.173
267.138
268.167
269.223
270.242
271.159
271.985
238.933
239.15
239.878
240.748
241.556
242.335
243.109
243.884
244.647
245.402
246.145
246.882
247.608
248.328
249.038
249.744
250.441
251.138
251.823
252.5
253.167
253.829
254.482
255.133
255.776
256.419
257.057
257.697
258.334
258.976
259.618
260.267
260.905
261.512
262.079
262.646
263.214
263.785
264.354
264.928
265.504
266.089
266.679
267.28
267.889
268.516
269.152
269.769
270.301
270.773
271.251
271.755
272.27
272.802
273.351
273.925
274.523
275.158
275.818
276.428
276.883
277.26
277.694
278.201
278.78
279.442
280.163
280.776
281.261
281.732
240.981
239.601
239.8
240.624
241.283
241.826
242.369
242.929
243.482
244.032
244.575
245.117
245.653
246.189
246.717
247.245
247.768
248.294
248.812
249.327
249.834
250.341
250.844
251.348
251.849
252.355
252.859
253.37
253.883
254.405
254.931
255.468
255.999
256.502
256.965
257.432
257.906
258.389
258.874
259.371
259.873
260.39
260.916
261.459
262.013
262.59
263.178
263.752
264.247
264.682
265.125
265.601
266.095
266.612
267.151
267.72
268.318
268.956
269.614
270.233
270.717
271.121
271.576
272.11
272.724
273.423
274.152
274.82
275.381
275.855
341.366
335.62
333.404
333.228
332.789
332.013
331.237
330.518
329.809
329.096
328.383
327.675
326.967
326.264
325.56
324.861
324.167
323.484
322.798
322.111
321.423
320.739
320.058
319.387
318.721
318.069
317.426
316.801
316.188
315.597
315.023
314.474
313.915
313.274
312.546
311.827
311.123
310.434
309.753
309.093
308.449
307.832
307.236
306.674
306.139
305.644
305.182
304.677
303.96
303.089
302.237
301.435
300.665
299.936
299.253
298.628
298.065
297.578
297.162
296.622
295.673
294.514
293.481
292.617
291.926
291.429
291.118
290.438
289.471
288.81
317.833
298.268
283.58
273.313
265.858
260.296
256.198
253.228
251.095
249.562
248.454
247.639
247.02
246.528
246.12
245.766
245.45
245.163
244.901
244.662
244.444
244.246
244.068
243.91
243.769
243.643
243.533
243.435
243.348
243.271
243.202
243.14
243.084
243.033
242.985
242.941
242.9
242.86
242.822
242.784
242.747
242.709
242.671
242.631
242.589
242.546
242.501
242.454
242.404
242.351
242.295
242.236
242.172
242.103
242.03
241.952
241.869
241.78
241.686
241.586
241.48
241.368
241.249
241.123
240.99
240.85
240.702
240.547
240.386
240.218
240.047
239.873
239.698
239.521
239.381
310.592
299.205
288.424
280.795
274.508
268.844
264.032
260.14
257.012
254.492
252.483
250.9
249.663
248.696
247.936
247.331
246.84
246.432
246.086
245.784
245.518
245.28
245.065
244.87
244.694
244.534
244.39
244.259
244.14
244.033
243.935
243.845
243.762
243.686
243.614
243.546
243.483
243.423
243.366
243.311
243.259
243.207
243.156
243.104
243.052
242.998
242.942
242.884
242.824
242.762
242.697
242.629
242.558
242.482
242.403
242.318
242.227
242.131
242.029
241.922
241.808
241.688
241.561
241.428
241.287
241.139
240.983
240.819
240.646
240.464
240.272
240.071
239.859
239.628
239.4
299.69
291.631
283.515
278.382
274.296
270.198
266.383
263.142
260.433
258.14
256.212
254.607
253.272
252.145
251.176
250.325
249.565
248.877
248.252
247.684
247.173
246.719
246.32
245.974
245.677
245.426
245.214
245.036
244.886
244.758
244.648
244.551
244.463
244.38
244.3
244.222
244.143
244.065
243.989
243.913
243.84
243.769
243.7
243.632
243.563
243.495
243.425
243.353
243.28
243.206
243.129
243.052
242.972
242.889
242.803
242.713
242.618
242.516
242.409
242.294
242.173
242.045
241.909
241.767
241.617
241.459
241.292
241.115
240.926
240.725
240.508
240.274
240.018
239.727
239.393
288.997
284.248
278.79
275.432
272.567
269.326
266.085
263.243
260.842
258.804
257.098
255.701
254.574
253.656
252.893
252.235
251.641
251.083
250.54
250.005
249.474
248.954
248.451
247.974
247.529
247.121
246.753
246.426
246.14
245.892
245.68
245.499
245.345
245.212
245.095
244.988
244.888
244.792
244.698
244.607
244.518
244.433
244.351
244.272
244.196
244.12
244.043
243.964
243.882
243.797
243.708
243.616
243.523
243.427
243.33
243.231
243.129
243.022
242.91
242.791
242.665
242.53
242.387
242.235
242.074
241.904
241.723
241.53
241.323
241.099
240.854
240.584
240.281
239.936
239.486
281.411
278.227
274.322
272.186
270.384
268.109
265.665
263.413
261.417
259.634
258.064
256.719
255.594
254.656
253.869
253.197
252.605
252.064
251.553
251.057
250.571
250.095
249.634
249.194
248.781
248.398
248.049
247.732
247.447
247.192
246.965
246.762
246.58
246.415
246.262
246.118
245.977
245.835
245.692
245.548
245.404
245.263
245.129
245.005
244.89
244.786
244.689
244.598
244.508
244.418
244.324
244.226
244.125
244.022
243.917
243.812
243.706
243.599
243.489
243.375
243.253
243.123
242.982
242.829
242.663
242.485
242.292
242.085
241.862
241.62
241.354
241.06
240.728
240.355
239.81
274.647
272.52
269.676
268.492
267.528
265.993
264.183
262.456
260.893
259.471
258.204
257.112
256.195
255.429
254.781
254.217
253.705
253.217
252.732
252.24
251.734
251.221
250.706
250.203
249.721
249.271
248.86
248.491
248.166
247.883
247.642
247.44
247.272
247.134
247.019
246.92
246.828
246.736
246.636
246.526
246.403
246.269
246.129
245.987
245.849
245.719
245.597
245.483
245.374
245.265
245.153
245.035
244.911
244.781
244.647
244.514
244.383
244.256
244.135
244.018
243.902
243.784
243.658
243.521
243.371
243.204
243.02
242.817
242.596
242.354
242.09
241.799
241.472
241.12
240.538
270.257
268.709
266.522
265.908
265.449
264.387
263.012
261.664
260.421
259.264
258.213
257.295
256.518
255.864
255.31
254.826
254.385
253.961
253.534
253.092
252.63
252.149
251.657
251.164
250.681
250.218
249.784
249.383
249.019
248.693
248.405
248.155
247.941
247.761
247.611
247.486
247.377
247.276
247.176
247.069
246.952
246.824
246.689
246.552
246.419
246.297
246.189
246.096
246.015
245.94
245.866
245.785
245.692
245.585
245.464
245.333
245.196
245.06
244.929
244.805
244.688
244.576
244.464
244.348
244.22
244.077
243.915
243.732
243.529
243.305
243.063
242.805
242.52
242.243
241.73
267.166
265.889
264.056
263.794
263.674
262.946
261.889
260.832
259.846
258.913
258.056
257.305
256.67
256.139
255.688
255.294
254.929
254.569
254.195
253.796
253.367
252.91
252.433
251.947
251.466
250.999
250.558
250.149
249.776
249.442
249.148
248.893
248.677
248.496
248.348
248.225
248.121
248.024
247.927
247.82
247.699
247.561
247.408
247.246
247.085
246.932
246.794
246.675
246.577
246.494
246.421
246.349
246.27
246.178
246.071
245.952
245.823
245.693
245.569
245.457
245.359
245.278
245.208
245.144
245.078
245.002
244.909
244.795
244.657
244.498
244.32
244.133
243.934
243.765
243.457
265.311
264.137
262.474
262.39
262.452
261.913
261.044
260.166
259.345
258.562
257.839
257.207
256.676
256.235
255.865
255.54
255.237
254.931
254.605
254.247
253.853
253.426
252.972
252.504
252.034
251.575
251.137
250.728
250.353
250.014
249.715
249.455
249.234
249.05
248.899
248.777
248.675
248.583
248.491
248.391
248.276
248.144
247.995
247.835
247.673
247.518
247.378
247.26
247.164
247.087
247.023
246.963
246.896
246.815
246.715
246.597
246.464
246.323
246.185
246.06
245.954
245.871
245.813
245.774
245.748
245.724
245.694
245.652
245.591
245.512
245.42
245.322
245.233
245.165
245.154
264.626
263.427
261.794
261.755
261.88
261.421
260.646
259.865
259.141
258.451
257.816
257.265
256.81
256.438
256.131
255.864
255.613
255.355
255.072
254.752
254.391
253.991
253.56
253.109
252.652
252.201
251.769
251.362
250.988
250.65
250.35
250.09
249.868
249.685
249.535
249.413
249.31
249.219
249.128
249.027
248.911
248.775
248.622
248.457
248.289
248.128
247.983
247.861
247.764
247.69
247.633
247.582
247.526
247.458
247.371
247.263
247.137
247.002
246.867
246.745
246.644
246.572
246.532
246.52
246.53
246.552
246.577
246.593
246.595
246.58
246.55
246.511
246.484
246.454
246.581
264.573
263.227
261.486
261.387
261.48
261.009
260.239
259.479
258.785
258.132
257.539
257.033
256.625
256.302
256.043
255.824
255.621
255.409
255.171
254.893
254.572
254.209
253.81
253.389
252.958
252.53
252.117
251.727
251.367
251.042
250.754
250.504
250.292
250.117
249.973
249.858
249.761
249.674
249.587
249.49
249.378
249.246
249.096
248.934
248.769
248.611
248.469
248.351
248.259
248.192
248.142
248.099
248.054
247.995
247.916
247.815
247.695
247.564
247.433
247.313
247.218
247.156
247.13
247.14
247.18
247.241
247.311
247.379
247.435
247.475
247.5
247.511
247.528
247.533
247.681
265.657
264.098
262.223
261.996
261.976
261.419
260.588
259.787
259.068
258.403
257.807
257.306
256.91
256.602
256.363
256.166
255.986
255.799
255.585
255.332
255.034
254.693
254.315
253.912
253.497
253.082
252.679
252.298
251.946
251.626
251.342
251.095
250.885
250.71
250.567
250.451
250.354
250.267
250.18
250.083
249.971
249.84
249.691
249.529
249.364
249.205
249.062
248.943
248.85
248.783
248.734
248.695
248.653
248.6
248.527
248.433
248.319
248.194
248.069
247.956
247.868
247.816
247.803
247.83
247.892
247.98
248.081
248.183
248.277
248.354
248.413
248.455
248.499
248.522
248.675
266.626
264.779
262.605
262.147
261.943
261.236
260.289
259.404
258.63
257.934
257.327
256.831
256.453
256.173
255.969
255.814
255.679
255.54
255.376
255.173
254.924
254.63
254.297
253.937
253.561
253.183
252.814
252.463
252.137
251.841
251.578
251.349
251.154
250.993
250.862
250.757
250.671
250.594
250.518
250.432
250.331
250.211
250.071
249.918
249.76
249.606
249.467
249.351
249.261
249.197
249.153
249.12
249.087
249.043
248.982
248.9
248.799
248.687
248.573
248.472
248.396
248.355
248.355
248.397
248.475
248.582
248.706
248.834
248.954
249.059
249.146
249.214
249.279
249.32
249.485
269.091
266.903
264.479
263.743
263.28
262.357
261.235
260.211
259.326
258.544
257.871
257.327
256.913
256.61
256.391
256.229
256.094
255.96
255.804
255.612
255.377
255.098
254.781
254.436
254.075
253.711
253.355
253.015
252.699
252.411
252.153
251.927
251.735
251.574
251.443
251.338
251.251
251.175
251.1
251.017
250.918
250.8
250.663
250.512
250.353
250.197
250.055
249.934
249.838
249.77
249.722
249.688
249.657
249.618
249.564
249.491
249.4
249.297
249.193
249.101
249.032
248.997
249.002
249.05
249.135
249.251
249.385
249.526
249.661
249.783
249.887
249.971
250.051
250.103
250.279
270.592
267.76
264.689
263.512
262.742
261.592
260.313
259.194
258.266
257.479
256.831
256.33
255.975
255.739
255.592
255.502
255.44
255.378
255.291
255.167
254.995
254.777
254.517
254.225
253.915
253.597
253.284
252.985
252.706
252.45
252.222
252.022
251.852
251.711
251.597
251.508
251.435
251.373
251.312
251.243
251.158
251.054
250.931
250.791
250.642
250.494
250.357
250.24
250.149
250.083
250.04
250.012
249.989
249.961
249.92
249.862
249.786
249.699
249.61
249.53
249.472
249.446
249.46
249.514
249.607
249.731
249.874
250.026
250.174
250.31
250.429
250.529
250.625
250.689
250.882
274.768
271.246
267.711
265.969
264.668
263.094
261.491
260.126
259.012
258.089
257.343
256.779
256.385
256.129
255.976
255.89
255.838
255.788
255.718
255.61
255.457
255.256
255.013
254.738
254.443
254.14
253.84
253.553
253.285
253.039
252.82
252.626
252.461
252.322
252.209
252.119
252.046
251.982
251.918
251.848
251.762
251.657
251.533
251.392
251.241
251.091
250.951
250.83
250.732
250.661
250.613
250.581
250.555
250.527
250.489
250.434
250.364
250.282
250.198
250.122
250.067
250.044
250.058
250.113
250.205
250.329
250.473
250.627
250.778
250.918
251.043
251.149
251.251
251.321
251.525
275.025
270.411
265.889
263.741
262.307
260.693
259.122
257.854
256.885
256.129
255.558
255.165
254.933
254.829
254.817
254.86
254.923
254.978
255.001
254.976
254.896
254.762
254.58
254.359
254.113
253.855
253.597
253.349
253.117
252.906
252.718
252.556
252.418
252.306
252.217
252.148
252.093
252.046
251.998
251.941
251.869
251.777
251.665
251.537
251.399
251.261
251.132
251.021
250.933
250.87
250.829
250.804
250.786
250.765
250.735
250.689
250.629
250.558
250.485
250.42
250.376
250.363
250.386
250.45
250.551
250.682
250.834
250.994
251.152
251.298
251.429
251.541
251.651
251.725
251.947
281.155
274.234
268.419
265.087
262.767
260.627
258.768
257.351
256.331
255.6
255.104
254.816
254.705
254.725
254.832
254.985
255.148
255.291
255.389
255.428
255.4
255.308
255.159
254.964
254.737
254.494
254.246
254.005
253.777
253.568
253.383
253.223
253.088
252.979
252.892
252.823
252.767
252.716
252.662
252.598
252.518
252.417
252.297
252.161
252.016
251.873
251.739
251.624
251.532
251.465
251.419
251.388
251.362
251.333
251.294
251.24
251.173
251.096
251.02
250.954
250.909
250.897
250.922
250.987
251.089
251.221
251.371
251.529
251.682
251.823
251.946
252.049
252.15
252.217
252.427
276.696
268.937
262.87
259.86
258.034
256.467
255.172
254.252
253.646
253.247
253.016
252.953
253.047
253.253
253.526
253.826
254.119
254.377
254.578
254.707
254.758
254.733
254.641
254.495
254.312
254.106
253.891
253.678
253.475
253.291
253.13
252.996
252.889
252.808
252.751
252.711
252.68
252.652
252.616
252.567
252.498
252.408
252.298
252.172
252.038
251.907
251.787
251.687
251.611
251.559
251.526
251.505
251.487
251.463
251.426
251.375
251.31
251.237
251.166
251.109
251.076
251.076
251.115
251.195
251.31
251.453
251.613
251.776
251.931
252.07
252.189
252.286
252.378
252.44
252.621
271.608
258.677
253.554
251.735
250.957
250.193
249.657
249.607
249.923
250.393
250.91
251.465
252.056
252.661
253.254
253.81
254.31
254.735
255.069
255.304
255.437
255.474
255.426
255.309
255.143
254.943
254.725
254.503
254.287
254.087
253.911
253.764
253.648
253.562
253.502
253.459
253.425
253.389
253.343
253.278
253.192
253.082
252.952
252.808
252.659
252.515
252.387
252.281
252.2
252.144
252.105
252.076
252.046
252.007
251.954
251.884
251.802
251.714
251.632
251.567
251.529
251.529
251.57
251.652
251.769
251.912
252.068
252.224
252.368
252.491
252.591
252.669
252.738
252.787
252.93
239.092
236.601
229.851
234.437
240.639
243.538
244.66
245.691
246.778
247.7
248.51
249.316
250.142
250.956
251.73
252.444
253.084
253.634
254.079
254.411
254.631
254.744
254.762
254.702
254.582
254.421
254.233
254.034
253.837
253.654
253.496
253.37
253.279
253.222
253.192
253.18
253.174
253.163
253.135
253.085
253.008
252.905
252.78
252.643
252.504
252.374
252.262
252.174
252.113
252.075
252.052
252.035
252.013
251.978
251.925
251.854
251.771
251.683
251.604
251.545
251.518
251.531
251.587
251.684
251.816
251.971
252.135
252.294
252.435
252.551
252.64
252.702
252.762
252.789
252.996
211.419
222.336
226.871
233.849
239.921
243.113
244.721
246.028
247.263
248.326
249.257
250.142
251.016
251.863
252.665
253.404
254.063
254.626
255.078
255.414
255.632
255.74
255.749
255.675
255.534
255.345
255.124
254.888
254.652
254.433
254.242
254.088
253.975
253.901
253.858
253.835
253.817
253.792
253.749
253.678
253.579
253.453
253.307
253.15
252.996
252.855
252.736
252.644
252.579
252.536
252.506
252.48
252.445
252.394
252.324
252.235
252.135
252.032
251.94
251.872
251.839
251.849
251.904
252
252.13
252.282
252.439
252.587
252.714
252.812
252.878
252.914
252.931
252.936
252.952
215.712
222.817
226.54
230.838
234.93
237.938
240.09
241.864
243.451
244.86
246.125
247.299
248.421
249.492
250.503
251.436
252.275
253.004
253.609
254.085
254.432
254.658
254.773
254.792
254.732
254.611
254.446
254.257
254.062
253.88
253.725
253.605
253.525
253.484
253.472
253.477
253.485
253.482
253.457
253.403
253.316
253.202
253.068
252.926
252.787
252.663
252.563
252.489
252.441
252.413
252.396
252.378
252.35
252.305
252.239
252.155
252.059
251.961
251.876
251.815
251.789
251.807
251.869
251.972
252.107
252.262
252.42
252.568
252.693
252.787
252.846
252.874
252.874
252.867
252.814
222.893
227.387
231.123
234.758
238.043
240.682
242.728
244.401
245.853
247.136
248.294
249.369
250.395
251.378
252.311
253.174
253.948
254.614
255.16
255.581
255.876
256.052
256.118
256.088
255.976
255.8
255.581
255.338
255.094
254.864
254.665
254.505
254.388
254.31
254.263
254.234
254.21
254.175
254.12
254.036
253.923
253.784
253.629
253.467
253.312
253.174
253.059
252.971
252.907
252.861
252.825
252.789
252.744
252.682
252.602
252.505
252.398
252.29
252.195
252.124
252.088
252.093
252.142
252.232
252.352
252.492
252.636
252.771
252.885
252.97
253.021
253.044
253.039
253.029
252.975
229.032
231.614
233.47
236.251
238.952
241.045
242.679
244.082
245.35
246.506
247.581
248.608
249.607
250.579
251.509
252.379
253.166
253.853
254.426
254.879
255.21
255.422
255.523
255.525
255.441
255.29
255.093
254.872
254.649
254.441
254.262
254.12
254.018
253.952
253.913
253.891
253.872
253.843
253.794
253.719
253.617
253.493
253.354
253.21
253.071
252.948
252.845
252.765
252.707
252.665
252.632
252.599
252.558
252.504
252.433
252.348
252.254
252.159
252.075
252.013
251.983
251.991
252.041
252.127
252.244
252.38
252.522
252.657
252.774
252.866
252.93
252.967
252.983
252.987
252.997
237.477
238.932
240.197
242.216
244.17
245.656
246.824
247.86
248.821
249.711
250.556
251.379
252.194
252.993
253.761
254.479
255.129
255.692
256.155
256.51
256.752
256.882
256.906
256.835
256.684
256.472
256.22
255.951
255.683
255.434
255.215
255.032
254.888
254.777
254.693
254.623
254.559
254.487
254.401
254.295
254.169
254.026
253.871
253.714
253.561
253.42
253.296
253.193
253.108
253.038
252.979
252.922
252.862
252.793
252.713
252.621
252.521
252.422
252.333
252.263
252.222
252.216
252.248
252.315
252.412
252.528
252.653
252.776
252.885
252.975
253.041
253.085
253.112
253.125
253.166
242.874
243.595
243.898
245.428
247.055
248.203
249.04
249.783
250.487
251.147
251.783
252.417
253.057
253.694
254.315
254.903
255.439
255.907
256.29
256.577
256.76
256.839
256.816
256.705
256.521
256.285
256.018
255.741
255.471
255.223
255.005
254.82
254.669
254.547
254.447
254.361
254.281
254.198
254.106
254.002
253.885
253.755
253.616
253.472
253.331
253.197
253.074
252.967
252.875
252.799
252.734
252.675
252.617
252.555
252.485
252.407
252.322
252.237
252.16
252.098
252.061
252.054
252.081
252.141
252.23
252.34
252.461
252.583
252.697
252.797
252.877
252.937
252.985
253.014
253.088
250.545
250.684
250.62
251.628
252.717
253.38
253.79
254.149
254.504
254.843
255.182
255.538
255.92
256.32
256.724
257.115
257.475
257.786
258.029
258.191
258.26
258.234
258.117
257.92
257.66
257.359
257.036
256.713
256.402
256.116
255.859
255.633
255.435
255.261
255.107
254.967
254.836
254.709
254.582
254.452
254.316
254.173
254.023
253.867
253.709
253.554
253.406
253.27
253.149
253.045
252.955
252.877
252.805
252.734
252.659
252.579
252.493
252.406
252.323
252.252
252.201
252.176
252.183
252.221
252.288
252.379
252.485
252.598
252.708
252.808
252.892
252.958
253.014
253.049
253.137
256.206
255.927
255.322
255.982
256.783
257.145
257.247
257.308
257.375
257.434
257.5
257.596
257.733
257.906
258.102
258.305
258.496
258.654
258.758
258.791
258.745
258.615
258.407
258.133
257.81
257.46
257.101
256.751
256.42
256.115
255.839
255.588
255.362
255.156
254.968
254.796
254.639
254.494
254.357
254.225
254.092
253.955
253.811
253.657
253.497
253.335
253.177
253.028
252.896
252.782
252.687
252.609
252.542
252.481
252.419
252.351
252.278
252.199
252.12
252.048
251.991
251.956
251.95
251.975
252.03
252.112
252.213
252.326
252.44
252.547
252.642
252.719
252.788
252.833
252.943
263.447
262.766
261.869
262.135
262.516
262.476
262.194
261.884
261.595
261.31
261.052
260.841
260.696
260.608
260.569
260.557
260.555
260.537
260.479
260.363
260.177
259.92
259.598
259.225
258.817
258.397
257.979
257.577
257.199
256.848
256.522
256.22
255.939
255.677
255.437
255.217
255.02
254.842
254.682
254.531
254.384
254.232
254.071
253.898
253.714
253.525
253.338
253.162
253.004
252.87
252.761
252.674
252.603
252.542
252.481
252.415
252.341
252.257
252.169
252.083
252.007
251.951
251.921
251.923
251.958
252.023
252.111
252.214
252.322
252.426
252.519
252.598
252.668
252.713
252.832
269.554
268.534
267.244
267.176
267.238
266.864
266.236
265.585
264.957
264.351
263.782
263.284
262.868
262.535
262.268
262.05
261.856
261.661
261.441
261.176
260.858
260.483
260.06
259.602
259.127
258.651
258.187
257.745
257.328
256.937
256.569
256.225
255.902
255.602
255.329
255.084
254.868
254.679
254.512
254.358
254.207
254.05
253.879
253.693
253.494
253.288
253.085
252.895
252.728
252.589
252.48
252.397
252.335
252.283
252.232
252.174
252.104
252.021
251.929
251.835
251.748
251.679
251.635
251.624
251.646
251.699
251.777
251.87
251.971
252.068
252.157
252.231
252.3
252.344
252.474
276.99
275.576
273.96
273.472
273.09
272.281
271.235
270.179
269.166
268.194
267.286
266.473
265.769
265.17
264.659
264.213
263.808
263.414
263.009
262.577
262.107
261.6
261.062
260.508
259.949
259.4
258.87
258.365
257.886
257.433
257.006
256.604
256.23
255.886
255.576
255.302
255.064
254.857
254.674
254.503
254.333
254.154
253.959
253.748
253.523
253.293
253.07
252.863
252.684
252.537
252.424
252.34
252.276
252.222
252.169
252.106
252.028
251.937
251.834
251.729
251.632
251.552
251.498
251.475
251.485
251.524
251.585
251.66
251.739
251.814
251.88
251.933
251.983
252.012
252.135
283.751
281.858
279.704
278.739
277.904
276.657
275.191
273.741
272.364
271.057
269.843
268.751
267.792
266.959
266.233
265.588
264.997
264.433
263.874
263.304
262.716
262.108
261.487
260.862
260.242
259.637
259.053
258.495
257.966
257.464
256.992
256.551
256.145
255.777
255.449
255.162
254.914
254.696
254.5
254.314
254.127
253.928
253.715
253.486
253.248
253.01
252.782
252.577
252.402
252.26
252.151
252.068
252.003
251.943
251.88
251.805
251.716
251.614
251.504
251.394
251.295
251.215
251.16
251.135
251.137
251.163
251.204
251.253
251.301
251.342
251.372
251.39
251.406
251.415
251.479
291.88
289.44
286.8
285.257
283.831
282.026
280.043
278.113
276.295
274.586
273.007
271.583
270.321
269.209
268.225
267.342
266.533
265.771
265.035
264.31
263.586
262.862
262.141
261.428
260.73
260.053
259.404
258.785
258.2
257.65
257.137
256.664
256.233
255.846
255.502
255.2
254.934
254.694
254.471
254.253
254.032
253.801
253.559
253.308
253.057
252.813
252.588
252.39
252.223
252.087
251.979
251.891
251.814
251.738
251.656
251.564
251.462
251.353
251.244
251.142
251.055
250.988
250.944
250.923
250.92
250.93
250.945
250.958
250.962
250.954
250.932
250.899
250.856
250.824
250.712
298.583
295.498
292.176
290.031
288.058
285.753
283.318
280.984
278.808
276.782
274.925
273.254
271.774
270.465
269.303
268.26
267.306
266.414
265.563
264.735
263.922
263.118
262.325
261.547
260.789
260.057
259.358
258.695
258.072
257.493
256.959
256.472
256.033
255.641
255.292
254.98
254.699
254.439
254.19
253.945
253.697
253.446
253.191
252.939
252.697
252.471
252.267
252.09
251.939
251.811
251.699
251.597
251.498
251.395
251.286
251.171
251.053
250.936
250.828
250.732
250.652
250.589
250.543
250.51
250.484
250.46
250.433
250.398
250.352
250.294
250.224
250.144
250.051
249.97
249.721
307.168
303.3
299.299
296.308
293.48
290.415
287.32
284.411
281.733
279.276
277.046
275.053
273.288
271.728
270.343
269.1
267.967
266.917
265.926
264.977
264.06
263.17
262.307
261.474
260.675
259.915
259.198
258.528
257.907
257.335
256.813
256.338
255.907
255.516
255.158
254.827
254.515
254.215
253.921
253.631
253.342
253.058
252.782
252.519
252.274
252.051
251.852
251.674
251.515
251.371
251.237
251.108
250.982
250.858
250.735
250.618
250.509
250.41
250.324
250.252
250.193
250.144
250.103
250.066
250.028
249.987
249.94
249.885
249.821
249.749
249.667
249.576
249.471
249.366
249.075
312.516
308.121
303.426
299.764
296.331
292.735
289.175
285.866
282.861
280.149
277.727
275.59
273.717
272.07
270.611
269.299
268.099
266.981
265.922
264.907
263.926
262.977
262.06
261.179
260.339
259.543
258.797
258.101
257.457
256.864
256.32
255.821
255.364
254.943
254.551
254.184
253.837
253.507
253.192
252.891
252.607
252.34
252.093
251.866
251.661
251.475
251.306
251.152
251.009
250.874
250.745
250.621
250.502
250.389
250.284
250.188
250.101
250.023
249.955
249.894
249.839
249.786
249.735
249.683
249.629
249.572
249.512
249.448
249.381
249.308
249.23
249.144
249.046
248.94
248.678
320.003
314.641
308.844
303.706
298.98
294.468
290.284
286.538
283.223
280.295
277.722
275.465
273.482
271.722
270.142
268.702
267.372
266.128
264.955
263.846
262.796
261.804
260.873
260.003
259.196
258.45
257.765
257.138
256.565
256.04
255.559
255.116
254.706
254.322
253.961
253.62
253.296
252.988
252.697
252.422
252.164
251.924
251.7
251.493
251.301
251.121
250.952
250.793
250.642
250.499
250.364
250.238
250.12
250.012
249.914
249.825
249.744
249.67
249.602
249.539
249.478
249.419
249.362
249.305
249.249
249.194
249.139
249.085
249.03
248.973
248.912
248.846
248.773
248.69
248.5
322.698
316.815
310.054
304.207
298.84
293.763
289.153
285.111
281.601
278.557
275.922
273.64
271.655
269.915
268.373
266.993
265.743
264.599
263.544
262.564
261.65
260.797
259.998
259.25
258.551
257.896
257.284
256.711
256.175
255.672
255.2
254.756
254.338
253.944
253.572
253.222
252.893
252.583
252.294
252.024
251.773
251.539
251.321
251.118
250.929
250.751
250.585
250.43
250.285
250.15
250.025
249.909
249.803
249.706
249.616
249.533
249.457
249.385
249.318
249.254
249.194
249.136
249.081
249.028
248.978
248.929
248.883
248.837
248.793
248.747
248.701
248.653
248.603
248.547
248.436
339.34
323.178
311.077
301.931
294.761
289.04
284.449
280.741
277.716
275.215
273.112
271.309
269.731
268.321
267.038
265.855
264.752
263.717
262.743
261.825
260.958
260.141
259.371
258.647
257.967
257.328
256.728
256.164
255.636
255.14
254.675
254.239
253.83
253.447
253.089
252.753
252.44
252.147
251.874
251.618
251.38
251.156
250.947
250.752
250.569
250.399
250.24
250.091
249.954
249.827
249.709
249.599
249.498
249.404
249.317
249.236
249.16
249.089
249.022
248.96
248.902
248.847
248.796
248.748
248.703
248.66
248.619
248.581
248.544
248.51
248.478
248.45
248.427
248.406
248.369
-85.4664
-78.5983
-70.3387
-64.2387
-58.7304
-53.0334
-47.2955
-41.6566
-36.1012
-30.5959
-25.1366
-19.7177
-14.3421
-8.99985
-3.69624
1.58218
6.83172
12.0921
17.3252
22.5189
27.6569
32.7453
37.7664
42.7238
47.6033
52.4102
57.1326
61.7764
66.3316
70.805
75.1879
79.4906
83.7186
87.929
92.1646
96.3719
100.531
104.623
108.635
112.575
116.433
120.216
123.912
127.53
131.059
134.508
137.882
141.211
144.562
147.962
151.342
154.68
157.925
161.078
164.14
167.115
169.997
172.795
175.536
178.255
181.03
183.857
186.634
189.316
191.857
194.288
196.693
199.149
201.381
203.738
164.665
167.451
167.853
167.293
167.017
166.949
166.879
166.768
166.657
166.534
166.409
166.264
166.114
165.951
165.79
165.626
165.471
165.326
165.199
165.096
165.019
164.973
164.957
164.975
165.019
165.095
165.195
165.324
165.474
165.652
165.851
166.08
166.339
166.584
166.833
167.123
167.436
167.777
168.139
168.532
168.947
169.394
169.861
170.36
170.878
171.427
172.003
172.62
173.171
173.724
174.344
175.006
175.677
176.37
177.079
177.814
178.564
179.339
180.17
180.989
181.679
182.411
183.254
184.137
185.014
185.92
187.004
187.813
188.414
189.123
86.1973
88.3608
89.9445
91.1934
92.4976
93.8569
95.2323
96.599
97.9843
99.3774
100.795
102.227
103.688
105.174
106.694
108.247
109.837
111.464
113.123
114.814
116.528
118.266
120.017
121.785
123.558
125.343
127.126
128.918
130.704
132.496
134.28
136.068
137.836
139.649
141.494
143.323
145.147
146.976
148.797
150.617
152.426
154.233
156.025
157.812
159.581
161.345
163.088
164.82
166.629
168.505
170.331
172.147
173.944
175.729
177.489
179.235
180.955
182.661
184.331
186.021
187.848
189.735
191.531
193.289
194.997
196.679
198.278
200.067
202.02
203.565
178.221
178.861
179.22
179.49
179.817
180.173
180.543
180.913
181.296
181.68
182.075
182.471
182.878
183.284
183.701
184.122
184.55
184.979
185.414
185.856
186.304
186.763
187.229
187.708
188.195
188.696
189.204
189.728
190.26
190.809
191.368
191.949
192.533
193.105
193.649
194.187
194.732
195.294
195.864
196.452
197.05
197.669
198.301
198.956
199.625
200.32
201.03
201.744
202.421
203.054
203.666
204.305
204.964
205.649
206.352
207.086
207.844
208.639
209.451
210.253
210.998
211.687
212.373
213.126
213.934
214.821
215.714
216.624
217.503
218.225
136.828
137.977
139.21
140.349
141.479
142.631
143.805
144.984
146.175
147.369
148.571
149.775
150.987
152.201
153.422
154.647
155.876
157.107
158.338
159.568
160.796
162.024
163.248
164.474
165.697
166.925
168.151
169.383
170.614
171.853
173.092
174.341
175.582
176.832
178.068
179.295
180.522
181.76
182.996
184.24
185.484
186.738
187.993
189.257
190.523
191.802
193.082
194.358
195.633
196.888
198.113
199.355
200.603
201.861
203.122
204.398
205.682
206.984
208.285
209.581
210.875
212.127
213.353
214.618
215.914
217.259
218.571
219.977
221.396
222.561
180.37
181.064
181.809
182.517
183.23
183.956
184.696
185.435
186.179
186.914
187.649
188.375
189.099
189.814
190.53
191.243
191.956
192.668
193.379
194.093
194.809
195.533
196.259
196.993
197.73
198.476
199.222
199.979
200.737
201.505
202.276
203.06
203.843
204.614
205.357
206.093
206.831
207.581
208.331
209.092
209.858
210.636
211.421
212.22
213.028
213.853
214.689
215.525
216.32
217.068
217.798
218.551
219.318
220.103
220.903
221.725
222.568
223.44
224.329
225.199
225.997
226.73
227.468
228.27
229.125
230.054
230.997
231.925
232.812
233.55
163.415
164.316
165.403
166.439
167.46
168.502
169.568
170.643
171.727
172.81
173.898
174.983
176.071
177.158
178.249
179.34
180.432
181.523
182.611
183.696
184.775
185.853
186.926
188
189.07
190.144
191.214
192.29
193.364
194.445
195.525
196.614
197.697
198.78
199.844
200.899
201.956
203.021
204.084
205.153
206.223
207.302
208.382
209.471
210.562
211.665
212.771
213.873
214.96
216.018
217.055
218.108
219.168
220.239
221.315
222.405
223.505
224.624
225.748
226.859
227.94
228.975
230
231.068
232.17
233.322
234.463
235.641
236.811
237.783
186.749
187.518
188.464
189.386
190.298
191.221
192.155
193.084
194.007
194.911
195.805
196.68
197.545
198.396
199.242
200.08
200.916
201.747
202.576
203.405
204.235
205.069
205.903
206.743
207.583
208.428
209.273
210.125
210.976
211.835
212.695
213.565
214.431
215.29
216.126
216.956
217.787
218.627
219.467
220.316
221.167
222.028
222.893
223.77
224.651
225.547
226.45
227.351
228.221
229.054
229.871
230.707
231.554
232.415
233.286
234.175
235.079
236.006
236.945
237.868
238.733
239.545
240.359
241.226
242.136
243.104
244.079
245.046
245.989
246.772
181.82
182.641
183.71
184.753
185.785
186.843
187.926
189.015
190.106
191.187
192.264
193.331
194.395
195.449
196.503
197.55
198.594
199.632
200.663
201.687
202.704
203.717
204.724
205.731
206.733
207.738
208.741
209.748
210.754
211.765
212.776
213.794
214.806
215.816
216.806
217.789
218.772
219.762
220.751
221.745
222.739
223.742
224.745
225.757
226.77
227.795
228.823
229.848
230.852
231.829
232.788
233.763
234.744
235.736
236.734
237.746
238.767
239.806
240.851
241.882
242.876
243.827
244.773
245.761
246.782
247.848
248.91
249.988
251.059
251.947
196.441
197.22
198.268
199.309
200.338
201.379
202.43
203.47
204.495
205.495
206.476
207.433
208.374
209.298
210.213
211.119
212.02
212.918
213.812
214.707
215.601
216.499
217.395
218.296
219.195
220.098
220.999
221.905
222.808
223.718
224.627
225.544
226.457
227.364
228.25
229.131
230.013
230.901
231.789
232.683
233.578
234.481
235.386
236.301
237.218
238.146
239.079
240.01
240.914
241.789
242.648
243.523
244.407
245.301
246.204
247.12
248.047
248.993
249.947
250.886
251.778
252.626
253.473
254.364
255.29
256.262
257.237
258.21
259.173
259.966
197.798
198.608
199.74
200.868
201.985
203.121
204.273
205.418
206.553
207.666
208.763
209.839
210.902
211.945
212.977
213.996
215.007
216.006
216.996
217.979
218.954
219.927
220.894
221.863
222.828
223.796
224.763
225.734
226.703
227.678
228.651
229.632
230.606
231.577
232.531
233.479
234.425
235.378
236.329
237.285
238.24
239.203
240.165
241.136
242.107
243.088
244.07
245.05
246.009
246.945
247.864
248.797
249.735
250.683
251.635
252.6
253.571
254.559
255.549
256.526
257.467
258.369
259.266
260.195
261.149
262.137
263.133
264.128
265.129
265.959
208.652
209.391
210.476
211.57
212.652
213.745
214.849
215.938
217.012
218.058
219.085
220.084
221.066
222.03
222.984
223.927
224.863
225.795
226.722
227.648
228.571
229.498
230.422
231.351
232.277
233.209
234.139
235.075
236.009
236.949
237.888
238.834
239.775
240.713
241.634
242.55
243.465
244.387
245.307
246.233
247.158
248.091
249.023
249.964
250.906
251.858
252.811
253.763
254.692
255.599
256.49
257.395
258.304
259.224
260.148
261.085
262.028
262.988
263.951
264.901
265.813
266.688
267.56
268.467
269.401
270.375
271.343
272.31
273.265
274.03
213.068
213.717
214.73
215.745
216.752
217.77
218.805
219.829
220.844
221.836
222.815
223.779
224.735
225.686
226.636
227.592
228.551
229.518
230.486
231.463
232.438
233.422
234.402
235.391
236.375
237.367
238.354
239.349
240.339
241.338
242.333
243.338
244.335
245.332
246.312
247.291
248.265
249.248
250.227
251.213
252.196
253.188
254.177
255.176
256.173
257.181
258.188
259.194
260.18
261.148
262.099
263.062
264.028
265.004
265.982
266.971
267.965
268.972
269.981
270.978
271.943
272.878
273.806
274.762
275.743
276.751
277.758
278.771
279.796
280.63
223.881
224.472
225.434
226.405
227.367
228.334
229.313
230.274
231.222
232.148
233.061
233.965
234.867
235.774
236.687
237.613
238.545
239.49
240.436
241.391
242.345
243.305
244.262
245.225
246.182
247.147
248.106
249.073
250.036
251.006
251.973
252.95
253.919
254.887
255.842
256.794
257.743
258.699
259.651
260.611
261.568
262.533
263.496
264.468
265.439
266.42
267.401
268.38
269.341
270.287
271.216
272.158
273.103
274.059
275.017
275.988
276.963
277.954
278.945
279.927
280.877
281.801
282.715
283.662
284.63
285.632
286.628
287.628
288.63
289.417
230.448
230.979
231.881
232.785
233.68
234.584
235.504
236.417
237.323
238.221
239.116
240.015
240.92
241.839
242.766
243.709
244.656
245.616
246.574
247.541
248.503
249.472
250.436
251.406
252.371
253.343
254.31
255.285
256.257
257.236
258.213
259.198
260.176
261.157
262.126
263.092
264.055
265.026
265.993
266.967
267.939
268.919
269.896
270.882
271.867
272.861
273.854
274.846
275.823
276.791
277.74
278.7
279.662
280.634
281.607
282.592
283.579
284.58
285.579
286.569
287.539
288.487
289.422
290.383
291.361
292.363
293.356
294.362
295.383
296.188
244.207
244.622
245.384
246.161
246.941
247.742
248.574
249.415
250.265
251.121
251.983
252.854
253.73
254.619
255.51
256.413
257.315
258.226
259.133
260.046
260.954
261.868
262.777
263.692
264.602
265.519
266.432
267.352
268.268
269.192
270.112
271.041
271.961
272.885
273.799
274.711
275.618
276.533
277.444
278.361
279.275
280.196
281.115
282.041
282.965
283.897
284.827
285.755
286.672
287.582
288.473
289.373
290.274
291.183
292.093
293.012
293.934
294.866
295.797
296.719
297.626
298.516
299.394
300.294
301.212
302.158
303.092
304.051
305.026
305.76
251.441
251.898
252.688
253.485
254.281
255.103
255.952
256.811
257.67
258.528
259.382
260.235
261.085
261.938
262.789
263.647
264.502
265.363
266.22
267.084
267.943
268.807
269.668
270.534
271.397
272.265
273.131
274.003
274.873
275.749
276.623
277.505
278.38
279.26
280.137
281.01
281.878
282.755
283.628
284.509
285.386
286.272
287.155
288.046
288.935
289.833
290.728
291.621
292.51
293.399
294.268
295.143
296.02
296.904
297.789
298.682
299.576
300.48
301.379
302.271
303.163
304.042
304.901
305.775
306.663
307.565
308.454
309.383
310.343
311.074
271.985
272.394
273.108
273.845
274.577
275.326
276.085
276.845
277.596
278.338
279.07
279.797
280.517
281.238
281.955
282.676
283.393
284.115
284.832
285.553
286.268
286.987
287.701
288.418
289.13
289.846
290.557
291.272
291.983
292.699
293.41
294.126
294.834
295.546
296.255
296.961
297.661
298.366
299.066
299.771
300.472
301.176
301.878
302.584
303.288
303.997
304.702
305.404
306.103
306.806
307.49
308.178
308.866
309.559
310.252
310.95
311.648
312.353
313.05
313.743
314.437
315.128
315.795
316.476
317.164
317.868
318.548
319.269
320.004
320.487
277.586
277.787
278.351
278.943
279.519
280.107
280.703
281.299
281.884
282.463
283.032
283.6
284.163
284.73
285.296
285.868
286.44
287.018
287.596
288.181
288.764
289.354
289.944
290.541
291.139
291.744
292.351
292.966
293.582
294.208
294.836
295.473
296.104
296.75
297.408
298.06
298.71
299.37
300.032
300.704
301.376
302.058
302.74
303.432
304.124
304.825
305.523
306.215
306.928
307.664
308.365
309.067
309.771
310.483
311.194
311.91
312.626
313.348
314.051
314.75
315.496
316.245
316.936
317.622
318.318
319.016
319.656
320.407
321.2
321.731
313.554
313.047
312.53
312.197
311.973
311.812
311.701
311.637
311.613
311.63
311.683
311.775
311.902
312.068
312.266
312.497
312.751
313.048
313.381
313.744
314.131
314.548
314.988
315.458
315.947
316.464
317
317.562
318.14
318.746
319.371
320
320.507
321.178
322.014
322.733
323.431
324.153
324.886
325.634
326.386
327.152
327.921
328.702
329.493
330.299
331.023
331.552
332.414
333.528
334.36
335.143
335.944
336.757
337.569
338.389
339.226
340.052
340.628
341.086
342.201
343.519
344.379
345.195
346.075
346.842
346.918
348.342
350.09
349.71
-95.805
-107.615
-113.174
-120.141
-128.491
-136.807
-144.328
-150.532
-154.72
-155.376
-157.535
-168.709
-172.323
-173.538
-175.443
-177.594
-179.506
-181.196
-182.73
-184.112
-185.327
-186.372
-187.245
-187.944
-188.466
-188.809
-188.968
-188.949
-188.829
-188.606
-186.975
-190.003
-192.142
-191.957
-191.548
-191.369
-191.157
-190.823
-190.396
-189.893
-189.311
-188.651
-187.91
-187.092
-186.195
-185.222
-184.173
-183.048
-181.849
-180.575
-179.228
-177.809
-176.317
-174.755
-173.122
-171.421
-169.65
-167.81
-165.907
-164.002
-162.306
-159.474
-158.35
-157.158
-155.295
-153.331
-151.421
-149.495
-147.527
-145.525
-143.497
-141.445
-139.37
-137.275
-135.16
-133.029
-130.882
-128.723
-126.551
-124.37
-122.18
-119.983
-117.78
-115.574
-113.365
-111.155
-108.943
-106.733
-104.523
-102.317
-100.111
-97.9106
-95.7123
-93.52
-91.3297
-89.1475
-86.9877
-84.8433
-82.3147
-77.5906
239.174
240.081
240.43
240.969
241.601
242.141
242.493
242.571
242.36
242.004
241.32
240.593
240.296
239.994
239.547
238.988
238.344
237.615
236.8
235.899
234.917
233.854
232.715
231.5
230.215
228.86
227.44
225.952
224.402
222.895
221.443
219.998
218.835
217.793
216.701
215.547
214.364
213.152
211.918
210.656
209.374
208.071
206.754
205.419
204.074
202.716
201.351
199.978
198.602
197.222
195.842
194.462
193.086
191.714
190.349
188.991
187.645
186.309
184.992
183.701
182.495
181.34
180.095
179.016
178.076
177.162
176.259
175.382
174.539
173.728
172.948
172.201
171.488
170.809
170.165
169.558
168.986
168.453
167.957
167.499
167.08
166.7
166.36
166.06
165.799
165.57
165.372
165.203
165.063
164.953
164.868
164.811
164.779
164.775
164.796
164.844
164.918
165.02
165.197
165.024
75.4993
73.9157
72.4829
70.985
69.4834
68.04
66.6883
65.4441
64.3419
63.3702
62.4409
61.5401
60.6419
59.7947
59.0091
58.2686
57.5773
56.9291
56.3308
55.7752
55.2684
54.8033
54.3859
54.0089
53.678
53.3859
53.1378
52.9265
52.7572
52.6318
52.4971
52.3574
52.2326
52.138
52.0833
52.058
52.0652
52.0995
52.166
52.2591
52.3833
52.5332
52.713
52.9175
53.1504
53.4067
53.6899
53.995
54.3253
54.6763
55.0509
55.4448
55.8608
56.2949
56.7496
57.2213
57.712
58.2185
58.7424
59.2798
59.8405
60.3973
60.9621
61.5527
62.1633
62.7832
63.4117
64.0478
64.6915
65.3407
65.9949
66.6527
67.3134
67.976
68.6394
69.3028
69.9649
70.625
71.2817
71.9346
72.582
73.2237
73.858
74.4847
75.1045
75.723
76.3411
76.9638
77.5951
78.2373
78.8882
79.5496
80.22
80.9012
81.5915
82.2912
83.002
83.7205
84.4689
84.791
160.815
161.18
161.487
161.839
162.213
162.569
162.897
163.181
163.409
163.584
163.758
163.972
164.21
164.426
164.622
164.801
164.966
165.114
165.249
165.366
165.471
165.559
165.635
165.696
165.745
165.779
165.802
165.811
165.808
165.794
165.799
165.845
165.922
165.995
166.057
166.11
166.16
166.204
166.244
166.28
166.314
166.344
166.374
166.401
166.428
166.454
166.48
166.506
166.532
166.559
166.588
166.617
166.649
166.683
166.72
166.76
166.804
166.851
166.903
166.959
167.022
167.101
167.197
167.315
167.442
167.572
167.707
167.849
167.998
168.154
168.318
168.49
168.671
168.862
169.063
169.274
169.496
169.73
169.974
170.232
170.501
170.784
171.08
171.39
171.716
172.057
172.415
172.787
173.169
173.56
173.958
174.362
174.771
175.184
175.603
176.025
176.453
176.883
177.326
177.71
113.667
113.079
112.54
111.984
111.435
110.908
110.414
109.953
109.535
109.157
108.799
108.457
108.128
107.821
107.538
107.276
107.036
106.815
106.618
106.44
106.284
106.149
106.036
105.943
105.872
105.821
105.792
105.781
105.793
105.824
105.864
105.914
105.979
106.058
106.157
106.272
106.405
106.553
106.718
106.899
107.097
107.31
107.54
107.784
108.044
108.318
108.607
108.909
109.227
109.556
109.9
110.255
110.624
111.004
111.397
111.8
112.215
112.64
113.076
113.522
113.979
114.44
114.914
115.399
115.892
116.391
116.898
117.412
117.932
118.459
118.991
119.528
120.071
120.618
121.17
121.726
122.285
122.848
123.414
123.983
124.554
125.127
125.701
126.278
126.854
127.432
128.01
128.588
129.165
129.741
130.319
130.907
131.504
132.112
132.726
133.349
133.981
134.618
135.279
135.808
134.68
134.911
135.133
135.373
135.629
135.891
136.157
136.423
136.688
136.948
137.217
137.499
137.795
138.092
138.395
138.702
139.015
139.331
139.653
139.979
140.311
140.646
140.987
141.332
141.683
142.037
142.396
142.759
143.127
143.498
143.881
144.278
144.69
145.107
145.527
145.952
146.383
146.817
147.258
147.703
148.154
148.609
149.07
149.535
150.007
150.482
150.963
151.448
151.937
152.431
152.929
153.431
153.937
154.447
154.961
155.478
155.998
156.522
157.05
157.58
158.113
158.652
159.197
159.749
160.303
160.858
161.416
161.974
162.534
163.096
163.658
164.222
164.786
165.352
165.917
166.483
167.049
167.615
168.18
168.745
169.308
169.872
170.433
170.995
171.555
172.115
172.673
173.233
173.789
174.348
174.903
175.457
176.002
176.543
177.076
177.606
178.128
178.644
179.164
179.616
120.049
119.937
119.848
119.757
119.676
119.609
119.562
119.532
119.525
119.537
119.564
119.6
119.649
119.713
119.795
119.89
120.002
120.127
120.269
120.424
120.597
120.783
120.986
121.203
121.437
121.685
121.95
122.229
122.524
122.833
123.154
123.484
123.827
124.183
124.553
124.935
125.331
125.739
126.16
126.592
127.037
127.493
127.962
128.441
128.932
129.433
129.946
130.467
130.999
131.54
132.09
132.648
133.215
133.788
134.37
134.958
135.554
136.155
136.762
137.375
137.993
138.614
139.241
139.873
140.508
141.146
141.787
142.431
143.076
143.723
144.37
145.019
145.668
146.317
146.966
147.615
148.262
148.909
149.554
150.198
150.84
151.479
152.116
152.751
153.381
154.01
154.635
155.257
155.875
156.491
157.101
157.711
158.318
158.929
159.538
160.147
160.755
161.361
161.983
162.509
122.655
122.872
123.095
123.328
123.578
123.839
124.116
124.404
124.707
125.021
125.346
125.681
126.03
126.392
126.768
127.156
127.559
127.974
128.403
128.845
129.301
129.769
130.251
130.746
131.255
131.775
132.31
132.857
133.417
133.988
134.574
135.171
135.782
136.406
137.042
137.689
138.35
139.02
139.703
140.396
141.101
141.815
142.54
143.274
144.019
144.772
145.535
146.305
147.084
147.869
148.662
149.461
150.267
151.077
151.893
152.712
153.536
154.363
155.193
156.025
156.858
157.693
158.529
159.367
160.205
161.042
161.877
162.711
163.543
164.372
165.197
166.02
166.838
167.652
168.46
169.264
170.06
170.851
171.634
172.41
173.177
173.937
174.687
175.429
176.16
176.884
177.595
178.299
178.989
179.673
180.342
181.004
181.65
182.288
182.912
183.529
184.133
184.725
185.323
185.831
116.361
116.49
116.637
116.788
116.953
117.132
117.33
117.543
117.777
118.028
118.292
118.563
118.851
119.153
119.473
119.807
120.159
120.525
120.909
121.308
121.725
122.157
122.608
123.074
123.557
124.057
124.575
125.108
125.658
126.224
126.805
127.397
128.003
128.625
129.263
129.917
130.586
131.27
131.97
132.683
133.412
134.153
134.908
135.676
136.457
137.25
138.055
138.87
139.697
140.533
141.379
142.233
143.096
143.966
144.843
145.726
146.615
147.508
148.405
149.305
150.208
151.111
152.014
152.918
153.821
154.723
155.623
156.52
157.414
158.304
159.189
160.069
160.943
161.811
162.671
163.524
164.369
165.206
166.034
166.853
167.661
168.461
169.249
170.028
170.795
171.552
172.297
173.031
173.753
174.465
175.162
175.852
176.527
177.195
177.85
178.495
179.129
179.749
180.376
180.899
113.817
114.064
114.326
114.598
114.889
115.196
115.524
115.868
116.234
116.617
117.015
117.423
117.85
118.294
118.757
119.237
119.736
120.252
120.788
121.341
121.914
122.505
123.117
123.746
124.396
125.064
125.753
126.46
127.188
127.933
128.697
129.475
130.271
131.086
131.921
132.773
133.645
134.534
135.443
136.368
137.312
138.272
139.249
140.242
141.251
142.274
143.312
144.363
145.427
146.504
147.592
148.69
149.799
150.916
152.042
153.175
154.314
155.458
156.607
157.758
158.912
160.065
161.218
162.37
163.52
164.667
165.81
166.948
168.079
169.204
170.32
171.426
172.522
173.607
174.679
175.738
176.781
177.81
178.821
179.817
180.793
181.752
182.691
183.611
184.51
185.391
186.249
187.088
187.904
188.701
189.473
190.227
190.957
191.671
192.361
193.035
193.688
194.32
194.954
195.467
109.137
109.357
109.597
109.846
110.115
110.402
110.712
111.041
111.394
111.767
112.158
112.56
112.983
113.425
113.889
114.372
114.878
115.402
115.949
116.515
117.105
117.715
118.348
119.003
119.681
120.381
121.105
121.852
122.622
123.415
124.23
125.061
125.914
126.789
127.688
128.609
129.553
130.519
131.508
132.518
133.551
134.604
135.679
136.773
137.887
139.02
140.171
141.34
142.524
143.724
144.938
146.166
147.406
148.658
149.919
151.19
152.467
153.751
155.04
156.331
157.624
158.916
160.205
161.492
162.774
164.051
165.32
166.582
167.834
169.076
170.305
171.521
172.723
173.91
175.08
176.232
177.365
178.479
179.571
180.642
181.689
182.714
183.712
184.687
185.635
186.559
187.456
188.33
189.175
189.998
190.793
191.567
192.314
193.039
193.739
194.418
195.072
195.703
196.334
196.831
105.208
105.444
105.699
105.964
106.251
106.557
106.887
107.238
107.615
108.014
108.435
108.868
109.326
109.806
110.312
110.839
111.393
111.969
112.572
113.199
113.853
114.532
115.239
115.971
116.733
117.521
118.339
119.184
120.06
120.963
121.896
122.851
123.835
124.848
125.893
126.966
128.069
129.202
130.365
131.556
132.777
134.027
135.305
136.611
137.943
139.301
140.685
142.092
143.522
144.973
146.445
147.936
149.444
150.968
152.507
154.058
155.621
157.194
158.773
160.359
161.949
163.538
165.125
166.71
168.29
169.863
171.427
172.98
174.52
176.045
177.553
179.043
180.512
181.961
183.385
184.786
186.16
187.508
188.825
190.112
191.367
192.588
193.773
194.922
196.032
197.103
198.132
199.121
200.066
200.97
201.83
202.651
203.429
204.171
204.871
205.535
206.16
206.742
207.316
207.733
100.607
100.851
101.108
101.371
101.653
101.949
102.269
102.605
102.969
103.351
103.756
104.172
104.614
105.076
105.566
106.077
106.616
107.178
107.769
108.384
109.03
109.701
110.404
111.135
111.898
112.691
113.517
114.375
115.269
116.195
117.156
118.146
119.17
120.232
121.331
122.469
123.644
124.859
126.112
127.405
128.737
130.109
131.521
132.971
134.46
135.986
137.549
139.146
140.778
142.441
144.134
145.854
147.599
149.367
151.154
152.958
154.775
156.604
158.441
160.283
162.128
163.97
165.808
167.64
169.463
171.276
173.074
174.857
176.618
178.358
180.072
181.761
183.418
185.046
186.64
188.201
189.725
191.213
192.663
194.075
195.446
196.777
198.063
199.307
200.505
201.657
202.759
203.814
204.817
205.77
206.668
207.517
208.31
209.052
209.74
210.378
210.964
211.492
211.997
212.326
95.7413
95.9687
96.2131
96.461
96.7287
97.0105
97.317
97.6406
97.9922
98.3638
98.7605
99.1713
99.6098
100.071
100.562
101.075
101.62
102.189
102.791
103.419
104.08
104.771
105.496
106.251
107.043
107.869
108.731
109.63
110.568
111.544
112.559
113.608
114.698
115.831
117.009
118.231
119.5
120.815
122.177
123.589
125.049
126.56
128.122
129.734
131.398
133.114
134.881
136.699
138.567
140.485
142.45
144.461
146.515
148.61
150.741
152.906
155.098
157.315
159.548
161.796
164.051
166.309
168.563
170.813
173.054
175.284
177.498
179.693
181.864
184.009
186.121
188.199
190.237
192.234
194.185
196.089
197.941
199.742
201.489
203.181
204.815
206.393
207.912
209.37
210.766
212.1
213.366
214.568
215.699
216.763
217.753
218.672
219.514
220.283
220.974
221.589
222.129
222.583
222.993
223.203
92.1193
92.1838
92.2818
92.3982
92.5386
92.697
92.8817
93.0867
93.3196
93.5743
93.8556
94.1548
94.4824
94.8344
95.217
95.6249
96.0645
96.5316
97.0323
97.5628
98.1291
98.728
99.3653
100.038
100.752
101.505
102.303
103.143
104.031
104.966
105.95
106.981
108.064
109.202
110.4
111.656
112.975
114.358
115.806
117.322
118.907
120.562
122.289
124.089
125.961
127.907
129.926
132.018
134.179
136.41
138.707
141.066
143.483
145.954
148.47
151.027
153.614
156.225
158.849
161.481
164.112
166.734
169.338
171.926
174.491
177.033
179.548
182.036
184.493
186.919
189.308
191.661
193.97
196.235
198.449
200.612
202.715
204.759
206.739
208.653
210.497
212.272
213.975
215.605
217.159
218.638
220.037
221.356
222.592
223.742
224.803
225.773
226.649
227.43
228.112
228.694
229.177
229.55
229.855
229.939
88.4903
88.7147
88.9338
89.1631
89.4057
89.65
89.903
90.161
90.4324
90.7126
91.0047
91.301
91.6131
91.9386
92.2835
92.6434
93.0245
93.4234
93.8459
94.289
94.7584
95.2516
95.7742
96.3241
96.9066
97.5205
98.1709
98.8569
99.5837
100.351
101.163
102.017
102.919
103.874
104.886
105.957
107.093
108.295
109.57
110.921
112.353
113.871
115.48
117.187
118.996
120.914
122.944
125.095
127.369
129.773
132.309
134.98
137.787
140.728
143.799
146.992
150.29
153.674
157.114
160.579
164.043
167.487
170.894
174.256
177.557
180.792
183.953
187.044
190.064
193.017
195.902
198.723
201.479
204.171
206.796
209.354
211.841
214.254
216.589
218.844
221.017
223.106
225.106
227.018
228.842
230.576
232.22
233.771
235.227
236.585
237.843
238.997
240.041
240.971
241.782
242.466
243.023
243.433
243.734
243.786
75.7888
76.3238
76.7935
77.2045
77.5997
77.9872
78.3745
78.7592
79.1529
79.5541
79.966
80.3841
80.8189
81.2693
81.7412
82.2313
82.7454
83.2806
83.8426
84.4286
85.0442
85.6872
86.3632
87.0703
87.8142
88.5937
89.4143
90.2755
91.183
92.1367
93.1402
94.1899
95.2951
96.4599
97.6902
98.9871
100.357
101.801
103.327
104.936
106.634
108.425
110.313
112.302
114.394
116.594
118.903
121.321
123.848
126.484
129.225
132.068
135.006
138.038
141.158
144.368
147.672
151.094
154.643
158.313
162.064
165.856
169.659
173.455
177.219
180.93
184.564
188.112
191.569
194.94
198.228
201.438
204.574
207.638
210.627
213.543
216.383
219.148
221.831
224.427
226.932
229.341
231.649
233.854
235.952
237.94
239.815
241.573
243.211
244.725
246.108
247.354
248.454
249.401
250.182
250.788
251.208
251.423
251.452
251.183
72.2659
71.7078
71.3024
70.9121
70.5503
70.228
69.9467
69.6932
69.4667
69.2606
69.0839
68.9333
68.8089
68.7049
68.6249
68.5653
68.5299
68.5152
68.5251
68.5569
68.615
68.6971
68.8078
68.9455
69.115
69.3155
69.5521
69.8246
70.1389
70.495
70.9015
71.3608
71.8803
72.4627
73.1178
73.8506
74.6729
75.5916
76.6219
77.7732
79.0657
80.5127
82.14
83.9658
86.0232
88.3371
90.9472
93.8863
97.1992
100.925
105.106
109.78
114.971
120.688
126.888
133.51
140.191
146.603
152.51
157.933
163.066
168.069
172.964
177.717
182.308
186.751
191.046
195.189
199.175
203.011
206.705
210.272
213.723
217.075
220.338
223.522
226.63
229.665
232.629
235.522
238.341
241.084
243.746
246.323
248.81
251.205
253.503
255.701
257.794
259.777
261.646
263.393
265.009
266.483
267.802
268.951
269.914
270.665
271.211
271.42
111.97
111.548
111.177
110.943
110.761
110.582
110.414
110.259
110.113
109.97
109.834
109.698
109.564
109.431
109.301
109.17
109.042
108.915
108.79
108.667
108.546
108.426
108.31
108.196
108.085
107.977
107.874
107.775
107.681
107.592
107.511
107.434
107.364
107.3
107.246
107.198
107.164
107.135
107.123
107.117
107.131
107.152
107.193
107.241
107.31
107.388
107.487
107.6
107.747
107.938
108.218
108.651
109.358
110.568
112.594
116.431
122.876
131.194
140.204
148.19
154.986
161.192
167.175
172.941
178.424
183.653
188.701
193.597
198.321
202.854
207.196
211.358
215.352
219.191
222.887
226.456
229.914
233.274
236.544
239.73
242.836
245.862
248.806
251.666
254.436
257.112
259.689
262.16
264.52
266.761
268.873
270.844
272.658
274.294
275.725
276.916
277.824
278.398
278.553
278.25
70.6643
71.0646
71.2825
71.5273
71.7701
71.9772
72.1623
72.3348
72.5018
72.6606
72.8107
72.958
73.1013
73.2395
73.3754
73.508
73.6386
73.766
73.8914
74.0137
74.134
74.2512
74.366
74.4777
74.5868
74.6927
74.7958
74.8957
74.9931
75.0877
75.1773
75.2651
75.3522
75.4373
75.525
75.6159
75.7169
75.8312
75.969
76.1388
76.357
76.6408
77.0176
77.5196
78.1935
79.0949
80.3045
81.9162
84.0653
86.9058
90.654
95.5516
101.906
110.096
120.037
132.049
140.174
149.842
156.051
162.262
169.102
175.604
181.256
186.295
191.119
195.876
200.553
205.131
209.633
214.064
218.403
222.618
226.693
230.632
234.451
238.165
241.791
245.343
248.834
252.272
255.667
259.02
262.334
265.61
268.847
272.046
275.207
278.332
281.423
284.484
287.516
290.524
293.507
296.467
299.398
302.295
305.143
307.931
310.601
313.15
)
;

boundaryField
{
    airfoil
    {
        type            zeroGradient;
    }
    farBoundaries
    {
        type            zeroGradient;
    }
    inlet
    {
        type            freestream;
        freestreamValue uniform 1;
        value           nonuniform List<scalar> 
200
(
1
1
1
1
1
1
1
1
1
1
1
1
1
1
1
1
1
1
1
1
1
1
1
1
1
1
1
1
1
1
1
1
1
1
1
1
1
1
1
1
1
1
1
1
1
1
1
1
1
1
1
1
1
1
1
73.5062
62.5677
148.351
156.022
162.261
169.102
175.604
181.256
186.295
191.119
195.876
200.553
205.131
209.633
214.064
218.403
222.618
226.693
230.632
234.451
238.165
241.791
245.343
248.834
252.272
255.667
259.02
262.334
265.61
268.847
272.046
275.207
278.332
281.423
284.484
287.516
290.524
293.507
296.467
299.398
302.295
305.143
307.931
310.601
313.15
1
1
1
1
1
1
1
1
1
1
1
1
1
1
1
1
1
1
1
1
1
1
1
1
1
1
1
1
1
1
1
1
1
1
1
1
1
1
1
1
1
1
1
1
1
1
1
1
1
1
1
1
1
1
1
1
1
1
1
1
1
1
1
1
1
1
1
1
1
1
1
1
1
1
1
1
1
1
1
1
1
1
1
1
1
44.7842
88.9202
151.643
161.522
168.619
177.319
186.488
194.858
202.387
209.638
216.962
224.398
231.905
239.482
247.189
)
;
    }
    outlet
    {
        type            freestream;
        freestreamValue uniform 1;
        value           nonuniform List<scalar> 
40
(
252.996
252.952
252.814
252.975
252.997
253.166
253.088
253.137
252.943
252.832
252.474
252.135
251.479
250.712
249.721
249.075
248.678
248.5
248.436
248.369
239.381
239.4
239.393
239.486
239.81
240.538
241.73
243.457
245.154
246.581
247.681
248.675
249.485
250.279
250.882
251.525
251.947
252.427
252.621
252.93
)
;
    }
    defaultFaces
    {
        type            empty;
    }
}


// ************************************************************************* //
