/*--------------------------------*- C++ -*----------------------------------*\
  =========                 |
  \\      /  F ield         | OpenFOAM: The Open Source CFD Toolbox
   \\    /   O peration     | Website:  https://openfoam.org
    \\  /    A nd           | Version:  6.0
     \\/     M anipulation  |
\*---------------------------------------------------------------------------*/
FoamFile
{
    version     2.0;
    format      ascii;
    class       volScalarField;
    location    "5";
    object      p;
}
// * * * * * * * * * * * * * * * * * * * * * * * * * * * * * * * * * * * * * //

dimensions      [0 2 -2 0 0 0 0];

internalField   nonuniform List<scalar> 
4920
(
0.0274256
0.0274728
0.0275862
0.0277575
0.0280272
0.0283977
0.0289077
0.02957
0.0303883
0.0312594
0.0320111
0.0321209
0.0302789
0.0236443
0.017076
0.0276326
0.0276212
0.0276808
0.027815
0.0280618
0.0284358
0.0289653
0.0296684
0.0305537
0.0316436
0.0328803
0.0340158
0.0339541
0.0291647
0.0223832
0.0279215
0.0279032
0.0279561
0.0280755
0.0283097
0.0286698
0.0291916
0.0298902
0.0307669
0.0318068
0.0330194
0.0341379
0.0341343
0.0291793
0.0204209
0.0282807
0.0282896
0.0283566
0.0284843
0.0287173
0.0290699
0.0295767
0.0302446
0.0310466
0.0319697
0.0329014
0.0335521
0.0329023
0.0269394
0.0163707
0.0287066
0.0287455
0.0288424
0.0289939
0.0292447
0.0296002
0.0300912
0.0307176
0.0314444
0.0321736
0.0328107
0.0329313
0.0315065
0.0242865
0.0122432
0.029453
0.0295159
0.0296215
0.0297664
0.0299967
0.0303212
0.0307705
0.0313354
0.03195
0.032529
0.0328222
0.0323713
0.0300833
0.0214295
0.00791176
0.0301875
0.0302712
0.0304046
0.0305787
0.0308325
0.0311632
0.0315917
0.0321019
0.0326292
0.0330014
0.0330022
0.0320301
0.0289009
0.018761
0.00368331
0.0313935
0.0314809
0.0316015
0.031747
0.0319602
0.0322447
0.0326195
0.03306
0.0334679
0.0336891
0.0333496
0.0318247
0.0277921
0.0160316
-0.000890214
0.0326099
0.0326998
0.0328347
0.0329938
0.0332189
0.0334966
0.0338404
0.0342194
0.0345344
0.0345397
0.0339178
0.0318713
0.0269517
0.013499
-0.00551774
0.0342169
0.0343094
0.0344336
0.0345678
0.0347596
0.0349991
0.0352988
0.035615
0.0358107
0.0356682
0.0346948
0.0320714
0.0261759
0.010872
-0.0106586
0.0358686
0.035961
0.0360981
0.0362546
0.0364686
0.0367186
0.0370052
0.0372757
0.0373902
0.0370292
0.035751
0.0325693
0.0256609
0.00837993
-0.015953
0.0380331
0.0381298
0.0382602
0.0383948
0.0385815
0.0388023
0.0390578
0.03928
0.0392811
0.0387562
0.0370897
0.033256
0.0252099
0.00575408
-0.021832
0.0403438
0.040446
0.0406003
0.0407712
0.0409977
0.0412468
0.0415048
0.0416866
0.0415984
0.0408222
0.0388032
0.0343009
0.0250468
0.00320439
-0.027955
0.0432603
0.0433901
0.0435696
0.0437483
0.0439761
0.0442198
0.0444579
0.0445942
0.0443834
0.0433938
0.040905
0.035609
0.0249753
0.000498545
-0.034737
0.0466524
0.0467889
0.0469895
0.0472102
0.047485
0.0477645
0.0480119
0.0481255
0.047797
0.0465292
0.0435398
0.0373828
0.0252181
-0.00220168
-0.0418417
0.0510852
0.0512381
0.0514432
0.0516368
0.051882
0.0521344
0.0523768
0.0524369
0.0519759
0.0503689
0.0467367
0.0395108
0.0255887
-0.00510938
-0.0496833
0.0561513
0.0562958
0.0565104
0.0567571
0.0570639
0.0573806
0.0576451
0.0576482
0.0569785
0.0549538
0.0506016
0.0421981
0.0263086
-0.00806744
-0.0579137
0.0626152
0.062771
0.0629803
0.0631896
0.0634438
0.0637203
0.0639061
0.0637935
0.0628701
0.06035
0.0551289
0.0453425
0.0271932
-0.011278
-0.0669385
0.0697939
0.0699741
0.0702242
0.0704766
0.0707657
0.0710319
0.0711922
0.0709283
0.0696994
0.0666143
0.060452
0.0491483
0.0284558
-0.0146261
-0.0764429
0.0780207
0.0782917
0.0786321
0.0789334
0.0792475
0.0795109
0.0795825
0.0791758
0.0776084
0.0738725
0.0666052
0.0535551
0.0299122
-0.0183934
-0.0868814
0.0873373
0.0876595
0.0880655
0.0884817
0.0889014
0.0892217
0.0892951
0.0887018
0.0867389
0.0822617
0.0737733
0.0587556
0.0317378
-0.0224276
-0.0978925
0.0987363
0.0991111
0.0995487
0.0999488
0.100328
0.100593
0.100518
0.0997118
0.0972726
0.0919291
0.0820094
0.0647386
0.033727
-0.0270893
-0.109958
0.111332
0.111777
0.112302
0.112808
0.113269
0.113546
0.113414
0.112322
0.109349
0.10303
0.0915148
0.0716162
0.0359923
-0.0322354
-0.12269
0.125806
0.126353
0.126976
0.127532
0.128021
0.128293
0.12803
0.126695
0.123109
0.115683
0.102314
0.0794297
0.0382756
-0.0383547
-0.136617
0.141717
0.142378
0.143129
0.14387
0.144516
0.144864
0.144579
0.142914
0.138696
0.130041
0.114586
0.0881622
0.0406086
-0.0452899
-0.15129
0.160404
0.161158
0.161966
0.162709
0.163325
0.163624
0.163153
0.161194
0.156218
0.146171
0.128338
0.0978887
0.0426682
-0.0536007
-0.167253
0.180815
0.181643
0.182531
0.18339
0.1841
0.184418
0.183883
0.181525
0.175798
0.164221
0.143675
0.108398
0.0443767
-0.0631048
-0.183986
0.202816
0.203893
0.205036
0.206069
0.206927
0.207333
0.206706
0.204083
0.197469
0.184161
0.160617
0.119803
0.045332
-0.0743735
-0.202036
0.226123
0.227497
0.228979
0.230467
0.231712
0.232373
0.231825
0.228822
0.221363
0.206192
0.179158
0.131673
0.0453962
-0.0871977
-0.220813
0.253412
0.254896
0.256433
0.257925
0.259215
0.259935
0.259289
0.255999
0.247485
0.230201
0.199324
0.144129
0.0441153
-0.10209
-0.240851
0.281795
0.283589
0.285457
0.287378
0.289014
0.289936
0.289307
0.285519
0.276041
0.256476
0.220928
0.156468
0.0413033
-0.118791
-0.261484
0.314022
0.315945
0.317901
0.319877
0.321602
0.322597
0.321814
0.317673
0.306993
0.284765
0.244022
0.168746
0.0364647
-0.137665
-0.283185
0.347601
0.349881
0.352206
0.354589
0.356621
0.357793
0.356973
0.352373
0.340652
0.315502
0.268134
0.180042
0.0294498
-0.158425
-0.305258
0.3846
0.387033
0.389524
0.39204
0.394307
0.395631
0.394907
0.390129
0.377042
0.348212
0.293215
0.190298
0.0197729
-0.181271
-0.328125
0.422689
0.42567
0.428709
0.431891
0.434633
0.436526
0.436005
0.430818
0.416501
0.383285
0.318332
0.198429
0.0073862
-0.205876
-0.351066
0.465481
0.468692
0.472007
0.475408
0.478631
0.480735
0.480337
0.474987
0.458721
0.419849
0.343281
0.204273
-0.00810724
-0.232215
-0.374384
0.51121
0.514927
0.518667
0.522577
0.525997
0.528507
0.528142
0.521971
0.503911
0.458124
0.366714
0.206816
-0.0266041
-0.260003
-0.397412
0.560891
0.565007
0.569157
0.573339
0.577249
0.57982
0.579243
0.572546
0.551648
0.496871
0.388339
0.205936
-0.0483703
-0.289051
-0.42037
0.613848
0.61866
0.62343
0.628265
0.632406
0.635222
0.634249
0.626056
0.602111
0.535985
0.406563
0.200889
-0.073126
-0.319137
-0.442642
0.671682
0.67708
0.682468
0.687781
0.692454
0.69504
0.693249
0.683388
0.65471
0.573926
0.421226
0.19176
-0.100931
-0.349899
-0.46434
0.734269
0.740517
0.746629
0.752693
0.75758
0.760041
0.75679
0.743854
0.709196
0.610261
0.430859
0.178201
-0.131396
-0.381271
-0.484916
0.802582
0.809693
0.816622
0.82332
0.828687
0.830341
0.825067
0.807933
0.764611
0.6433
0.435693
0.160587
-0.164413
-0.412831
-0.504578
0.876118
0.884405
0.892399
0.900112
0.905743
0.906751
0.898313
0.874645
0.819925
0.672396
0.434803
0.138983
-0.199448
-0.444629
-0.523143
0.955132
0.964888
0.974355
0.983237
0.989645
0.989424
0.976732
0.943919
0.873618
0.695961
0.428907
0.113894
-0.236271
-0.47611
-0.540332
1.04037
1.05188
1.06301
1.07356
1.08057
1.07921
1.06058
1.01488
0.923839
0.713449
0.418011
0.0855543
-0.274332
-0.507027
-0.555912
1.13218
1.14576
1.15904
1.1712
1.17942
1.17607
1.14973
1.08673
0.968487
0.723544
0.403229
0.0541407
-0.31372
-0.535802
-0.569446
1.23069
1.24668
1.26208
1.27643
1.28545
1.27953
1.24329
1.15817
1.0053
0.726164
0.385805
0.0199031
-0.353789
-0.561254
-0.580566
1.33522
1.35369
1.37166
1.38816
1.39825
1.38834
1.33979
1.22773
1.03271
0.720343
0.364976
-0.0172292
-0.392133
-0.581593
-0.588803
1.44438
1.46567
1.48635
1.50569
1.51611
1.50127
1.43893
1.29414
1.05066
0.70871
0.337519
-0.0550265
-0.426126
-0.59684
-0.594293
1.55721
1.58141
1.60521
1.62685
1.6365
1.61697
1.53883
1.35087
1.0606
0.695351
0.304248
-0.0890747
-0.453207
-0.607033
-0.597153
1.67176
1.69921
1.72595
1.74925
1.75736
1.73242
1.63905
1.39568
1.06535
0.686133
0.269826
-0.118048
-0.473684
-0.613306
-0.597907
1.78629
1.81704
1.84616
1.86986
1.87605
1.84306
1.73409
1.43432
1.07167
0.68046
0.238172
-0.143735
-0.488336
-0.615924
-0.596702
1.89819
1.93186
1.96226
1.98655
1.98877
1.94153
1.81104
1.47514
1.08569
0.674851
0.210442
-0.166631
-0.496984
-0.615211
-0.593669
2.00501
2.04075
2.07217
2.09689
2.08972
2.0206
1.86178
1.51814
1.10956
0.666575
0.18619
-0.186584
-0.498689
-0.610619
-0.588428
2.10342
2.13947
2.17298
2.19629
2.16919
2.07104
1.87985
1.5559
1.13298
0.644816
0.161547
-0.206995
-0.495176
-0.602721
-0.58086
2.19015
2.22513
2.25854
2.27448
2.21353
2.08341
1.86065
1.58533
1.1551
0.612335
0.14345
-0.226391
-0.490318
-0.592752
-0.571166
2.267
2.29671
2.31809
2.31432
2.21217
2.05265
1.81389
1.59447
1.16241
0.56844
0.134442
-0.241705
-0.485946
-0.583124
-0.560267
2.3516
2.36679
2.35124
2.29083
2.15362
1.97052
1.71286
1.52293
1.08091
0.486325
0.112792
-0.254509
-0.482945
-0.575776
-0.550255
2.33671
2.30504
2.24084
2.10295
1.96095
1.76962
1.50512
1.33239
0.897605
0.380823
0.0705991
-0.270396
-0.48409
-0.573
-0.543613
2.18886
2.13402
2.01081
1.76818
1.69709
1.5845
1.37838
1.2459
0.878729
0.391099
0.0699538
-0.269421
-0.483664
-0.570764
-0.539845
0.0402096
0.0415726
0.0406422
0.0388418
0.0367787
0.034694
0.0326611
0.030781
0.0290019
0.0276851
0.0327832
0.0314296
0.0285141
0.0253531
0.0224029
0.0198015
0.0175069
0.015535
0.0136213
0.0118904
0.0208252
0.0194408
0.017486
0.0155031
0.0136313
0.0119312
0.0103785
0.00903577
0.00776242
0.00661466
0.0120883
0.0107726
0.00945204
0.00827796
0.00717511
0.00613386
0.00513247
0.00427588
0.00348957
0.00268931
0.00557146
0.00409961
0.00292209
0.00206521
0.00134305
0.000693067
7.68963e-05
-0.000402897
-0.000757223
-0.00123893
-0.000118186
-0.00185487
-0.00311159
-0.00386846
-0.00436958
-0.00472822
-0.00500541
-0.00510175
-0.00500375
-0.00512949
-0.00569037
-0.00777583
-0.00920492
-0.00993699
-0.010265
-0.0103349
-0.0102439
-0.00991959
-0.00931126
-0.00903863
-0.01155
-0.0140436
-0.015677
-0.016372
-0.0164895
-0.0162046
-0.0156753
-0.0148359
-0.0136196
-0.0128504
-0.0178445
-0.020856
-0.0226602
-0.0233037
-0.0230937
-0.0223818
-0.0212743
-0.0198349
-0.0179167
-0.0166553
-0.0248261
-0.0283301
-0.0303824
-0.0308602
-0.0303098
-0.0290003
-0.0272364
-0.0250421
-0.0223558
-0.020459
-0.0323445
-0.0365424
-0.0388477
-0.0392143
-0.03821
-0.0362479
-0.0336673
-0.0306121
-0.0269371
-0.0243511
-0.0405427
-0.0454944
-0.0481006
-0.0483098
-0.0467801
-0.0440223
-0.0404766
-0.0363602
-0.0315856
-0.0280186
-0.0492722
-0.0550881
-0.0579972
-0.058011
-0.0558476
-0.0521613
-0.0474755
-0.0421395
-0.0359753
-0.0314326
-0.0586325
-0.0653139
-0.0685217
-0.0682546
-0.0653381
-0.0605408
-0.0545137
-0.0477242
-0.0400456
-0.0341392
-0.0684575
-0.0760534
-0.0795791
-0.0789683
-0.0751866
-0.0691086
-0.0615541
-0.0531152
-0.0436139
-0.0364028
-0.0788365
-0.0873651
-0.0911708
-0.0901256
-0.0853028
-0.0777353
-0.068409
-0.0580747
-0.0466084
-0.0376456
-0.0896431
-0.099182
-0.103236
-0.101691
-0.0956656
-0.0864326
-0.0751228
-0.0627101
-0.0489935
-0.0383934
-0.101043
-0.111573
-0.11579
-0.113574
-0.1061
-0.0949423
-0.081393
-0.0666684
-0.0505566
-0.0378917
-0.112954
-0.124471
-0.128807
-0.125741
-0.116629
-0.103343
-0.0873944
-0.0702056
-0.0514692
-0.036873
-0.125492
-0.137951
-0.142155
-0.137978
-0.126891
-0.11124
-0.0926364
-0.0727969
-0.0513146
-0.03442
-0.138589
-0.15195
-0.155836
-0.15032
-0.137038
-0.118872
-0.0974939
-0.0749291
-0.0505495
-0.0315364
-0.152423
-0.166485
-0.169696
-0.162489
-0.14669
-0.125778
-0.101428
-0.0760015
-0.0486523
-0.0272442
-0.16689
-0.181514
-0.183805
-0.174649
-0.156142
-0.132384
-0.105042
-0.076766
-0.046373
-0.0227005
-0.182203
-0.197027
-0.197937
-0.18642
-0.164914
-0.138119
-0.107663
-0.0764539
-0.0429816
-0.0168247
-0.198179
-0.213008
-0.212203
-0.198076
-0.173396
-0.143554
-0.110054
-0.0760236
-0.0394469
-0.0109257
-0.215046
-0.229381
-0.22638
-0.209195
-0.181142
-0.148108
-0.111565
-0.0746633
-0.0349971
-0.00394511
-0.232517
-0.246133
-0.240567
-0.220103
-0.188564
-0.152426
-0.113012
-0.0734388
-0.0307078
0.00282032
-0.250781
-0.263101
-0.254442
-0.230275
-0.195131
-0.155857
-0.113649
-0.0714165
-0.0256461
0.0104759
-0.269542
-0.280296
-0.268125
-0.240082
-0.201275
-0.159045
-0.114283
-0.0696661
-0.020911
0.0177576
-0.28897
-0.297505
-0.281282
-0.248983
-0.206488
-0.16135
-0.114176
-0.0672313
-0.0155318
0.0257696
-0.308777
-0.314795
-0.294055
-0.25741
-0.211223
-0.16342
-0.114119
-0.0651739
-0.0106188
0.0333019
-0.329061
-0.331862
-0.306056
-0.26476
-0.214959
-0.164614
-0.113374
-0.0625169
-0.00516252
0.0414287
-0.349585
-0.348867
-0.3175
-0.271561
-0.218175
-0.165572
-0.112685
-0.0602707
-0.000229139
0.0489831
-0.370394
-0.365465
-0.328013
-0.277215
-0.220389
-0.165697
-0.111366
-0.0575019
0.0051678
0.0570073
-0.391303
-0.381901
-0.337875
-0.282327
-0.222108
-0.165625
-0.110122
-0.0551689
0.0100138
0.0644118
-0.412247
-0.397763
-0.346685
-0.286276
-0.222875
-0.164804
-0.108333
-0.0524204
0.0152383
0.0721813
-0.433115
-0.413346
-0.354768
-0.289719
-0.223188
-0.163833
-0.106626
-0.0501049
0.0199195
0.0793264
-0.453781
-0.42823
-0.361737
-0.292044
-0.22263
-0.162207
-0.104451
-0.04745
0.0249112
0.0867505
-0.474199
-0.44277
-0.367983
-0.293953
-0.221703
-0.160502
-0.102372
-0.0452085
0.0293608
0.0935359
-0.494139
-0.456547
-0.373135
-0.294873
-0.220043
-0.158279
-0.099932
-0.0427254
0.0340214
0.100472
-0.513437
-0.469813
-0.377542
-0.295444
-0.218096
-0.15604
-0.0975969
-0.0406143
0.0381653
0.106755
-0.531298
-0.481898
-0.380719
-0.295063
-0.2155
-0.153376
-0.094966
-0.0383067
0.0424579
0.113104
-0.54743
-0.492947
-0.383073
-0.29439
-0.212713
-0.150766
-0.0924655
-0.0363364
0.0462565
0.118808
-0.561415
-0.502468
-0.384358
-0.292993
-0.209482
-0.147896
-0.0897893
-0.0342166
0.0500974
0.124468
-0.573367
-0.510736
-0.385014
-0.291452
-0.206196
-0.145151
-0.0872694
-0.0323448
0.0534628
0.129525
-0.582859
-0.517356
-0.384718
-0.289308
-0.20258
-0.142222
-0.0846296
-0.0303291
0.05682
0.134506
-0.589977
-0.522655
-0.383818
-0.287015
-0.19894
-0.139404
-0.0821271
-0.0284887
0.0597552
0.138966
-0.594389
-0.526278
-0.382008
-0.284162
-0.195027
-0.136431
-0.0795378
-0.0265228
0.062645
0.143318
-0.596375
-0.528506
-0.379543
-0.281063
-0.191048
-0.1335
-0.0770359
-0.0246796
0.0651962
0.147248
-0.595954
-0.529053
-0.376184
-0.277375
-0.186803
-0.130392
-0.0744452
-0.0227244
0.0677067
0.151075
-0.593595
-0.528244
-0.372177
-0.273378
-0.182462
-0.127274
-0.0719075
-0.0208579
0.0699481
0.154565
-0.589386
-0.525872
-0.367378
-0.268839
-0.177904
-0.124
-0.0693107
-0.0189244
0.0721217
0.157949
-0.583541
-0.522125
-0.361948
-0.26395
-0.173256
-0.120691
-0.0667589
-0.0170708
0.0740717
0.161103
-0.575881
-0.516754
-0.355752
-0.258534
-0.168442
-0.117256
-0.0641863
-0.0152039
0.0759239
0.164234
-0.566464
-0.509846
-0.348894
-0.252741
-0.163568
-0.113795
-0.0616773
-0.0134315
0.0775733
0.167306
-0.555394
-0.501388
-0.341379
-0.246527
-0.158651
-0.110298
-0.0592238
-0.0117182
0.0790748
0.170438
-0.543211
-0.491852
-0.333548
-0.240223
-0.153887
-0.106939
-0.0569411
-0.0101629
0.0803318
0.173576
-0.531436
-0.48225
-0.326325
-0.234523
-0.149747
-0.104041
-0.0550229
-0.00885511
0.0813135
0.176737
-0.52319
-0.475093
-0.321478
-0.230707
-0.147051
-0.102158
-0.0538144
-0.00801966
0.0819025
0.179651
-0.519453
-0.471971
-0.319404
-0.229065
-0.145885
-0.101343
-0.0532852
-0.00761731
0.0822382
0.181802
0.0270009
0.0263008
0.0248375
0.022955
0.020654
0.0181505
0.0154151
0.0126569
0.00998
0.00754495
0.00549302
0.00387479
0.00267084
0.00178677
0.00111505
0.00042669
0.0102643
0.00991352
0.00926382
0.00860372
0.00787415
0.00720898
0.00646058
0.00568846
0.00483037
0.00390518
0.00298984
0.00218277
0.00154891
0.00108103
0.000724081
0.000211318
0.0062906
0.00620096
0.00577858
0.00532939
0.00481149
0.00437995
0.00389857
0.00342754
0.00291614
0.00235989
0.00180408
0.00130139
0.000907527
0.000636763
0.000457552
5.04969e-05
0.00287837
0.00291402
0.00266216
0.00237681
0.00206407
0.00184043
0.00160967
0.00140734
0.001209
0.000997779
0.000789778
0.000615177
0.000497707
0.000430944
0.000383808
-5.93293e-06
-0.00081145
-0.000678198
-0.000794078
-0.000900171
-0.000986011
-0.00093214
-0.000851847
-0.000725817
-0.000585366
-0.000430373
-0.000273093
-9.80411e-05
9.17517e-05
0.000265975
0.000374016
-1.4986e-06
-0.00420071
-0.00394841
-0.0039192
-0.00391084
-0.0038382
-0.0036138
-0.00330239
-0.00291212
-0.00243092
-0.00191885
-0.00136413
-0.000799052
-0.00026082
0.000163992
0.00040545
1.6896e-05
-0.00788979
-0.00755566
-0.00742212
-0.00728469
-0.00704078
-0.00658253
-0.00598596
-0.00525061
-0.00440468
-0.00344606
-0.0024526
-0.00146484
-0.000564724
0.000109294
0.000473905
6.40905e-05
-0.0115119
-0.0111753
-0.0110054
-0.010832
-0.0104503
-0.00977677
-0.0088567
-0.00773288
-0.00641599
-0.00498924
-0.00348678
-0.00202714
-0.000750535
0.000143916
0.000585123
0.000119037
-0.0153223
-0.0149609
-0.0147403
-0.0144706
-0.013924
-0.012987
-0.0117216
-0.0101711
-0.00838987
-0.00641346
-0.00440582
-0.00247968
-0.000845387
0.000240863
0.000731272
0.000198345
-0.0189061
-0.0185055
-0.0182217
-0.0178962
-0.0172135
-0.0160553
-0.0144554
-0.0124831
-0.0101769
-0.00769253
-0.00513813
-0.00273803
-0.000779934
0.000431424
0.000912059
0.000280832
-0.0226026
-0.0221589
-0.0218065
-0.0213854
-0.0205223
-0.0190691
-0.0170747
-0.0145987
-0.011782
-0.00872983
-0.00567163
-0.0028379
-0.000605209
0.000681388
0.00111758
0.000380651
-0.0262007
-0.0257158
-0.0252842
-0.0247468
-0.0236626
-0.0218836
-0.0194339
-0.0164778
-0.0130978
-0.00951243
-0.00592871
-0.00268313
-0.000258678
0.00101523
0.00134543
0.000477498
-0.0292506
-0.028717
-0.0282313
-0.0276326
-0.0263949
-0.0243175
-0.0214948
-0.0180015
-0.0140986
-0.00997642
-0.00592089
-0.00233679
0.000201065
0.00139856
0.00158781
0.000584863
-0.0319953
-0.0314555
-0.0309242
-0.0302585
-0.0288355
-0.026462
-0.0231576
-0.0191926
-0.0147278
-0.0100704
-0.00555146
-0.00170712
0.000818599
0.00184362
0.00183778
0.000683148
-0.0338408
-0.0332998
-0.0327739
-0.0321366
-0.0306371
-0.0280133
-0.0243802
-0.0198909
-0.0149277
-0.00979137
-0.0048983
-0.000896317
0.00152481
0.00231678
0.00209013
0.000785204
-0.035161
-0.034636
-0.0340946
-0.0334429
-0.0318336
-0.0289927
-0.0249776
-0.0201108
-0.0146556
-0.00906296
-0.0038571
0.000168806
0.00235085
0.00282327
0.00233579
0.000872572
-0.0354183
-0.0348814
-0.0343457
-0.0337669
-0.0321806
-0.0292284
-0.0250134
-0.0197339
-0.0139014
-0.00795434
-0.00255963
0.00137341
0.00322858
0.00333585
0.0025743
0.000958577
-0.0349055
-0.0343894
-0.0338851
-0.0334368
-0.0319344
-0.0289373
-0.024448
-0.0188939
-0.0126516
-0.00638594
-0.000910327
0.00276924
0.00417563
0.0038526
0.00279462
0.00102628
-0.0337729
-0.0334285
-0.0330972
-0.032831
-0.0313641
-0.0281555
-0.0234425
-0.0174924
-0.0109555
-0.00448685
0.000929069
0.00424184
0.00513201
0.00435496
0.00300108
0.00108955
-0.0324867
-0.032325
-0.0320729
-0.0318133
-0.0301781
-0.0268321
-0.0217896
-0.0155773
-0.00874367
-0.00214327
0.00304799
0.00583733
0.00611242
0.00483877
0.00318209
0.00113293
-0.0298551
-0.0298681
-0.0297947
-0.0296625
-0.0281708
-0.0246777
-0.0195041
-0.0130703
-0.0060648
0.000498695
0.00529538
0.00745697
0.00707164
0.00529608
0.00334681
0.00117097
-0.0265275
-0.0267451
-0.0268317
-0.0269035
-0.0254169
-0.0219429
-0.0165919
-0.00996336
-0.00284339
0.00353075
0.00773337
0.0091328
0.00801786
0.00572017
0.00348378
0.00118987
-0.0224908
-0.022975
-0.0233014
-0.023555
-0.0221975
-0.0185649
-0.0130808
-0.00632152
0.000768621
0.00676904
0.0102113
0.0107781
0.00891857
0.00611146
0.00360523
0.00120432
-0.0179967
-0.0187288
-0.0192373
-0.0196595
-0.0182747
-0.0146157
-0.00895423
-0.00210223
0.00485453
0.0102737
0.0127777
0.0124197
0.00977852
0.00646134
0.00369954
0.00120169
-0.0127418
-0.0137297
-0.0144414
-0.0150226
-0.0136986
-0.00992574
-0.00422381
0.0025936
0.00923656
0.0138804
0.0153032
0.0139906
0.0105795
0.00677752
0.00378092
0.00119655
-0.00696326
-0.00814472
-0.00897955
-0.00960245
-0.00835409
-0.00461524
0.00112626
0.00784288
0.013985
0.0176229
0.0178253
0.0155108
0.0113229
0.00705094
0.00383869
0.0011776
-0.000541464
-0.00184374
-0.00262891
-0.00348701
-0.00229765
0.00143805
0.00705764
0.0135151
0.0189334
0.0213656
0.0202402
0.0169343
0.0120034
0.0072944
0.0038876
0.0011586
0.00641695
0.00511266
0.00417077
0.00333709
0.00443485
0.00805594
0.0136418
0.0197101
0.0241252
0.0251353
0.0225876
0.01828
0.0126204
0.00749829
0.00391741
0.00112912
0.0134611
0.012142
0.0114464
0.0105809
0.0117321
0.0154623
0.0207992
0.0262556
0.0294094
0.0288217
0.0247891
0.019521
0.0131789
0.00767862
0.00394267
0.00110193
0.0208607
0.0195906
0.018996
0.0183865
0.0197035
0.0234296
0.0285657
0.0331818
0.0347761
0.0324299
0.0268768
0.0206714
0.0136766
0.00782649
0.00395467
0.00106782
0.028451
0.0272869
0.0270732
0.0266863
0.0282944
0.0321506
0.0368059
0.0403139
0.040094
0.0358736
0.0287941
0.0217188
0.0141252
0.00795873
0.00396635
0.00103797
0.0365309
0.0354415
0.0355274
0.0356251
0.0375506
0.0414181
0.0455281
0.0476376
0.0453428
0.0391602
0.0305723
0.0226741
0.0145201
0.00806632
0.00396981
0.00100392
0.0447604
0.0439023
0.044571
0.0450911
0.0474405
0.0513392
0.0546071
0.0550153
0.0504265
0.042234
0.0321787
0.023537
0.0148772
0.00816567
0.00397613
0.000975422
0.0535562
0.0530112
0.0541087
0.0552613
0.0579799
0.0617898
0.0639887
0.0623865
0.0553139
0.0451001
0.033642
0.0243164
0.0151916
0.00824928
0.00397925
0.000945234
0.0629545
0.0626567
0.0644611
0.0661102
0.0692272
0.0727803
0.0735899
0.0696542
0.0599374
0.0477284
0.0349473
0.0250202
0.0154808
0.00833147
0.00398755
0.000921215
0.0727908
0.0730225
0.0754246
0.077739
0.0812086
0.0843019
0.0833101
0.0767402
0.064273
0.0501282
0.0361204
0.0256544
0.0157387
0.00840539
0.0039961
0.000896977
0.0829793
0.0837981
0.0871434
0.0902078
0.0939605
0.0962335
0.0930977
0.0835857
0.068285
0.0522928
0.0371606
0.0262319
0.0159828
0.00848291
0.0040109
0.000878843
0.0936493
0.0952454
0.0996165
0.103535
0.10746
0.108596
0.102776
0.0900812
0.0719524
0.0542334
0.0380912
0.0267578
0.0162078
0.00855921
0.00402909
0.000861736
0.104749
0.107336
0.112978
0.117775
0.121602
0.121112
0.11231
0.0962117
0.075266
0.0559607
0.0389202
0.0272464
0.0164287
0.00864266
0.00405373
0.000850209
0.116523
0.120187
0.127217
0.1329
0.1364
0.133841
0.121495
0.101863
0.078214
0.0574868
0.0396668
0.0277009
0.0166406
0.00872963
0.0040834
0.000840143
0.128786
0.133798
0.142389
0.14889
0.151612
0.146438
0.130334
0.10707
0.0808152
0.0588353
0.0403437
0.0281352
0.0168553
0.00882538
0.00411878
0.000834763
0.141733
0.148291
0.158554
0.165782
0.167317
0.158989
0.13861
0.111712
0.0830666
0.0600209
0.0409686
0.0285524
0.01707
0.00892866
0.00416061
0.000831339
0.15567
0.163861
0.175825
0.183408
0.183108
0.171076
0.146361
0.115878
0.0850084
0.061074
0.0415544
0.0289636
0.0172923
0.00904104
0.00420697
0.00083156
0.170522
0.180594
0.194307
0.201898
0.19911
0.182823
0.153384
0.11945
0.0866431
0.0620084
0.042116
0.0293713
0.0175204
0.00916289
0.00426011
0.000833729
0.18649
0.198705
0.213999
0.220907
0.21484
0.193814
0.159767
0.122563
0.0880271
0.0628564
0.0426635
0.0297831
0.0177581
0.00929283
0.00431614
0.000838418
0.203848
0.218343
0.235063
0.240609
0.230448
0.204217
0.165328
0.125107
0.0891683
0.0636328
0.0432117
0.0302023
0.0180067
0.00943377
0.00437941
0.000845289
0.22273
0.239691
0.257291
0.260471
0.245379
0.213612
0.170201
0.127253
0.0901316
0.0643673
0.0437658
0.0306326
0.018265
0.00958113
0.00444388
0.000853639
0.243528
0.262987
0.280909
0.280675
0.259803
0.22222
0.174229
0.128893
0.0909252
0.0650724
0.0443392
0.031077
0.0185366
0.00973968
0.00451546
0.000864141
0.266362
0.288286
0.305528
0.300617
0.273184
0.229651
0.177587
0.130221
0.0916157
0.0657721
0.0449315
0.0315357
0.0188168
0.00990244
0.00458656
0.000875171
0.291735
0.315936
0.331347
0.320455
0.285725
0.236186
0.180148
0.131141
0.0922102
0.0664777
0.045557
0.0320129
0.0191121
0.0100766
0.00466492
0.00088868
0.319757
0.345832
0.357817
0.339553
0.296929
0.241484
0.182119
0.131853
0.0927714
0.0672062
0.0462086
0.032505
0.019414
0.0102527
0.00474131
0.000901909
0.350985
0.378248
0.384978
0.358008
0.307007
0.245858
0.183394
0.132261
0.0933021
0.0679656
0.0469011
0.0330169
0.0197314
0.0104397
0.00482487
0.000917756
0.385391
0.412893
0.412172
0.375223
0.315522
0.249004
0.184191
0.132563
0.0938566
0.068766
0.0476216
0.0335428
0.0200531
0.0106266
0.00490517
0.000932637
0.423623
0.449721
0.439235
0.391259
0.322724
0.251269
0.184432
0.132679
0.094434
0.0696131
0.0483862
0.0340881
0.0203908
0.0108242
0.00499278
0.0009506
0.465642
0.488195
0.465298
0.405604
0.328307
0.252448
0.184344
0.132782
0.0950801
0.0705114
0.0491776
0.0346453
0.0207303
0.0110198
0.00507609
0.000967047
0.512003
0.527399
0.489754
0.418375
0.332673
0.252928
0.183876
0.132805
0.0957891
0.0714637
0.0500131
0.0352208
0.0210858
0.0112259
0.00516682
0.000986912
0.563085
0.565777
0.511889
0.429305
0.335703
0.252612
0.183266
0.132905
0.0965975
0.0724702
0.0508721
0.0358058
0.0214413
0.0114284
0.00525244
0.00100483
0.618212
0.60105
0.531698
0.438683
0.337715
0.251822
0.182475
0.133038
0.0974957
0.0735307
0.0517725
0.0364066
0.0218126
0.0116413
0.00534566
0.00102676
0.668545
0.629064
0.548361
0.446328
0.338608
0.250487
0.181694
0.13331
0.0985117
0.0746442
0.052692
0.0370152
0.0221826
0.0118495
0.0054333
0.00104642
0.708574
0.653553
0.56481
0.453994
0.339415
0.249078
0.180922
0.133701
0.0996315
0.0758084
0.0536504
0.0376379
0.0225686
0.012068
0.00552867
0.00107048
0.727701
0.671134
0.581422
0.462657
0.341101
0.247878
0.180339
0.134251
0.100859
0.0770172
0.0546219
0.0382663
0.022951
0.01228
0.00561707
0.00109155
0.722799
0.679908
0.595813
0.471735
0.344192
0.247099
0.179816
0.134872
0.102138
0.0782568
0.0556244
0.0389069
0.0233483
0.0125018
0.00571286
0.00111751
0.69934
0.675666
0.601614
0.478756
0.348212
0.24701
0.179457
0.135506
0.103431
0.0795043
0.0566286
0.0395523
0.0237423
0.0127186
0.00580341
0.00114154
0.675321
0.658843
0.59818
0.482599
0.352446
0.248169
0.179423
0.136171
0.104685
0.0807323
0.0576433
0.0402042
0.0241505
0.0129466
0.00590343
0.00117223
0.652559
0.637165
0.589438
0.483408
0.356334
0.25073
0.179985
0.136901
0.105904
0.0819266
0.0586405
0.0408541
0.024553
0.0131691
0.00599831
0.00120108
0.627738
0.614451
0.576456
0.481548
0.359771
0.254289
0.181316
0.137821
0.107076
0.0830677
0.0596228
0.0414988
0.0249636
0.0134004
0.00610103
0.00123649
0.601412
0.589311
0.558914
0.476828
0.362713
0.258507
0.18359
0.139002
0.108249
0.084158
0.0605712
0.0421322
0.0253637
0.0136242
0.0061974
0.00126934
0.573606
0.562814
0.539228
0.469449
0.364855
0.263018
0.186943
0.140668
0.109457
0.0851946
0.0614885
0.0427504
0.0257673
0.0138549
0.00630055
0.0013086
0.545157
0.535772
0.51844
0.460059
0.366071
0.267795
0.191229
0.142845
0.110783
0.0861993
0.0623664
0.0433505
0.0261572
0.0140773
0.00639685
0.00134485
0.516719
0.508984
0.497405
0.449414
0.366196
0.272581
0.19631
0.14568
0.112282
0.0871873
0.0632064
0.0439279
0.0265456
0.0143048
0.00649891
0.00138755
0.489331
0.483158
0.476717
0.438185
0.365412
0.277295
0.20186
0.149056
0.114024
0.0881959
0.064016
0.0444829
0.0269179
0.0145232
0.00659385
0.00142678
0.462147
0.457941
0.456218
0.426319
0.363493
0.281556
0.207724
0.15302
0.116037
0.0892474
0.0647958
0.045011
0.0272849
0.0147451
0.00669381
0.0014724
0.43582
0.433406
0.435775
0.413716
0.360284
0.285107
0.213407
0.157303
0.118336
0.0903783
0.0655654
0.0455153
0.0276336
0.0149568
0.00678639
0.0015142
0.411702
0.410695
0.415811
0.40025
0.355346
0.287318
0.218582
0.161775
0.120876
0.0916028
0.066323
0.0459939
0.027973
0.0151696
0.00688282
0.00156228
0.391458
0.39043
0.396317
0.385757
0.348532
0.287909
0.222698
0.16603
0.123569
0.0929344
0.0671011
0.0464539
0.0282934
0.0153709
0.00697144
0.00160599
0.374476
0.372223
0.377383
0.370309
0.339757
0.286507
0.225606
0.169899
0.126288
0.094349
0.0678869
0.0468961
0.028603
0.0155711
0.00706268
0.00165568
0.359464
0.355674
0.359214
0.354315
0.329407
0.283266
0.227027
0.173076
0.1289
0.0958191
0.0687102
0.0473289
0.0288954
0.0157586
0.00714534
0.00170036
0.34582
0.340477
0.341982
0.338123
0.317796
0.278187
0.227046
0.175501
0.131279
0.0972863
0.069538
0.0477543
0.0291784
0.0159429
0.00722901
0.00175054
0.333045
0.326265
0.325654
0.321976
0.305293
0.271611
0.225582
0.177005
0.133325
0.0987105
0.0703954
0.0481791
0.0294496
0.0161145
0.00730335
0.0017948
0.320633
0.312642
0.310039
0.306043
0.292138
0.263627
0.222784
0.177599
0.134946
0.10002
0.0712289
0.0486027
0.0297159
0.0162825
0.00737733
0.00184383
0.308497
0.299451
0.295079
0.290443
0.278559
0.25454
0.218666
0.177193
0.13608
0.101179
0.072057
0.0490255
0.0299761
0.0164389
0.00744133
0.00188591
0.296119
0.28624
0.280408
0.275116
0.264718
0.244485
0.213382
0.175809
0.136664
0.102113
0.0728102
0.0494419
0.0302355
0.0165931
0.00750415
0.00193203
0.282975
0.272421
0.265614
0.259968
0.250703
0.233705
0.207033
0.173442
0.136654
0.102801
0.0735087
0.0498483
0.0304937
0.0167387
0.0075572
0.00197018
0.268999
0.257967
0.250759
0.244984
0.23672
0.222421
0.199779
0.170123
0.13601
0.103165
0.0740713
0.050233
0.0307528
0.0168851
0.00760933
0.00201177
0.255156
0.244176
0.236682
0.230782
0.223134
0.210953
0.191862
0.165956
0.134713
0.103201
0.0745198
0.0505854
0.0310099
0.0170264
0.0076527
0.0020447
0.242296
0.231468
0.223719
0.217442
0.210106
0.199539
0.183393
0.160977
0.132728
0.102831
0.0747613
0.0508834
0.031262
0.0171708
0.00769675
0.00208121
0.230512
0.219882
0.211743
0.20497
0.197662
0.188223
0.174576
0.155317
0.130072
0.102052
0.0748215
0.0511146
0.0315041
0.0173131
0.00773434
0.00210904
0.219119
0.20878
0.200382
0.193125
0.185751
0.177174
0.165445
0.148988
0.126717
0.100789
0.0746029
0.0512477
0.0317266
0.017459
0.00777516
0.00214132
0.208009
0.198032
0.189479
0.181879
0.174389
0.166333
0.156198
0.142175
0.122736
0.0990562
0.0741411
0.0512725
0.0319206
0.0176013
0.00781175
0.00216572
0.196939
0.187413
0.178892
0.171033
0.163449
0.155839
0.146843
0.134885
0.118117
0.0967891
0.0733479
0.0511491
0.0320685
0.0177419
0.00785394
0.00219649
0.186014
0.176982
0.168531
0.160581
0.152965
0.14562
0.137552
0.127328
0.112991
0.0940412
0.0722585
0.0508761
0.0321625
0.0178728
0.00789389
0.00222099
0.175094
0.16657
0.158367
0.150388
0.142838
0.135741
0.128362
0.11953
0.107366
0.0907712
0.0707973
0.0504097
0.0321791
0.0179917
0.00794079
0.00225429
0.164241
0.156272
0.14829
0.140514
0.13308
0.126176
0.119376
0.111706
0.101431
0.0870805
0.0690107
0.049761
0.0321138
0.0180886
0.00798505
0.00228292
0.153361
0.145901
0.138386
0.130877
0.123646
0.116977
0.110617
0.103854
0.0951905
0.0829445
0.0668346
0.0488881
0.0319379
0.0181559
0.00803432
0.00232243
0.142599
0.135702
0.128616
0.121473
0.114502
0.10802
0.102071
0.0960993
0.0888142
0.0784834
0.0643314
0.0478034
0.031654
0.0181855
0.00807844
0.00235836
0.131936
0.125565
0.118941
0.112169
0.105466
0.0992886
0.093718
0.0884
0.0822681
0.0736649
0.0614479
0.0464631
0.0312297
0.0181653
0.0081232
0.00240621
0.121381
0.115542
0.109373
0.102964
0.0965989
0.0906879
0.0855147
0.080811
0.0756889
0.0686274
0.0582649
0.0448883
0.0306746
0.0180896
0.00815693
0.00244984
0.110971
0.105611
0.0999004
0.093873
0.087813
0.0822834
0.0775056
0.073373
0.0690678
0.0633506
0.0547485
0.0430379
0.0299563
0.0179409
0.00818144
0.00250385
0.100749
0.0958688
0.090604
0.0849451
0.0792779
0.0740643
0.0697238
0.0660623
0.0625426
0.0579999
0.051015
0.0409581
0.0290879
0.0177184
0.00818593
0.00255096
0.0908007
0.0863475
0.0815058
0.0762304
0.0708696
0.0661088
0.0621705
0.0590268
0.0561324
0.0525871
0.0470578
0.0386238
0.02804
0.0174026
0.00816921
0.00260463
0.0811458
0.0770877
0.072635
0.0677042
0.062796
0.0584526
0.0549666
0.0522336
0.049939
0.0472662
0.043018
0.0361096
0.0268367
0.0169997
0.00812249
0.00264625
0.0719217
0.0682146
0.0641368
0.0595741
0.0550723
0.0511808
0.0480904
0.0457957
0.0439824
0.0420288
0.0388858
0.0333973
0.0254497
0.0164895
0.00803993
0.00268727
0.063158
0.0598334
0.0561257
0.0519238
0.0478122
0.0443143
0.0416093
0.0396497
0.0382916
0.0369747
0.0347846
0.030572
0.023915
0.0158795
0.00791633
0.00270925
0.0549747
0.0519701
0.0486032
0.0447561
0.0410212
0.0378795
0.0354832
0.0338939
0.0329045
0.0321016
0.030699
0.0276172
0.0222089
0.0151482
0.00774221
0.00272199
0.0473254
0.0446514
0.0416013
0.0380842
0.034711
0.0319017
0.0298374
0.0285046
0.0278407
0.0274759
0.0267341
0.0246307
0.0203837
0.0143105
0.0075168
0.00270797
0.0403208
0.0379181
0.0351617
0.031982
0.0289593
0.0264668
0.0246375
0.0235805
0.0231654
0.0231412
0.0228939
0.0216073
0.0184279
0.0133489
0.00722891
0.00267493
0.0338247
0.0317514
0.0293348
0.0264905
0.0237952
0.0215628
0.0199911
0.0190938
0.0188844
0.0190899
0.0192689
0.0186533
0.016415
0.0122931
0.00688208
0.00260839
0.0280673
0.0262136
0.024032
0.0214836
0.0190917
0.0171374
0.0157439
0.0150548
0.014994
0.0154076
0.0158698
0.0157793
0.0143488
0.0111363
0.00646665
0.00251604
0.0227086
0.021124
0.0192362
0.0169864
0.0148834
0.0131508
0.0119877
0.0114549
0.0115388
0.0120637
0.0127582
0.0130764
0.0123129
0.00992356
0.00599371
0.00238746
0.0181756
0.016766
0.0150498
0.0130333
0.0111819
0.00968153
0.00871004
0.00833394
0.00850355
0.00912589
0.00994234
0.0105423
0.0103095
0.0086532
0.00545609
0.00223059
0.0141492
0.0129717
0.0115078
0.00975092
0.00812704
0.00680006
0.00595786
0.00566886
0.00589697
0.00653006
0.00742524
0.00822594
0.00840489
0.00737362
0.00486941
0.00203736
0.0108117
0.00981677
0.00853286
0.00698493
0.00556141
0.00440638
0.00368264
0.00344874
0.0036688
0.00430946
0.00521151
0.00612055
0.00659451
0.00608339
0.00423035
0.00181663
0.00783884
0.00704608
0.00599203
0.00467635
0.00345112
0.00243574
0.00180151
0.00159557
0.00181699
0.00240129
0.00328168
0.00424521
0.00492678
0.00483191
0.00355965
0.00156293
0.00535788
0.00469503
0.00378017
0.00264125
0.00159746
0.000747441
0.000227173
7.17552e-05
0.000263053
0.000814182
0.00164063
0.00260607
0.00339923
0.00361912
0.00285911
0.00128644
0.00311852
0.00263563
0.00192673
0.000998305
0.000131319
-0.00059671
-0.00103949
-0.00117742
-0.000988998
-0.000506912
0.000259888
0.00118149
0.0020459
0.00249181
0.0021555
0.000986373
0.00126419
0.000899593
0.000316777
-0.000456474
-0.00116721
-0.00174922
-0.00209436
-0.00218268
-0.00202337
-0.00157722
-0.000882802
-6.93578e-06
0.000859337
0.0014505
0.00145421
0.000674062
-0.000495905
-0.000697085
-0.00107883
-0.00165547
-0.00219592
-0.00267002
-0.00294573
-0.0030197
-0.00285533
-0.00244667
-0.00180194
-0.000998923
-0.000141401
0.000527961
0.00077991
0.000351507
-0.00221473
-0.00232148
-0.00258081
-0.0029924
-0.00336204
-0.00366542
-0.00380343
-0.00378497
-0.00358009
-0.00316243
-0.00255793
-0.00179522
-0.000991184
-0.000304858
0.000113206
7.47146e-06
-0.00143315
-0.00131121
-0.00144087
-0.00184215
-0.00230615
-0.00281191
-0.00320356
-0.00345423
-0.00347094
-0.00322025
-0.0027362
-0.00210147
-0.00140591
-0.000770617
-0.000268219
-9.75298e-05
-0.0154345
-0.0150601
-0.0145141
-0.013893
-0.0130629
-0.0120855
-0.0108934
-0.00960156
-0.00825373
-0.00695761
-0.00580216
-0.00482231
-0.00401127
-0.00334474
-0.00274866
-0.00204817
-0.241527
-0.141318
-0.0596076
0.0042567
0.0680019
0.131489
0.199823
0.285286
0.377396
0.492757
-0.242159
-0.141118
-0.0589612
0.00530915
0.0693759
0.133154
0.201391
0.286807
0.379418
0.493626
-0.243765
-0.140325
-0.0572657
0.00750454
0.0720171
0.135618
0.20297
0.286836
0.378875
0.488365
-0.248864
-0.140799
-0.0563174
0.00864978
0.0732636
0.136091
0.202251
0.284286
0.376151
0.481177
-0.257589
-0.143825
-0.0570962
0.0083886
0.0731318
0.135336
0.200413
0.280148
0.371661
0.472243
-0.268365
-0.149492
-0.0600861
0.00637477
0.0713947
0.133648
0.197986
0.275216
0.365495
0.462167
-0.279338
-0.156261
-0.0642578
0.0032226
0.0683248
0.130839
0.19474
0.26967
0.35828
0.451423
-0.28994
-0.163714
-0.0690085
-0.000238126
0.0650968
0.127999
0.191547
0.264506
0.350896
0.440598
-0.299368
-0.170929
-0.0738089
-0.00356129
0.0620716
0.125337
0.188506
0.259735
0.343711
0.429834
-0.307833
-0.178222
-0.0788486
-0.00702037
0.0590864
0.122708
0.185554
0.255245
0.336711
0.419241
-0.314878
-0.184882
-0.0838006
-0.010377
0.0561359
0.120104
0.182622
0.251037
0.330072
0.40901
-0.32088
-0.191439
-0.0889664
-0.014
0.053027
0.117313
0.179627
0.246968
0.323678
0.399218
-0.325522
-0.197223
-0.0939687
-0.0175266
0.0498794
0.114483
0.176607
0.243123
0.317614
0.390156
-0.329173
-0.202879
-0.0991566
-0.0213685
0.0465214
0.11139
0.173474
0.239354
0.31168
0.381755
-0.331213
-0.207598
-0.104069
-0.0250695
0.0431501
0.108274
0.170346
0.23562
0.305685
0.373524
-0.331643
-0.211851
-0.109016
-0.0290596
0.0395546
0.104871
0.167074
0.231663
0.299378
0.365252
-0.330109
-0.214824
-0.113443
-0.0327854
0.0360215
0.101502
0.163752
0.227647
0.292901
0.356726
-0.326959
-0.217162
-0.117742
-0.0367408
0.0322863
0.0978416
0.160112
0.223222
0.286206
0.347984
-0.322016
-0.218126
-0.121333
-0.0403139
0.0287135
0.0942668
0.15637
0.21862
0.279309
0.339039
-0.315704
-0.218406
-0.124667
-0.0440332
0.0249656
0.0903915
0.152236
0.213492
0.272101
0.329972
-0.307993
-0.217344
-0.127139
-0.0472451
0.021489
0.0866503
0.148033
0.208126
0.264749
0.320933
-0.299297
-0.215628
-0.129272
-0.0505269
0.0178494
0.0825816
0.143384
0.202196
0.256975
0.311857
-0.289601
-0.212638
-0.13042
-0.053188
0.0145789
0.0786809
0.138699
0.196085
0.249004
0.302573
-0.279335
-0.2091
-0.131151
-0.0558329
0.0111845
0.0744605
0.133558
0.189463
0.240661
0.292786
-0.268516
-0.204438
-0.130872
-0.0577887
0.00821194
0.0704324
0.128413
0.182696
0.232111
0.28253
-0.257384
-0.199328
-0.130193
-0.059703
0.00508934
0.0660602
0.122787
0.175403
0.223087
0.271529
-0.245848
-0.193194
-0.128521
-0.0608724
0.00241455
0.0619097
0.117187
0.167995
0.213846
0.260084
-0.234098
-0.186668
-0.126458
-0.0619279
-0.000383174
0.0574554
0.111154
0.160134
0.204165
0.24815
-0.222071
-0.179259
-0.123465
-0.0621988
-0.00270692
0.0532688
0.105194
0.152221
0.19435
0.23602
-0.20997
-0.171604
-0.120136
-0.0623364
-0.00511958
0.04882
0.0988704
0.143938
0.18418
0.223562
-0.197741
-0.163255
-0.115989
-0.0616973
-0.00703045
0.0446929
0.0926895
0.135687
0.17399
0.211093
-0.185592
-0.15477
-0.111577
-0.0608914
-0.00896603
0.0403878
0.0862528
0.127169
0.163556
0.198435
-0.173454
-0.145796
-0.106473
-0.0593546
-0.0103733
0.0364614
0.0800361
0.11878
0.153209
0.185905
-0.161536
-0.136817
-0.101174
-0.0576434
-0.0117338
0.0324525
0.0736708
0.110227
0.142714
0.173272
-0.149756
-0.127571
-0.0953468
-0.0553085
-0.0125731
0.0288528
0.0675902
0.101891
0.1324
0.160889
-0.138302
-0.118449
-0.089426
-0.052832
-0.0133224
0.0252558
0.0614618
0.0934969
0.122039
0.1485
-0.127118
-0.109277
-0.0831787
-0.0498895
-0.0136086
0.0220669
0.0556667
0.0853968
0.111952
0.136477
-0.116368
-0.100359
-0.0769688
-0.0468753
-0.0137972
0.0189502
0.0499242
0.0773572
0.10194
0.12454
-0.106003
-0.0915863
-0.0706553
-0.0435842
-0.0136282
0.0162079
0.0445442
0.0696799
0.0922909
0.113078
-0.0961407
-0.0831697
-0.0645069
-0.0403083
-0.0133802
0.013589
0.0393163
0.0621918
0.0828646
0.101821
-0.0867655
-0.0750586
-0.0584588
-0.0369435
-0.0129035
0.0112863
0.0344593
0.0551178
0.0738767
0.0911488
-0.0779437
-0.0673875
-0.0526841
-0.0336796
-0.0123808
0.00913893
0.0298407
0.0483574
0.0652704
0.0808206
-0.069677
-0.0601474
-0.047174
-0.0304898
-0.0117559
0.00723704
0.0255812
0.042042
0.057157
0.0711713
-0.0619774
-0.0533968
-0.0420105
-0.0274682
-0.0111207
0.0055026
0.0216192
0.0361373
0.0495692
0.0620152
-0.054871
-0.047149
-0.0372131
-0.0246326
-0.0104809
0.00394802
0.0179915
0.0306892
0.0425015
0.0535865
-0.0483152
-0.0414043
-0.0327965
-0.0220055
-0.00986098
0.00255507
0.0146846
0.0257003
0.0360469
0.0457465
-0.0423476
-0.0361848
-0.0287894
-0.0196213
-0.00929565
0.0012928
0.0116822
0.0211629
0.030096
0.0385862
-0.0368892
-0.0314565
-0.0251693
-0.0174712
-0.00877917
0.000164045
0.00898253
0.0170685
0.0247755
0.0321042
-0.0320104
-0.0272214
-0.0219608
-0.0155647
-0.00834109
-0.000854398
0.00656597
0.0134184
0.0199587
0.026235
-0.0275977
-0.0235
-0.0191518
-0.0139412
-0.00799537
-0.0017944
0.00440228
0.0101583
0.0157147
0.0210783
-0.0237808
-0.0202754
-0.0167622
-0.0125735
-0.00774662
-0.00265325
0.00248754
0.00731038
0.0119956
0.0165547
-0.0203949
-0.0174803
-0.0147086
-0.0114149
-0.00755276
-0.00341131
0.00082476
0.00484871
0.00880497
0.0126941
-0.0174786
-0.0150862
-0.0129609
-0.010438
-0.00740353
-0.00407985
-0.000620558
0.00271739
0.00603378
0.00931235
-0.0149391
-0.0130613
-0.0115158
-0.00966003
-0.00733632
-0.00471175
-0.00191421
0.000836799
0.00362074
0.00640455
-0.0128725
-0.011458
-0.0104192
-0.00912861
-0.00740156
-0.00536271
-0.00312081
-0.000863477
0.00145228
0.00378226
-0.0112684
-0.01034
-0.00974784
-0.00892049
-0.00767203
-0.00610129
-0.00430185
-0.00243965
-0.000475832
0.0015253
-0.0103582
-0.0098665
-0.00964773
-0.00916169
-0.00825567
-0.0070239
-0.00555327
-0.0039896
-0.0023144
-0.000606581
-0.0109647
-0.0106348
-0.0104503
-0.0100178
-0.00923152
-0.0081752
-0.00691211
-0.00555669
-0.00406448
-0.00255819
-0.0148074
-0.0143411
-0.0133651
-0.0121868
-0.0108773
-0.00948936
-0.00802799
-0.00654071
-0.00489758
-0.00317472
-0.0199905
-0.0211632
-0.021188
-0.0207462
-0.0201233
-0.0194209
-0.0186486
-0.0178431
-0.016958
-0.0161645
2.25701
2.28621
2.19078
1.95308
1.63073
1.28419
0.965613
0.705508
0.427941
0.104715
-0.169757
-0.303445
-0.384909
-0.452017
-0.396413
2.33341
2.28855
2.17322
1.98795
1.72726
1.40879
1.0843
0.792455
0.478864
0.122833
-0.181777
-0.302168
-0.388434
-0.454614
-0.398313
2.30735
2.24088
2.13979
1.9952
1.7829
1.50181
1.19007
0.886481
0.552255
0.166974
-0.176995
-0.298626
-0.395108
-0.459634
-0.402745
2.22711
2.16754
2.07968
1.95693
1.77836
1.53415
1.23924
0.92931
0.589935
0.200169
-0.160989
-0.300817
-0.407104
-0.466386
-0.410469
2.14984
2.09346
2.01413
1.90455
1.74948
1.5362
1.26358
0.949955
0.607862
0.222328
-0.14172
-0.308167
-0.42323
-0.474021
-0.419008
2.06273
2.00945
1.9368
1.83752
1.70013
1.5129
1.26935
0.961362
0.618936
0.241525
-0.119681
-0.31676
-0.441451
-0.482218
-0.426288
1.96646
1.91727
1.85052
1.75987
1.63694
1.47186
1.25782
0.965739
0.628877
0.261214
-0.0947314
-0.322156
-0.458584
-0.489639
-0.431243
1.86289
1.818
1.75693
1.67495
1.56451
1.41799
1.22924
0.962364
0.638864
0.282175
-0.0686001
-0.321928
-0.471702
-0.495368
-0.433664
1.7545
1.71382
1.65876
1.58496
1.48594
1.35534
1.18751
0.952026
0.647837
0.304557
-0.0401823
-0.31407
-0.47831
-0.498565
-0.433899
1.64341
1.60706
1.55786
1.4923
1.40404
1.2874
1.13748
0.935073
0.654736
0.327877
-0.009096
-0.297831
-0.477291
-0.498983
-0.432412
1.53206
1.49988
1.45658
1.39874
1.32071
1.21705
1.08387
0.911292
0.657748
0.349588
0.024397
-0.273926
-0.468567
-0.496401
-0.429656
1.42233
1.39423
1.35636
1.30603
1.2378
1.14638
1.02894
0.880535
0.655694
0.367481
0.0581617
-0.24424
-0.453171
-0.490807
-0.425874
1.316
1.29157
1.25896
1.21552
1.15646
1.0766
0.973514
0.844301
0.647624
0.379817
0.0908508
-0.211106
-0.432816
-0.482715
-0.421293
1.21412
1.19324
1.16531
1.12827
1.07768
1.00844
0.918207
0.804839
0.634021
0.388414
0.120869
-0.176409
-0.409187
-0.472235
-0.415952
1.11804
1.10023
1.07652
1.04505
1.00189
0.94229
0.863497
0.763542
0.615728
0.393342
0.146674
-0.142302
-0.383218
-0.459633
-0.409831
1.02833
1.01315
0.992897
0.966121
0.929471
0.878336
0.809795
0.721608
0.593794
0.395417
0.167319
-0.109486
-0.354961
-0.444729
-0.402798
0.944852
0.931833
0.914495
0.891719
0.860536
0.816952
0.757414
0.679494
0.56836
0.393216
0.183168
-0.0792574
-0.325257
-0.428027
-0.394937
0.867319
0.856126
0.841258
0.821785
0.795376
0.758108
0.706586
0.637786
0.540682
0.387434
0.195186
-0.0517069
-0.294975
-0.409624
-0.386172
0.795035
0.785476
0.772779
0.756263
0.733781
0.702161
0.657532
0.596707
0.511138
0.377412
0.20315
-0.0274386
-0.264946
-0.390067
-0.376626
0.727779
0.719642
0.70891
0.694938
0.676032
0.648943
0.610332
0.556593
0.480932
0.364549
0.207634
-0.00586945
-0.235536
-0.369345
-0.36619
0.666003
0.658973
0.649795
0.637972
0.621769
0.598697
0.565195
0.517669
0.450315
0.348676
0.208497
0.0124327
-0.207282
-0.348
-0.355053
0.608917
0.602856
0.595031
0.584911
0.57117
0.551212
0.522075
0.480048
0.420104
0.331217
0.206532
0.0279871
-0.180478
-0.326038
-0.343168
0.556563
0.551251
0.544424
0.535685
0.52367
0.50647
0.481061
0.443915
0.390356
0.312114
0.201659
0.0402605
-0.155488
-0.304014
-0.330709
0.507452
0.50287
0.497024
0.489476
0.479227
0.464232
0.442009
0.409125
0.36147
0.292518
0.194837
0.0499366
-0.132536
-0.281938
-0.31745
0.462139
0.458108
0.452995
0.446477
0.437447
0.424379
0.404919
0.375952
0.33342
0.272315
0.185967
0.0565776
-0.111778
-0.260273
-0.303755
0.419787
0.416311
0.411908
0.406243
0.398404
0.386952
0.369897
0.344204
0.306512
0.252385
0.176067
0.0610523
-0.0933378
-0.239043
-0.2895
0.381939
0.378628
0.374535
0.369299
0.362172
0.351998
0.336887
0.314335
0.280746
0.232586
0.164979
0.0629954
-0.0771914
-0.218642
-0.27503
0.345316
0.342525
0.339042
0.334526
0.328294
0.319305
0.306066
0.285994
0.256288
0.213542
0.153644
0.0634407
-0.0633585
-0.199114
-0.260272
0.311956
0.3094
0.306266
0.302233
0.296713
0.288825
0.277091
0.259532
0.23315
0.195085
0.141827
0.0620122
-0.0516473
-0.180721
-0.245533
0.280026
0.277903
0.275283
0.271914
0.267225
0.260387
0.250217
0.234638
0.211375
0.177618
0.130327
0.0597968
-0.0419756
-0.163485
-0.230767
0.251772
0.249765
0.247403
0.244372
0.24021
0.234222
0.225205
0.211618
0.191031
0.161013
0.11885
0.0563619
-0.0340525
-0.147527
-0.216226
0.224775
0.223187
0.221283
0.21881
0.215308
0.210113
0.202297
0.190224
0.172069
0.145496
0.108025
0.0527542
-0.02775
-0.132868
-0.201919
0.201617
0.20014
0.198411
0.196106
0.192883
0.188215
0.181175
0.170597
0.154557
0.130983
0.0975509
0.0484792
-0.0227492
-0.119491
-0.188008
0.179845
0.178579
0.177011
0.174949
0.172114
0.167988
0.161877
0.152496
0.138375
0.117565
0.0879002
0.0444286
-0.0189139
-0.107408
-0.174527
0.159542
0.158472
0.15719
0.155488
0.153077
0.149534
0.144139
0.135996
0.123601
0.105226
0.0787958
0.040121
-0.0159469
-0.0964818
-0.16155
0.141005
0.140152
0.139107
0.137735
0.135749
0.132731
0.128144
0.120996
0.110135
0.0939683
0.070565
0.0362354
-0.0137238
-0.0867416
-0.149155
0.125166
0.1244
0.123493
0.122276
0.120498
0.117836
0.113746
0.107536
0.09804
0.0838089
0.0629887
0.0323651
-0.0120148
-0.0779663
-0.137321
0.110812
0.110181
0.109385
0.108329
0.106791
0.104465
0.10096
0.0955191
0.0872045
0.0746894
0.0562468
0.028979
-0.0107404
-0.0702044
-0.126154
0.09827
0.0977125
0.0970162
0.0960977
0.0947429
0.0927204
0.0896271
0.0849085
0.0776422
0.0666123
0.0501732
0.025768
-0.00972801
-0.0631882
-0.115552
0.086954
0.086515
0.0859389
0.0852068
0.0840998
0.0823912
0.0797634
0.0756261
0.0692278
0.0594682
0.0448496
0.0230031
-0.00892327
-0.0569949
-0.105658
0.0776666
0.0772747
0.0767942
0.0761578
0.0751608
0.0736167
0.0712231
0.0675542
0.0618912
0.0532295
0.0401441
0.0204897
-0.00821779
-0.051346
-0.0963008
0.0695325
0.0692223
0.0687907
0.0682132
0.0673061
0.0659033
0.0637866
0.0605157
0.0554879
0.0477834
0.0360784
0.0183693
-0.00758755
-0.0463472
-0.0876476
0.0623794
0.0621109
0.0617356
0.0612322
0.0604162
0.0591701
0.0572778
0.0544004
0.0499609
0.043098
0.0325589
0.0165191
-0.00696562
-0.0417275
-0.0794789
0.0559521
0.0557312
0.0554055
0.0549975
0.054327
0.0532841
0.0516801
0.0491617
0.0452284
0.0390869
0.0295746
0.0150005
-0.00635585
-0.0376174
-0.0719844
0.0508627
0.0506317
0.0503431
0.0499836
0.0493861
0.048449
0.0469938
0.0447483
0.0412278
0.0356922
0.0270363
0.0137286
-0.00571675
-0.0337712
-0.0649151
0.0464743
0.0462917
0.0460451
0.0457393
0.0452144
0.0443732
0.0430726
0.0410321
0.0378416
0.0327905
0.0248968
0.0127137
-0.00507115
-0.0303353
-0.0584737
0.0430774
0.0428996
0.0426758
0.042385
0.041871
0.0410558
0.0398036
0.0379102
0.0349538
0.0303287
0.0230751
0.0118928
-0.00438652
-0.0270861
-0.0523974
0.0401988
0.0400403
0.0398135
0.0395145
0.0390056
0.0382154
0.037041
0.0352469
0.0325065
0.0282234
0.0215571
0.0112675
-0.00369515
-0.0241721
-0.0468892
0.0378794
0.0377096
0.0374759
0.0371691
0.0366548
0.0358792
0.0347287
0.0330269
0.0304483
0.0264781
0.0203062
0.0108058
-0.00296576
-0.0213997
-0.0416925
0.0357411
0.0355926
0.0353755
0.0350889
0.0346085
0.033882
0.0327975
0.0311823
0.0287598
0.0250507
0.0193193
0.010507
-0.00222951
-0.0189131
-0.0370085
0.0340739
0.0339142
0.0336993
0.0334186
0.0329531
0.0322546
0.0312189
0.0296844
0.027398
0.0239245
0.0185594
0.010351
-0.00145475
-0.0165399
-0.0325951
0.0324946
0.0323592
0.0321696
0.0319165
0.0314952
0.0308548
0.0298963
0.0284623
0.0263162
0.0230467
0.0180152
0.0103361
-0.000664117
-0.0144028
-0.0286335
0.0312702
0.0311338
0.0309523
0.0307174
0.0303247
0.0297299
0.0288353
0.027492
0.0254734
0.0223964
0.0176515
0.010444
0.000163697
-0.0123586
-0.0249007
0.0300952
0.0299933
0.0298536
0.0296654
0.029334
0.0288092
0.0279935
0.0267435
0.0248454
0.0219359
0.01746
0.0106718
0.00101678
-0.0105202
-0.0215808
0.0293662
0.029275
0.0291562
0.0289884
0.0286794
0.0281796
0.0273978
0.0262031
0.0243947
0.0216353
0.0173908
0.0109735
0.00186972
-0.00878394
-0.0184588
0.0286671
0.0286242
0.0285536
0.0284254
0.0281561
0.0276921
0.0269501
0.0258078
0.0240823
0.0214504
0.0174174
0.0113253
0.00268963
-0.00727391
-0.0157321
0.0282683
0.0282584
0.0282178
0.0281082
0.0278459
0.0273861
0.026652
0.0255404
0.0238783
0.0213621
0.0175054
0.0116771
0.00341687
-0.00595538
-0.0133006
0.0279507
0.0279756
0.027956
0.0278432
0.0275739
0.0271079
0.0263854
0.0253069
0.023703
0.0212763
0.0175566
0.0119407
0.00399695
-0.00486443
-0.0114012
0.027659
0.0276822
0.0276433
0.0275094
0.0272233
0.0267586
0.0260511
0.0249873
0.023399
0.0209887
0.0173126
0.0118187
0.00422996
-0.00382322
-0.00968024
0.0273959
0.0273552
0.0272539
0.0270736
0.0267629
0.0262898
0.0255504
0.0244202
0.0227035
0.0201024
0.0162183
0.0106952
0.00376555
-0.00238784
-0.00628295
)
;

boundaryField
{
    airfoil
    {
        type            zeroGradient;
    }
    farBoundaries
    {
        type            freestreamPressure;
        freestreamValue uniform 0;
        supersonic      false;
        value           nonuniform List<scalar> 
52
(
-0.00912411
-0.00965934
-0.00967066
-0.00946904
-0.00918471
-0.00886411
-0.00851162
-0.00814397
-0.00774001
-0.00737781
-0.00704465
-0.00687375
-0.00662456
-0.00634105
-0.0059622
-0.00551609
-0.00497198
-0.00438236
-0.00376718
-0.0031756
-0.00264823
-0.00220101
-0.00183083
-0.00152661
-0.00125455
-0.000934828
0.0146771
0.0142965
0.0135011
0.0124778
0.0112271
0.0098662
0.00837933
0.00688003
0.00542491
0.00410127
0.00298588
0.00210625
0.00145181
0.000971251
0.000606116
0.000231939
0.021857
0.022598
0.0220922
0.0211135
0.0199921
0.0188589
0.0177538
0.0167319
0.0157648
0.015049
)
;
    }
    inlet
    {
        type            freestreamPressure;
        freestreamValue uniform 0;
        supersonic      false;
        value           nonuniform List<scalar> 
30
(
0.0273411
0.0272938
0.0271828
0.0269882
0.0266558
0.0261493
0.0253579
0.024147
0.0223075
0.0195319
0.015443
0.00981185
0.00322059
-0.00178283
-0.00356269
0.0273761
0.0274292
0.0275501
0.0277307
0.0280111
0.0283921
0.0289077
0.0295596
0.0303263
0.0310497
0.0314469
0.0307997
0.0275833
0.0193507
0.0111346
)
;
    }
    outlet
    {
        type            freestreamPressure;
        freestreamValue uniform 0;
        supersonic      false;
        value           nonuniform List<scalar> 
120
(
2.2304e-06
2.27946e-06
2.3269e-06
2.38956e-06
2.44976e-06
2.52462e-06
2.5951e-06
2.67962e-06
2.75862e-06
2.85163e-06
2.93812e-06
3.03845e-06
3.13144e-06
3.23806e-06
3.3362e-06
3.44728e-06
3.54852e-06
3.66167e-06
3.76305e-06
3.87477e-06
3.97253e-06
4.07904e-06
4.16935e-06
4.26697e-06
4.34667e-06
4.43339e-06
4.50133e-06
4.57691e-06
4.63367e-06
4.6997e-06
4.74714e-06
4.80497e-06
4.8432e-06
4.89109e-06
4.91654e-06
4.94864e-06
4.95334e-06
4.95877e-06
4.93165e-06
4.89981e-06
4.8318e-06
4.75369e-06
4.63807e-06
4.50874e-06
4.34247e-06
4.15862e-06
3.93929e-06
3.70091e-06
3.4301e-06
3.13947e-06
2.81665e-06
2.47184e-06
2.09562e-06
1.69796e-06
1.27662e-06
8.42483e-07
3.98403e-07
-8.50078e-08
-9.77396e-08
-2.52415e-06
7.77922e-07
3.85221e-07
9.71527e-08
-6.14034e-09
-2.90496e-10
2.97677e-08
1.12992e-07
2.10586e-07
3.55428e-07
5.07973e-07
6.97373e-07
8.85293e-07
1.09983e-06
1.30298e-06
1.52127e-06
1.71798e-06
1.9198e-06
2.0921e-06
2.26165e-06
2.39618e-06
2.52309e-06
2.61323e-06
2.69394e-06
2.73861e-06
2.77438e-06
2.77791e-06
2.77505e-06
2.74489e-06
2.71196e-06
2.65835e-06
2.60603e-06
2.53902e-06
2.477e-06
2.4066e-06
2.34403e-06
2.27753e-06
2.22047e-06
2.16354e-06
2.11647e-06
2.07157e-06
2.03592e-06
2.00436e-06
1.98069e-06
1.96157e-06
1.94852e-06
1.94079e-06
1.93719e-06
1.93886e-06
1.94279e-06
1.95271e-06
1.9632e-06
1.97982e-06
1.99557e-06
2.01837e-06
2.03909e-06
2.06743e-06
2.09275e-06
2.12695e-06
2.15752e-06
2.19603e-06
)
;
    }
    defaultFaces
    {
        type            empty;
    }
}


// ************************************************************************* //
