/*--------------------------------*- C++ -*----------------------------------*\
  =========                 |
  \\      /  F ield         | OpenFOAM: The Open Source CFD Toolbox
   \\    /   O peration     | Website:  https://openfoam.org
    \\  /    A nd           | Version:  6.0
     \\/     M anipulation  |
\*---------------------------------------------------------------------------*/
FoamFile
{
    version     2.0;
    format      ascii;
    class       volScalarField;
    location    "4";
    object      p;
}
// * * * * * * * * * * * * * * * * * * * * * * * * * * * * * * * * * * * * * //

dimensions      [0 2 -2 0 0 0 0];

internalField   nonuniform List<scalar> 
4920
(
0.0254575
0.0255694
0.025779
0.0260687
0.0264952
0.0270588
0.0278207
0.0288278
0.0301375
0.0316377
0.033122
0.0338285
0.0319908
0.024845
0.0179816
0.0256162
0.0256802
0.0258411
0.0261007
0.0265103
0.0270849
0.0278701
0.0289295
0.0303257
0.0321184
0.0341999
0.0361469
0.0363777
0.031359
0.0250316
0.0258003
0.0258881
0.0260656
0.0263249
0.0267326
0.0272978
0.0280778
0.029145
0.0305797
0.0324098
0.034686
0.0370191
0.0379329
0.0335263
0.0264531
0.0261895
0.0263013
0.0264791
0.0267253
0.027109
0.0276469
0.0284013
0.0294464
0.0308443
0.0326849
0.0348907
0.0371793
0.0381266
0.0336066
0.0256506
0.0263865
0.0265405
0.0267616
0.0270418
0.0274506
0.0279949
0.0287373
0.0297572
0.031134
0.0328613
0.0350005
0.0371622
0.0379796
0.0330949
0.024387
0.0270202
0.0271641
0.0273532
0.0275839
0.0279322
0.028415
0.0291013
0.0300678
0.0313622
0.0330558
0.0350111
0.0369377
0.0374628
0.0319774
0.0223778
0.0270284
0.0272184
0.0274688
0.0277645
0.0281698
0.0286864
0.0293755
0.0303165
0.0315848
0.0331373
0.0350028
0.0367518
0.0369998
0.030882
0.0203696
0.0276892
0.027842
0.0280314
0.0282515
0.0285753
0.0290199
0.0296488
0.0305367
0.0317208
0.0332465
0.0349154
0.0364324
0.0363249
0.0294431
0.0177575
0.0276131
0.0278016
0.0280519
0.0283323
0.0287147
0.0291903
0.0298191
0.0306815
0.0318421
0.0332166
0.0348335
0.0361992
0.0358159
0.0281681
0.015197
0.028207
0.0283438
0.0285174
0.0287085
0.0290006
0.029399
0.0299681
0.0307774
0.031849
0.0332212
0.0346562
0.0358271
0.0351265
0.0265957
0.0119642
0.0279103
0.0280922
0.0283356
0.0286051
0.0289688
0.0294123
0.0299896
0.0307788
0.0318389
0.0330691
0.03449
0.0355828
0.0346358
0.0252062
0.0087468
0.0285162
0.0286307
0.0287752
0.0289264
0.0291707
0.0295122
0.0300155
0.0307463
0.0317166
0.0329576
0.0342209
0.0351839
0.0339411
0.0234942
0.00481066
0.0281748
0.0283274
0.0285342
0.0287549
0.0290613
0.0294383
0.0299412
0.0306372
0.0315832
0.0326641
0.0339835
0.0349313
0.0334844
0.0219317
0.000802451
0.0287233
0.0288011
0.028904
0.0290024
0.0291864
0.0294596
0.0298753
0.0304932
0.0313165
0.0323982
0.03361
0.0345133
0.032819
0.0200214
-0.00402501
0.0281816
0.0283088
0.0284959
0.0286997
0.0289735
0.0292989
0.0297104
0.0302751
0.0310596
0.0320514
0.0333269
0.0343064
0.032416
0.0182036
-0.0090331
0.0289256
0.028956
0.0290063
0.0290404
0.0291544
0.0293425
0.0296497
0.0301742
0.0308884
0.0318235
0.0330013
0.0339432
0.0317882
0.015936
-0.0149676
0.0284892
0.0285803
0.0287301
0.0288965
0.0291344
0.0294007
0.0297937
0.030243
0.0308662
0.031688
0.0328476
0.0338364
0.0314504
0.013704
-0.0211818
0.0300273
0.0299884
0.0299612
0.0299255
0.0299487
0.0300744
0.0302245
0.0305814
0.0310346
0.031665
0.032645
0.0335846
0.0308666
0.010986
-0.0283701
0.0307785
0.0307559
0.0307643
0.0307454
0.0307633
0.0307894
0.0309441
0.0310686
0.0313098
0.0317401
0.0326534
0.0336523
0.0306113
0.00825821
-0.0359387
0.0328067
0.0326839
0.0325509
0.0323542
0.0321696
0.0320304
0.0318591
0.0318399
0.0318122
0.0319472
0.0326392
0.0336116
0.0301011
0.00488078
-0.0446055
0.0337197
0.0336906
0.0336838
0.0336324
0.0335529
0.0333881
0.033237
0.0328951
0.0325563
0.0323901
0.0329723
0.0339922
0.0299484
0.00141809
-0.0537566
0.0372299
0.0370604
0.0368499
0.036547
0.0361811
0.0357584
0.035151
0.0345444
0.0337512
0.033121
0.0333975
0.034393
0.0295093
-0.00283622
-0.0640955
0.0402623
0.040148
0.0399992
0.0397301
0.0393232
0.0386978
0.0379239
0.0367599
0.0354496
0.0343473
0.0344179
0.0353616
0.0294285
-0.00729474
-0.0750116
0.0455132
0.04527
0.0449346
0.0444181
0.0437143
0.0427773
0.0414407
0.0398704
0.0378654
0.0360906
0.0357297
0.0364812
0.0289686
-0.0127958
-0.0872426
0.0503155
0.0501821
0.0499698
0.0495682
0.0488714
0.0477357
0.0461584
0.0438175
0.0411187
0.0386742
0.0379276
0.0383142
0.028773
-0.0187406
-0.10015
0.0585095
0.0582216
0.0577716
0.0570551
0.0559688
0.0543948
0.0520522
0.0491176
0.0454371
0.0420627
0.0406496
0.0404545
0.0280068
-0.0260496
-0.114482
0.0671428
0.0669171
0.0665052
0.0657653
0.0644979
0.0624887
0.0596481
0.0556352
0.0510122
0.046709
0.0446027
0.043396
0.0272799
-0.0341092
-0.129556
0.0790969
0.0786995
0.078015
0.0768635
0.0751114
0.0725229
0.0687513
0.0639414
0.0580124
0.0524409
0.0493472
0.0467086
0.0256583
-0.0438638
-0.14614
0.0898282
0.0897791
0.0894793
0.0887056
0.0870665
0.0842083
0.0799067
0.0737936
0.0666912
0.0598956
0.0556654
0.0508164
0.0237217
-0.0546989
-0.163486
0.106183
0.105939
0.105316
0.1041
0.101957
0.0984529
0.0930578
0.0859303
0.0771525
0.0687272
0.0630744
0.0552682
0.0204848
-0.0675049
-0.182358
0.122496
0.12261
0.122316
0.121364
0.119143
0.115109
0.108848
0.100006
0.0898039
0.0798769
0.0723773
0.0603575
0.0164942
-0.0816477
-0.201928
0.144526
0.144486
0.143895
0.142485
0.139668
0.13476
0.127056
0.116844
0.104658
0.0927226
0.0830012
0.0655726
0.0107565
-0.0978822
-0.222938
0.167499
0.167775
0.167426
0.166092
0.162927
0.157179
0.148182
0.135974
0.122314
0.108558
0.0957431
0.071077
0.00380799
-0.115571
-0.244484
0.195297
0.195435
0.194851
0.193087
0.189347
0.182557
0.17213
0.158679
0.142818
0.126487
0.109923
0.0762915
-0.00528284
-0.135301
-0.267279
0.223343
0.22408
0.223994
0.222605
0.218624
0.2114
0.199893
0.184385
0.167095
0.148039
0.126079
0.0812247
-0.0159409
-0.156429
-0.290346
0.257603
0.258361
0.258283
0.256619
0.252504
0.24425
0.231328
0.214709
0.194702
0.17175
0.143299
0.0852259
-0.0289724
-0.179352
-0.31434
0.295367
0.296629
0.29683
0.295344
0.290428
0.281456
0.26716
0.248051
0.226445
0.199155
0.161825
0.088251
-0.0437173
-0.203462
-0.338248
0.338675
0.34009
0.340323
0.338383
0.333122
0.322687
0.306536
0.286223
0.261553
0.228352
0.180574
0.0897034
-0.0607942
-0.22902
-0.362687
0.385144
0.387202
0.387812
0.385998
0.379792
0.368288
0.350302
0.32743
0.300984
0.26061
0.199529
0.0896069
-0.0794131
-0.255475
-0.386607
0.436671
0.439145
0.440066
0.438067
0.43145
0.418034
0.397919
0.373636
0.343565
0.293522
0.217516
0.0875116
-0.099979
-0.282998
-0.410578
0.492109
0.495464
0.496958
0.495183
0.487488
0.472615
0.449969
0.42289
0.390144
0.328086
0.234518
0.0836133
-0.121557
-0.31114
-0.433507
0.553283
0.557304
0.559229
0.557252
0.548828
0.531426
0.506072
0.476985
0.439095
0.361561
0.24953
0.0776713
-0.144354
-0.340055
-0.456291
0.618614
0.623522
0.62604
0.624144
0.61448
0.595025
0.566241
0.533575
0.490933
0.394732
0.262827
0.0700923
-0.167218
-0.369311
-0.478378
0.687248
0.6933
0.696711
0.695021
0.684633
0.662256
0.630128
0.593884
0.543434
0.424738
0.27366
0.0607846
-0.190177
-0.398897
-0.500083
0.758679
0.766078
0.770609
0.769408
0.758108
0.73375
0.697076
0.655331
0.596499
0.45236
0.282827
0.0502072
-0.212135
-0.427997
-0.520519
0.832097
0.841057
0.846951
0.846666
0.835319
0.807831
0.766635
0.718407
0.647279
0.474964
0.289695
0.0382198
-0.234277
-0.455862
-0.539759
0.906362
0.91722
0.925146
0.926034
0.91438
0.884275
0.836369
0.779623
0.694824
0.493788
0.295718
0.0249624
-0.256841
-0.481258
-0.55689
0.980448
0.993556
1.0034
1.00624
0.994536
0.959399
0.904609
0.838344
0.735654
0.50702
0.297773
0.00859789
-0.280144
-0.503994
-0.57223
1.05193
1.06741
1.08024
1.08519
1.07276
1.03308
0.969084
0.890945
0.767932
0.516858
0.291392
-0.0122392
-0.30419
-0.524241
-0.585629
1.11896
1.13733
1.15317
1.16056
1.1463
1.10138
1.02816
0.935982
0.788029
0.52191
0.273803
-0.0369832
-0.329334
-0.542892
-0.59787
1.17916
1.20082
1.22017
1.22867
1.2122
1.16246
1.07695
0.969447
0.79408
0.523796
0.244478
-0.0664095
-0.356121
-0.560474
-0.609131
1.23047
1.25561
1.27725
1.2861
1.26712
1.21022
1.11105
0.987369
0.78313
0.517535
0.203472
-0.103019
-0.385406
-0.577572
-0.619965
1.26992
1.29773
1.32004
1.32838
1.30615
1.23945
1.12229
0.983725
0.753289
0.495687
0.150271
-0.146926
-0.416361
-0.593949
-0.630205
1.29465
1.32355
1.34528
1.35257
1.32304
1.24267
1.10464
0.949202
0.701298
0.451763
0.0871357
-0.19553
-0.447517
-0.609241
-0.639775
1.30063
1.32878
1.35064
1.35288
1.30917
1.21234
1.04972
0.870584
0.621947
0.380293
0.0176317
-0.246482
-0.47736
-0.623221
-0.648313
1.28384
1.30985
1.33024
1.32022
1.2515
1.13525
0.943671
0.737871
0.508246
0.279434
-0.0561251
-0.298978
-0.505495
-0.636151
-0.655777
1.24062
1.26258
1.27474
1.23885
1.13587
0.994147
0.784148
0.531903
0.343186
0.137315
-0.141275
-0.355464
-0.533015
-0.648825
-0.662226
1.17305
1.17819
1.15817
1.08154
0.943373
0.77046
0.540503
0.234
0.0868646
-0.062793
-0.248188
-0.418863
-0.560864
-0.662233
-0.668027
1.00419
0.946328
0.846672
0.679955
0.513781
0.333875
0.115412
-0.199294
-0.271004
-0.29024
-0.359586
-0.478339
-0.586998
-0.675982
-0.673169
0.733046
0.6158
0.401388
0.0862738
-0.0418738
-0.116193
-0.223066
-0.428918
-0.399442
-0.364507
-0.404667
-0.501457
-0.600357
-0.68357
-0.676043
0.0334579
0.0341009
0.033099
0.031452
0.029572
0.0276798
0.0258423
0.0241532
0.0225529
0.0213654
0.030562
0.0292515
0.0267802
0.0240241
0.0213139
0.0188137
0.0165186
0.0144873
0.0124977
0.0108206
0.0225507
0.0206168
0.0182545
0.0158592
0.0135358
0.0113656
0.00933947
0.0075396
0.00576485
0.00432439
0.0160074
0.0134964
0.0110827
0.00888696
0.00684574
0.00495959
0.00318851
0.00163202
7.444e-05
-0.00118777
0.0107384
0.00756363
0.00484029
0.00257926
0.00060151
-0.00115449
-0.00275446
-0.00411087
-0.00544765
-0.00652213
0.00603438
0.00217799
-0.00097402
-0.00345129
-0.00548897
-0.00720006
-0.00867653
-0.00983433
-0.0109408
-0.0118077
0.00155273
-0.00303339
-0.00669232
-0.00946137
-0.0116249
-0.0133238
-0.0146742
-0.0156139
-0.0164274
-0.0170258
-0.00302854
-0.00837715
-0.0125837
-0.0156776
-0.0179815
-0.0196547
-0.0208556
-0.0215074
-0.0219534
-0.022167
-0.00784375
-0.0140439
-0.0188351
-0.0222929
-0.0247032
-0.0263435
-0.0273066
-0.0276331
-0.0276085
-0.0274082
-0.0130774
-0.020135
-0.0255833
-0.0293775
-0.0319396
-0.0334523
-0.0341734
-0.0340408
-0.033504
-0.032805
-0.0185452
-0.0266119
-0.032773
-0.0369943
-0.039674
-0.0410841
-0.0414632
-0.0408432
-0.0396714
-0.0383917
-0.0244987
-0.0336012
-0.0405387
-0.0452077
-0.0480158
-0.0492678
-0.049252
-0.0480296
-0.0461138
-0.0441341
-0.0308185
-0.0410813
-0.0488538
-0.0540016
-0.0569181
-0.0579688
-0.0574667
-0.0555481
-0.0527455
-0.0499608
-0.0377456
-0.0491707
-0.0578175
-0.0634404
-0.0664378
-0.067201
-0.0661089
-0.0633493
-0.0595152
-0.0557387
-0.0450882
-0.0577702
-0.0673558
-0.0734642
-0.0765104
-0.0769072
-0.0751214
-0.0713909
-0.0663569
-0.061504
-0.0531015
-0.0670634
-0.0776092
-0.0841888
-0.0872047
-0.0871227
-0.0844874
-0.079618
-0.0732273
-0.0670753
-0.0615759
-0.0769358
-0.0884701
-0.0955183
-0.0984246
-0.0977605
-0.0941313
-0.0879923
-0.080066
-0.0725857
-0.070851
-0.0876169
-0.100136
-0.107576
-0.110225
-0.1088
-0.103989
-0.0963982
-0.086768
-0.0777246
-0.0807135
-0.0989563
-0.11248
-0.120212
-0.122469
-0.120127
-0.114007
-0.104829
-0.0933217
-0.0826675
-0.0915148
-0.111252
-0.125668
-0.133519
-0.13514
-0.131687
-0.124034
-0.113097
-0.0995423
-0.0870388
-0.103006
-0.124303
-0.139509
-0.14731
-0.148104
-0.143389
-0.134071
-0.121279
-0.105548
-0.0912312
-0.115581
-0.138365
-0.154154
-0.161647
-0.161346
-0.15514
-0.14395
-0.129148
-0.111113
-0.0948089
-0.128925
-0.153169
-0.169372
-0.176331
-0.174726
-0.166882
-0.153743
-0.136892
-0.11648
-0.0982082
-0.143493
-0.169023
-0.185337
-0.191428
-0.188235
-0.178512
-0.163251
-0.144225
-0.121344
-0.10096
-0.158869
-0.185603
-0.201761
-0.206723
-0.201699
-0.189992
-0.172584
-0.151427
-0.126053
-0.103605
-0.175541
-0.203194
-0.218834
-0.222269
-0.215148
-0.201223
-0.181579
-0.158194
-0.130301
-0.105687
-0.192995
-0.221414
-0.236192
-0.237815
-0.228364
-0.212175
-0.190348
-0.164862
-0.134484
-0.10774
-0.211775
-0.240578
-0.254052
-0.253425
-0.241403
-0.222777
-0.198721
-0.171091
-0.138228
-0.109288
-0.23131
-0.260265
-0.272006
-0.268839
-0.254026
-0.232981
-0.206801
-0.17722
-0.141939
-0.110839
-0.252161
-0.280786
-0.290293
-0.284143
-0.266342
-0.242754
-0.214448
-0.182912
-0.145241
-0.111928
-0.273702
-0.30169
-0.308452
-0.299071
-0.278097
-0.252041
-0.221753
-0.188505
-0.148551
-0.113036
-0.296498
-0.323267
-0.326739
-0.313711
-0.289441
-0.260841
-0.2286
-0.193658
-0.151483
-0.113736
-0.319881
-0.345074
-0.344696
-0.327854
-0.300129
-0.26911
-0.235069
-0.1987
-0.154435
-0.114506
-0.344385
-0.367365
-0.362607
-0.341586
-0.310353
-0.276874
-0.241077
-0.203308
-0.157033
-0.114923
-0.369311
-0.389702
-0.380014
-0.354747
-0.319879
-0.284102
-0.246694
-0.207804
-0.159654
-0.115419
-0.395131
-0.412278
-0.397186
-0.367387
-0.32891
-0.290829
-0.251867
-0.211901
-0.16196
-0.115584
-0.421135
-0.434661
-0.413684
-0.379399
-0.337228
-0.297039
-0.256648
-0.215882
-0.164287
-0.115802
-0.447744
-0.457005
-0.429775
-0.390814
-0.345045
-0.302768
-0.261008
-0.219479
-0.166328
-0.115711
-0.474255
-0.478936
-0.445075
-0.401583
-0.352171
-0.308018
-0.264992
-0.222941
-0.168393
-0.115689
-0.500984
-0.500557
-0.459823
-0.411708
-0.358806
-0.312823
-0.268589
-0.226038
-0.170202
-0.115415
-0.527066
-0.521396
-0.473582
-0.421109
-0.364735
-0.317156
-0.271809
-0.228961
-0.171988
-0.115225
-0.552305
-0.541297
-0.486444
-0.429691
-0.370094
-0.321014
-0.274632
-0.231502
-0.173502
-0.114818
-0.575734
-0.559813
-0.498061
-0.437442
-0.374726
-0.324403
-0.277082
-0.233841
-0.174951
-0.114495
-0.597535
-0.577067
-0.508668
-0.44437
-0.378812
-0.327359
-0.279179
-0.235829
-0.176149
-0.114006
-0.617063
-0.592777
-0.518024
-0.450493
-0.38223
-0.32989
-0.28094
-0.237612
-0.177271
-0.113592
-0.634404
-0.60702
-0.52631
-0.455796
-0.385124
-0.332017
-0.282383
-0.23907
-0.178165
-0.113035
-0.649048
-0.619604
-0.533363
-0.460318
-0.387406
-0.333752
-0.283525
-0.240323
-0.178976
-0.112534
-0.661381
-0.630748
-0.53943
-0.464104
-0.389234
-0.335134
-0.284402
-0.241294
-0.179594
-0.111918
-0.671382
-0.64044
-0.544456
-0.467215
-0.390558
-0.336181
-0.285029
-0.242079
-0.180125
-0.111343
-0.679706
-0.648961
-0.5487
-0.469718
-0.391524
-0.336931
-0.285442
-0.242627
-0.180489
-0.110677
-0.686514
-0.656371
-0.552156
-0.471677
-0.3921
-0.337405
-0.285657
-0.24302
-0.180773
-0.110042
-0.692255
-0.66284
-0.554999
-0.473135
-0.392389
-0.33763
-0.285704
-0.243231
-0.180924
-0.109344
-0.696859
-0.668298
-0.557181
-0.474108
-0.392359
-0.337614
-0.285591
-0.243321
-0.181006
-0.108668
-0.700391
-0.672705
-0.558753
-0.474591
-0.392063
-0.337368
-0.285338
-0.243275
-0.180989
-0.107951
-0.702804
-0.675964
-0.559683
-0.474602
-0.391493
-0.33691
-0.284961
-0.243141
-0.18092
-0.107248
-0.704376
-0.678104
-0.560061
-0.474182
-0.390719
-0.336274
-0.284492
-0.242922
-0.180797
-0.106514
-0.705586
-0.679414
-0.560036
-0.473472
-0.389813
-0.335536
-0.283982
-0.242674
-0.180693
-0.105838
-0.707197
-0.680331
-0.559909
-0.472716
-0.388946
-0.334819
-0.283507
-0.242432
-0.180608
-0.105204
-0.709574
-0.681247
-0.560003
-0.472236
-0.388372
-0.334329
-0.28321
-0.242299
-0.180599
-0.104635
-0.711197
-0.681804
-0.560139
-0.47206
-0.388148
-0.334124
-0.283092
-0.242228
-0.18054
-0.104214
0.019862
0.0191533
0.0178737
0.0163728
0.0145258
0.0126272
0.0105606
0.00857064
0.00668873
0.00500806
0.00362815
0.00252058
0.00171319
0.00109321
0.000591819
0.00017422
0.00895118
0.00855131
0.00783434
0.00717839
0.00638468
0.00571204
0.00492396
0.00417931
0.00339425
0.00259948
0.00184074
0.0012414
0.000791364
0.000456871
0.000181708
-6.21691e-05
0.00415694
0.00415011
0.00375265
0.00339471
0.00289864
0.00253385
0.00208342
0.00168674
0.00127793
0.000834837
0.000454034
0.000146051
-3.15038e-05
-0.000138135
-0.000205896
-0.000278454
-0.000106059
0.000212479
0.000119937
3.60224e-05
-0.000171904
-0.000265154
-0.000424875
-0.000539372
-0.000660063
-0.000748452
-0.000813574
-0.000786262
-0.000700886
-0.000601671
-0.000500193
-0.000458491
-0.00432464
-0.00370956
-0.00354366
-0.00337404
-0.0033153
-0.00312934
-0.00298226
-0.00279754
-0.00257004
-0.00232549
-0.00202812
-0.00168019
-0.00131706
-0.000986968
-0.00070534
-0.0005708
-0.00842624
-0.00748929
-0.00703019
-0.00661197
-0.00629259
-0.00585566
-0.00543216
-0.00496869
-0.00444069
-0.00385997
-0.0032141
-0.00252696
-0.00186571
-0.00129493
-0.000849487
-0.000665747
-0.0124774
-0.0112116
-0.010482
-0.00980453
-0.00923417
-0.00853339
-0.00783706
-0.00709061
-0.00627259
-0.0053545
-0.00435788
-0.00332301
-0.00234794
-0.00152678
-0.000920077
-0.000707105
-0.0160071
-0.0144087
-0.0134391
-0.0126279
-0.0119096
-0.011068
-0.0101659
-0.00917858
-0.00805819
-0.00681041
-0.00543459
-0.00402429
-0.00272468
-0.00165593
-0.000921186
-0.000732215
-0.0199286
-0.0179814
-0.016756
-0.0157193
-0.0147832
-0.0136995
-0.0125245
-0.0112328
-0.00979214
-0.00816277
-0.00641053
-0.00462842
-0.00300514
-0.00169967
-0.000852869
-0.000707153
-0.0238096
-0.0214811
-0.0199692
-0.0187211
-0.0175733
-0.0162682
-0.0148146
-0.0132083
-0.0114024
-0.00939367
-0.00723246
-0.00506836
-0.00313157
-0.00161945
-0.000711105
-0.000664735
-0.0277777
-0.0250474
-0.0232427
-0.0217588
-0.0203781
-0.0188073
-0.0170422
-0.0150823
-0.0128765
-0.010454
-0.00789572
-0.00537015
-0.00314228
-0.00145364
-0.000508777
-0.000576664
-0.0317319
-0.0285777
-0.0264715
-0.0247481
-0.0231141
-0.0212674
-0.0191769
-0.0168178
-0.014195
-0.0113269
-0.00834228
-0.00545788
-0.00297346
-0.00115964
-0.000238054
-0.000473206
-0.0355971
-0.0319688
-0.0295239
-0.0275604
-0.0256861
-0.0235775
-0.0211528
-0.0183815
-0.0153013
-0.0119827
-0.00860074
-0.00538804
-0.00268613
-0.000790965
7.99365e-05
-0.000330841
-0.0392707
-0.0351644
-0.0323861
-0.030188
-0.0280617
-0.0256833
-0.0228892
-0.0197188
-0.0161696
-0.012382
-0.00857611
-0.0050583
-0.00220893
-0.000302618
0.000455292
-0.000176856
-0.0426956
-0.038052
-0.034893
-0.0324524
-0.0300913
-0.0274357
-0.0243435
-0.0207336
-0.0167391
-0.0125126
-0.0083363
-0.00456762
-0.00162546
0.000241209
0.000861671
7.52196e-06
-0.0458867
-0.0406972
-0.0371494
-0.0344477
-0.0318151
-0.0288695
-0.0253972
-0.0214206
-0.0169671
-0.0122927
-0.00776355
-0.00380858
-0.000864905
0.000885247
0.00131063
0.000197642
-0.0488492
-0.0430666
-0.0390591
-0.0360489
-0.0331218
-0.0298579
-0.0260744
-0.0216626
-0.0168204
-0.0117787
-0.00698163
-0.0029112
-2.56522e-05
0.00156057
0.00177398
0.000408968
-0.0515828
-0.045156
-0.0406234
-0.0372598
-0.0340141
-0.0304436
-0.0262809
-0.02152
-0.0162598
-0.0108622
-0.00584634
-0.00176298
0.000962306
0.00231077
0.0022644
0.000620312
-0.0536145
-0.0465796
-0.0416225
-0.0380095
-0.0345101
-0.0306141
-0.0260923
-0.0209172
-0.01532
-0.00966659
-0.00453797
-0.000515955
0.00199458
0.00306722
0.00275382
0.000844149
-0.055328
-0.0477102
-0.0423304
-0.0384325
-0.0346209
-0.03037
-0.0254471
-0.0198783
-0.0139227
-0.00804978
-0.00289881
0.000945324
0.00314109
0.00387329
0.00325627
0.00106241
-0.0566659
-0.0484107
-0.0425461
-0.0383236
-0.0342262
-0.0295929
-0.0242817
-0.01835
-0.0121449
-0.00617897
-0.00113037
0.00246344
0.00429993
0.00466468
0.00374552
0.00128575
-0.0576239
-0.0486865
-0.0422681
-0.0377086
-0.0332397
-0.0282961
-0.0225964
-0.0163089
-0.00985594
-0.00387182
0.000936079
0.00415534
0.00553969
0.00548402
0.0042369
0.00149966
-0.0578701
-0.0482673
-0.0413536
-0.0364576
-0.0317515
-0.0264042
-0.0203619
-0.0137868
-0.00721891
-0.00136461
0.00307331
0.00586043
0.0067635
0.00627255
0.00470639
0.00171312
-0.0577859
-0.0474703
-0.0399914
-0.0347259
-0.0296224
-0.0239802
-0.0175563
-0.0107016
-0.00407353
0.00152624
0.00544829
0.00769255
0.0080371
0.00707162
0.0051701
0.00191441
-0.057198
-0.0461435
-0.0380617
-0.032367
-0.0269262
-0.0208301
-0.0141483
-0.00715886
-0.000642421
0.0045403
0.00782744
0.00949592
0.00927122
0.00782824
0.00560615
0.00211132
-0.0562514
-0.0443842
-0.0356223
-0.0294142
-0.0234871
-0.0171299
-0.010099
-0.00300777
0.00328964
0.00787883
0.0103825
0.0113819
0.0105288
0.00858225
0.00603127
0.00229496
-0.0548638
-0.0421233
-0.0325926
-0.0258444
-0.0195219
-0.0126385
-0.00547425
0.00156924
0.00743913
0.0112656
0.0128847
0.0132058
0.0117303
0.00928699
0.0064258
0.00247191
-0.0530847
-0.039423
-0.0291532
-0.0217613
-0.0148401
-0.00767315
-0.00016953
0.00675911
0.0120299
0.0149057
0.0155065
0.0150766
0.0129361
0.00998096
0.00680679
0.00263538
-0.0510518
-0.0364374
-0.0251962
-0.0171427
-0.0096478
-0.00185821
0.00568788
0.0123043
0.0167422
0.0185159
0.018029
0.0168612
0.0140755
0.0106227
0.00715631
0.00279101
-0.0485828
-0.0328909
-0.0207949
-0.0118908
-0.00368793
0.00445719
0.0122614
0.0184363
0.021819
0.0223063
0.0206214
0.0186636
0.0152057
0.0112491
0.0074916
0.00293395
-0.0457191
-0.0289286
-0.0157077
-0.00601997
0.00292761
0.0117213
0.0193564
0.024832
0.0269081
0.0259946
0.0230803
0.020364
0.0162642
0.0118235
0.00779625
0.00306885
-0.0422797
-0.0243495
-0.0100969
0.000644629
0.0103935
0.0195267
0.027161
0.0317201
0.0322626
0.0297943
0.0255704
0.0220621
0.0173057
0.012381
0.00808739
0.0031922
-0.0383804
-0.0192202
-0.00367018
0.00806674
0.0186838
0.0283109
0.0354033
0.0387481
0.0375177
0.0334319
0.027906
0.0236499
0.0182743
0.0128889
0.0083496
0.0033078
-0.0338503
-0.0133579
0.00350313
0.0164374
0.0278658
0.0376569
0.0443119
0.0461622
0.0429499
0.0371236
0.0302453
0.0252218
0.0192218
0.0133804
0.00859988
0.00341337
-0.0287327
-0.00676185
0.0115708
0.0257166
0.0380137
0.0480247
0.0535591
0.0535979
0.0481862
0.0406114
0.0324216
0.0266818
0.0200985
0.013826
0.00882359
0.0035118
-0.0230199
0.0005649
0.0205245
0.0360129
0.0491087
0.0589436
0.0633955
0.0613001
0.0535172
0.0441115
0.0345857
0.0281198
0.0209536
0.0142572
0.00903743
0.00360164
-0.0165573
0.00873685
0.0304584
0.0473861
0.0612694
0.0708413
0.07343
0.0689034
0.0585736
0.0473823
0.036587
0.0294488
0.0217418
0.0146471
0.00922718
0.00368499
-0.00936661
0.017871
0.0414887
0.059873
0.0743727
0.0832124
0.0839391
0.0766494
0.063661
0.0506371
0.0385679
0.0307535
0.02251
0.0150253
0.00940928
0.0037612
-0.0011889
0.0280435
0.0536997
0.0736166
0.0886236
0.0964711
0.0944651
0.0841883
0.0684183
0.0536534
0.0403933
0.0319559
0.0232164
0.0153667
0.00956977
0.00383157
0.00783539
0.0393857
0.0672026
0.0885943
0.103788
0.110053
0.105303
0.0917505
0.0731589
0.0566397
0.0421973
0.033136
0.0239061
0.0156996
0.00972476
0.00389595
0.0179863
0.0519665
0.0821268
0.104959
0.120064
0.124348
0.115961
0.0990128
0.0775369
0.0593892
0.0438564
0.0342223
0.0245394
0.0160002
0.00986032
0.00395502
0.0292918
0.0659984
0.0985588
0.122626
0.137134
0.138762
0.126774
0.106197
0.0818729
0.0621045
0.0454971
0.0352897
0.0251599
0.0162954
0.00999238
0.00400921
0.0419108
0.0815918
0.11667
0.141801
0.155243
0.153675
0.137223
0.113023
0.0858395
0.0645957
0.0470059
0.036273
0.0257295
0.0165621
0.0101069
0.00405849
0.0559784
0.0989055
0.136515
0.162294
0.173951
0.168479
0.147677
0.119701
0.0897585
0.0670584
0.048503
0.0372426
0.0262903
0.0168263
0.0102197
0.00410371
0.0716914
0.118136
0.158247
0.184287
0.193514
0.183537
0.157617
0.12599
0.0933195
0.0693154
0.0498816
0.0381381
0.0268053
0.0170655
0.0103164
0.0041443
0.0892678
0.139465
0.181862
0.207465
0.213385
0.198263
0.167447
0.132094
0.0968399
0.0715539
0.051256
0.0390249
0.0273156
0.0173045
0.0104128
0.00418156
0.10895
0.163126
0.207559
0.232042
0.233855
0.213
0.176666
0.137811
0.10003
0.0736092
0.0525252
0.0398469
0.0277845
0.0175214
0.0104945
0.0042144
0.130954
0.189248
0.235158
0.257535
0.254294
0.22721
0.185705
0.143335
0.1032
0.0756603
0.0537985
0.0406657
0.0282522
0.0177401
0.0105771
0.00424444
0.155602
0.218056
0.264828
0.284177
0.275032
0.241225
0.194087
0.148492
0.106075
0.0775511
0.0549785
0.0414284
0.0286824
0.0179388
0.0106459
0.00427014
0.183069
0.249585
0.296194
0.311335
0.295396
0.254575
0.202259
0.153477
0.108953
0.0794506
0.0561709
0.0421921
0.0291149
0.0181411
0.0107167
0.00429364
0.213808
0.284134
0.329477
0.339288
0.315744
0.267582
0.209786
0.158128
0.111577
0.0812122
0.0572804
0.0429071
0.0295129
0.0183251
0.0107744
0.00431286
0.248044
0.321461
0.36405
0.367299
0.335428
0.27985
0.217121
0.162637
0.114231
0.082996
0.05841
0.0436271
0.029916
0.0185141
0.010835
0.00433028
0.286428
0.361946
0.400165
0.395684
0.354827
0.291699
0.223862
0.166853
0.11667
0.0846618
0.0594648
0.0443048
0.0302872
0.018686
0.0108831
0.00434339
0.329028
0.40492
0.436954
0.423657
0.373358
0.302799
0.23044
0.170973
0.119159
0.08636
0.060546
0.0449904
0.030666
0.0188641
0.0109348
0.00435519
0.376883
0.450811
0.474718
0.451549
0.391393
0.313471
0.23651
0.174838
0.121472
0.0879581
0.0615591
0.0456391
0.0310149
0.0190261
0.0109745
0.00436262
0.429646
0.49839
0.512449
0.478649
0.408483
0.323448
0.242477
0.178652
0.123856
0.0895975
0.062604
0.0462983
0.0313737
0.0191952
0.0110186
0.00436907
0.489683
0.548023
0.55034
0.505209
0.424958
0.333046
0.248033
0.182243
0.126097
0.0911519
0.0635865
0.0469249
0.0317042
0.0193489
0.0110509
0.004371
0.55745
0.598336
0.58769
0.530752
0.4405
0.342025
0.253523
0.185832
0.128418
0.0927525
0.0646056
0.0475635
0.0320466
0.0195106
0.0110883
0.00437248
0.631785
0.647578
0.624206
0.555511
0.455426
0.350705
0.258705
0.189225
0.13063
0.094281
0.0655672
0.0481736
0.0323625
0.0196575
0.0111142
0.00436931
0.70946
0.696749
0.660605
0.579761
0.469773
0.358931
0.263879
0.192657
0.132931
0.0958585
0.0665697
0.0487963
0.0326916
0.0198129
0.0111457
0.00436593
0.775126
0.740573
0.696238
0.603904
0.484085
0.36716
0.268885
0.195917
0.135143
0.0973675
0.0675129
0.0493897
0.0329924
0.019952
0.011165
0.00435731
0.815339
0.777575
0.728731
0.627238
0.498378
0.375354
0.274031
0.199303
0.137465
0.0989392
0.0685052
0.05
0.0333086
0.0201007
0.0111906
0.00434941
0.833526
0.803104
0.752698
0.64766
0.512089
0.383632
0.27918
0.202599
0.139764
0.100482
0.0694635
0.0505981
0.0336066
0.0202391
0.0112084
0.00433794
0.841305
0.813494
0.765966
0.66277
0.524108
0.391484
0.284402
0.206064
0.142197
0.102111
0.070492
0.0512277
0.0339306
0.0203943
0.0112373
0.00432957
0.838274
0.811296
0.768344
0.670935
0.533442
0.398734
0.289499
0.209417
0.144627
0.103723
0.0714974
0.0518524
0.0342414
0.020542
0.0112602
0.00431811
0.820077
0.797926
0.759026
0.670824
0.539079
0.40492
0.294462
0.212902
0.147162
0.105411
0.0725702
0.0525082
0.0345786
0.0207069
0.0112947
0.00431043
0.790038
0.773862
0.739953
0.662608
0.540396
0.40977
0.299178
0.216271
0.149714
0.107085
0.073624
0.0531592
0.0349031
0.0208644
0.0113233
0.00429929
0.751664
0.741988
0.71462
0.647881
0.537606
0.41297
0.303543
0.21977
0.152371
0.10884
0.0747471
0.0538409
0.0352548
0.0210395
0.0113637
0.00429232
0.708207
0.704809
0.685042
0.628708
0.531441
0.414566
0.307482
0.223144
0.155083
0.110595
0.0758613
0.0545185
0.0355951
0.0212077
0.0113987
0.00428149
0.661977
0.664125
0.652318
0.606454
0.522534
0.414674
0.310906
0.226581
0.157888
0.112437
0.0770463
0.0552275
0.0359626
0.0213942
0.0114458
0.00427562
0.614633
0.621358
0.617465
0.582145
0.511419
0.413415
0.313846
0.229865
0.16077
0.114301
0.0782392
0.0559347
0.0363208
0.0215744
0.0114879
0.00426548
0.567755
0.577519
0.581171
0.55634
0.498399
0.410834
0.316176
0.233136
0.163719
0.116264
0.0795119
0.056677
0.036708
0.0217738
0.0115427
0.00426085
0.524266
0.534922
0.544846
0.529836
0.48379
0.406848
0.317849
0.236179
0.166737
0.118265
0.0808119
0.057422
0.0370892
0.021968
0.0115929
0.00425151
0.487353
0.497341
0.510932
0.503812
0.468049
0.401434
0.318578
0.238976
0.169723
0.120347
0.0821911
0.0582068
0.0375012
0.0221823
0.0116566
0.00424873
0.458281
0.466102
0.480295
0.478665
0.451404
0.394464
0.318252
0.241278
0.172663
0.122452
0.083611
0.0589997
0.0379121
0.0223927
0.0117164
0.00424083
0.435129
0.439977
0.452767
0.454488
0.434019
0.385938
0.316584
0.24295
0.175357
0.124572
0.0850983
0.0598377
0.0383576
0.022625
0.0117905
0.00424028
0.415541
0.417672
0.427971
0.431279
0.416028
0.375841
0.313567
0.243821
0.177796
0.126638
0.0866168
0.060685
0.0388076
0.0228558
0.0118619
0.00423424
0.398479
0.398131
0.405628
0.409219
0.397822
0.364448
0.309072
0.24376
0.179734
0.128583
0.0881528
0.0615711
0.0392937
0.0231099
0.0119481
0.00423688
0.383095
0.380785
0.385409
0.38825
0.379532
0.351905
0.30328
0.242734
0.181221
0.130364
0.0896806
0.0624578
0.0397883
0.0233656
0.0120329
0.00423375
0.368857
0.364799
0.366776
0.368414
0.361455
0.338582
0.296142
0.24064
0.182008
0.131875
0.0911535
0.0633669
0.0403185
0.0236468
0.0121339
0.00424048
0.355442
0.34999
0.349556
0.349625
0.343581
0.324523
0.287939
0.237565
0.182223
0.133118
0.0925566
0.0642545
0.0408565
0.0239324
0.0122353
0.00424133
0.342234
0.335597
0.333118
0.331678
0.326097
0.310115
0.27863
0.233396
0.181637
0.133957
0.0938075
0.0651277
0.0414201
0.0242429
0.0123538
0.0042538
0.328362
0.320886
0.31694
0.314359
0.308865
0.295271
0.268543
0.228324
0.180409
0.134449
0.09492
0.0659458
0.0419833
0.0245592
0.0124746
0.00426055
0.313688
0.305387
0.30063
0.297264
0.291973
0.280415
0.257606
0.222217
0.178319
0.134431
0.0957848
0.066705
0.0425557
0.0248984
0.0126138
0.00428074
0.298795
0.29029
0.284913
0.28102
0.275657
0.265523
0.246302
0.215409
0.175579
0.134016
0.0964482
0.0673681
0.043111
0.0252416
0.0127569
0.0042957
0.284496
0.275957
0.270191
0.26558
0.2601
0.251147
0.234592
0.207794
0.171992
0.133041
0.0967788
0.0679127
0.0436453
0.0255983
0.0129176
0.0043264
0.271047
0.262601
0.256328
0.251154
0.245362
0.237026
0.222918
0.199755
0.167831
0.131643
0.0968614
0.0683201
0.0441383
0.0259524
0.0130825
0.00435256
0.257972
0.249694
0.243193
0.237393
0.231303
0.223613
0.211133
0.191128
0.162893
0.129637
0.0965434
0.0685529
0.0445759
0.0263068
0.0132628
0.00439657
0.245272
0.237289
0.230538
0.224401
0.218064
0.210533
0.199602
0.182312
0.157489
0.127194
0.0959428
0.0686141
0.0449434
0.0266467
0.0134449
0.00443644
0.232718
0.225096
0.218427
0.211951
0.205363
0.19819
0.188171
0.173122
0.15142
0.124121
0.0949023
0.0684471
0.0452112
0.0269637
0.0136353
0.00449558
0.220462
0.213331
0.206639
0.200066
0.193406
0.186226
0.177103
0.163941
0.14504
0.120636
0.0935508
0.0680825
0.045379
0.0272493
0.0138216
0.00455008
0.208331
0.201646
0.195257
0.18862
0.181869
0.174872
0.166283
0.154602
0.138158
0.116551
0.091723
0.0674442
0.0454049
0.0274861
0.0140063
0.00462384
0.196362
0.190261
0.184023
0.177516
0.170835
0.163829
0.155809
0.145433
0.131151
0.112142
0.0895733
0.066591
0.0453051
0.0276712
0.0141773
0.00469059
0.184377
0.178731
0.172927
0.16665
0.160052
0.15327
0.145653
0.136287
0.123831
0.107225
0.086937
0.0654386
0.0450239
0.0277749
0.0143305
0.00477381
0.172532
0.167402
0.16196
0.155993
0.14965
0.142958
0.135797
0.127379
0.116539
0.102096
0.0839982
0.0640554
0.044598
0.0278062
0.0144573
0.00484524
0.160904
0.156248
0.151207
0.145569
0.139396
0.133036
0.126271
0.118609
0.109088
0.0965662
0.0805952
0.0623404
0.0439566
0.0277245
0.0145486
0.00492778
0.149494
0.145331
0.140685
0.13534
0.129503
0.123331
0.116983
0.110059
0.101739
0.0909318
0.0769387
0.0603839
0.0431557
0.0275523
0.014599
0.00499104
0.138339
0.134618
0.130376
0.125372
0.119729
0.113943
0.108024
0.101766
0.0943659
0.0850197
0.072876
0.0580777
0.0421192
0.0272376
0.014592
0.00505617
0.127427
0.12414
0.120288
0.115581
0.110333
0.104824
0.0993485
0.0936065
0.0871547
0.0791128
0.0686495
0.0555485
0.0409126
0.0268186
0.0145298
0.00509243
0.116856
0.113966
0.110485
0.106125
0.101089
0.0959824
0.0908934
0.0857627
0.0800156
0.0730744
0.0641228
0.0526914
0.0394528
0.0262333
0.0143898
0.00511999
0.106615
0.104068
0.100895
0.0967843
0.0921326
0.0873855
0.0827601
0.078055
0.0730673
0.0671475
0.0595523
0.0496721
0.0378259
0.0255359
0.0141836
0.00510852
0.0967779
0.094514
0.0916285
0.0877868
0.083454
0.0791119
0.0748582
0.0707095
0.0663073
0.0612269
0.0548127
0.0463884
0.0359472
0.0246634
0.0138827
0.00507649
0.0873013
0.0853543
0.0827556
0.0791991
0.0751918
0.0711981
0.06737
0.0635801
0.0597703
0.055486
0.0501369
0.0430238
0.0339238
0.0236745
0.0135088
0.00499673
0.0783496
0.0766439
0.0743029
0.071037
0.0673583
0.0637024
0.0601617
0.0568482
0.0535195
0.0498807
0.0454171
0.0394781
0.0316744
0.0225032
0.013028
0.00488679
0.069849
0.0684007
0.0662942
0.0632911
0.0599295
0.0565787
0.0534335
0.0504194
0.0475389
0.0445005
0.0408382
0.0359387
0.0293248
0.0212192
0.0124717
0.00472396
0.0619082
0.0606349
0.0587272
0.0559964
0.0529449
0.0499259
0.0470268
0.0444077
0.0419251
0.0393885
0.0363371
0.0323185
0.0268026
0.019763
0.0118071
0.00452463
0.0541644
0.0531109
0.0514724
0.0490511
0.0463525
0.0436384
0.0411241
0.0387805
0.0366458
0.0344898
0.0320379
0.0287887
0.024249
0.018218
0.0110703
0.00427259
0.047385
0.0464597
0.0449571
0.0427577
0.0403098
0.0378842
0.0355741
0.033531
0.0316784
0.0299163
0.0278946
0.0252829
0.0216026
0.0165359
0.0102314
0.00398421
0.0406958
0.0399344
0.0386549
0.036726
0.0345794
0.032411
0.0304085
0.0286248
0.0270673
0.0255675
0.0239835
0.0219379
0.0190045
0.0148117
0.00933285
0.00364934
0.0349792
0.0343208
0.0331259
0.0313542
0.0293981
0.0274395
0.0256548
0.0241159
0.0227728
0.0215815
0.0203093
0.0187063
0.0164027
0.0130069
0.00835313
0.00328504
0.0293695
0.0288405
0.0278416
0.0263219
0.02463
0.0229094
0.0213415
0.0200033
0.0188882
0.0178736
0.016889
0.0156778
0.0139152
0.0112164
0.00733624
0.0028844
0.024529
0.0241083
0.023226
0.021877
0.020375
0.0188599
0.0174839
0.0163196
0.0153327
0.0145286
0.0137507
0.0128316
0.0115
0.00940868
0.00627002
0.00246639
0.019901
0.0195791
0.0188726
0.0177445
0.0164807
0.0151755
0.0139919
0.0129797
0.0121673
0.0114731
0.0108692
0.0102028
0.00923984
0.00766863
0.00519695
0.00202546
0.0159967
0.0157457
0.0151192
0.0141206
0.0130083
0.0118786
0.0108582
0.00999921
0.00927708
0.00872942
0.00826935
0.00780063
0.00710891
0.00597021
0.00411144
0.00158024
0.0120655
0.0118902
0.011418
0.0106237
0.00973541
0.00880355
0.00797048
0.00725266
0.00669399
0.00624659
0.00591309
0.00559063
0.00515283
0.00437935
0.00305193
0.00112668
0.00873676
0.00863623
0.00824722
0.007578
0.00682802
0.00605944
0.00537073
0.00479749
0.00432442
0.00399488
0.00376829
0.00359776
0.00334287
0.00287246
0.00201471
0.000680236
0.00520239
0.00517792
0.00495566
0.00448567
0.00396641
0.00338953
0.00288403
0.00244688
0.00212101
0.00191101
0.00181345
0.00175637
0.00169422
0.00148331
0.00102098
0.000231405
0.00196496
0.00204957
0.00193908
0.0016237
0.00125339
0.000845985
0.000498286
0.000212203
2.2713e-05
-4.21214e-05
-1.60831e-05
8.43503e-05
0.000172236
0.000177254
5.39168e-05
-0.000219991
-0.000971337
-0.000729149
-0.000673808
-0.000850368
-0.00108117
-0.00139132
-0.00164124
-0.0018388
-0.00190775
-0.00183094
-0.0016417
-0.00140885
-0.0011746
-0.000979288
-0.000813493
-0.000615741
-0.0124805
-0.0120759
-0.0115307
-0.0109298
-0.0101632
-0.00932287
-0.00834721
-0.00735919
-0.00638513
-0.00550808
-0.00478471
-0.00421741
-0.0037671
-0.00336947
-0.0029199
-0.00209325
-0.419262
-0.318734
-0.202111
-0.0996337
0.0144471
0.106274
0.201695
0.296706
0.441343
0.648384
-0.419975
-0.318995
-0.202071
-0.0992851
0.0150853
0.107334
0.202775
0.297872
0.442629
0.64858
-0.420936
-0.318533
-0.20076
-0.0973758
0.0177117
0.110351
0.205099
0.298264
0.441061
0.638925
-0.423398
-0.318741
-0.19951
-0.0955057
0.0201747
0.112706
0.206547
0.297375
0.437812
0.625379
-0.427104
-0.320683
-0.199826
-0.0949788
0.0211209
0.11365
0.206809
0.295435
0.432763
0.608917
-0.431086
-0.323905
-0.202273
-0.0967893
0.0195478
0.112367
0.205124
0.291961
0.424987
0.590105
-0.43466
-0.327435
-0.205865
-0.10015
0.0157247
0.108512
0.200937
0.286388
0.415069
0.569941
-0.437393
-0.330838
-0.209842
-0.104174
0.0108944
0.103629
0.195587
0.280123
0.404284
0.549286
-0.439106
-0.333683
-0.21377
-0.108213
0.00578121
0.0984881
0.189818
0.273776
0.393739
0.529207
-0.439714
-0.336002
-0.217495
-0.112267
0.000567555
0.0932012
0.183872
0.26743
0.383413
0.50982
-0.439212
-0.337541
-0.220899
-0.11602
-0.00455777
0.088054
0.177984
0.26141
0.37388
0.49192
-0.437562
-0.338447
-0.223962
-0.119696
-0.00966283
0.0828097
0.172078
0.255485
0.364733
0.475297
-0.434825
-0.338496
-0.226612
-0.12298
-0.0145936
0.0777838
0.166354
0.249976
0.356366
0.460436
-0.430946
-0.337892
-0.228845
-0.126167
-0.0194509
0.0726503
0.16066
0.244542
0.348205
0.446551
-0.425794
-0.336324
-0.230559
-0.128888
-0.0240485
0.0677925
0.155237
0.239335
0.340345
0.433378
-0.419057
-0.333893
-0.231718
-0.13145
-0.0285238
0.0628334
0.149842
0.233851
0.332117
0.42028
-0.4108
-0.330316
-0.23219
-0.133437
-0.0326392
0.0582145
0.14467
0.22851
0.32399
0.407524
-0.400969
-0.325794
-0.231988
-0.135206
-0.0365789
0.0534879
0.139328
0.222701
0.315553
0.394743
-0.389807
-0.32011
-0.230977
-0.136313
-0.0400483
0.0491624
0.134179
0.216947
0.307135
0.38246
-0.377419
-0.313559
-0.229246
-0.137146
-0.0432948
0.0447525
0.128831
0.210642
0.298252
0.370311
-0.364213
-0.306032
-0.226679
-0.137272
-0.0459749
0.040806
0.123743
0.20438
0.289482
0.358952
-0.35026
-0.297821
-0.223446
-0.137116
-0.0484419
0.0367635
0.118399
0.197555
0.280109
0.347781
-0.335883
-0.288802
-0.219373
-0.136236
-0.0502797
0.0332145
0.113362
0.190848
0.270794
0.337058
-0.321171
-0.279304
-0.21467
-0.135072
-0.0518821
0.0295844
0.10808
0.183646
0.26103
0.325957
-0.306446
-0.269161
-0.209168
-0.133174
-0.0528329
0.0264662
0.103135
0.176631
0.251425
0.314853
-0.291653
-0.258688
-0.203131
-0.131017
-0.0536082
0.0232306
0.0978884
0.169117
0.241319
0.302815
-0.276982
-0.247681
-0.19637
-0.128125
-0.05376
0.0205025
0.0929661
0.161808
0.231337
0.290543
-0.262339
-0.23645
-0.189182
-0.124967
-0.0537719
0.01768
0.0877544
0.154066
0.220868
0.277554
-0.247878
-0.2248
-0.181379
-0.121084
-0.0531958
0.0153698
0.0828662
0.146557
0.210537
0.264568
-0.233536
-0.213083
-0.173272
-0.116985
-0.0525117
0.0129602
0.0777141
0.138666
0.199764
0.251044
-0.21945
-0.201096
-0.164687
-0.112224
-0.0512783
0.0110531
0.0728978
0.131036
0.189176
0.237695
-0.205604
-0.189163
-0.155945
-0.107286
-0.0499631
0.00908261
0.0678797
0.123117
0.178248
0.223983
-0.19207
-0.177126
-0.146858
-0.101786
-0.0481293
0.00760628
0.0632334
0.115511
0.167586
0.210595
-0.178872
-0.165275
-0.137738
-0.096181
-0.0462168
0.00610642
0.0584736
0.107726
0.156715
0.196991
-0.166028
-0.153484
-0.128414
-0.090155
-0.0438354
0.00507108
0.0541186
0.100306
0.146197
0.183849
-0.153583
-0.141991
-0.11918
-0.0841143
-0.041397
0.00404237
0.0497323
0.0928204
0.135615
0.170633
-0.141535
-0.1307
-0.109901
-0.0778217
-0.0385865
0.00342
0.0457543
0.0857368
0.125459
0.157995
-0.129953
-0.119798
-0.100838
-0.0716172
-0.0357684
0.00282003
0.0418121
0.0786984
0.115386
0.1454
-0.118808
-0.109217
-0.0919002
-0.0653424
-0.0327201
0.00253646
0.0382448
0.0720756
0.105779
0.133461
-0.108169
-0.0990891
-0.0832888
-0.0592549
-0.0297279
0.00227652
0.0347679
0.0656039
0.0963993
0.121684
-0.0980135
-0.0893795
-0.074958
-0.0532709
-0.0266651
0.00222112
0.0316046
0.0595327
0.0874934
0.110611
-0.0883972
-0.0801753
-0.0670393
-0.0475597
-0.0237209
0.00217996
0.028572
0.0537022
0.0789488
0.0998141
-0.0793013
-0.0714696
-0.0595281
-0.0421008
-0.0208532
0.00222871
0.0257797
0.0482367
0.0708559
0.0897366
-0.0707562
-0.063303
-0.0524848
-0.0369761
-0.018154
0.0022765
0.0231411
0.0430734
0.0632393
0.0800593
-0.0627566
-0.0556873
-0.0459269
-0.032203
-0.0156342
0.00232544
0.0206818
0.0382432
0.0560459
0.0710876
-0.055305
-0.0486212
-0.0398592
-0.027792
-0.0133091
0.00236379
0.0183878
0.0337475
0.0494075
0.0626146
-0.0483981
-0.0421217
-0.034305
-0.0237737
-0.0112111
0.002358
0.0162415
0.0295754
0.0431637
0.0547741
-0.0420113
-0.0361657
-0.0292396
-0.0201324
-0.00932219
0.0023238
0.0142528
0.0257226
0.0374972
0.0475441
-0.0361851
-0.0307473
-0.0246944
-0.0168666
-0.00767731
0.00224545
0.0123956
0.0222052
0.03223
0.0408709
-0.0308498
-0.0259278
-0.0206604
-0.0140606
-0.00630055
0.00204214
0.0106169
0.0188912
0.0274107
0.0347778
-0.0261367
-0.0216905
-0.0172077
-0.0116919
-0.00524506
0.00170628
0.00885937
0.0157971
0.0229424
0.0291785
-0.0219388
-0.0180095
-0.0142512
-0.00972857
-0.00444663
0.00126395
0.00716545
0.0129156
0.0188745
0.0241316
-0.0182689
-0.0148433
-0.0117508
-0.00811193
-0.00385887
0.000759528
0.00555957
0.0102685
0.0151746
0.019543
-0.0150838
-0.0121735
-0.00970172
-0.00685021
-0.00350278
0.000161534
0.00400504
0.0078084
0.0118084
0.0154161
-0.0124337
-0.0100406
-0.00814911
-0.00599498
-0.00343659
-0.00059572
0.00242225
0.00544692
0.0086483
0.0115663
-0.0103412
-0.00850853
-0.00716589
-0.00562849
-0.0037469
-0.00160576
0.000720315
0.00308897
0.00563826
0.00800235
-0.00901076
-0.00775266
-0.00691946
-0.00590168
-0.00457426
-0.00300131
-0.00124376
0.000587487
0.002581
0.0044604
-0.00911834
-0.00826902
-0.00773877
-0.00704567
-0.00609356
-0.00493711
-0.00361199
-0.00220732
-0.000634294
0.000887631
-0.0118971
-0.0113525
-0.0106181
-0.00976427
-0.00880392
-0.00776736
-0.00665121
-0.0054949
-0.00418028
-0.00282012
-0.0151296
-0.0158917
-0.0159874
-0.0158157
-0.015538
-0.0152176
-0.0148445
-0.0144394
-0.0139484
-0.0134957
0.859809
0.953455
0.955091
0.848688
0.661532
0.436161
0.215927
0.0295274
-0.146151
-0.384971
-0.534524
-0.557526
-0.472966
-0.526517
-0.489319
1.03011
1.03602
1.00096
0.926366
0.788918
0.589599
0.363428
0.146641
-0.0652041
-0.343001
-0.516822
-0.545655
-0.469851
-0.525294
-0.489802
1.15489
1.12845
1.08717
1.02961
0.926333
0.757953
0.54273
0.310744
0.0723198
-0.248037
-0.463065
-0.519524
-0.465234
-0.523266
-0.490447
1.21593
1.1822
1.13726
1.08276
0.997833
0.856795
0.660156
0.427257
0.179939
-0.151982
-0.389914
-0.4878
-0.461466
-0.520864
-0.491502
1.25485
1.21744
1.17074
1.1153
1.03843
0.91738
0.740996
0.516719
0.263601
-0.065346
-0.317543
-0.454767
-0.458838
-0.518596
-0.492381
1.26954
1.23159
1.18485
1.12809
1.05499
0.948316
0.791887
0.583104
0.325835
0.011919
-0.251296
-0.420681
-0.45661
-0.516519
-0.492234
1.2641
1.22772
1.18158
1.12451
1.05302
0.956223
0.817909
0.62831
0.371227
0.0783599
-0.19251
-0.386649
-0.453557
-0.514294
-0.490791
1.2417
1.20761
1.16312
1.10672
1.03677
0.946884
0.82419
0.654832
0.404253
0.134442
-0.142207
-0.35406
-0.448485
-0.511248
-0.487673
1.20518
1.17367
1.1315
1.07719
1.00905
0.92423
0.814342
0.66422
0.425722
0.178803
-0.0989782
-0.323467
-0.440857
-0.507055
-0.483209
1.15681
1.12809
1.08907
1.03757
0.9722
0.8918
0.792289
0.659307
0.437984
0.211018
-0.0608076
-0.293658
-0.430114
-0.501363
-0.477338
1.09926
1.07343
1.03767
0.989962
0.928134
0.852006
0.760648
0.641995
0.441048
0.229705
-0.0271926
-0.264277
-0.416667
-0.494103
-0.470458
1.03471
1.01169
0.979657
0.935968
0.878514
0.806936
0.722399
0.615575
0.437003
0.236754
0.00132179
-0.235025
-0.400596
-0.484747
-0.462458
0.965472
0.945267
0.916696
0.877536
0.82493
0.758237
0.679424
0.582229
0.425824
0.234199
0.0242191
-0.206788
-0.38272
-0.473824
-0.453825
0.893493
0.875901
0.85104
0.816217
0.768662
0.707011
0.633788
0.545113
0.409143
0.22829
0.0420578
-0.179795
-0.363178
-0.461023
-0.444403
0.821117
0.805959
0.784101
0.753472
0.710823
0.654762
0.586765
0.505555
0.387297
0.221151
0.0554061
-0.154778
-0.342403
-0.446772
-0.434559
0.749325
0.736179
0.71735
0.690476
0.652832
0.602044
0.539764
0.465638
0.362768
0.21505
0.0659074
-0.130884
-0.319897
-0.430625
-0.423972
0.679371
0.668197
0.651857
0.628589
0.595419
0.550444
0.493612
0.425916
0.336048
0.207653
0.0737405
-0.108939
-0.296308
-0.413221
-0.412995
0.612013
0.602553
0.588669
0.568599
0.540019
0.500091
0.449043
0.387675
0.309243
0.199624
0.0800697
-0.0886432
-0.272001
-0.394417
-0.401318
0.547795
0.539962
0.528335
0.511429
0.48674
0.452217
0.406572
0.351075
0.282244
0.189349
0.0837929
-0.0709931
-0.247885
-0.374961
-0.389357
0.48765
0.481258
0.471685
0.457506
0.436789
0.40663
0.366362
0.316703
0.256504
0.178332
0.0856287
-0.055137
-0.22409
-0.354657
-0.376769
0.432917
0.427541
0.419461
0.407599
0.389767
0.364082
0.328783
0.284556
0.231599
0.165535
0.0849267
-0.0419564
-0.201266
-0.334208
-0.363999
0.382104
0.377714
0.371095
0.361176
0.34643
0.324288
0.293653
0.254688
0.20844
0.152577
0.0827539
-0.0305097
-0.179451
-0.313422
-0.350738
0.336166
0.33251
0.326944
0.31873
0.306116
0.28756
0.26122
0.227156
0.186505
0.138718
0.0785853
-0.0216615
-0.159157
-0.292989
-0.337338
0.293415
0.290556
0.28618
0.279516
0.269436
0.253748
0.231244
0.201569
0.166287
0.125404
0.0736876
-0.0142605
-0.140351
-0.272676
-0.323229
0.255978
0.253625
0.249997
0.244612
0.236024
0.222944
0.20379
0.178368
0.147403
0.111971
0.0674862
-0.00919165
-0.123376
-0.253051
-0.309031
0.222144
0.220369
0.217539
0.213142
0.206204
0.195193
0.179024
0.156959
0.130268
0.0996182
0.0613234
-0.00513776
-0.108099
-0.233884
-0.294338
0.194256
0.192527
0.189881
0.185939
0.179816
0.17046
0.156616
0.138006
0.114595
0.0877174
0.0545048
-0.00301094
-0.0947222
-0.215694
-0.279747
0.16681
0.165684
0.163817
0.160866
0.156007
0.148241
0.136774
0.120645
0.100557
0.0771469
0.0483111
-0.00132437
-0.0830137
-0.198266
-0.264893
0.143915
0.142864
0.14123
0.138773
0.134807
0.128486
0.118814
0.105452
0.0879702
0.0673157
0.041938
-0.00108501
-0.073046
-0.182004
-0.250323
0.122154
0.121588
0.120571
0.118917
0.115971
0.110945
0.103187
0.0917103
0.0768167
0.0588063
0.0365244
-0.000747551
-0.0644921
-0.166678
-0.235702
0.105823
0.105139
0.104117
0.102595
0.100068
0.0959348
0.0893364
0.0799282
0.0670541
0.0511324
0.0312177
-0.0014178
-0.0573649
-0.152576
-0.221519
0.0897097
0.0894659
0.0889618
0.0880468
0.0862171
0.0828958
0.0776165
0.0694773
0.0585085
0.0446252
0.026964
-0.00158341
-0.0513167
-0.139485
-0.207498
0.0789078
0.0784579
0.0777701
0.0767076
0.0749145
0.0720093
0.0673401
0.0606536
0.0512076
0.0389286
0.0229546
-0.00242057
-0.0463389
-0.127572
-0.194034
0.0671481
0.0669982
0.066636
0.0659709
0.0646826
0.0623559
0.0587016
0.0529301
0.0448929
0.0341804
0.0199438
-0.00259199
-0.0420714
-0.116631
-0.180884
0.0584484
0.0582499
0.0578979
0.0573381
0.0562565
0.0543811
0.0512009
0.0465357
0.0396519
0.0301881
0.017195
-0.00320588
-0.0385451
-0.106729
-0.168355
0.0503207
0.0502896
0.0501459
0.0498558
0.0491201
0.0476254
0.0451871
0.041131
0.0352368
0.026934
0.0152726
-0.00317031
-0.035416
-0.0976947
-0.156266
0.0454361
0.0452731
0.0449994
0.0446007
0.0438106
0.0424652
0.040178
0.0368225
0.0317245
0.0243261
0.0135799
-0.0034372
-0.0327742
-0.089518
-0.144818
0.0402452
0.040204
0.0400604
0.0398137
0.0392268
0.0380856
0.0363001
0.0333159
0.0288516
0.0222567
0.0124879
-0.00316426
-0.0303147
-0.0820619
-0.133875
0.0371516
0.0370235
0.0367898
0.0364888
0.035878
0.0348629
0.0331454
0.0306108
0.026665
0.0206821
0.0115518
-0.00310461
-0.0281751
-0.0752695
-0.123548
0.0336881
0.0336799
0.0335904
0.0334612
0.0330538
0.0322065
0.0308424
0.0285071
0.0249259
0.0194467
0.0110258
-0.00266448
-0.0260704
-0.0690503
-0.113762
0.0326937
0.032553
0.0323209
0.0320362
0.0314706
0.0305589
0.0290711
0.0269305
0.02363
0.0185512
0.0105853
-0.00237681
-0.0241827
-0.0633244
-0.104545
0.0307161
0.0306567
0.0305098
0.0302981
0.0298237
0.028967
0.0277026
0.0256653
0.0225922
0.0178564
0.0104036
-0.00182041
-0.0222643
-0.0580427
-0.0958665
0.0298973
0.0297479
0.0295069
0.0292226
0.0286859
0.0278627
0.0265608
0.0247018
0.0218502
0.0173929
0.0102726
-0.00137394
-0.0205063
-0.0531185
-0.0876908
0.028381
0.0282987
0.0281499
0.027977
0.0275801
0.0268647
0.0257801
0.0240144
0.021304
0.0170599
0.0103115
-0.00073797
-0.018702
-0.0485435
-0.080036
0.028739
0.0285315
0.0282468
0.0279238
0.0273752
0.026567
0.0253331
0.0235984
0.0209687
0.0168851
0.0103706
-0.000186242
-0.0170289
-0.0442339
-0.072818
0.0280269
0.0278847
0.0276782
0.0274256
0.0269539
0.0261745
0.0250499
0.0233142
0.0207269
0.0167222
0.0105107
0.000490834
-0.0153192
-0.0402096
-0.0660897
0.0285045
0.0282642
0.0279486
0.0275791
0.0269839
0.0261296
0.0248685
0.0231217
0.0205297
0.0166613
0.0106345
0.0010914
-0.0137225
-0.0363899
-0.0597363
0.0279886
0.0277989
0.0275421
0.0272255
0.0266933
0.0258674
0.0246931
0.022947
0.0204075
0.0165839
0.0108337
0.00178425
-0.0121023
-0.0328122
-0.0538329
0.0283
0.0280522
0.0277243
0.0273292
0.0267187
0.0258499
0.0246114
0.0228626
0.0203225
0.0166353
0.0110482
0.0024307
-0.0105787
-0.0294053
-0.0482547
0.027727
0.0275386
0.0272895
0.0269804
0.0264618
0.0256778
0.0245096
0.0227946
0.0203211
0.0166884
0.0113408
0.00315838
-0.00903944
-0.0262151
-0.0430897
0.0279911
0.0277422
0.0274231
0.0270357
0.02645
0.0256252
0.0244494
0.0227586
0.0203235
0.0168343
0.0116551
0.0038584
-0.00758295
-0.0231788
-0.0382156
0.0274262
0.0272264
0.0269742
0.0266581
0.0261545
0.0254064
0.0243068
0.022692
0.0203633
0.0169708
0.0120309
0.00462949
-0.00610882
-0.0203349
-0.0337157
0.0274793
0.0272399
0.0269363
0.0265709
0.0260289
0.025272
0.0241951
0.0226425
0.0203989
0.0171789
0.0124309
0.00538947
-0.00470494
-0.0176336
-0.0294754
0.0268478
0.0266586
0.0264246
0.0261385
0.0256897
0.0250276
0.0240468
0.0225961
0.020487
0.0173994
0.0128996
0.0062262
-0.00326221
-0.0150942
-0.025576
0.0268328
0.0266216
0.0263649
0.0260534
0.0255918
0.0249374
0.0239923
0.0226144
0.0206042
0.0176969
0.0134042
0.00706391
-0.00188323
-0.0126876
-0.0218975
0.0262428
0.0260939
0.0259171
0.0256945
0.0253323
0.0247761
0.023929
0.022651
0.020772
0.0180028
0.0139418
0.00793642
-0.000500723
-0.0104468
-0.0185312
0.0260685
0.0259457
0.0257986
0.0256063
0.0252742
0.0247542
0.0239502
0.0227403
0.0209499
0.018337
0.0144617
0.00873252
0.000718981
-0.00843066
-0.0154359
0.0257389
0.0256858
0.0256107
0.0254736
0.0251867
0.0246984
0.0239324
0.0227705
0.0210551
0.0185371
0.0148179
0.00934648
0.00175631
-0.00663796
-0.0127179
0.0255805
0.0255539
0.0254792
0.0253296
0.0250198
0.0245217
0.0237619
0.0226039
0.020909
0.0184319
0.014792
0.00950083
0.00237801
-0.00499733
-0.0101074
0.0253862
0.0253188
0.0251901
0.0249923
0.0246426
0.0241322
0.0233279
0.0221175
0.02033
0.0177113
0.0139252
0.00868701
0.00230135
-0.00317137
-0.00626618
)
;

boundaryField
{
    airfoil
    {
        type            zeroGradient;
    }
    farBoundaries
    {
        type            freestreamPressure;
        freestreamValue uniform 0;
        supersonic      false;
        value           nonuniform List<scalar> 
52
(
-0.00690549
-0.00725334
-0.007297
-0.00721865
-0.00709187
-0.00694565
-0.00677535
-0.00659046
-0.00636634
-0.00615975
-0.00569639
-0.00551169
-0.00526286
-0.00498859
-0.00463872
-0.00425516
-0.00380985
-0.0033589
-0.00291431
-0.00251401
-0.00218385
-0.00192492
-0.00171939
-0.0015379
-0.00133271
-0.000955407
0.0107965
0.0104113
0.00971577
0.00889991
0.00789591
0.00686387
0.00574049
0.00465881
0.00363585
0.00272227
0.00197218
0.00137013
0.000931255
0.000594243
0.0003217
9.47023e-05
0.018187
0.0185365
0.0179919
0.0170966
0.0160747
0.0150461
0.0140473
0.0131292
0.0122592
0.0116138
)
;
    }
    inlet
    {
        type            freestreamPressure;
        freestreamValue uniform 0;
        supersonic      false;
        value           nonuniform List<scalar> 
30
(
0.0253354
0.025262
0.0251245
0.0249135
0.024544
0.0240032
0.0231522
0.0218701
0.0199754
0.0172087
0.0132596
0.00796955
0.00196829
-0.00236784
-0.00355318
0.0254115
0.0255288
0.0257453
0.0260435
0.02648
0.0270534
0.0278207
0.0288177
0.030076
0.0314254
0.0325382
0.032437
0.0291427
0.0203334
0.0117251
)
;
    }
    outlet
    {
        type            freestreamPressure;
        freestreamValue uniform 0;
        supersonic      false;
        value           nonuniform List<scalar> 
120
(
8.90688e-06
8.8934e-06
8.8749e-06
8.86366e-06
8.84669e-06
8.83807e-06
8.82288e-06
8.81679e-06
8.80307e-06
8.79988e-06
8.78821e-06
8.78826e-06
8.77873e-06
8.78282e-06
8.77647e-06
8.78535e-06
8.78282e-06
8.79797e-06
8.80114e-06
8.82438e-06
8.83527e-06
8.86961e-06
8.89191e-06
8.94116e-06
8.97893e-06
9.04762e-06
9.10518e-06
9.1962e-06
9.27473e-06
9.38651e-06
9.48071e-06
9.60286e-06
9.6972e-06
9.80752e-06
9.87397e-06
9.93891e-06
9.94077e-06
9.91944e-06
9.81637e-06
9.67213e-06
9.43539e-06
9.14631e-06
8.76475e-06
8.33115e-06
7.81738e-06
7.26163e-06
6.64783e-06
6.01052e-06
5.33993e-06
4.66499e-06
3.97644e-06
3.29975e-06
2.62446e-06
1.97058e-06
1.32811e-06
7.09802e-07
9.71502e-08
-5.20738e-07
-1.05157e-06
-2.6961e-06
3.21281e-07
-1.12778e-07
-5.13652e-07
-8.53472e-07
-1.07048e-06
-1.25692e-06
-1.3429e-06
-1.3974e-06
-1.35327e-06
-1.27194e-06
-1.09634e-06
-8.84683e-07
-5.89193e-07
-2.64037e-07
1.2877e-07
5.38556e-07
9.96227e-07
1.45687e-06
1.94521e-06
2.42217e-06
2.90902e-06
3.37399e-06
3.83531e-06
4.26734e-06
4.68638e-06
5.07313e-06
5.44178e-06
5.77779e-06
6.09375e-06
6.37951e-06
6.64563e-06
6.8849e-06
7.10617e-06
7.30488e-06
7.48783e-06
7.65211e-06
7.80281e-06
7.93864e-06
8.06281e-06
8.17502e-06
8.27704e-06
8.36974e-06
8.45334e-06
8.52943e-06
8.59709e-06
8.65888e-06
8.71266e-06
8.76165e-06
8.80278e-06
8.84032e-06
8.87006e-06
8.89698e-06
8.91596e-06
8.93311e-06
8.94212e-06
8.94995e-06
8.94925e-06
8.94835e-06
8.93887e-06
8.92737e-06
)
;
    }
    defaultFaces
    {
        type            empty;
    }
}


// ************************************************************************* //
