/*--------------------------------*- C++ -*----------------------------------*\
  =========                 |
  \\      /  F ield         | OpenFOAM: The Open Source CFD Toolbox
   \\    /   O peration     | Website:  https://openfoam.org
    \\  /    A nd           | Version:  6.0
     \\/     M anipulation  |
\*---------------------------------------------------------------------------*/
FoamFile
{
    version     2.0;
    format      ascii;
    class       volScalarField;
    location    "7";
    object      p;
}
// * * * * * * * * * * * * * * * * * * * * * * * * * * * * * * * * * * * * * //

dimensions      [0 2 -2 0 0 0 0];

internalField   nonuniform List<scalar> 
4920
(
0.0185441
0.0186518
0.0187949
0.0190055
0.0192901
0.0196934
0.0202333
0.02096
0.0219073
0.0231157
0.0245132
0.0256561
0.025419
0.0216711
0.0157744
0.0186098
0.0187121
0.0188436
0.0190393
0.0193126
0.0197111
0.0202662
0.0210139
0.0220104
0.0233457
0.0250504
0.0268599
0.0279742
0.0262978
0.0198335
0.0186762
0.0187826
0.0189279
0.0191372
0.019426
0.0198418
0.0204218
0.0211906
0.0221855
0.0234613
0.0250009
0.0264551
0.027123
0.0252546
0.0164503
0.0187328
0.0188542
0.0190271
0.0192779
0.0196135
0.020082
0.0207164
0.0215275
0.0225351
0.0237498
0.025073
0.0260327
0.0259499
0.0233718
0.0132488
0.0188915
0.0190271
0.0192309
0.0195278
0.0199239
0.020463
0.0211732
0.0220584
0.0231261
0.024364
0.0256258
0.0263204
0.0257517
0.0225696
0.0118947
0.0192281
0.0194031
0.0196484
0.0199977
0.0204528
0.0210637
0.0218574
0.0228342
0.0240065
0.0253559
0.0267044
0.0273908
0.0266531
0.0230566
0.0120482
0.0198433
0.0200455
0.0203275
0.0207246
0.0212428
0.0219302
0.0228131
0.0238977
0.0252063
0.0267276
0.0282847
0.0291143
0.0283613
0.0243735
0.0127253
0.0207598
0.0210101
0.0213321
0.0217731
0.0223394
0.0230927
0.0240636
0.0252637
0.0267342
0.0284777
0.0303041
0.0313773
0.0307198
0.0263218
0.0137829
0.0218752
0.022168
0.0225441
0.0230465
0.0236879
0.024528
0.025602
0.0269367
0.0285922
0.0305895
0.0327467
0.0341003
0.0335148
0.0285778
0.014696
0.0232739
0.0236215
0.0240461
0.0246005
0.0253026
0.0262254
0.0274161
0.0289041
0.0307761
0.033071
0.0355725
0.0372385
0.0367342
0.0311353
0.0156782
0.0247265
0.0251296
0.0256266
0.0262759
0.0270903
0.0281468
0.0294917
0.031172
0.0332953
0.0359076
0.0388117
0.0407905
0.0402758
0.0338131
0.0163417
0.026657
0.0271101
0.0276519
0.0283499
0.0292279
0.0303813
0.0318741
0.0337551
0.0361523
0.0391342
0.0424426
0.0447429
0.0441972
0.0366942
0.0169878
0.028526
0.0290478
0.0296805
0.0304974
0.031517
0.0328393
0.034528
0.0366514
0.0393658
0.0427372
0.0465258
0.0491518
0.0484532
0.0396615
0.0172516
0.0308721
0.031451
0.0321406
0.0330239
0.0341346
0.0355912
0.0374764
0.0398622
0.0429208
0.0467879
0.0510585
0.0539997
0.0531106
0.0428435
0.0174347
0.0330972
0.0337509
0.0345432
0.0355724
0.0368598
0.0385323
0.040672
0.0433576
0.0468804
0.0512771
0.0561288
0.0593851
0.0581536
0.0460656
0.0171966
0.0359042
0.0366201
0.0374691
0.038561
0.0399438
0.0417709
0.0441309
0.0472099
0.0512124
0.056253
0.0616984
0.0652592
0.0635997
0.0494221
0.0168191
0.0384119
0.0392271
0.040206
0.0414744
0.0430734
0.0451477
0.0478635
0.0513269
0.0559208
0.0616687
0.067821
0.0717249
0.069442
0.0527275
0.0159722
0.041641
0.0425175
0.043548
0.0448753
0.0465666
0.0488228
0.0517784
0.0557165
0.0609369
0.0674748
0.0744149
0.0786964
0.0756488
0.0559969
0.0148673
0.0442748
0.0452677
0.0464537
0.0479753
0.0499058
0.0524362
0.0558158
0.0602461
0.0662013
0.0736772
0.081581
0.0863026
0.082226
0.0590076
0.013205
0.0470665
0.0481536
0.0494483
0.0511118
0.0532472
0.0560911
0.0598528
0.064938
0.0717358
0.0802737
0.0892373
0.094432
0.0890171
0.0616929
0.011147
0.0492174
0.050437
0.0519148
0.053845
0.0563251
0.0595894
0.0639628
0.0697345
0.0775294
0.0873126
0.0975387
0.103215
0.0960668
0.0638326
0.00845898
0.0520921
0.0533707
0.0549073
0.0569334
0.0595986
0.0632166
0.0680717
0.0747042
0.0836027
0.0947686
0.106354
0.112504
0.103103
0.065211
0.00527696
0.053933
0.0553636
0.0571099
0.0594253
0.0624711
0.0665758
0.0721823
0.0797036
0.0898983
0.102691
0.115845
0.122402
0.110174
0.0656704
0.00138151
0.0558889
0.0574138
0.05928
0.0617777
0.0651358
0.0697615
0.0760741
0.0847504
0.0963897
0.110978
0.125813
0.132679
0.116807
0.0649283
-0.00311528
0.0566837
0.0583845
0.0604999
0.0633686
0.0672238
0.0725136
0.0798165
0.0896535
0.103019
0.11969
0.136396
0.143379
0.123105
0.0628621
-0.00835384
0.0578909
0.0596734
0.0618902
0.0649328
0.0691279
0.0750308
0.0831957
0.0945195
0.109723
0.128676
0.147348
0.154215
0.128402
0.0591667
-0.0142121
0.0575164
0.0595198
0.0620419
0.0655035
0.0702539
0.0769149
0.0862788
0.0990712
0.116489
0.138026
0.158783
0.165118
0.132822
0.0537697
-0.0207447
0.0572772
0.0593508
0.0619738
0.0656229
0.0708037
0.0782478
0.0887703
0.103473
0.123224
0.147531
0.170436
0.175695
0.135476
0.0464203
-0.0278065
0.054451
0.0568161
0.0598736
0.0641829
0.0701962
0.0787394
0.090837
0.107455
0.129971
0.157345
0.182344
0.185743
0.136576
0.037088
-0.0353652
0.0529825
0.0553349
0.0584
0.0628372
0.0693214
0.0787998
0.092349
0.111284
0.136631
0.167245
0.194251
0.194761
0.135071
0.025621
-0.0432448
0.0487644
0.051445
0.0549734
0.0601048
0.0674577
0.0781444
0.0934602
0.114667
0.143332
0.17745
0.206067
0.202386
0.131278
0.0120801
-0.0513453
0.045419
0.0481233
0.0517143
0.0570671
0.0650345
0.0768372
0.0938971
0.117819
0.149953
0.187697
0.217426
0.207996
0.124092
-0.00351637
-0.0594487
0.0393152
0.0423491
0.0464097
0.0524584
0.0613382
0.0745475
0.0936185
0.120496
0.156689
0.198215
0.22811
0.211091
0.113999
-0.0210263
-0.0674465
0.0329171
0.0360487
0.0403078
0.0467405
0.0565173
0.071061
0.0926161
0.12295
0.16343
0.208628
0.237536
0.210978
0.099968
-0.0402433
-0.0750862
0.0238594
0.0273472
0.0321032
0.0393632
0.0501145
0.0667146
0.0908376
0.124921
0.170328
0.219062
0.24527
0.207137
0.0827339
-0.0609106
-0.0822676
0.0150991
0.0185358
0.0234075
0.0309847
0.0429799
0.0611482
0.0882702
0.126602
0.176914
0.228759
0.250385
0.198992
0.0615195
-0.0826016
-0.0887154
0.00370346
0.00743109
0.0127517
0.0211448
0.0340398
0.0544657
0.0845729
0.127091
0.183219
0.237675
0.252387
0.186158
0.0372975
-0.105011
-0.0943978
-0.00963393
-0.00578273
-0.0001379
0.00885859
0.0233188
0.0457446
0.0792553
0.126832
0.188697
0.244698
0.250134
0.168364
0.00959679
-0.127533
-0.099026
-0.0265876
-0.0224281
-0.0161915
-0.00610684
0.00977911
0.0350604
0.0722531
0.12493
0.19331
0.249484
0.243196
0.145533
-0.0203879
-0.149821
-0.102626
-0.04628
-0.0419829
-0.0353025
-0.024249
-0.00631705
0.0216887
0.0633152
0.121908
0.196233
0.250433
0.230437
0.117853
-0.0527882
-0.171117
-0.104933
-0.0697064
-0.0652772
-0.0580873
-0.0458543
-0.0260312
0.00564873
0.052117
0.116746
0.19683
0.246812
0.2116
0.0855066
-0.0863768
-0.191138
-0.106025
-0.0969149
-0.0925896
-0.0851168
-0.0717926
-0.0494502
-0.0141469
0.0381687
0.10936
0.193794
0.236632
0.185649
0.0490288
-0.121094
-0.209092
-0.105701
-0.129459
-0.125311
-0.117465
-0.102774
-0.0777109
-0.0375929
0.0210272
0.0985048
0.185747
0.218722
0.152418
0.00873109
-0.15577
-0.224816
-0.104121
-0.16782
-0.163973
-0.15584
-0.139618
-0.110981
-0.065394
0.00086279
0.0839921
0.171084
0.190729
0.110711
-0.034825
-0.190297
-0.237573
-0.100924
-0.21212
-0.20892
-0.200742
-0.182917
-0.150012
-0.0965849
-0.022176
0.0648712
0.148154
0.150709
0.059835
-0.0816424
-0.223736
-0.247292
-0.0964148
-0.262851
-0.260754
-0.252942
-0.233422
-0.195033
-0.132546
-0.0487792
0.0408259
0.115111
0.0948529
-0.00297111
-0.13215
-0.256075
-0.252987
-0.0905444
-0.320044
-0.319802
-0.312859
-0.291806
-0.246987
-0.172999
-0.0804687
0.00845718
0.0647498
0.0203366
-0.078957
-0.187386
-0.286363
-0.254534
-0.0837465
-0.383825
-0.386338
-0.381327
-0.358483
-0.306162
-0.219618
-0.126205
-0.0407373
-0.014981
-0.0736744
-0.167127
-0.246443
-0.312813
-0.251182
-0.0759711
-0.453289
-0.46004
-0.457954
-0.43386
-0.374479
-0.274331
-0.198235
-0.126086
-0.129294
-0.182459
-0.262747
-0.304313
-0.332747
-0.24374
-0.0676922
-0.526687
-0.538838
-0.539384
-0.51223
-0.450185
-0.357687
-0.310117
-0.270442
-0.261976
-0.29273
-0.358946
-0.351948
-0.34345
-0.232654
-0.0590236
-0.602156
-0.622149
-0.624771
-0.583887
-0.534213
-0.473922
-0.47911
-0.453037
-0.384675
-0.389704
-0.448286
-0.384337
-0.344232
-0.219403
-0.05042
-0.674864
-0.705116
-0.712205
-0.688954
-0.701808
-0.672959
-0.720338
-0.593068
-0.471902
-0.464727
-0.524211
-0.400382
-0.336052
-0.204543
-0.0418689
-0.734712
-0.770578
-0.79497
-0.863151
-1.01644
-0.981562
-1.00503
-0.637965
-0.524915
-0.507855
-0.575442
-0.400823
-0.31995
-0.18913
-0.033591
-0.769725
-0.811461
-0.880034
-1.13271
-1.34077
-1.22623
-1.23588
-0.5969
-0.543495
-0.512859
-0.585194
-0.386062
-0.296807
-0.173418
-0.0254772
-0.750448
-0.810794
-0.95208
-1.33191
-1.38529
-1.20952
-1.27451
-0.537542
-0.502753
-0.494816
-0.535719
-0.354268
-0.269091
-0.158319
-0.0175868
-0.644754
-0.703562
-0.827797
-1.06977
-0.997717
-0.866086
-0.882053
-0.395422
-0.347832
-0.436456
-0.419816
-0.30673
-0.242281
-0.144448
-0.00970013
-0.396303
-0.357981
-0.289256
-0.164935
-0.117382
-0.0848771
0.159076
0.115311
-0.0442338
-0.331711
-0.271566
-0.260372
-0.220214
-0.132469
-0.00182113
0.134789
0.418584
0.855172
1.43364
1.56088
1.53784
1.92906
1.0729
0.397051
-0.206967
-0.143728
-0.227541
-0.202791
-0.121871
0.00560157
1.01458
1.6027
2.41868
3.3126
3.55518
3.3982
3.37585
1.65599
0.665966
-0.129522
-0.0837512
-0.215572
-0.193349
-0.114758
0.0108808
1.91625
2.6432
3.49086
4.44499
4.85632
4.34759
3.83546
1.72424
0.683074
-0.0974164
-0.0644577
-0.211552
-0.189491
-0.110474
0.0137399
0.041162
0.0426357
0.0414438
0.0395926
0.037866
0.0363544
0.0349545
0.0336411
0.0323649
0.0313006
0.0267472
0.0241151
0.0202347
0.0168741
0.0144163
0.0126908
0.011391
0.0102878
0.00901732
0.00747543
0.0156337
0.0147053
0.0138729
0.0134457
0.0133447
0.0133979
0.0134211
0.0133143
0.0129841
0.0124996
0.0127721
0.0133353
0.0142501
0.0152452
0.01609
0.0166813
0.016988
0.0170065
0.0167668
0.0163284
0.0141627
0.0155134
0.0170622
0.0184759
0.0195465
0.0202184
0.020521
0.0204854
0.0202163
0.0198174
0.0168724
0.018727
0.0205655
0.0221607
0.0233371
0.0240532
0.0243731
0.0243335
0.0241015
0.0238337
0.0195891
0.0218816
0.0240008
0.025805
0.0271429
0.0279768
0.0283756
0.0283613
0.0281404
0.0279417
0.0220031
0.0247263
0.0271972
0.0293289
0.0309428
0.0319857
0.0325219
0.0325553
0.0323315
0.0321809
0.0240917
0.0272779
0.0302622
0.032863
0.0348996
0.0362519
0.0369849
0.0370872
0.0367908
0.0365153
0.02579
0.0295284
0.0331021
0.0363553
0.0389533
0.04075
0.0417849
0.041995
0.0416145
0.0413063
0.0269557
0.03126
0.0355811
0.0396327
0.0429824
0.0453965
0.0468753
0.0473043
0.0469849
0.0465771
0.0277209
0.0326205
0.0377997
0.0428299
0.0471212
0.0503488
0.0524421
0.0532256
0.0529311
0.0526457
0.0280852
0.0336585
0.0398419
0.0460143
0.0514362
0.0556599
0.0585093
0.059734
0.0596339
0.0593047
0.0281759
0.0344913
0.0418024
0.0492842
0.0560266
0.0614192
0.065179
0.06696
0.0669852
0.066828
0.0279061
0.0350607
0.043592
0.052529
0.060774
0.067513
0.0723353
0.074772
0.0750739
0.0749108
0.0274301
0.0354767
0.0453499
0.0559116
0.0658595
0.0741351
0.0801715
0.0833675
0.0838964
0.0839439
0.026617
0.0355984
0.0469238
0.0592577
0.071103
0.0810929
0.0884763
0.0925081
0.0933564
0.0934631
0.0256044
0.0356101
0.048548
0.0628714
0.0768209
0.088687
0.0975086
0.102412
0.103491
0.103821
0.0242055
0.0353453
0.0500191
0.0665221
0.0827472
0.0965972
0.106913
0.112677
0.113976
0.11435
0.0226833
0.0350905
0.0517687
0.070682
0.0893403
0.105233
0.117014
0.123575
0.124918
0.125369
0.020808
0.0346374
0.0535339
0.075026
0.0962176
0.114156
0.127354
0.134621
0.135944
0.136346
0.0187948
0.0343401
0.0557926
0.0800925
0.103898
0.12384
0.138334
0.146155
0.147267
0.147654
0.0164022
0.0339062
0.0581644
0.0854186
0.11186
0.133726
0.149399
0.157647
0.158469
0.158754
0.013897
0.0337973
0.0612607
0.0916811
0.120752
0.144405
0.161049
0.169516
0.169846
0.170015
0.011055
0.0336171
0.0645867
0.0982741
0.129915
0.155202
0.172655
0.181222
0.181013
0.181037
0.00816291
0.0339038
0.0687708
0.105903
0.14002
0.166727
0.184754
0.193208
0.19232
0.192211
0.00504263
0.0341741
0.0732355
0.113836
0.150271
0.17819
0.196626
0.204903
0.203362
0.203168
0.0020982
0.035082
0.0787178
0.122851
0.161407
0.190237
0.208819
0.21673
0.214439
0.21417
-0.000877761
0.036096
0.0845757
0.132162
0.172561
0.202037
0.220593
0.228119
0.225154
0.224871
-0.00343264
0.037927
0.0915642
0.142547
0.184491
0.214248
0.2325
0.239474
0.235791
0.235484
-0.00582364
0.0399843
0.0989849
0.153167
0.196274
0.22602
0.243795
0.250241
0.245976
0.245739
-0.00755985
0.0430233
0.107599
0.164783
0.208677
0.237997
0.255017
0.260791
0.255942
0.255744
-0.00897412
0.0464114
0.116653
0.176555
0.220788
0.249392
0.265489
0.270644
0.26538
0.265308
-0.00957755
0.0509074
0.126917
0.189165
0.233346
0.260824
0.275735
0.280146
0.274507
0.274498
-0.00977578
0.0558488
0.13762
0.201762
0.245453
0.271563
0.28514
0.288889
0.283085
0.283223
-0.0091079
0.0619659
0.149425
0.214936
0.25779
0.282159
0.294178
0.297164
0.29128
0.29147
-0.00802931
0.0686029
0.161605
0.227894
0.269526
0.291977
0.302325
0.30464
0.29891
0.299223
-0.00610972
0.0764526
0.174747
0.241238
0.281271
0.301498
0.31001
0.311575
0.30611
0.30643
-0.00383198
0.0848442
0.188095
0.254255
0.292299
0.310203
0.316816
0.317726
0.312749
0.313142
-0.000829259
0.0943515
0.202105
0.267373
0.303149
0.318473
0.323094
0.323282
0.318902
0.319237
0.00248677
0.104258
0.21599
0.279979
0.313142
0.325832
0.328469
0.328035
0.324441
0.324784
0.00677146
0.115066
0.23007
0.292344
0.322693
0.332552
0.333212
0.332122
0.329412
0.329656
0.0118351
0.126112
0.243588
0.303885
0.331252
0.338298
0.337071
0.335432
0.333754
0.333984
0.0180902
0.137774
0.256747
0.314823
0.339174
0.343364
0.340313
0.338122
0.337495
0.337653
0.0250056
0.149283
0.268927
0.324712
0.346074
0.347547
0.34279
0.340148
0.340603
0.340806
0.0326205
0.160714
0.280319
0.333744
0.352238
0.351033
0.344705
0.341637
0.34309
0.343345
0.0402537
0.171143
0.290416
0.34155
0.357355
0.353662
0.34594
0.342556
0.344953
0.345423
0.0478927
0.180548
0.299418
0.348302
0.36165
0.35557
0.346622
0.342976
0.346208
0.346985
0.0550684
0.188323
0.307047
0.353805
0.364924
0.356683
0.346691
0.342897
0.346893
0.348182
0.0618818
0.194726
0.313569
0.358264
0.367383
0.357123
0.346252
0.342365
0.347036
0.349002
0.0680522
0.199506
0.318846
0.361588
0.368924
0.356872
0.345287
0.341415
0.346705
0.349583
0.0737587
0.203076
0.323129
0.363984
0.369727
0.35606
0.343906
0.340116
0.345957
0.349963
0.0787566
0.205256
0.326276
0.365355
0.369704
0.354667
0.342096
0.338491
0.34486
0.350276
0.0830653
0.206181
0.328318
0.365759
0.368926
0.352763
0.339926
0.336596
0.343483
0.350639
0.0865302
0.205791
0.329131
0.365115
0.367337
0.35036
0.337419
0.334486
0.34194
0.351112
0.0894901
0.204648
0.328926
0.363654
0.365141
0.347656
0.334756
0.332324
0.340418
0.35163
0.0925275
0.203488
0.328074
0.361731
0.362688
0.344969
0.332224
0.330377
0.339169
0.352157
0.0961308
0.203326
0.327245
0.360062
0.360639
0.342878
0.330317
0.329049
0.338519
0.352847
0.0990412
0.203856
0.32668
0.35903
0.359407
0.3417
0.329298
0.328482
0.338506
0.353709
0.100305
0.204095
0.326331
0.358521
0.358849
0.341195
0.328916
0.328356
0.338835
0.354443
0.0310734
0.0304003
0.0289863
0.0272599
0.0252752
0.0231728
0.0208203
0.018312
0.0156799
0.0130419
0.0105523
0.00830308
0.00632148
0.00457757
0.00303399
0.00130726
0.00525565
0.00503098
0.00485098
0.00494486
0.00525799
0.00586016
0.00652146
0.00718051
0.00762458
0.00772337
0.00740712
0.00668536
0.00563721
0.00432261
0.00285812
0.0010286
0.0121347
0.0120272
0.0117781
0.011577
0.0114225
0.0113668
0.0112751
0.0111283
0.0108422
0.0103381
0.0095506
0.00843972
0.00699044
0.00523232
0.00328769
0.00101067
0.0152524
0.0149374
0.0145514
0.0142411
0.0140257
0.013895
0.0137298
0.013484
0.0130827
0.0124419
0.0115169
0.0102377
0.0085559
0.00643647
0.00401671
0.00121711
0.0183072
0.0178649
0.0173625
0.0169189
0.0165993
0.0163593
0.016089
0.015724
0.0151793
0.0144196
0.0133409
0.0118801
0.00996014
0.00750874
0.00466959
0.0014312
0.0220414
0.0214269
0.0207145
0.0200216
0.0194805
0.0190254
0.0185812
0.0180568
0.0173994
0.0164722
0.0152352
0.0135723
0.01138
0.00854297
0.00525057
0.00159175
0.0255175
0.0247039
0.0237956
0.0229047
0.0222013
0.0216093
0.0210475
0.0204258
0.0196311
0.0186126
0.0172053
0.0153113
0.0128044
0.00953868
0.00577234
0.00172865
0.02888
0.0277544
0.0265848
0.0254631
0.0246456
0.0239831
0.0233998
0.022754
0.0219419
0.0208043
0.0192572
0.0171285
0.0142662
0.0105068
0.00623732
0.00182305
0.0319998
0.0305815
0.029193
0.0279277
0.0270426
0.0263664
0.0257893
0.0251522
0.0242969
0.0231129
0.0213797
0.0189756
0.0157059
0.0114062
0.00662363
0.00188914
0.0354906
0.0336821
0.0319862
0.0304919
0.0294947
0.0287878
0.0282255
0.0276127
0.0267771
0.0254673
0.0235748
0.0208712
0.0171321
0.0122302
0.00692585
0.00190337
0.0392056
0.0369604
0.0349324
0.033207
0.0320981
0.0313636
0.0308113
0.0302343
0.0293183
0.0279274
0.0258042
0.0227562
0.0184885
0.0129439
0.00712734
0.00188013
0.0433095
0.040579
0.0381954
0.0362209
0.0349702
0.0341785
0.0336356
0.0329759
0.0320141
0.0304503
0.0281007
0.024662
0.0197772
0.0135418
0.00722746
0.00179973
0.0479574
0.0446246
0.041766
0.0394647
0.0380245
0.0371862
0.0365697
0.0359056
0.0348187
0.0330855
0.0304559
0.0265422
0.0209597
0.0140042
0.00722097
0.00168017
0.0527887
0.0488057
0.0454592
0.0428231
0.041186
0.0402674
0.0396702
0.0389358
0.0377599
0.0358406
0.0328769
0.0283883
0.0220173
0.0143216
0.00710812
0.001506
0.0582223
0.0534521
0.0494673
0.0463891
0.0444981
0.0434986
0.0428599
0.0421181
0.0408277
0.03868
0.0353113
0.0301506
0.0229212
0.0144874
0.00689491
0.00129829
0.0639789
0.0584053
0.0537892
0.0502683
0.0480756
0.0469185
0.0462275
0.0454031
0.0439972
0.0415912
0.0377381
0.0317918
0.0236472
0.0144934
0.00658171
0.00104417
0.0704929
0.0640372
0.0586509
0.0545413
0.0519245
0.0505296
0.049717
0.0488312
0.0472572
0.0445397
0.0401162
0.0332903
0.02419
0.0143512
0.00618571
0.000766936
0.0775252
0.070142
0.0639144
0.0591409
0.0560264
0.0543527
0.053429
0.0523809
0.0506223
0.0475234
0.0424079
0.0345994
0.0245274
0.0140551
0.00570715
0.000456489
0.0846399
0.0762672
0.0691991
0.0638347
0.0603411
0.0584881
0.0573306
0.0561286
0.0540729
0.0505113
0.0445999
0.0357274
0.0246782
0.0136335
0.00517274
0.000137173
0.091735
0.0825112
0.0747626
0.0689202
0.0651044
0.0628608
0.0614874
0.0599712
0.0575832
0.0534703
0.0466228
0.0366199
0.0246205
0.0130793
0.00457973
-0.000200335
0.0993323
0.0892177
0.0806617
0.0742665
0.0699384
0.0674025
0.065689
0.0638826
0.0611221
0.0563576
0.0484737
0.0373018
0.0243877
0.0124301
0.00395891
-0.000532871
0.107074
0.0960412
0.0866445
0.079612
0.0748562
0.0719445
0.0699595
0.0678484
0.0646343
0.0590863
0.0500623
0.0377132
0.0239557
0.0116759
0.0033038
-0.000869652
0.114634
0.102704
0.0924939
0.0848888
0.0797332
0.0765585
0.0742955
0.0718445
0.0680979
0.0616562
0.0514166
0.0379051
0.0233747
0.010862
0.00264739
-0.00118987
0.122181
0.109397
0.0984172
0.090242
0.0847059
0.0812277
0.0786774
0.0758255
0.0714444
0.0639657
0.0524592
0.0378272
0.0226229
0.00997605
0.00197958
-0.00150314
0.129763
0.116146
0.104386
0.095643
0.0897186
0.0858947
0.0830398
0.0797648
0.0746611
0.0660467
0.0532423
0.0375519
0.0217633
0.00906756
0.0013332
-0.00179143
0.137522
0.123088
0.110555
0.101237
0.0947403
0.0905967
0.0873406
0.0835764
0.0776176
0.0677701
0.05369
0.0370298
0.0207725
0.00812179
0.000695383
-0.00206446
0.145421
0.130231
0.117002
0.106885
0.0999164
0.0952389
0.0916159
0.0872838
0.0803534
0.0691998
0.0538686
0.0363441
0.0197191
0.00718802
9.66442e-05
-0.00230779
0.153537
0.137672
0.123593
0.112824
0.105149
0.100023
0.0958544
0.090792
0.0827145
0.0702122
0.0537152
0.035447
0.0185754
0.00624704
-0.000478994
-0.00253151
0.161569
0.145116
0.1304
0.118906
0.110623
0.104862
0.1001
0.0941428
0.0847841
0.0709058
0.0533147
0.0344318
0.0174125
0.00534534
-0.00100445
-0.00272432
0.169711
0.152622
0.137286
0.125153
0.116211
0.109849
0.104207
0.0971338
0.0863659
0.0711568
0.0526144
0.0332544
0.0162012
0.00446135
-0.00149743
-0.00289606
0.177694
0.1601
0.144186
0.131471
0.121898
0.114714
0.108187
0.0998463
0.0875888
0.071091
0.0517101
0.0320117
0.0150118
0.00363721
-0.00193511
-0.00303879
0.185729
0.167518
0.151063
0.137761
0.127527
0.119596
0.111846
0.102053
0.0882579
0.0705965
0.050557
0.0306596
0.0138113
0.00284865
-0.00233642
-0.00316185
0.193441
0.174775
0.157814
0.143951
0.133052
0.124181
0.115273
0.103895
0.0885516
0.0698256
0.0492596
0.0292939
0.0126663
0.00213263
-0.0026823
-0.00325961
0.2011
0.181892
0.164318
0.149933
0.138391
0.128671
0.118183
0.105113
0.088265
0.0686724
0.0477782
0.0278728
0.0115416
0.00146359
-0.00299164
-0.0033403
0.208518
0.188727
0.170698
0.155713
0.143485
0.132637
0.120732
0.105878
0.0876099
0.067301
0.0462183
0.0264858
0.0104976
0.000872262
-0.00324953
-0.00340058
0.215886
0.195537
0.176834
0.161291
0.14835
0.136402
0.122566
0.10593
0.0863831
0.0656095
0.0445393
0.0250894
0.00949606
0.000331992
-0.00347442
-0.00344744
0.222702
0.201964
0.182814
0.166674
0.15287
0.139444
0.123919
0.105472
0.0848283
0.0637701
0.042845
0.0237642
0.00859022
-0.000131806
-0.00365427
-0.00347888
0.229435
0.208155
0.188515
0.17181
0.157071
0.142136
0.124373
0.104264
0.0827497
0.0616887
0.0410948
0.022468
0.00774051
-0.000545447
-0.003806
-0.00350027
0.235583
0.214065
0.194006
0.176608
0.160658
0.143866
0.124258
0.102541
0.0804195
0.0595411
0.039389
0.0212705
0.00699214
-0.000888981
-0.00392052
-0.0035109
0.241717
0.219642
0.199142
0.181025
0.163789
0.145104
0.12315
0.100103
0.0776538
0.0572374
0.0376845
0.0201288
0.00630452
-0.00118793
-0.00401311
-0.00351464
0.247101
0.224796
0.20385
0.184895
0.166054
0.145215
0.121457
0.0972099
0.0747411
0.0549512
0.0360754
0.0191019
0.00571614
-0.00142599
-0.00407627
-0.00351141
0.252162
0.229415
0.208031
0.188223
0.167722
0.144716
0.118736
0.0936913
0.0715032
0.0525957
0.0345147
0.0181482
0.00518727
-0.00162673
-0.00412304
-0.00350349
0.256714
0.23355
0.21162
0.190682
0.168201
0.142963
0.11546
0.0898169
0.0682324
0.0503352
0.0330877
0.0173142
0.00474939
-0.0017773
-0.00414759
-0.00349153
0.260883
0.237119
0.214528
0.192381
0.167908
0.140508
0.111199
0.0854389
0.0647518
0.0480806
0.0317417
0.0165589
0.00436394
-0.00189912
-0.00416086
-0.00347653
0.264387
0.240044
0.216573
0.192857
0.166167
0.136758
0.106466
0.0808293
0.0613471
0.0459832
0.0305522
0.0159184
0.00405768
-0.00198115
-0.00415778
-0.00345946
0.267331
0.242125
0.217643
0.192334
0.163538
0.132286
0.100851
0.0758534
0.0578422
0.0439505
0.0294601
0.0153538
0.00379483
-0.00204217
-0.0041471
-0.00344009
0.269374
0.243189
0.217364
0.190202
0.159294
0.126577
0.0948876
0.0707795
0.0545094
0.0421184
0.0285313
0.0148917
0.00359764
-0.00207276
-0.00412466
-0.00341995
0.270651
0.243075
0.215761
0.186851
0.1541
0.120197
0.0881864
0.0654804
0.0511716
0.0403899
0.0277016
0.0144953
0.00343324
-0.00208922
-0.0040974
-0.00339787
0.270725
0.241455
0.212342
0.181626
0.147253
0.112712
0.0812835
0.0602159
0.0480829
0.0388858
0.0270292
0.0141848
0.00332153
-0.00208277
-0.00406158
-0.00337567
0.269779
0.238251
0.207277
0.175053
0.139467
0.104665
0.0738174
0.0548529
0.0450617
0.0375031
0.0264449
0.0139273
0.00323331
-0.00206731
-0.00402247
-0.00335139
0.267335
0.232908
0.199982
0.166497
0.130131
0.0957092
0.0662893
0.0496368
0.0423412
0.0363485
0.0260018
0.013738
0.00318632
-0.00203463
-0.00397698
-0.00332736
0.263481
0.225444
0.1908
0.156538
0.119913
0.0863575
0.0583717
0.0444345
0.0397367
0.0353144
0.0256284
0.0135878
0.0031547
-0.00199668
-0.00392912
-0.00330103
0.257318
0.215027
0.179204
0.14462
0.108225
0.0762093
0.0505808
0.039502
0.0374696
0.0344979
0.0253761
0.0134896
0.00315532
-0.00194532
-0.00387616
-0.00327504
0.248863
0.20171
0.165739
0.131382
0.0955782
0.0656414
0.0427233
0.0347363
0.035366
0.03379
0.0251708
0.013418
0.00316561
-0.00189099
-0.00382107
-0.00324634
0.236874
0.184768
0.150001
0.11624
0.0815603
0.0546261
0.0353223
0.0304087
0.0336373
0.033283
0.0250662
0.0133854
0.00320158
-0.00182565
-0.00376163
-0.00321801
0.221875
0.165163
0.132373
0.0997217
0.0668684
0.0438356
0.0283096
0.0264393
0.0321127
0.032867
0.024988
0.0133696
0.00324327
-0.00175867
-0.00370008
-0.00318664
0.203385
0.142412
0.112508
0.0817928
0.0516186
0.0332206
0.0220275
0.0230404
0.0309669
0.0326244
0.0249916
0.0133835
0.00330636
-0.0016819
-0.00363448
-0.00315558
0.185572
0.118301
0.0895639
0.061961
0.035544
0.0226442
0.0160574
0.0199601
0.0299793
0.032432
0.0249987
0.0134067
0.00337288
-0.0016042
-0.0035666
-0.00312111
0.156272
0.0879496
0.0606152
0.0392672
0.0181147
0.0116783
0.0103997
0.0172518
0.029241
0.0323561
0.0250681
0.0134531
0.00345791
-0.0015174
-0.00349487
-0.00308697
0.100716
0.0525153
0.0291877
0.0159096
0.000519151
0.00081334
0.00493803
0.0146955
0.0285302
0.0322723
0.0251208
0.0135048
0.00354547
-0.00142969
-0.00342057
-0.00304914
0.0203979
0.0108302
-0.000837841
-0.00564601
-0.0159747
-0.00984009
-0.000263805
0.0123466
0.0279352
0.0322575
0.0252267
0.0135797
0.00365189
-0.00133187
-0.00334221
-0.00301152
-0.0518579
-0.0310892
-0.0274
-0.0244277
-0.0309366
-0.0203298
-0.00552838
0.00982542
0.0272057
0.0321732
0.0252933
0.0136518
0.00375861
-0.00123364
-0.00326134
-0.00296984
-0.104735
-0.0714858
-0.0515961
-0.0400204
-0.0433916
-0.0301603
-0.0107796
0.00711551
0.0263461
0.0320597
0.0253719
0.0137251
0.00387255
-0.00113004
-0.00317842
-0.00292847
-0.131361
-0.105226
-0.0718384
-0.0518458
-0.0525733
-0.0383002
-0.0157683
0.00402758
0.0251282
0.0317651
0.0253578
0.0137661
0.0039709
-0.00103394
-0.00309639
-0.00288365
-0.137497
-0.126889
-0.0861202
-0.0598159
-0.0582619
-0.0443805
-0.0203407
0.000760688
0.0235997
0.0313498
0.0253199
0.0137894
0.0040648
-0.000938293
-0.00301557
-0.00284013
-0.131668
-0.135132
-0.0954667
-0.0646559
-0.0608978
-0.0483733
-0.0243731
-0.00264864
0.0216329
0.0306811
0.0251616
0.0137668
0.0041355
-0.000854834
-0.00293857
-0.00279421
-0.12025
-0.13423
-0.101703
-0.0676939
-0.0611109
-0.0503481
-0.0277397
-0.0058421
0.0193004
0.0298196
0.0249559
0.0137208
0.00419783
-0.000773951
-0.00286455
-0.00275039
-0.108249
-0.127757
-0.104207
-0.0695636
-0.0600198
-0.0506766
-0.0301778
-0.00883572
0.0165328
0.0286235
0.0245995
0.0136226
0.00423487
-0.000706583
-0.00279534
-0.00270453
-0.097517
-0.118586
-0.103603
-0.0706085
-0.0582342
-0.0498524
-0.0318419
-0.0115213
0.0134196
0.0271459
0.024157
0.0134969
0.00426329
-0.00064154
-0.00272936
-0.00266083
-0.0883343
-0.108309
-0.100125
-0.0704957
-0.05613
-0.0483821
-0.0327958
-0.013997
0.00999659
0.0252642
0.0235169
0.0133079
0.00426552
-0.000590681
-0.00266864
-0.0026151
-0.0801212
-0.0977226
-0.0944193
-0.069245
-0.0538404
-0.0464986
-0.0333067
-0.016176
0.00636716
0.023047
0.0227313
0.0130784
0.00425841
-0.000541333
-0.00261096
-0.00257139
-0.0741607
-0.0885465
-0.0878837
-0.067273
-0.0516713
-0.0445293
-0.0333518
-0.0181115
0.00263361
0.0204131
0.0216858
0.0127625
0.00422197
-0.000506528
-0.00255869
-0.00252554
-0.0711486
-0.0821208
-0.0821129
-0.0653538
-0.0499859
-0.0426793
-0.0332127
-0.0197417
-0.00109126
0.0174751
0.0204336
0.0123788
0.00417091
-0.000472815
-0.00250927
-0.00248146
-0.0710376
-0.0788479
-0.0781683
-0.0640659
-0.0490583
-0.0412621
-0.032869
-0.0211013
-0.00462516
0.014241
0.0188891
0.0118739
0.00408141
-0.000454968
-0.00246575
-0.00243513
-0.0719931
-0.0777396
-0.0761004
-0.0635869
-0.0489013
-0.0402728
-0.0325486
-0.02218
-0.00788655
0.0108721
0.0171273
0.011268
0.0039647
-0.000439336
-0.00242496
-0.0023903
-0.0729413
-0.0777559
-0.0754535
-0.0638042
-0.0493687
-0.039795
-0.032163
-0.0230066
-0.0107072
0.00743881
0.0151089
0.0105102
0.00379308
-0.000443116
-0.0023906
-0.00234302
-0.0731829
-0.0778957
-0.0754505
-0.064435
-0.0502724
-0.03972
-0.031919
-0.0236417
-0.013121
0.00409758
0.0129373
0.00963403
0.00357574
-0.000453712
-0.00235933
-0.00229685
-0.0727756
-0.0777911
-0.0757663
-0.0654194
-0.051556
-0.0401353
-0.0317757
-0.0241237
-0.0150356
0.000931522
0.0106231
0.00860417
0.00328567
-0.000490789
-0.00233584
-0.00224804
-0.0718023
-0.0774544
-0.0761411
-0.0665647
-0.0530594
-0.0408938
-0.031909
-0.0245649
-0.0165969
-0.00197715
0.00827016
0.00747113
0.00293345
-0.000543088
-0.00231697
-0.00219996
-0.0709131
-0.0771287
-0.0766178
-0.0678757
-0.054771
-0.0420534
-0.0322527
-0.0249541
-0.0177501
-0.00457474
0.00590805
0.00621488
0.00249675
-0.000632097
-0.00230871
-0.0021491
-0.0702799
-0.0770576
-0.0772071
-0.0691991
-0.0565256
-0.0434173
-0.0329113
-0.025401
-0.0186884
-0.00686085
0.00361863
0.00489963
0.00199155
-0.000747005
-0.00230862
-0.00209873
-0.0703353
-0.0774051
-0.0779579
-0.0705159
-0.0583052
-0.0450135
-0.0337653
-0.0258459
-0.0193683
-0.00880105
0.00144121
0.00352162
0.00140613
-0.000907978
-0.00232379
-0.00204566
-0.0709284
-0.0782052
-0.0788495
-0.0717336
-0.0599626
-0.0466367
-0.0348696
-0.0264264
-0.019994
-0.0104671
-0.000587063
0.00214652
0.000762662
-0.00110368
-0.00235273
-0.00199352
-0.0720461
-0.0792091
-0.0796538
-0.0727465
-0.0615013
-0.0483743
-0.0361253
-0.0270838
-0.0205086
-0.011831
-0.00243292
0.000774838
5.93625e-05
-0.00135114
-0.00240323
-0.00193957
-0.0726537
-0.0795293
-0.0799062
-0.0734401
-0.0628491
-0.050068
-0.0376218
-0.0279935
-0.021123
-0.0130206
-0.00410901
-0.000536819
-0.000676123
-0.00163642
-0.00247416
-0.001888
-0.0723449
-0.0789446
-0.0795728
-0.0738161
-0.0640882
-0.051869
-0.0392809
-0.0290799
-0.0217719
-0.0140175
-0.00559029
-0.00178605
-0.00143399
-0.0019685
-0.00257216
-0.00183638
-0.0711729
-0.0776355
-0.0787429
-0.0739627
-0.065178
-0.0535803
-0.0411376
-0.0304584
-0.0226213
-0.0149715
-0.00693701
-0.00294119
-0.00218777
-0.00233074
-0.00269562
-0.00178995
-0.0698925
-0.0761763
-0.0777881
-0.0739002
-0.0660943
-0.0552976
-0.0430529
-0.031992
-0.0235632
-0.0158332
-0.0081169
-0.00400442
-0.00292443
-0.00272472
-0.00284857
-0.00174648
-0.0686647
-0.0747643
-0.0767301
-0.0737139
-0.0668682
-0.0568416
-0.0450457
-0.0337513
-0.0247293
-0.016747
-0.00921447
-0.00496913
-0.00362488
-0.00313208
-0.00302742
-0.00171197
-0.0676373
-0.0734868
-0.0757795
-0.0734675
-0.0674909
-0.0583439
-0.0470133
-0.0356014
-0.0260022
-0.0176472
-0.0101888
-0.0058355
-0.00427368
-0.00354509
-0.00323061
-0.00168333
-0.0667323
-0.0723649
-0.0748477
-0.0731882
-0.0680341
-0.0596611
-0.0489589
-0.0375845
-0.0274856
-0.018667
-0.0111404
-0.00662369
-0.00486627
-0.00394822
-0.00345241
-0.00166743
-0.0659705
-0.0713353
-0.0740256
-0.0728945
-0.0684273
-0.0608833
-0.0507884
-0.0395666
-0.0290528
-0.0197267
-0.0120223
-0.00732994
-0.00538995
-0.0043298
-0.00368606
-0.00165977
-0.0652664
-0.0704039
-0.0731774
-0.0724752
-0.0686831
-0.0618692
-0.0524679
-0.0415498
-0.0307621
-0.0209401
-0.0129455
-0.00799752
-0.00585816
-0.00468165
-0.00392438
-0.00166733
-0.0645885
-0.0694473
-0.0722616
-0.0719372
-0.0687346
-0.0626917
-0.0539667
-0.0434285
-0.0324816
-0.0222089
-0.0138556
-0.00861686
-0.00626016
-0.00498883
-0.00415464
-0.00168236
-0.0639384
-0.0685226
-0.0713354
-0.0713229
-0.0686924
-0.0633115
-0.0552668
-0.045187
-0.0342388
-0.0236076
-0.0148469
-0.00923903
-0.00662449
-0.00525574
-0.00437125
-0.00171202
-0.063326
-0.0676626
-0.0704747
-0.0707371
-0.0685548
-0.0637953
-0.0563691
-0.0467564
-0.0359102
-0.0250145
-0.0158417
-0.00983555
-0.00693378
-0.00546577
-0.00455888
-0.00174516
-0.0627011
-0.0667922
-0.069589
-0.0700837
-0.0683331
-0.0640761
-0.057223
-0.0481069
-0.037489
-0.0264629
-0.0169091
-0.0104571
-0.00722397
-0.00563523
-0.00471594
-0.00178874
-0.061988
-0.0658528
-0.0686266
-0.0693398
-0.0679231
-0.0641391
-0.0578261
-0.0492136
-0.0388853
-0.0278398
-0.0179628
-0.0110642
-0.00747305
-0.00574463
-0.00482454
-0.00182681
-0.0611389
-0.0647581
-0.0674881
-0.0683719
-0.0673001
-0.0639326
-0.0581225
-0.0500146
-0.040077
-0.0291579
-0.0190569
-0.0117117
-0.00772504
-0.00582387
-0.00489131
-0.00186694
-0.0601098
-0.0635032
-0.0661782
-0.067218
-0.0664046
-0.0633981
-0.0580619
-0.0504947
-0.0409929
-0.0303136
-0.0200986
-0.0123523
-0.00795549
-0.00585153
-0.00489956
-0.00189025
-0.0588893
-0.0620387
-0.0646248
-0.065747
-0.0651428
-0.0624752
-0.0576158
-0.0505847
-0.0416156
-0.0313098
-0.0211221
-0.0130385
-0.00821559
-0.0058699
-0.00486693
-0.001907
-0.0574241
-0.0603334
-0.0628179
-0.0639939
-0.0635658
-0.0612118
-0.0567973
-0.0503417
-0.0419301
-0.0320801
-0.0220386
-0.0137103
-0.00847578
-0.00585621
-0.00477806
-0.00189634
-0.0556673
-0.0583329
-0.0607102
-0.0619474
-0.0616991
-0.0596473
-0.0556819
-0.0497485
-0.0419378
-0.0326313
-0.0228704
-0.0144067
-0.0087819
-0.00585662
-0.00466056
-0.00187324
-0.053681
-0.0561182
-0.0583852
-0.059658
-0.0595697
-0.0578077
-0.054239
-0.0488485
-0.0416469
-0.0329297
-0.0235411
-0.0150541
-0.00909028
-0.00583959
-0.00449694
-0.00181635
-0.0514249
-0.0536438
-0.0557989
-0.057097
-0.0571497
-0.0556497
-0.0524996
-0.0476253
-0.0410499
-0.0329731
-0.0240639
-0.0156761
-0.00943745
-0.00585225
-0.00432155
-0.00174612
-0.0489506
-0.0509585
-0.0529893
-0.0542823
-0.0544495
-0.0532136
-0.0504448
-0.046108
-0.0401678
-0.032762
-0.0243867
-0.0161997
-0.00976799
-0.00585803
-0.00411555
-0.00164196
-0.0461238
-0.0479
-0.0497944
-0.0510971
-0.0514155
-0.0504547
-0.0481128
-0.0443029
-0.0389974
-0.0322666
-0.0245053
-0.0166348
-0.0101111
-0.00590237
-0.00391861
-0.00153064
-0.0433445
-0.0449477
-0.0467192
-0.0479789
-0.0483523
-0.0475905
-0.0455727
-0.0422381
-0.0375316
-0.0314967
-0.0243695
-0.0169056
-0.0103989
-0.00593999
-0.00370711
-0.00139324
-0.040257
-0.0416589
-0.0432876
-0.0445237
-0.0449914
-0.0444374
-0.0427554
-0.039882
-0.0357768
-0.0304132
-0.0239798
-0.0170204
-0.0106509
-0.00601104
-0.00352482
-0.00126195
-0.0372578
-0.0385324
-0.0400479
-0.0412062
-0.0416684
-0.0412211
-0.0397877
-0.0373221
-0.0337629
-0.029085
-0.0233363
-0.0169342
-0.0108018
-0.0060614
-0.00334192
-0.00111895
-0.033811
-0.0349366
-0.0363385
-0.0374901
-0.0380466
-0.0378003
-0.0366677
-0.0346086
-0.0315899
-0.0275299
-0.0224687
-0.0166694
-0.0108727
-0.00612416
-0.00319978
-0.000996931
-0.0305106
-0.0315344
-0.0328422
-0.0339434
-0.0345235
-0.0344024
-0.0335125
-0.0318213
-0.0292709
-0.0258145
-0.0214012
-0.0162094
-0.0108076
-0.00613827
-0.00305719
-0.000874086
-0.0270744
-0.0279696
-0.0291645
-0.0302447
-0.030895
-0.0309433
-0.0303135
-0.0289674
-0.0268784
-0.0239503
-0.0201494
-0.0155661
-0.0106224
-0.00612589
-0.00294918
-0.000781682
-0.0240696
-0.0248887
-0.0259871
-0.0269842
-0.0276009
-0.0277003
-0.0272236
-0.0261491
-0.0244212
-0.0219818
-0.0187457
-0.0147457
-0.0102781
-0.00602624
-0.00282541
-0.000694175
-0.0209567
-0.0216506
-0.0226239
-0.0235678
-0.0242102
-0.0244192
-0.0241289
-0.0233097
-0.0219397
-0.0199275
-0.017194
-0.0137381
-0.00977994
-0.005854
-0.00271493
-0.000638975
-0.0182898
-0.0189188
-0.019796
-0.0206446
-0.0212262
-0.0214388
-0.0212298
-0.0205869
-0.0194688
-0.0178001
-0.015501
-0.01256
-0.00909912
-0.00555591
-0.00256437
-0.000588493
-0.0153323
-0.015824
-0.0165686
-0.0173675
-0.0179716
-0.0182874
-0.0182286
-0.0177798
-0.0169043
-0.0155407
-0.0136355
-0.0111567
-0.00821285
-0.00512253
-0.00238094
-0.000548043
-0.0145728
-0.0150938
-0.0157308
-0.0163209
-0.0166669
-0.0167172
-0.016431
-0.0158312
-0.0149094
-0.0136245
-0.0119291
-0.00981259
-0.00731898
-0.00468811
-0.00226498
-0.000633264
-0.00463627
-0.00498993
-0.00569944
-0.00663814
-0.00757343
-0.00843361
-0.00909121
-0.00949125
-0.00953091
-0.00911933
-0.0082303
-0.00686593
-0.0051145
-0.0031792
-0.00127947
2.60105e-05
-0.0213554
-0.0212213
-0.0208707
-0.020392
-0.0196569
-0.0186601
-0.0173322
-0.0157464
-0.0139469
-0.0120425
-0.0101252
-0.00825358
-0.00644762
-0.00474872
-0.0031309
-0.00189087
-0.0871154
-0.0685378
-0.117176
-0.143708
-0.153525
-0.141997
-0.124019
-0.0996223
-0.0934819
-0.212322
-0.0870858
-0.0685183
-0.11717
-0.143729
-0.153611
-0.141912
-0.123706
-0.0987234
-0.0914625
-0.211095
-0.0869363
-0.0683934
-0.117133
-0.143811
-0.15374
-0.141895
-0.123501
-0.0982547
-0.0901412
-0.210719
-0.087173
-0.0687478
-0.117469
-0.144186
-0.154162
-0.142415
-0.124126
-0.0987109
-0.0893307
-0.208602
-0.0872105
-0.069105
-0.117691
-0.14376
-0.153514
-0.142227
-0.124346
-0.0993341
-0.0884403
-0.205294
-0.0867814
-0.0682762
-0.117753
-0.14292
-0.151714
-0.140634
-0.123253
-0.0992663
-0.0871032
-0.199784
-0.0863182
-0.0652777
-0.116068
-0.141371
-0.148691
-0.137848
-0.121201
-0.0987773
-0.0858387
-0.192166
-0.0870055
-0.0612515
-0.111977
-0.137999
-0.144026
-0.133631
-0.118207
-0.097587
-0.0844364
-0.181925
-0.0892976
-0.0572655
-0.106294
-0.133317
-0.13832
-0.12867
-0.114695
-0.0961444
-0.0834026
-0.170291
-0.093739
-0.0544536
-0.100319
-0.128092
-0.132141
-0.123202
-0.110783
-0.0942739
-0.0822962
-0.157208
-0.0999076
-0.0530116
-0.0944888
-0.122731
-0.125869
-0.117669
-0.106679
-0.0922298
-0.0814008
-0.144124
-0.107744
-0.0533337
-0.089424
-0.117485
-0.119769
-0.112099
-0.102398
-0.0897809
-0.0802003
-0.130892
-0.116523
-0.0550583
-0.085016
-0.112312
-0.113928
-0.10673
-0.0980681
-0.0872094
-0.0790434
-0.118597
-0.126007
-0.0583182
-0.0816368
-0.107363
-0.108468
-0.101499
-0.0936988
-0.0842616
-0.0774072
-0.107046
-0.135357
-0.0625385
-0.0789824
-0.102649
-0.103358
-0.0965789
-0.089373
-0.0813241
-0.0758596
-0.0971517
-0.144436
-0.0678241
-0.077403
-0.098357
-0.0987397
-0.0919173
-0.0851249
-0.0781743
-0.0739622
-0.0882258
-0.152792
-0.0736657
-0.0765331
-0.0944439
-0.0944996
-0.0876646
-0.0810696
-0.0751395
-0.0721856
-0.0806169
-0.160534
-0.0802865
-0.0767594
-0.0911131
-0.0907611
-0.0837894
-0.0772843
-0.0720065
-0.0700364
-0.0736632
-0.167235
-0.087075
-0.0776151
-0.0882506
-0.0873733
-0.0803852
-0.0738555
-0.0691476
-0.0680498
-0.0677542
-0.173042
-0.0941852
-0.0794043
-0.0860365
-0.0844619
-0.0773921
-0.0708145
-0.0663638
-0.0658024
-0.0623599
-0.177636
-0.100958
-0.0815492
-0.0842461
-0.0817565
-0.0747672
-0.0681617
-0.0640113
-0.0638378
-0.0578964
-0.181191
-0.107554
-0.0842911
-0.0830413
-0.0794054
-0.0723903
-0.0658355
-0.06176
-0.061814
-0.0539314
-0.183512
-0.11338
-0.0870257
-0.0821216
-0.0772211
-0.0702253
-0.0637867
-0.0598691
-0.0601547
-0.0509743
-0.184915
-0.118727
-0.0900096
-0.0816743
-0.0754151
-0.0682917
-0.0619731
-0.0580369
-0.0583994
-0.0486472
-0.185252
-0.123097
-0.092723
-0.0813864
-0.073785
-0.0665802
-0.0603993
-0.0565182
-0.056953
-0.0472057
-0.184678
-0.126764
-0.0953921
-0.0814326
-0.0725103
-0.0650884
-0.0590113
-0.0550386
-0.0555063
-0.0461963
-0.183021
-0.129305
-0.0975665
-0.0814851
-0.0713676
-0.0637794
-0.0578241
-0.053849
-0.0543965
-0.0457405
-0.18043
-0.131023
-0.0994569
-0.0817099
-0.0705175
-0.0626655
-0.0567883
-0.0527133
-0.0533416
-0.0454594
-0.176827
-0.131615
-0.100729
-0.0818164
-0.0697471
-0.0617015
-0.0559189
-0.0518397
-0.052567
-0.0455421
-0.172375
-0.131383
-0.101555
-0.0819329
-0.0691719
-0.0608818
-0.055156
-0.0510211
-0.0518453
-0.0457183
-0.167052
-0.130092
-0.101687
-0.0818032
-0.0685849
-0.0601518
-0.0545031
-0.050413
-0.0513322
-0.0461087
-0.161012
-0.127998
-0.10126
-0.0815208
-0.0680668
-0.0595105
-0.0539202
-0.0498708
-0.0508752
-0.0465054
-0.154284
-0.124966
-0.100126
-0.0808967
-0.067458
-0.0589098
-0.053421
-0.0495025
-0.0505848
-0.0470139
-0.147037
-0.121236
-0.0984093
-0.080009
-0.066815
-0.0583537
-0.052984
-0.049215
-0.0503573
-0.0474814
-0.139333
-0.116765
-0.0960532
-0.0787439
-0.0660268
-0.0577978
-0.0526125
-0.0490608
-0.0502524
-0.047983
-0.131331
-0.111761
-0.0931749
-0.0771651
-0.0651232
-0.0572353
-0.0522808
-0.0489686
-0.0501848
-0.0483886
-0.123116
-0.10625
-0.0897855
-0.0752211
-0.0640314
-0.0566175
-0.0519668
-0.048937
-0.0501661
-0.0487591
-0.114834
-0.100411
-0.085997
-0.0729674
-0.0627625
-0.0559229
-0.0516307
-0.0488996
-0.050119
-0.0489821
-0.106567
-0.0943093
-0.0818603
-0.0704012
-0.0612774
-0.0551045
-0.0512302
-0.0488188
-0.0500198
-0.0490981
-0.0984228
-0.0880825
-0.0774758
-0.0675746
-0.0595823
-0.0541351
-0.0507179
-0.0486323
-0.0498006
-0.0490065
-0.0904733
-0.0818103
-0.0729106
-0.0645161
-0.0576666
-0.0529794
-0.0500468
-0.0482893
-0.0494181
-0.0487317
-0.0828008
-0.0755948
-0.068249
-0.0612756
-0.0555416
-0.0516169
-0.049176
-0.0477388
-0.0488222
-0.0481854
-0.0754509
-0.0695055
-0.0635556
-0.0578952
-0.0532177
-0.050031
-0.0480707
-0.0469374
-0.0479664
-0.0473808
-0.0684719
-0.0636087
-0.0588953
-0.054422
-0.0507178
-0.0482203
-0.0467117
-0.0458579
-0.0468316
-0.0462614
-0.0618855
-0.0579547
-0.0543225
-0.0509026
-0.0480697
-0.0461934
-0.0450917
-0.0444856
-0.0453919
-0.0448517
-0.0557226
-0.0525862
-0.0498885
-0.0473845
-0.0453127
-0.0439771
-0.0432278
-0.0428317
-0.0436751
-0.0431441
-0.0499853
-0.0475342
-0.0456348
-0.0439133
-0.0424862
-0.0416038
-0.0411446
-0.0409192
-0.0416854
-0.0411921
-0.0446872
-0.0428226
-0.0416014
-0.0405331
-0.0396407
-0.0391213
-0.0388907
-0.0387904
-0.0394845
-0.0389966
-0.039802
-0.0384511
-0.0377968
-0.0372705
-0.0367981
-0.0365617
-0.0364904
-0.0364845
-0.0370866
-0.0366317
-0.0353341
-0.0344073
-0.0342091
-0.0340897
-0.0339366
-0.0338845
-0.0339188
-0.033948
-0.0344513
-0.0339863
-0.0312206
-0.0306506
-0.0307924
-0.0309733
-0.031027
-0.0310846
-0.0311518
-0.0311793
-0.0315649
-0.031109
-0.0274797
-0.0271973
-0.0275854
-0.0279655
-0.0281454
-0.0282449
-0.0282976
-0.0282852
-0.028545
-0.0280814
-0.0241168
-0.0240888
-0.0246582
-0.0251702
-0.0254194
-0.0255164
-0.0255212
-0.0254415
-0.0255715
-0.0251028
-0.0211901
-0.0213821
-0.0220784
-0.0226647
-0.0229337
-0.0229934
-0.0229223
-0.0227571
-0.0227436
-0.0222312
-0.0186816
-0.0190727
-0.0198548
-0.0204654
-0.0207101
-0.0206984
-0.0205279
-0.0202563
-0.0200914
-0.0195306
-0.0164993
-0.0170981
-0.0179542
-0.0185526
-0.0187349
-0.0186253
-0.0183342
-0.0179434
-0.0176109
-0.0169589
-0.0145168
-0.0152737
-0.0162055
-0.016794
-0.0169197
-0.0167236
-0.0163265
-0.0158208
-0.0153226
-0.0145598
-0.0136431
-0.0141029
-0.0146964
-0.0150664
-0.0151139
-0.0149311
-0.0145879
-0.0141575
-0.0137113
-0.0131129
-0.0166125
-0.015845
-0.0144326
-0.0130001
-0.0116678
-0.0104404
-0.00926037
-0.00810581
-0.00682731
-0.00528254
-0.0250788
-0.0267833
-0.0267749
-0.0261643
-0.0254139
-0.0246097
-0.0237271
-0.0227947
-0.0218207
-0.0208826
1.2678
0.624395
0.0250938
-0.445709
-0.747156
-0.866008
-0.826722
-0.750031
-0.796627
-0.878853
-0.875863
-0.865086
-0.636067
-0.425719
-0.262634
0.55786
0.161185
-0.192963
-0.474104
-0.668522
-0.756061
-0.732242
-0.693254
-0.768997
-0.867448
-0.884502
-0.866725
-0.639027
-0.427466
-0.263212
-0.0621276
-0.227899
-0.374973
-0.506399
-0.620056
-0.691208
-0.681614
-0.664593
-0.745516
-0.851403
-0.892541
-0.870617
-0.644767
-0.43061
-0.264521
-0.420529
-0.443456
-0.474375
-0.517475
-0.575773
-0.644623
-0.677904
-0.697179
-0.764584
-0.852087
-0.899037
-0.880819
-0.654387
-0.434473
-0.266963
-0.601634
-0.558203
-0.524659
-0.512412
-0.528356
-0.57719
-0.651229
-0.732043
-0.80092
-0.858949
-0.899038
-0.897007
-0.668236
-0.439032
-0.269457
-0.692237
-0.622312
-0.556945
-0.510822
-0.494897
-0.506416
-0.583994
-0.712372
-0.813913
-0.860636
-0.891583
-0.913214
-0.683913
-0.443864
-0.271352
-0.71168
-0.642891
-0.572298
-0.510772
-0.470866
-0.450814
-0.49857
-0.640542
-0.780279
-0.84316
-0.877971
-0.923469
-0.69911
-0.448677
-0.27257
-0.68778
-0.631862
-0.568794
-0.504143
-0.448757
-0.411985
-0.418513
-0.541364
-0.705316
-0.798321
-0.853282
-0.922052
-0.710312
-0.453079
-0.273763
-0.640074
-0.597916
-0.546319
-0.486442
-0.42614
-0.37944
-0.357177
-0.435121
-0.604113
-0.730712
-0.815231
-0.906034
-0.715536
-0.456975
-0.275262
-0.578521
-0.548381
-0.508634
-0.457568
-0.399377
-0.346233
-0.313324
-0.338078
-0.490685
-0.645026
-0.762212
-0.874651
-0.71298
-0.460144
-0.277468
-0.511193
-0.490404
-0.461078
-0.419797
-0.367833
-0.314177
-0.27635
-0.264563
-0.379587
-0.548788
-0.696454
-0.829061
-0.702518
-0.462391
-0.280138
-0.443567
-0.429623
-0.408546
-0.376537
-0.332476
-0.281856
-0.239618
-0.215854
-0.28307
-0.448937
-0.619828
-0.771242
-0.684074
-0.463302
-0.283302
-0.37835
-0.369476
-0.35498
-0.33084
-0.294855
-0.24979
-0.207163
-0.181218
-0.209658
-0.355947
-0.537744
-0.705331
-0.659408
-0.462761
-0.286648
-0.317608
-0.312513
-0.302809
-0.285211
-0.25688
-0.218502
-0.178322
-0.150708
-0.160615
-0.276783
-0.45559
-0.635358
-0.629777
-0.460418
-0.2899
-0.262445
-0.259876
-0.253941
-0.241547
-0.21986
-0.188197
-0.152216
-0.123957
-0.127445
-0.216261
-0.381842
-0.566577
-0.596964
-0.45614
-0.292586
-0.213132
-0.212518
-0.209232
-0.200884
-0.184778
-0.159619
-0.128425
-0.101402
-0.100581
-0.17028
-0.319367
-0.501425
-0.561323
-0.449619
-0.294607
-0.169709
-0.17034
-0.169072
-0.163879
-0.152435
-0.1328
-0.106789
-0.0821393
-0.0773498
-0.133716
-0.266441
-0.441726
-0.524219
-0.440918
-0.295675
-0.131899
-0.133404
-0.133602
-0.130848
-0.12301
-0.108399
-0.0871134
-0.0651959
-0.0576185
-0.10239
-0.219731
-0.38652
-0.485862
-0.429918
-0.295756
-0.0996963
-0.101784
-0.102947
-0.101902
-0.097006
-0.0861537
-0.0692548
-0.0503894
-0.0415318
-0.0764751
-0.179153
-0.336307
-0.447276
-0.416769
-0.294607
-0.0726243
-0.0750023
-0.0767321
-0.0768661
-0.0739014
-0.0663841
-0.0531631
-0.0371922
-0.0279924
-0.0546707
-0.143497
-0.28979
-0.408558
-0.401525
-0.292272
-0.0493295
-0.0519426
-0.0540902
-0.0550401
-0.0538265
-0.0486305
-0.0385997
-0.0255064
-0.0169604
-0.0372612
-0.113183
-0.247884
-0.370647
-0.384501
-0.288645
-0.0295809
-0.0322663
-0.0346581
-0.0362577
-0.0360686
-0.0330171
-0.0256363
-0.0150917
-0.00747991
-0.0228327
-0.0870822
-0.209594
-0.33366
-0.365883
-0.28396
-0.0125858
-0.0153414
-0.0179556
-0.0199907
-0.0209241
-0.0192609
-0.0140244
-0.00581364
0.00038747
-0.0115885
-0.0656214
-0.175931
-0.298347
-0.34604
-0.278274
0.000937379
-0.00171897
-0.00430226
-0.00659098
-0.00786651
-0.00739977
-0.00392825
0.00222431
0.00721314
-0.00227103
-0.0475501
-0.145792
-0.264842
-0.325243
-0.271636
0.0123715
0.00972657
0.00712041
0.00480306
0.00299259
0.00269886
0.00485411
0.00937956
0.0128682
0.00483157
-0.0332607
-0.120122
-0.233643
-0.303873
-0.264085
0.0212847
0.0188129
0.0164188
0.0141461
0.012274
0.0114399
0.0125322
0.0154048
0.0177897
0.0107599
-0.0214136
-0.0976654
-0.204844
-0.282254
-0.255686
0.0303486
0.0277702
0.0252732
0.0227941
0.0205393
0.0191189
0.0191753
0.020929
0.0218846
0.015194
-0.0124249
-0.0792265
-0.178703
-0.260728
-0.246518
0.0370223
0.0347168
0.0324048
0.0299901
0.0275999
0.0257295
0.0250885
0.0254295
0.0253831
0.018924
-0.00501865
-0.0633817
-0.155246
-0.239627
-0.236666
0.0431726
0.0408369
0.0384887
0.0359947
0.0334481
0.0312698
0.029849
0.0294337
0.0282406
0.0216244
0.000341432
-0.0508697
-0.134485
-0.219194
-0.226263
0.0467403
0.044692
0.0426108
0.0403409
0.0379043
0.0355919
0.0338754
0.0324792
0.0305261
0.0238489
0.00477229
-0.0402329
-0.116342
-0.199706
-0.215399
0.0509306
0.048754
0.0465778
0.0441773
0.0416018
0.0391273
0.0369023
0.0350887
0.032322
0.0253553
0.00777008
-0.0321887
-0.100646
-0.181275
-0.204235
0.0526097
0.0507173
0.0488006
0.0466469
0.0442562
0.0417661
0.0394489
0.0369463
0.0336014
0.0264938
0.0102406
-0.0253483
-0.0872408
-0.164107
-0.192851
0.0554054
0.0534096
0.0514066
0.0491341
0.0466008
0.0439588
0.0412029
0.0384082
0.0344889
0.0271075
0.0116982
-0.0204157
-0.0758528
-0.148186
-0.181418
0.0558947
0.0541521
0.0523443
0.0502366
0.047839
0.0451802
0.0424206
0.039165
0.0348515
0.0273678
0.012855
-0.016188
-0.0662783
-0.133642
-0.169994
0.0563428
0.0546611
0.0529003
0.0508356
0.0484431
0.0457926
0.0428018
0.0394538
0.0348423
0.0272311
0.0132899
-0.0132945
-0.0582343
-0.120356
-0.158735
0.0552941
0.0538089
0.052229
0.0503539
0.0481473
0.0455828
0.0427287
0.0391608
0.0343647
0.0267707
0.0135489
-0.0107763
-0.0514961
-0.108391
-0.147673
0.0545463
0.0530972
0.0515603
0.0497321
0.0475528
0.0450369
0.0420458
0.0384885
0.0335995
0.0260393
0.0133294
-0.00914447
-0.0458369
-0.0975675
-0.136943
0.0527354
0.0514406
0.0500308
0.0483324
0.0462939
0.0438534
0.0410253
0.0373967
0.032482
0.025067
0.0130209
-0.00767673
-0.0410514
-0.0879039
-0.126551
0.0509569
0.049716
0.0483557
0.0467238
0.0447433
0.042403
0.0395492
0.0360328
0.0311946
0.023959
0.0124316
-0.00675521
-0.036994
-0.0792053
-0.116602
0.0482054
0.0471204
0.0459198
0.0444718
0.0426998
0.0405271
0.0379124
0.034464
0.0297225
0.0227169
0.0118328
-0.00588958
-0.0334723
-0.0714554
-0.107077
0.0460956
0.045051
0.0439076
0.0425251
0.0408127
0.0387311
0.036118
0.0327931
0.028189
0.0214407
0.0110979
-0.00533935
-0.0304297
-0.0644772
-0.0980551
0.0434297
0.0425092
0.0414749
0.0402021
0.0386207
0.0366472
0.034224
0.030998
0.0265524
0.0201053
0.010399
-0.00477369
-0.0276919
-0.0582385
-0.0894978
0.0408585
0.0399991
0.0390302
0.0378426
0.0363483
0.0345048
0.0321572
0.0291159
0.0249011
0.0188008
0.00967447
-0.00436713
-0.0252665
-0.0525967
-0.0814619
0.0377331
0.0369977
0.0361642
0.0351374
0.0338323
0.0321688
0.0300673
0.0272187
0.0232541
0.0175322
0.00904451
-0.00389175
-0.0229995
-0.0475081
-0.0738926
0.0352658
0.0345722
0.0338005
0.0328432
0.0316136
0.0300602
0.0280465
0.0253962
0.0217063
0.0163832
0.00847736
-0.00347263
-0.0209369
-0.0428729
-0.0668318
0.0325504
0.0319579
0.0312873
0.0304422
0.0293507
0.0279375
0.0261329
0.0236798
0.0202609
0.0153234
0.00802495
-0.00296408
-0.0189469
-0.0386469
-0.0602154
0.0303546
0.0297963
0.0291756
0.0283942
0.0273749
0.0260702
0.0243634
0.0220947
0.0189445
0.0144059
0.00764806
-0.00247444
-0.0171002
-0.0347691
-0.0540754
0.0280826
0.0275974
0.0270467
0.026349
0.0254423
0.0242602
0.022724
0.0206525
0.0177715
0.0135841
0.00737857
-0.00190542
-0.0152836
-0.0311898
-0.0483418
0.0262518
0.0258044
0.025298
0.0246538
0.0238126
0.02272
0.021298
0.0193986
0.0167526
0.0129248
0.00719208
-0.00133542
-0.0135706
-0.0278765
-0.0430386
0.0243891
0.0240159
0.0235886
0.0230386
0.0223109
0.0213481
0.0200692
0.0183354
0.0159159
0.0123736
0.00711255
-0.000684846
-0.0118545
-0.0247754
-0.0380909
0.0229686
0.0226339
0.0222583
0.0217692
0.0211122
0.0202355
0.0190636
0.0174683
0.0152275
0.0119774
0.00713073
-7.8317e-06
-0.0102073
-0.0218771
-0.0335257
0.0216337
0.0213631
0.0210528
0.0206344
0.0200619
0.019279
0.0182172
0.0167542
0.014696
0.0116894
0.00725139
0.000743208
-0.00854286
-0.0191352
-0.0292765
0.0205548
0.0203348
0.0200808
0.0197289
0.0192226
0.0185154
0.0175416
0.0161936
0.0142876
0.0115299
0.00745039
0.00150459
-0.00696365
-0.0165815
-0.0253728
0.0196919
0.0195252
0.0193224
0.0190175
0.0185628
0.0179127
0.0170128
0.0157627
0.0140024
0.0114447
0.00770214
0.00227834
-0.00541457
-0.0141882
-0.021766
0.0191022
0.0189714
0.0188028
0.0185282
0.0180969
0.0174783
0.0166263
0.0154534
0.0138051
0.0114394
0.00798325
0.0030117
-0.00400341
-0.0120087
-0.0184813
0.0187999
0.0186887
0.0185187
0.0182263
0.0177833
0.0171732
0.0163601
0.0152561
0.0137211
0.0115146
0.00832971
0.00377542
-0.00262125
-0.0100103
-0.0154924
0.0186445
0.0185315
0.0183454
0.0180368
0.0175922
0.017009
0.0162466
0.0152216
0.0137967
0.0117707
0.00883786
0.00464542
-0.00128052
-0.00823537
-0.0129223
0.0185904
0.0184656
0.0182621
0.0179472
0.0175271
0.0169942
0.0163043
0.0153739
0.0140794
0.01223
0.0095675
0.00571636
0.000142332
-0.00660945
-0.0110199
0.0185214
0.0183971
0.0182057
0.0179301
0.0175662
0.0170953
0.0164682
0.0155979
0.0143871
0.0126859
0.010242
0.00665225
0.00137486
-0.00497852
-0.00965467
0.0184519
0.0183296
0.0181546
0.017911
0.0175708
0.0171102
0.0164546
0.0155365
0.0142668
0.0124975
0.00999811
0.00646927
0.00173916
-0.00296758
-0.00639364
)
;

boundaryField
{
    airfoil
    {
        type            zeroGradient;
    }
    farBoundaries
    {
        type            freestreamPressure;
        freestreamValue uniform 0;
        supersonic      false;
        value           nonuniform List<scalar> 
52
(
-0.0114465
-0.0122245
-0.0122206
-0.0119419
-0.0115995
-0.0112324
-0.0108296
-0.010404
-0.00995945
-0.00953128
-0.00974706
-0.00968587
-0.00952586
-0.00930734
-0.00897183
-0.0085169
-0.00791081
-0.00718703
-0.00636568
-0.00549647
-0.00462137
-0.00376712
-0.00294284
-0.00216742
-0.00142901
-0.000863033
0.0168908
0.0165249
0.0157563
0.0148179
0.0137391
0.0125962
0.0113175
0.00995398
0.00852325
0.00708927
0.00573602
0.00451337
0.00343622
0.00248827
0.00164921
0.000710596
0.0223747
0.0231759
0.022528
0.0215217
0.0205831
0.0197615
0.0190005
0.0182866
0.0175929
0.0170143
)
;
    }
    inlet
    {
        type            freestreamPressure;
        freestreamValue uniform 0;
        supersonic      false;
        value           nonuniform List<scalar> 
30
(
0.0184149
0.0182885
0.0181072
0.0178545
0.0175005
0.0170187
0.0163307
0.0153627
0.014018
0.0121428
0.00952016
0.00593497
0.00148746
-0.00221569
-0.00362546
0.0185106
0.0186221
0.0187703
0.0189872
0.019279
0.0196895
0.0202333
0.0209527
0.0218626
0.0229606
0.0240811
0.0246008
0.023156
0.0177359
0.0102859
)
;
    }
    outlet
    {
        type            freestreamPressure;
        freestreamValue uniform 0;
        supersonic      false;
        value           nonuniform List<scalar> 
120
(
-5.99837e-06
-5.91763e-06
-5.83466e-06
-5.74204e-06
-5.65037e-06
-5.55222e-06
-5.4577e-06
-5.35811e-06
-5.26281e-06
-5.16275e-06
-5.06683e-06
-4.96604e-06
-4.86909e-06
-4.76722e-06
-4.66876e-06
-4.56513e-06
-4.46435e-06
-4.35817e-06
-4.25407e-06
-4.14414e-06
-4.03553e-06
-3.92064e-06
-3.80717e-06
-3.68838e-06
-3.5729e-06
-3.4546e-06
-3.34473e-06
-3.23799e-06
-3.14758e-06
-3.0671e-06
-3.01264e-06
-2.9755e-06
-2.97239e-06
-2.98887e-06
-3.04223e-06
-3.1115e-06
-3.21355e-06
-3.31848e-06
-3.44209e-06
-3.54742e-06
-3.65255e-06
-3.71505e-06
-3.75836e-06
-3.73822e-06
-3.68602e-06
-3.55816e-06
-3.39745e-06
-3.16667e-06
-2.92288e-06
-2.63653e-06
-2.36888e-06
-2.08618e-06
-1.84739e-06
-1.61186e-06
-1.43036e-06
-1.25784e-06
-1.11118e-06
-1.14022e-06
1.12783e-07
-2.28403e-06
2.21767e-06
1.76804e-06
1.79218e-06
2.16242e-06
2.53341e-06
2.8123e-06
3.0483e-06
3.20721e-06
3.3146e-06
3.33138e-06
3.28548e-06
3.14473e-06
2.9438e-06
2.65606e-06
2.31931e-06
1.90911e-06
1.46512e-06
9.65535e-07
4.49947e-07
-1.0273e-07
-6.54532e-07
-1.22536e-06
-1.77996e-06
-2.33727e-06
-2.86457e-06
-3.37921e-06
-3.8531e-06
-4.30306e-06
-4.70522e-06
-5.07544e-06
-5.39616e-06
-5.68299e-06
-5.92257e-06
-6.129e-06
-6.29438e-06
-6.43164e-06
-6.53554e-06
-6.61647e-06
-6.67265e-06
-6.71225e-06
-6.7345e-06
-6.74461e-06
-6.74379e-06
-6.73498e-06
-6.71961e-06
-6.69813e-06
-6.67332e-06
-6.64385e-06
-6.61268e-06
-6.57673e-06
-6.54019e-06
-6.49887e-06
-6.4572e-06
-6.4099e-06
-6.36247e-06
-6.30887e-06
-6.25503e-06
-6.19407e-06
-6.13279e-06
-6.06598e-06
)
;
    }
    defaultFaces
    {
        type            empty;
    }
}


// ************************************************************************* //
