/*--------------------------------*- C++ -*----------------------------------*\
  =========                 |
  \\      /  F ield         | OpenFOAM: The Open Source CFD Toolbox
   \\    /   O peration     | Website:  https://openfoam.org
    \\  /    A nd           | Version:  6.0
     \\/     M anipulation  |
\*---------------------------------------------------------------------------*/
FoamFile
{
    version     2.0;
    format      ascii;
    class       volScalarField;
    location    "500";
    object      nuTilda;
}
// * * * * * * * * * * * * * * * * * * * * * * * * * * * * * * * * * * * * * //

dimensions      [0 2 -1 0 0 0 0];

internalField   nonuniform List<scalar> 
9800
(
0.13999
0.140034
0.140016
0.140007
0.139998
0.139989
0.139977
0.139969
0.139987
0.139998
0.140005
0.140011
0.140016
0.140021
0.140026
0.140032
0.140039
0.140044
0.140045
0.140047
0.140048
0.140044
0.140024
0.140021
0.140043
0.140047
0.140046
0.140044
0.140044
0.14004
0.140034
0.140028
0.140022
0.140017
0.140012
0.140007
0.140001
0.139993
0.139972
0.139975
0.139985
0.139994
0.140002
0.14001
0.140018
0.140027
0.140037
0.140049
0.140063
0.14008
0.1401
0.140125
0.140155
0.140192
0.140239
0.140298
0.140375
0.140476
0.140615
0.140808
0.141115
0.141524
0.142622
0.144076
0.145637
0.147213
0.147781
0.148386
0.148808
0.149242
0.149666
0.150057
0.150379
0.150603
0.150716
0.150725
0.150653
0.150531
0.150388
0.150246
0.150118
0.150005
0.149903
0.1498
0.149687
0.149554
0.149384
0.149272
0.149225
0.149242
0.149324
0.149466
0.149661
0.149898
0.150166
0.150462
0.1509
0.153797
0.183147
0.30123
0.140291
0.140265
0.140208
0.140169
0.140135
0.140106
0.140085
0.140077
0.140083
0.140083
0.140082
0.140081
0.140081
0.140081
0.140079
0.140071
0.140053
0.140033
0.14007
0.140091
0.140107
0.140105
0.140064
0.140064
0.140107
0.140111
0.140097
0.140076
0.140036
0.140047
0.140064
0.140075
0.140077
0.140077
0.140077
0.140078
0.140079
0.14008
0.140072
0.140073
0.140086
0.140107
0.140131
0.140158
0.140186
0.140216
0.140249
0.140286
0.140327
0.140374
0.140427
0.140488
0.140559
0.140641
0.140737
0.140851
0.140985
0.141147
0.141344
0.141584
0.141892
0.142259
0.142812
0.143434
0.143898
0.144247
0.144479
0.144689
0.144886
0.145079
0.145263
0.145437
0.145594
0.145729
0.145838
0.145922
0.145982
0.146021
0.146042
0.146044
0.146067
0.14612
0.146211
0.14634
0.146504
0.1467
0.146918
0.147151
0.147389
0.147618
0.14783
0.148016
0.148171
0.14829
0.148374
0.148425
0.148449
0.148492
0.149213
0.155288
0.140387
0.140329
0.14027
0.140227
0.140191
0.140165
0.140148
0.140141
0.140137
0.140132
0.140126
0.140116
0.1401
0.140076
0.140045
0.14003
0.140045
0.140058
0.140105
0.140142
0.140166
0.14016
0.140107
0.140108
0.140164
0.140174
0.140151
0.140116
0.140066
0.140046
0.140025
0.140029
0.140064
0.140091
0.140107
0.140116
0.140123
0.140128
0.140129
0.140131
0.140138
0.140153
0.140174
0.140201
0.14023
0.140263
0.140297
0.140335
0.140375
0.140418
0.140465
0.140517
0.140574
0.140636
0.140705
0.14078
0.140863
0.140953
0.141053
0.141141
0.141266
0.141419
0.141604
0.141819
0.14205
0.142306
0.142578
0.142866
0.143167
0.143477
0.143793
0.144107
0.144413
0.144703
0.144974
0.145219
0.145437
0.145628
0.145795
0.145938
0.146061
0.146166
0.146254
0.146325
0.14638
0.146418
0.146438
0.146442
0.146429
0.1464
0.146356
0.146299
0.146233
0.146159
0.14608
0.146001
0.145922
0.145849
0.145794
0.145838
0.140386
0.140327
0.140274
0.140234
0.140203
0.14018
0.140163
0.140148
0.140132
0.140111
0.140083
0.140053
0.140041
0.140033
0.140038
0.140045
0.140075
0.140113
0.140164
0.140207
0.140228
0.14021
0.140151
0.140149
0.140212
0.140234
0.140214
0.140173
0.14012
0.140078
0.140041
0.140022
0.140013
0.140022
0.140038
0.140069
0.140099
0.140121
0.140137
0.140148
0.140157
0.140169
0.140185
0.140206
0.140231
0.140261
0.140293
0.140328
0.140366
0.140406
0.140449
0.140494
0.140543
0.140595
0.14065
0.140708
0.14077
0.140834
0.140902
0.140967
0.141033
0.141101
0.141169
0.141236
0.141312
0.141401
0.141502
0.141611
0.141722
0.141833
0.141943
0.142049
0.142151
0.142247
0.142333
0.142412
0.142484
0.142547
0.142603
0.14265
0.142692
0.142729
0.142763
0.142797
0.142832
0.14287
0.142913
0.142963
0.14302
0.143084
0.143155
0.143233
0.143315
0.143402
0.143491
0.143583
0.143675
0.143767
0.143856
0.143945
0.140379
0.140328
0.140283
0.140247
0.140218
0.140193
0.14017
0.140146
0.140118
0.140085
0.140046
0.140005
0.139971
0.139975
0.140008
0.140067
0.140117
0.140171
0.140226
0.140269
0.140283
0.140253
0.140191
0.140186
0.140251
0.140284
0.140272
0.140231
0.140175
0.140118
0.140061
0.139997
0.139961
0.139972
0.140001
0.140037
0.140074
0.140107
0.140136
0.140159
0.140178
0.140195
0.140212
0.140231
0.140253
0.140279
0.140308
0.14034
0.140375
0.140413
0.140453
0.140495
0.140539
0.140586
0.140634
0.140684
0.140735
0.140788
0.140842
0.140896
0.140948
0.140999
0.141046
0.141089
0.14113
0.141171
0.141215
0.141262
0.141312
0.141365
0.141419
0.141476
0.141536
0.141598
0.141662
0.141726
0.141791
0.141855
0.141919
0.141981
0.142042
0.142102
0.142162
0.142223
0.142286
0.142352
0.142421
0.142494
0.142569
0.142647
0.142727
0.142809
0.142891
0.142974
0.143058
0.143141
0.143224
0.143307
0.143388
0.143452
0.140348
0.140309
0.140273
0.140243
0.140215
0.140187
0.140157
0.140122
0.140077
0.140022
0.139958
0.139903
0.139896
0.139938
0.140021
0.140103
0.14017
0.140233
0.140289
0.140325
0.140328
0.140288
0.140224
0.140218
0.140283
0.140325
0.140325
0.140289
0.140233
0.140166
0.140093
0.139986
0.139912
0.139891
0.139923
0.139977
0.14003
0.140078
0.140118
0.140151
0.140178
0.140202
0.140223
0.140244
0.140265
0.140287
0.140312
0.140338
0.140368
0.1404
0.140433
0.140469
0.140507
0.140546
0.140587
0.140628
0.140671
0.140715
0.140759
0.140804
0.140849
0.140894
0.140938
0.140981
0.141023
0.141063
0.141103
0.141143
0.141184
0.141227
0.141271
0.141317
0.141367
0.141419
0.141475
0.141533
0.141594
0.141656
0.141721
0.141786
0.141853
0.141921
0.14199
0.14206
0.142131
0.142203
0.142276
0.14235
0.142423
0.142497
0.14257
0.142643
0.142716
0.142787
0.142858
0.142927
0.142996
0.143063
0.143128
0.143172
0.140299
0.140268
0.140233
0.140197
0.140157
0.140108
0.140048
0.139978
0.13991
0.139861
0.139829
0.139838
0.139902
0.139991
0.140084
0.140168
0.140241
0.140305
0.140355
0.140379
0.140367
0.140317
0.140251
0.140243
0.140309
0.14036
0.140373
0.14035
0.140299
0.140232
0.140153
0.140051
0.13995
0.139856
0.139823
0.139835
0.139874
0.13993
0.14
0.140064
0.140117
0.14016
0.140194
0.140222
0.140247
0.140271
0.140293
0.140317
0.140341
0.140368
0.140396
0.140425
0.140456
0.140489
0.140523
0.140559
0.140595
0.140632
0.14067
0.140709
0.140748
0.140788
0.140829
0.14087
0.140911
0.140952
0.140993
0.141035
0.141077
0.14112
0.141163
0.141207
0.141253
0.1413
0.14135
0.141401
0.141455
0.141511
0.141569
0.141628
0.141688
0.141749
0.141811
0.141873
0.141936
0.141999
0.142062
0.142125
0.142187
0.142249
0.14231
0.14237
0.14243
0.142488
0.142544
0.1426
0.142654
0.142707
0.142759
0.142784
0.140203
0.14016
0.1401
0.140032
0.139955
0.139879
0.139819
0.13977
0.139741
0.139746
0.139793
0.139885
0.139983
0.140081
0.140172
0.140253
0.140324
0.140381
0.140418
0.140426
0.140398
0.140337
0.140264
0.140247
0.140323
0.140385
0.140413
0.140405
0.140367
0.140308
0.140231
0.140139
0.140035
0.139922
0.139807
0.139741
0.13972
0.139735
0.139777
0.139834
0.139909
0.139986
0.140055
0.140113
0.140162
0.140203
0.140237
0.140267
0.140294
0.14032
0.140345
0.14037
0.140396
0.140423
0.140451
0.14048
0.14051
0.140541
0.140573
0.140606
0.14064
0.140675
0.14071
0.140747
0.140784
0.140822
0.140861
0.140901
0.140942
0.140984
0.141026
0.141069
0.141113
0.141158
0.141204
0.141252
0.1413
0.14135
0.1414
0.141452
0.141504
0.141557
0.14161
0.141663
0.141716
0.141768
0.14182
0.141872
0.141922
0.141972
0.142021
0.142068
0.142115
0.142161
0.142205
0.142249
0.142291
0.142333
0.142374
0.142389
0.139907
0.139853
0.139786
0.139723
0.139667
0.139628
0.139612
0.139624
0.139671
0.139759
0.139882
0.139992
0.140093
0.140187
0.140271
0.140345
0.140406
0.14045
0.140469
0.140457
0.140411
0.140333
0.140231
0.140202
0.14031
0.140392
0.140438
0.140449
0.140428
0.140382
0.140317
0.140235
0.140139
0.14003
0.139906
0.139776
0.139672
0.139611
0.139586
0.139592
0.139624
0.139674
0.139732
0.139796
0.139868
0.139942
0.14001
0.140072
0.140127
0.140176
0.140219
0.140257
0.140291
0.140323
0.140352
0.14038
0.140407
0.140435
0.140463
0.140491
0.140521
0.140551
0.140582
0.140614
0.140647
0.140682
0.140717
0.140753
0.14079
0.140828
0.140868
0.140907
0.140948
0.140989
0.141031
0.141074
0.141117
0.14116
0.141204
0.141248
0.141292
0.141336
0.14138
0.141423
0.141466
0.141508
0.141549
0.141589
0.141629
0.141667
0.141705
0.141742
0.141777
0.141812
0.141846
0.14188
0.141912
0.141944
0.141976
0.141981
0.139545
0.139502
0.139472
0.139457
0.139464
0.139499
0.139567
0.139669
0.139786
0.139906
0.140025
0.140128
0.14022
0.140304
0.140376
0.140437
0.140481
0.140504
0.140501
0.140466
0.140396
0.140289
0.14015
0.140136
0.140266
0.140371
0.14044
0.140474
0.140475
0.140448
0.140401
0.140334
0.140253
0.140158
0.140049
0.139926
0.139795
0.139664
0.139553
0.139475
0.13943
0.139414
0.139419
0.139443
0.13948
0.139529
0.139584
0.139642
0.139701
0.13976
0.13982
0.139885
0.139952
0.140017
0.14008
0.140138
0.140191
0.14024
0.140284
0.140325
0.140362
0.140397
0.140431
0.140464
0.140497
0.14053
0.140563
0.140597
0.140631
0.140666
0.140701
0.140736
0.140772
0.140808
0.140844
0.140881
0.140917
0.140953
0.140989
0.141024
0.141059
0.141093
0.141127
0.14116
0.141192
0.141223
0.141253
0.141282
0.14131
0.141338
0.141365
0.141391
0.141416
0.141441
0.141465
0.141489
0.141514
0.141538
0.141562
0.141563
0.13924
0.139248
0.139289
0.139357
0.139453
0.139578
0.139712
0.139842
0.139964
0.140076
0.140178
0.140267
0.140346
0.140414
0.14047
0.140511
0.140532
0.14053
0.1405
0.140437
0.140339
0.140205
0.140057
0.140052
0.140194
0.140324
0.140418
0.140476
0.140503
0.140501
0.140476
0.14043
0.140368
0.140293
0.140204
0.140103
0.139989
0.139864
0.139732
0.139599
0.139469
0.139361
0.139281
0.139229
0.139201
0.139193
0.139199
0.139218
0.139246
0.139283
0.139325
0.139374
0.139428
0.139486
0.139547
0.139608
0.139668
0.139726
0.139789
0.139861
0.139938
0.140014
0.140085
0.14015
0.140209
0.140262
0.140311
0.140356
0.140398
0.140438
0.140475
0.140511
0.140545
0.140578
0.14061
0.140641
0.14067
0.140699
0.140727
0.140753
0.140779
0.140803
0.140827
0.14085
0.140871
0.140892
0.140912
0.140932
0.140951
0.140969
0.140987
0.141006
0.141024
0.141042
0.141061
0.14108
0.1411
0.14112
0.14114
0.141137
0.139272
0.13933
0.139437
0.139562
0.139693
0.139824
0.139948
0.140061
0.140164
0.140257
0.14034
0.140411
0.140471
0.140518
0.140551
0.140566
0.140559
0.140528
0.140468
0.140375
0.140247
0.140088
0.139942
0.139932
0.14005
0.140214
0.140343
0.140433
0.140489
0.140516
0.140518
0.140497
0.140459
0.140405
0.140337
0.140258
0.140166
0.140062
0.139945
0.139818
0.139679
0.139532
0.139379
0.139234
0.139112
0.139019
0.138952
0.138907
0.13888
0.138868
0.138868
0.138878
0.138897
0.138924
0.138959
0.138999
0.139043
0.13909
0.139141
0.139196
0.139255
0.139315
0.139376
0.139438
0.139508
0.139588
0.139671
0.139751
0.139825
0.139892
0.139952
0.140006
0.140053
0.140095
0.140132
0.140165
0.140194
0.14022
0.140243
0.140263
0.140282
0.140299
0.140314
0.140329
0.140343
0.140356
0.140369
0.140382
0.140395
0.140409
0.140423
0.140437
0.140452
0.140467
0.140482
0.140498
0.140514
0.14053
0.140543
0.140518
0.13936
0.139441
0.139581
0.139733
0.139872
0.139996
0.140106
0.140203
0.140288
0.140364
0.14043
0.140481
0.140518
0.14054
0.140544
0.140528
0.140487
0.140417
0.140315
0.140176
0.140002
0.139829
0.139738
0.139751
0.139869
0.14007
0.140238
0.140363
0.14045
0.140507
0.140537
0.140543
0.140529
0.140498
0.140453
0.140394
0.140323
0.140241
0.140147
0.140041
0.139922
0.139789
0.139641
0.139482
0.139317
0.139149
0.138984
0.138836
0.138715
0.13862
0.138548
0.138494
0.138456
0.13843
0.138416
0.13841
0.138412
0.138421
0.138434
0.138452
0.138474
0.138499
0.138528
0.138559
0.138594
0.138631
0.13867
0.13871
0.138747
0.138783
0.138816
0.138852
0.138895
0.138942
0.138989
0.139033
0.139073
0.13911
0.139143
0.139172
0.139199
0.139223
0.139246
0.139267
0.139288
0.139309
0.139329
0.139351
0.139372
0.139395
0.139418
0.139442
0.139466
0.13949
0.139515
0.139539
0.139562
0.139583
0.139599
0.139573
0.139772
0.139876
0.139993
0.140107
0.140211
0.140303
0.140384
0.140453
0.140511
0.140559
0.140596
0.140619
0.140627
0.140617
0.140587
0.140533
0.140451
0.140337
0.140188
0.140003
0.139789
0.139578
0.139465
0.139444
0.13951
0.139646
0.13983
0.14002
0.140171
0.140283
0.140361
0.140405
0.140423
0.140419
0.140396
0.140356
0.140301
0.140231
0.140146
0.140045
0.139925
0.139783
0.139618
0.139428
0.139221
0.139014
0.138817
0.138636
0.138473
0.138331
0.138209
0.138105
0.138016
0.13794
0.137877
0.137823
0.137779
0.137742
0.137712
0.137688
0.137669
0.137654
0.137643
0.137635
0.13763
0.137626
0.137623
0.13762
0.137617
0.137613
0.137608
0.137603
0.137599
0.137595
0.137591
0.137587
0.137582
0.137578
0.137578
0.137579
0.137585
0.137593
0.137605
0.13762
0.137638
0.137659
0.137683
0.137709
0.137737
0.137766
0.137796
0.137825
0.137854
0.13788
0.137905
0.137926
0.137944
0.137958
0.137961
0.137903
0.139461
0.13946
0.139521
0.139598
0.139674
0.139747
0.139815
0.139876
0.139929
0.139974
0.140011
0.140012
0.139982
0.139918
0.139828
0.139722
0.139606
0.13948
0.139344
0.139203
0.139071
0.13897
0.138929
0.138961
0.139073
0.139278
0.139504
0.139718
0.139904
0.140059
0.140181
0.140269
0.140328
0.140362
0.140373
0.140363
0.140334
0.140287
0.140222
0.14014
0.14004
0.13992
0.13978
0.139622
0.139449
0.139265
0.139074
0.138879
0.138681
0.138482
0.138289
0.13811
0.137949
0.137808
0.137684
0.137575
0.137477
0.137388
0.137308
0.137234
0.137165
0.1371
0.137039
0.13698
0.136924
0.136869
0.136816
0.136763
0.136712
0.136661
0.13661
0.13656
0.13651
0.136461
0.136414
0.136367
0.136321
0.136276
0.136232
0.13619
0.13615
0.13611
0.136071
0.136034
0.135997
0.135962
0.135928
0.135896
0.135869
0.135853
0.135851
0.13586
0.135874
0.135891
0.135909
0.135925
0.135938
0.135947
0.135942
0.135869
0.139731
0.139732
0.139751
0.139779
0.139809
0.139837
0.13986
0.139876
0.139883
0.139877
0.139854
0.139812
0.139745
0.139656
0.139549
0.139427
0.139293
0.13915
0.139
0.138845
0.138686
0.138526
0.138371
0.138242
0.138198
0.138226
0.138298
0.138393
0.1385
0.138608
0.138708
0.138795
0.138866
0.13892
0.138957
0.138977
0.138982
0.13897
0.138943
0.138902
0.138847
0.138779
0.138698
0.138606
0.138502
0.138389
0.138267
0.138137
0.138001
0.13786
0.137717
0.137574
0.137435
0.1373
0.13717
0.137045
0.136924
0.136808
0.136695
0.136586
0.136478
0.136374
0.136271
0.136172
0.136074
0.135978
0.135883
0.135791
0.1357
0.135612
0.135526
0.135441
0.135359
0.13528
0.135201
0.135125
0.135051
0.134979
0.134908
0.134839
0.134771
0.134703
0.134636
0.134568
0.134501
0.134432
0.134363
0.134293
0.134222
0.13415
0.134078
0.134006
0.133932
0.133856
0.133778
0.133696
0.133611
0.133522
0.133429
0.133335
0.138098
0.138121
0.138138
0.138144
0.138132
0.138114
0.138091
0.138064
0.138029
0.137981
0.137917
0.137854
0.137788
0.13772
0.137652
0.137587
0.13753
0.137486
0.137461
0.137457
0.137474
0.137506
0.137548
0.137599
0.13766
0.137732
0.137811
0.137898
0.137988
0.138081
0.138171
0.138256
0.138333
0.138401
0.138461
0.13851
0.138548
0.138575
0.13859
0.138594
0.138588
0.138572
0.138546
0.13851
0.138465
0.138411
0.138349
0.138278
0.138199
0.138112
0.138016
0.137913
0.137803
0.137685
0.137561
0.137429
0.137291
0.137146
0.136993
0.136835
0.136675
0.13651
0.136338
0.136158
0.135968
0.135773
0.135577
0.135386
0.135201
0.135024
0.134855
0.134693
0.134538
0.13439
0.134246
0.134107
0.133973
0.133842
0.133713
0.133585
0.13346
0.133336
0.133213
0.133089
0.132965
0.132841
0.132718
0.132595
0.132473
0.132351
0.13223
0.132108
0.131987
0.131865
0.131741
0.131615
0.131488
0.13136
0.131233
0.131112
0.137858
0.137823
0.137783
0.137739
0.137694
0.13765
0.137606
0.137564
0.137524
0.137486
0.13745
0.137417
0.137385
0.137356
0.137329
0.137306
0.137288
0.137275
0.137269
0.137269
0.137274
0.137281
0.137289
0.137295
0.137298
0.137295
0.137288
0.137275
0.137256
0.137232
0.137203
0.137178
0.13716
0.137146
0.137133
0.137119
0.137101
0.137078
0.137051
0.137021
0.136988
0.136949
0.136903
0.136851
0.136794
0.136731
0.136664
0.136594
0.136518
0.136436
0.136348
0.136254
0.136156
0.136053
0.135945
0.135833
0.135717
0.135598
0.135473
0.135345
0.135211
0.135076
0.134941
0.134808
0.134677
0.134543
0.13441
0.134278
0.13415
0.134027
0.133904
0.133784
0.13367
0.133558
0.133447
0.133337
0.133229
0.133125
0.133021
0.132918
0.132816
0.132714
0.132611
0.132507
0.132402
0.132297
0.13219
0.132083
0.131974
0.131866
0.131756
0.131645
0.131534
0.13142
0.131303
0.131178
0.131037
0.130875
0.130688
0.130504
0.139577
0.139902
0.140165
0.140366
0.140513
0.140616
0.140683
0.14072
0.140726
0.140704
0.140693
0.14067
0.14064
0.140608
0.140573
0.140537
0.140501
0.140465
0.140429
0.140393
0.140356
0.140319
0.14028
0.14024
0.140198
0.140153
0.140107
0.140057
0.140003
0.139941
0.139875
0.139838
0.139787
0.139733
0.139676
0.139618
0.139557
0.139493
0.139426
0.139355
0.13928
0.139202
0.139121
0.139037
0.13895
0.138858
0.13876
0.138659
0.138554
0.138442
0.138324
0.1382
0.138069
0.137931
0.137788
0.137639
0.137486
0.13733
0.137173
0.137017
0.136856
0.136696
0.136547
0.136377
0.136199
0.136009
0.135807
0.135596
0.135371
0.135132
0.134883
0.134618
0.13434
0.134054
0.133765
0.133473
0.133185
0.132898
0.132614
0.132333
0.132055
0.131782
0.131509
0.131237
0.130965
0.130693
0.13042
0.130147
0.129872
0.129595
0.129317
0.129035
0.12875
0.12846
0.128167
0.127872
0.127578
0.12729
0.127028
0.126818
0.124018
0.123014
0.122549
0.122375
0.122347
0.122372
0.122333
0.122126
0.121753
0.121298
0.12159
0.12101
0.120334
0.119697
0.119094
0.11852
0.117973
0.11745
0.116948
0.116468
0.11601
0.115575
0.115162
0.114772
0.114402
0.11405
0.113713
0.113388
0.113073
0.112774
0.112605
0.113086
0.112799
0.112507
0.112208
0.1119
0.111585
0.111262
0.110932
0.110595
0.110252
0.109903
0.109549
0.10919
0.108826
0.108458
0.108085
0.107709
0.107328
0.106945
0.106558
0.106168
0.105776
0.105381
0.104986
0.104593
0.104201
0.10381
0.103421
0.103034
0.10265
0.102451
0.10262
0.102346
0.102049
0.10174
0.101418
0.101086
0.100743
0.100391
0.10003
0.0996614
0.0992849
0.0989018
0.0985128
0.0981184
0.0977193
0.097316
0.0969089
0.0964985
0.096085
0.0956688
0.0952499
0.0948286
0.094405
0.093979
0.0935507
0.0931203
0.0926883
0.0922556
0.0918236
0.0913943
0.090971
0.0905583
0.0901636
0.0897986
0.0894812
0.0892399
0.0891194
0.0891952
0.415445
0.429583
0.44295
0.455602
0.467612
0.479038
0.489933
0.500343
0.510304
0.519853
0.529019
0.537829
0.546306
0.554473
0.56235
0.569953
0.577315
0.584412
0.591277
0.59793
0.604382
0.610643
0.616725
0.622635
0.628382
0.633976
0.639423
0.644732
0.64991
0.654963
0.659898
0.664723
0.669372
0.673834
0.678359
0.6828
0.687161
0.691449
0.695667
0.699823
0.70392
0.707965
0.711963
0.715918
0.719837
0.723725
0.727586
0.731238
0.734791
0.738632
0.742469
0.746305
0.750144
0.753991
0.75785
0.761726
0.765622
0.769543
0.773492
0.777074
0.780728
0.784902
0.789114
0.793364
0.797652
0.80198
0.806349
0.809669
0.814797
0.819242
0.159718
0.160558
0.1615
0.162529
0.163635
0.16481
0.166049
0.167347
0.168698
0.170101
0.171553
0.173051
0.174595
0.176181
0.177809
0.179477
0.181189
0.18293
0.184706
0.18652
0.188369
0.190253
0.192171
0.194122
0.196104
0.198117
0.20016
0.202233
0.204334
0.206464
0.208623
0.210811
0.212995
0.215174
0.217462
0.219783
0.222135
0.224517
0.226928
0.229368
0.231837
0.234336
0.236865
0.239425
0.242019
0.244648
0.247315
0.249925
0.252554
0.255418
0.25834
0.261319
0.264362
0.267476
0.270672
0.27396
0.277354
0.280868
0.28452
0.288087
0.291918
0.296302
0.300901
0.30573
0.310817
0.316189
0.321876
0.327215
0.334328
0.341206
0.145784
0.145789
0.145804
0.145828
0.145858
0.145893
0.145932
0.145972
0.146012
0.146053
0.146094
0.146136
0.146178
0.146222
0.146268
0.146315
0.146365
0.146417
0.146471
0.146527
0.146586
0.146648
0.146712
0.146779
0.146848
0.14692
0.146995
0.147072
0.147151
0.147232
0.147315
0.1474
0.147481
0.147558
0.147645
0.147733
0.147819
0.147905
0.147992
0.14808
0.14817
0.148262
0.148356
0.148454
0.148556
0.148663
0.148774
0.148872
0.148969
0.149108
0.149257
0.149417
0.149587
0.149769
0.149966
0.150177
0.150406
0.150656
0.150931
0.151175
0.151468
0.151888
0.152364
0.152902
0.153515
0.154221
0.15504
0.1558
0.157144
0.158533
0.143783
0.143736
0.143687
0.143638
0.14359
0.143542
0.143495
0.143451
0.143408
0.143367
0.143327
0.14329
0.143254
0.143219
0.143185
0.143152
0.14312
0.143088
0.143057
0.143027
0.142998
0.142969
0.14294
0.142912
0.142885
0.142858
0.142831
0.142804
0.142778
0.142751
0.142726
0.1427
0.142675
0.142649
0.142625
0.1426
0.142576
0.142552
0.142528
0.142504
0.142479
0.142454
0.142429
0.142403
0.142376
0.142348
0.142318
0.142286
0.142252
0.142218
0.142184
0.142148
0.142112
0.142074
0.142036
0.141996
0.141955
0.141914
0.141871
0.141822
0.141772
0.141727
0.141684
0.141644
0.141608
0.141577
0.141553
0.14152
0.141535
0.141558
0.14333
0.143291
0.143252
0.143212
0.14317
0.143127
0.143083
0.143038
0.142994
0.142949
0.142906
0.142864
0.142822
0.142782
0.142742
0.142704
0.142666
0.142628
0.142591
0.142554
0.142517
0.142481
0.142445
0.14241
0.142375
0.142342
0.142309
0.142278
0.142247
0.142218
0.142191
0.142164
0.142139
0.142113
0.142089
0.142064
0.14204
0.142017
0.141993
0.141969
0.141946
0.141923
0.141899
0.141876
0.141854
0.141831
0.141809
0.141787
0.141765
0.141742
0.14172
0.141697
0.141675
0.141653
0.14163
0.141609
0.141587
0.141566
0.141546
0.141526
0.141506
0.141486
0.141466
0.141449
0.141433
0.141419
0.141409
0.141403
0.141401
0.141406
0.143075
0.143043
0.143013
0.142981
0.142948
0.142913
0.142876
0.142837
0.142798
0.142758
0.142719
0.14268
0.142643
0.142606
0.14257
0.142534
0.1425
0.142465
0.142431
0.142397
0.142363
0.142329
0.142295
0.142262
0.142229
0.142197
0.142165
0.142134
0.142104
0.142075
0.142047
0.14202
0.141994
0.141969
0.141944
0.141919
0.141895
0.141871
0.141847
0.141824
0.1418
0.141777
0.141754
0.141731
0.141708
0.141686
0.141664
0.141643
0.141621
0.141599
0.141577
0.141555
0.141533
0.141512
0.14149
0.141469
0.141449
0.141429
0.14141
0.141392
0.141373
0.141355
0.141338
0.141322
0.141308
0.141296
0.141287
0.141282
0.141282
0.141287
0.142704
0.142679
0.142656
0.142632
0.142607
0.142579
0.142549
0.142516
0.142482
0.142447
0.142412
0.142377
0.142342
0.142309
0.142276
0.142244
0.142213
0.142182
0.142151
0.14212
0.142089
0.142058
0.142026
0.141995
0.141963
0.141931
0.141899
0.141868
0.141837
0.141808
0.14178
0.141753
0.141728
0.141703
0.141679
0.141656
0.141634
0.141612
0.141591
0.14157
0.141549
0.141528
0.141507
0.141487
0.141467
0.141446
0.141427
0.141407
0.141386
0.141365
0.141344
0.141323
0.141302
0.14128
0.141259
0.141238
0.141217
0.141197
0.141178
0.14116
0.141141
0.141122
0.141104
0.141087
0.141072
0.141059
0.14105
0.141043
0.141042
0.141045
0.142325
0.142305
0.142288
0.14227
0.14225
0.142227
0.142202
0.142174
0.142145
0.142114
0.142082
0.14205
0.142018
0.141986
0.141955
0.141924
0.141894
0.141866
0.141838
0.14181
0.141783
0.141757
0.14173
0.141705
0.141679
0.141654
0.141629
0.141604
0.141579
0.141554
0.141529
0.141503
0.141478
0.141451
0.141424
0.141397
0.14137
0.141343
0.141316
0.141289
0.141262
0.141236
0.141211
0.141185
0.141161
0.141137
0.141114
0.141091
0.141069
0.141046
0.141024
0.141001
0.14098
0.140958
0.140937
0.140916
0.140896
0.140876
0.140858
0.14084
0.140822
0.140802
0.140784
0.140767
0.140752
0.14074
0.140731
0.140725
0.140724
0.140726
0.141936
0.141922
0.141908
0.141895
0.14188
0.141862
0.141841
0.141818
0.141793
0.141766
0.141738
0.14171
0.141682
0.141654
0.141627
0.141601
0.141576
0.141551
0.141527
0.141504
0.141481
0.141459
0.141438
0.141419
0.1414
0.141382
0.141364
0.141346
0.141327
0.141308
0.141289
0.141269
0.141249
0.141229
0.141208
0.141187
0.141165
0.141144
0.141122
0.1411
0.141079
0.141057
0.141035
0.141013
0.140992
0.14097
0.140948
0.140926
0.140904
0.140882
0.140862
0.140842
0.140824
0.140806
0.140789
0.140772
0.140755
0.140738
0.140722
0.140705
0.140689
0.140672
0.140657
0.140643
0.140629
0.140618
0.140609
0.140603
0.140601
0.140603
0.141533
0.141523
0.141513
0.141502
0.14149
0.141476
0.141458
0.141438
0.141416
0.141392
0.141368
0.141344
0.14132
0.141299
0.141279
0.14126
0.141241
0.141223
0.141204
0.141186
0.141168
0.141151
0.141134
0.141118
0.141102
0.141086
0.14107
0.141054
0.141038
0.141022
0.141006
0.14099
0.140974
0.140957
0.140941
0.140924
0.140907
0.140891
0.140874
0.140857
0.14084
0.140823
0.140806
0.14079
0.140773
0.140757
0.14074
0.140725
0.140709
0.140692
0.140677
0.140661
0.140645
0.14063
0.140615
0.140599
0.140584
0.14057
0.140555
0.140541
0.140526
0.140511
0.140496
0.140481
0.140467
0.140453
0.14044
0.140429
0.140425
0.140425
0.141119
0.141112
0.141104
0.141093
0.141081
0.141067
0.14105
0.141031
0.14101
0.140987
0.140964
0.140942
0.140923
0.140905
0.140889
0.140873
0.140857
0.140841
0.140825
0.140808
0.140793
0.140777
0.140762
0.140747
0.140733
0.140718
0.140703
0.140689
0.140674
0.14066
0.140645
0.14063
0.140615
0.1406
0.140584
0.140569
0.140553
0.140537
0.140521
0.140506
0.14049
0.140473
0.140457
0.140441
0.140425
0.14041
0.140394
0.140379
0.140364
0.140348
0.140332
0.140317
0.140302
0.140286
0.140271
0.140255
0.14024
0.140225
0.140211
0.140197
0.140181
0.140166
0.14015
0.140135
0.140119
0.140104
0.140091
0.140077
0.140069
0.140068
0.140508
0.140506
0.140496
0.140481
0.140464
0.140446
0.140427
0.140405
0.140382
0.14036
0.140341
0.140324
0.140309
0.140295
0.140281
0.140267
0.140252
0.140237
0.140222
0.140207
0.140192
0.140177
0.140162
0.140147
0.140132
0.140118
0.140103
0.140089
0.140074
0.140059
0.140044
0.140029
0.140014
0.139998
0.139983
0.139967
0.139951
0.139935
0.139919
0.139902
0.139886
0.13987
0.139853
0.139836
0.13982
0.139803
0.139787
0.139772
0.139755
0.139739
0.139723
0.139707
0.139691
0.139675
0.139659
0.139643
0.139627
0.139611
0.139596
0.139581
0.139566
0.13955
0.139534
0.139518
0.139502
0.139486
0.139473
0.139457
0.139447
0.139445
0.139546
0.139539
0.139524
0.139503
0.139481
0.139457
0.139433
0.13941
0.139388
0.139369
0.139351
0.139336
0.139323
0.139312
0.139299
0.139286
0.139272
0.139258
0.139243
0.139229
0.139214
0.1392
0.139185
0.139171
0.139157
0.139144
0.13913
0.139116
0.139102
0.139088
0.139074
0.13906
0.139046
0.139031
0.139017
0.139002
0.138988
0.138973
0.138958
0.138943
0.138929
0.138914
0.138899
0.138884
0.138869
0.138854
0.13884
0.138826
0.138812
0.138798
0.138784
0.13877
0.138757
0.138743
0.13873
0.138716
0.138703
0.13869
0.138678
0.138665
0.138652
0.13864
0.138627
0.138614
0.1386
0.138587
0.138575
0.13856
0.13855
0.138546
0.137838
0.137826
0.13781
0.13779
0.137769
0.137751
0.137735
0.137721
0.13771
0.137701
0.137694
0.13769
0.137687
0.137683
0.137679
0.137673
0.137666
0.137658
0.13765
0.137642
0.137634
0.137626
0.137618
0.137611
0.137603
0.137596
0.137589
0.137582
0.137574
0.137567
0.137559
0.137551
0.137543
0.137535
0.137526
0.137518
0.13751
0.137502
0.137493
0.137485
0.137477
0.137468
0.13746
0.137452
0.137443
0.137435
0.137426
0.137418
0.137409
0.137402
0.137395
0.137388
0.137381
0.137375
0.137368
0.137362
0.137355
0.137349
0.137342
0.137335
0.137327
0.137322
0.137316
0.137309
0.137301
0.137292
0.137282
0.137266
0.137254
0.137244
0.135779
0.135763
0.135747
0.135734
0.135722
0.135713
0.135705
0.135697
0.135691
0.135685
0.13568
0.135674
0.135668
0.135662
0.135656
0.135649
0.135643
0.135637
0.13563
0.135624
0.135619
0.135614
0.13561
0.135607
0.135605
0.135603
0.135602
0.1356
0.135599
0.135596
0.135592
0.135586
0.135579
0.13557
0.135561
0.135553
0.135545
0.135538
0.135531
0.135524
0.135518
0.135512
0.135506
0.1355
0.135493
0.135486
0.135478
0.135469
0.13546
0.135453
0.135448
0.135446
0.135445
0.135445
0.135446
0.135447
0.135447
0.135447
0.135446
0.135442
0.135439
0.13544
0.135442
0.135444
0.135443
0.135439
0.135433
0.135417
0.135408
0.1354
0.133249
0.133242
0.133238
0.133235
0.133232
0.13323
0.133228
0.133227
0.133226
0.133225
0.133224
0.133222
0.133221
0.133219
0.133217
0.133214
0.133212
0.133209
0.133206
0.133203
0.1332
0.133197
0.133194
0.133191
0.133189
0.133186
0.133183
0.133181
0.133178
0.133176
0.133173
0.13317
0.133166
0.133161
0.133156
0.133152
0.133148
0.133144
0.13314
0.133137
0.133134
0.133132
0.133129
0.133127
0.133125
0.133123
0.13312
0.133115
0.133109
0.133105
0.133102
0.1331
0.133099
0.133098
0.133098
0.133099
0.133099
0.1331
0.133099
0.133094
0.13309
0.133089
0.13309
0.133092
0.133094
0.133095
0.133094
0.133081
0.133076
0.133066
0.131023
0.131004
0.130988
0.130972
0.130956
0.130941
0.130926
0.130911
0.130896
0.130881
0.130866
0.130852
0.130838
0.130824
0.130809
0.130795
0.130781
0.130767
0.130753
0.130739
0.130724
0.13071
0.130696
0.130682
0.130668
0.130655
0.130642
0.130629
0.130617
0.130605
0.130594
0.130582
0.130569
0.130555
0.130542
0.130529
0.130516
0.130504
0.130493
0.130482
0.130473
0.130464
0.130455
0.130447
0.13044
0.130432
0.130424
0.130413
0.1304
0.130389
0.130379
0.130371
0.130364
0.130359
0.130354
0.130351
0.130348
0.130345
0.13034
0.13033
0.130319
0.130311
0.130307
0.130305
0.130304
0.130302
0.130298
0.130276
0.130264
0.130245
0.130316
0.130254
0.130195
0.130137
0.130078
0.130018
0.129959
0.1299
0.12984
0.129781
0.129723
0.129664
0.129606
0.129548
0.12949
0.129433
0.129375
0.129318
0.12926
0.129202
0.129144
0.129086
0.129028
0.128971
0.128914
0.128857
0.128801
0.128746
0.128691
0.128636
0.128582
0.128528
0.128472
0.128413
0.128354
0.128295
0.128238
0.128181
0.128126
0.128071
0.128018
0.127965
0.127914
0.127865
0.127816
0.127769
0.127722
0.12767
0.127612
0.127556
0.127501
0.12745
0.127401
0.127355
0.127311
0.12727
0.127231
0.127194
0.127156
0.127108
0.127053
0.127003
0.12696
0.126923
0.12689
0.12686
0.12683
0.12677
0.126729
0.126685
0.125663
0.125497
0.125391
0.125288
0.125183
0.125076
0.124967
0.124856
0.124744
0.12463
0.124516
0.1244
0.124283
0.124165
0.124047
0.123928
0.12381
0.123691
0.123571
0.12345
0.123329
0.123208
0.123088
0.122968
0.122848
0.122728
0.122609
0.122491
0.122374
0.122259
0.122144
0.122031
0.121911
0.121779
0.121653
0.121529
0.121407
0.121287
0.12117
0.121055
0.120942
0.120832
0.120725
0.120621
0.12052
0.120421
0.120322
0.120202
0.120065
0.119942
0.119826
0.119717
0.119613
0.119517
0.119426
0.119343
0.119264
0.11919
0.119116
0.118997
0.118869
0.118774
0.118699
0.11864
0.118596
0.118563
0.118538
0.118396
0.118402
0.118382
0.0814961
0.080106
0.0793345
0.0786388
0.0779704
0.077324
0.0766981
0.0760914
0.0755031
0.0749321
0.0743776
0.0738388
0.073315
0.0728054
0.0723096
0.071827
0.0713618
0.0709056
0.0704577
0.070019
0.0695903
0.0691719
0.0687641
0.0683673
0.0679817
0.0676076
0.0672451
0.0668946
0.066556
0.0662296
0.0659151
0.0656124
0.0653004
0.0649617
0.0646445
0.0643399
0.0640458
0.0637621
0.0634889
0.0632264
0.0629747
0.0627339
0.0625041
0.0622855
0.0620779
0.0618813
0.061695
0.0614621
0.0611884
0.0609557
0.0607424
0.0605434
0.0603581
0.0601866
0.0600288
0.059885
0.059755
0.0596389
0.0595366
0.0593208
0.0590768
0.0589072
0.0587754
0.0586736
0.0586023
0.0585648
0.0585665
0.0582688
0.0584144
0.0586472
0.868334
0.920503
0.949476
0.967126
0.978988
0.987646
0.99437
0.999829
1.00441
1.00834
1.01178
1.01483
1.01758
1.02009
1.02238
1.0245
1.02648
1.02833
1.03007
1.03172
1.03328
1.03477
1.03619
1.03756
1.03888
1.04015
1.04138
1.04257
1.04373
1.04486
1.04596
1.04704
1.04809
1.04913
1.05015
1.05115
1.05213
1.0531
1.05406
1.05501
1.05595
1.05688
1.0578
1.05871
1.05962
1.06052
1.06142
1.06231
1.06319
1.06408
1.06496
1.06583
1.06671
1.06758
1.06845
1.06932
1.07019
1.07106
1.07193
1.0728
1.07367
1.07453
1.0754
1.07626
1.07712
1.07798
1.07882
1.07966
1.08047
1.08124
1.08196
1.08261
1.08313
1.08349
1.08364
0.421987
0.549338
0.645827
0.717488
0.771285
0.812651
0.845331
0.871814
0.893763
0.912314
0.928263
0.942182
0.954487
0.965486
0.975411
0.984441
0.992715
1.00035
1.00742
1.01402
1.02019
1.02599
1.03147
1.03666
1.04158
1.04627
1.05075
1.05503
1.05915
1.06311
1.06692
1.0706
1.07416
1.07761
1.08095
1.08421
1.08737
1.09046
1.09347
1.09641
1.09929
1.1021
1.10487
1.10758
1.11024
1.11286
1.11544
1.11798
1.12048
1.12295
1.12538
1.12779
1.13017
1.13252
1.13485
1.13716
1.13945
1.14171
1.14396
1.14619
1.1484
1.15059
1.15277
1.15493
1.15707
1.15919
1.16128
1.16333
1.16533
1.16725
1.16906
1.17069
1.17207
1.17308
1.17358
0.176356
0.232881
0.306827
0.386735
0.463152
0.531412
0.590395
0.640772
0.683845
0.720951
0.753239
0.781619
0.806798
0.829325
0.849631
0.868059
0.884888
0.900345
0.914614
0.927848
0.940176
0.951704
0.962522
0.972707
0.982325
0.991433
1.00008
1.00831
1.01616
1.02367
1.03086
1.03776
1.04439
1.05077
1.05693
1.06288
1.06863
1.0742
1.07961
1.08486
1.08996
1.09492
1.09976
1.10448
1.10909
1.1136
1.118
1.12232
1.12655
1.1307
1.13477
1.13877
1.1427
1.14657
1.15038
1.15413
1.15782
1.16147
1.16506
1.16861
1.17212
1.17558
1.17901
1.18239
1.18573
1.18902
1.19227
1.19546
1.19857
1.20158
1.20444
1.20708
1.20938
1.21116
1.21215
0.141916
0.145324
0.156019
0.177464
0.210996
0.254776
0.305239
0.3585
0.411353
0.461668
0.508329
0.550972
0.589695
0.62483
0.656788
0.685971
0.71274
0.7374
0.760207
0.781378
0.801096
0.81952
0.836785
0.853011
0.868302
0.882747
0.896427
0.909411
0.921759
0.933526
0.94476
0.955504
0.965796
0.975672
0.985161
0.994292
1.00309
1.01158
1.01978
1.02772
1.0354
1.04284
1.05007
1.05709
1.06391
1.07056
1.07703
1.08334
1.0895
1.09552
1.1014
1.10715
1.11279
1.11831
1.12372
1.12902
1.13423
1.13935
1.14438
1.14933
1.15419
1.15898
1.16369
1.16834
1.17291
1.17741
1.18184
1.18619
1.19044
1.19458
1.19855
1.20227
1.20561
1.20831
1.20998
0.14152
0.141585
0.141592
0.142164
0.144546
0.150362
0.16118
0.178081
0.201385
0.230603
0.264601
0.301885
0.340898
0.380261
0.418899
0.456083
0.491392
0.524648
0.555839
0.585054
0.61243
0.63812
0.662276
0.685035
0.706521
0.726845
0.746103
0.764383
0.781764
0.798316
0.814104
0.829187
0.843616
0.857439
0.8707
0.883438
0.895688
0.907482
0.918852
0.929823
0.940422
0.95067
0.96059
0.970202
0.979523
0.98857
0.99736
1.00591
1.01422
1.02232
1.03022
1.03791
1.04543
1.05277
1.05994
1.06696
1.07383
1.08055
1.08714
1.0936
1.09993
1.10615
1.11225
1.11824
1.12413
1.12992
1.1356
1.14117
1.14663
1.15195
1.1571
1.162
1.16649
1.17029
1.17284
0.141393
0.141584
0.141731
0.141774
0.141684
0.141545
0.14162
0.142374
0.144442
0.148561
0.15546
0.165752
0.179829
0.197803
0.219485
0.244422
0.271964
0.301362
0.331855
0.362753
0.393478
0.423592
0.452794
0.4809
0.507821
0.533538
0.558074
0.581481
0.603821
0.62516
0.645563
0.66509
0.683799
0.70174
0.718962
0.73551
0.751424
0.766743
0.781502
0.795736
0.809475
0.822747
0.83558
0.847999
0.860026
0.871683
0.88299
0.893966
0.904629
0.914994
0.925077
0.934893
0.944455
0.953775
0.962865
0.971737
0.980401
0.988865
0.99714
1.00523
1.01316
1.02091
1.02851
1.03595
1.04325
1.0504
1.05741
1.06429
1.07102
1.0776
1.084
1.09015
1.0959
1.10095
1.10462
0.141128
0.141282
0.141436
0.141588
0.141722
0.141812
0.141827
0.141747
0.141589
0.141426
0.141407
0.141758
0.142778
0.144824
0.148281
0.153533
0.160921
0.170704
0.183033
0.197929
0.215281
0.234853
0.256318
0.279281
0.303326
0.328042
0.353057
0.378051
0.402766
0.42701
0.450649
0.473599
0.495815
0.517283
0.538009
0.558011
0.577316
0.595953
0.613953
0.631346
0.64816
0.664424
0.680164
0.695405
0.710171
0.724484
0.738366
0.751839
0.764921
0.777631
0.789988
0.802007
0.813704
0.825095
0.836193
0.847011
0.857562
0.867858
0.877909
0.887726
0.897318
0.906695
0.915866
0.924838
0.933618
0.942213
0.950629
0.95887
0.966936
0.974824
0.982517
0.989968
0.99706
1.0035
1.00852
0.140797
0.140928
0.141057
0.141188
0.141322
0.141457
0.141588
0.141707
0.141799
0.141847
0.141835
0.141756
0.141618
0.141455
0.141327
0.141332
0.141602
0.1423
0.143621
0.145774
0.148981
0.153452
0.159381
0.166921
0.176178
0.187198
0.199963
0.214391
0.230345
0.247638
0.266052
0.285351
0.305295
0.325653
0.346216
0.3668
0.387255
0.407458
0.427318
0.446772
0.465777
0.484308
0.502355
0.519918
0.537001
0.553617
0.569779
0.5855
0.600795
0.61568
0.63017
0.644279
0.658021
0.67141
0.684459
0.697181
0.709589
0.721694
0.733508
0.745043
0.756308
0.767313
0.778069
0.788583
0.798865
0.808921
0.818758
0.828383
0.8378
0.847009
0.856004
0.864762
0.873208
0.881115
0.88778
0.140655
0.140751
0.140847
0.140945
0.141043
0.141143
0.141245
0.14135
0.141457
0.141564
0.141666
0.141758
0.14183
0.141873
0.141878
0.141837
0.141753
0.141632
0.141495
0.141376
0.141326
0.14141
0.141711
0.142327
0.14337
0.144961
0.147224
0.150285
0.154266
0.159274
0.165398
0.172704
0.18123
0.190983
0.201937
0.214034
0.227191
0.241298
0.256229
0.271847
0.288011
0.304579
0.321418
0.338406
0.355435
0.37241
0.389256
0.40591
0.422326
0.438468
0.454312
0.469844
0.485054
0.499941
0.514504
0.528748
0.542676
0.556297
0.569616
0.582641
0.595379
0.607837
0.620024
0.631945
0.643608
0.655019
0.666184
0.677109
0.687799
0.698256
0.708482
0.718469
0.728189
0.737538
0.746112
0.14046
0.140524
0.14059
0.140658
0.140728
0.140799
0.140874
0.140951
0.14103
0.141113
0.141199
0.141287
0.141377
0.141467
0.141555
0.141637
0.141709
0.141765
0.141801
0.141811
0.141792
0.141744
0.14167
0.14158
0.141486
0.141411
0.141383
0.141439
0.141623
0.141988
0.142592
0.143502
0.144787
0.14652
0.148775
0.151624
0.155137
0.159375
0.164391
0.170227
0.176909
0.18445
0.192845
0.202073
0.212097
0.222866
0.234317
0.246376
0.258964
0.271995
0.285384
0.299049
0.312909
0.326891
0.340928
0.35496
0.368937
0.382817
0.396564
0.41015
0.423553
0.436759
0.449754
0.46253
0.475083
0.487409
0.499508
0.511378
0.52302
0.534435
0.545621
0.556579
0.567308
0.577843
0.588498
0.140091
0.140131
0.140171
0.140214
0.140261
0.14031
0.140361
0.140415
0.140472
0.140532
0.140595
0.14066
0.140728
0.140799
0.140872
0.140949
0.141027
0.141108
0.141189
0.14127
0.141347
0.141418
0.14148
0.14153
0.141566
0.141584
0.141584
0.141565
0.14153
0.141484
0.141433
0.141387
0.141361
0.141372
0.14144
0.14159
0.141852
0.142256
0.142838
0.143637
0.144693
0.146049
0.147747
0.14983
0.152342
0.15532
0.158803
0.162821
0.167402
0.172563
0.178317
0.184668
0.19161
0.199131
0.207208
0.215813
0.22491
0.234456
0.244407
0.254713
0.265323
0.276186
0.287251
0.29847
0.309796
0.321186
0.3326
0.344003
0.355362
0.36665
0.377841
0.388915
0.399855
0.410734
0.423152
0.139445
0.139441
0.13944
0.139448
0.139462
0.139482
0.139507
0.139538
0.139574
0.139614
0.139659
0.139708
0.139761
0.139816
0.139875
0.139937
0.140002
0.14007
0.140141
0.140215
0.140292
0.140372
0.140454
0.140537
0.14062
0.140701
0.14078
0.140853
0.14092
0.140979
0.141028
0.141066
0.141092
0.141106
0.141108
0.141101
0.141088
0.141071
0.141057
0.141053
0.141066
0.141108
0.141191
0.141327
0.141533
0.141826
0.142225
0.14275
0.143423
0.144267
0.145306
0.146564
0.148067
0.149839
0.151903
0.154283
0.157
0.160072
0.163516
0.167345
0.171569
0.176193
0.181218
0.186642
0.192457
0.198653
0.205213
0.212117
0.219344
0.226866
0.234657
0.242686
0.250925
0.259242
0.270479
0.138531
0.138493
0.138456
0.138421
0.138389
0.138361
0.138338
0.138323
0.138316
0.138319
0.138329
0.138348
0.138373
0.138405
0.138443
0.138486
0.138534
0.138586
0.138643
0.138705
0.138771
0.13884
0.138914
0.138991
0.139071
0.139153
0.139237
0.139322
0.139407
0.139492
0.139576
0.139657
0.139735
0.13981
0.139879
0.139943
0.14
0.14005
0.140093
0.140128
0.140155
0.140176
0.14019
0.140199
0.140205
0.14021
0.140218
0.140231
0.140255
0.140295
0.140355
0.140444
0.140567
0.140734
0.140954
0.141236
0.14159
0.142029
0.142563
0.143204
0.143965
0.14486
0.145901
0.1471
0.148472
0.150027
0.151779
0.153737
0.155912
0.158313
0.160947
0.163819
0.16695
0.170153
0.17534
0.137059
0.136717
0.136401
0.136113
0.135855
0.135636
0.135481
0.135397
0.135369
0.135381
0.135419
0.135473
0.13554
0.135613
0.135692
0.135774
0.13586
0.135949
0.136041
0.136136
0.136233
0.136333
0.136435
0.136538
0.136642
0.136748
0.136853
0.136958
0.137062
0.137165
0.137266
0.137365
0.137462
0.137557
0.137648
0.137737
0.137822
0.137904
0.137981
0.138055
0.138124
0.138189
0.138249
0.138305
0.138355
0.1384
0.13844
0.138476
0.138507
0.138533
0.138557
0.138578
0.138597
0.138615
0.138635
0.138657
0.138684
0.138717
0.13876
0.138815
0.138885
0.138973
0.139084
0.139221
0.139388
0.13959
0.139832
0.140118
0.140454
0.140845
0.141296
0.141814
0.142408
0.143029
0.144157
0.135164
0.134733
0.134347
0.134001
0.133696
0.133437
0.133231
0.133078
0.132972
0.132905
0.132868
0.132855
0.132859
0.132877
0.132906
0.132945
0.132995
0.133053
0.13312
0.133195
0.133278
0.133368
0.133463
0.133564
0.133668
0.133775
0.133885
0.133995
0.134105
0.134215
0.134323
0.134429
0.134533
0.134634
0.134733
0.134828
0.13492
0.135008
0.135094
0.135176
0.135254
0.135329
0.135401
0.135469
0.135534
0.135596
0.135654
0.135709
0.135761
0.135809
0.135855
0.135897
0.135937
0.135974
0.136008
0.13604
0.13607
0.136097
0.136123
0.136148
0.136172
0.136196
0.136219
0.136244
0.13627
0.136298
0.136329
0.136365
0.136405
0.136452
0.136506
0.13657
0.136643
0.136725
0.136875
0.132705
0.13203
0.131399
0.130828
0.130324
0.129888
0.12952
0.129216
0.128973
0.128784
0.128643
0.128544
0.128481
0.128451
0.128475
0.128545
0.128643
0.128757
0.128879
0.129008
0.129141
0.129277
0.129416
0.129558
0.1297
0.129842
0.129984
0.130125
0.130263
0.130399
0.130531
0.13066
0.130784
0.130904
0.13102
0.131131
0.131237
0.131339
0.131435
0.131528
0.131616
0.1317
0.131779
0.131855
0.131926
0.131994
0.132059
0.13212
0.132178
0.132233
0.132285
0.132334
0.132381
0.132425
0.132467
0.132507
0.132545
0.132582
0.132616
0.132649
0.13268
0.13271
0.132738
0.132766
0.132791
0.132816
0.132839
0.132861
0.132882
0.132902
0.132921
0.13294
0.132957
0.132977
0.133
0.129678
0.128642
0.127706
0.12689
0.1262
0.125631
0.125172
0.124807
0.124536
0.124377
0.124312
0.124308
0.124339
0.124389
0.124452
0.124524
0.124605
0.124694
0.124789
0.124891
0.124998
0.125112
0.12523
0.125352
0.125478
0.125606
0.125736
0.125867
0.125997
0.126126
0.126254
0.126378
0.1265
0.126619
0.126733
0.126844
0.126951
0.127053
0.127151
0.127245
0.127334
0.127419
0.1275
0.127577
0.127651
0.12772
0.127786
0.127849
0.127907
0.127962
0.128014
0.128063
0.12811
0.128155
0.128199
0.128241
0.128282
0.128322
0.128362
0.1284
0.128439
0.128476
0.128514
0.128551
0.128587
0.128624
0.12866
0.128695
0.12873
0.128764
0.128798
0.128831
0.128863
0.128897
0.128939
0.125556
0.123595
0.12196
0.120665
0.119679
0.118948
0.11842
0.118049
0.117797
0.11764
0.117557
0.117533
0.117554
0.117613
0.117716
0.117865
0.118041
0.118229
0.118423
0.118618
0.118813
0.119007
0.119199
0.119389
0.119577
0.119763
0.119945
0.120124
0.1203
0.120471
0.120638
0.1208
0.120958
0.121111
0.121259
0.121402
0.121541
0.121674
0.121803
0.121928
0.122048
0.122163
0.122275
0.122382
0.122486
0.122586
0.122679
0.122756
0.122829
0.122901
0.122973
0.123047
0.123134
0.123229
0.123326
0.123424
0.123524
0.123624
0.123726
0.123829
0.123933
0.124039
0.124146
0.124254
0.124364
0.124475
0.124588
0.124702
0.124818
0.124936
0.125055
0.125176
0.125302
0.125415
0.125608
0.115531
0.111328
0.108538
0.106864
0.105937
0.105575
0.105646
0.105937
0.106321
0.106741
0.10717
0.107597
0.108016
0.108426
0.108827
0.109219
0.109605
0.109984
0.110357
0.110723
0.111084
0.111439
0.111789
0.112134
0.112475
0.112811
0.113142
0.113469
0.113791
0.114109
0.114422
0.11473
0.115034
0.115334
0.115629
0.115919
0.116206
0.116489
0.116768
0.117043
0.117315
0.117584
0.11785
0.118113
0.118374
0.118633
0.11889
0.119144
0.119396
0.119646
0.119894
0.120141
0.120388
0.120636
0.120885
0.121136
0.121389
0.121643
0.1219
0.12216
0.122422
0.122687
0.122956
0.123227
0.123503
0.123782
0.124066
0.124353
0.124646
0.124943
0.125246
0.125553
0.125871
0.126166
0.126654
0.0584789
0.0604213
0.0634067
0.0668569
0.0704438
0.0739809
0.0773773
0.0805846
0.0835747
0.0863362
0.0888708
0.0911879
0.0933021
0.09523
0.096989
0.0985959
0.100067
0.101417
0.10266
0.103809
0.104873
0.105864
0.10679
0.107658
0.108476
0.10925
0.109984
0.110685
0.111355
0.112
0.112621
0.113221
0.113804
0.114372
0.114926
0.115468
0.116
0.116523
0.117038
0.117547
0.118049
0.118548
0.119041
0.119532
0.120019
0.120506
0.120992
0.12148
0.121969
0.12246
0.122954
0.123452
0.123954
0.12446
0.124972
0.125489
0.126013
0.126542
0.127079
0.127622
0.128172
0.128731
0.129297
0.129871
0.130454
0.131046
0.131647
0.132258
0.132879
0.13351
0.134153
0.134806
0.135479
0.136112
0.137131
0.0351848
0.0360941
0.038245
0.0422274
0.0468031
0.0513056
0.0552094
0.0588531
0.0626161
0.0662753
0.069762
0.0730666
0.0761965
0.0791638
0.0819808
0.084659
0.0872087
0.0896388
0.0919572
0.094171
0.0962866
0.0983098
0.100246
0.102101
0.10388
0.105587
0.107228
0.108807
0.11033
0.111799
0.11322
0.114596
0.115931
0.117228
0.118491
0.119722
0.120924
0.1221
0.123251
0.124379
0.125487
0.126575
0.127642
0.128696
0.129767
0.130854
0.131956
0.133072
0.134202
0.135343
0.136495
0.137658
0.138831
0.140011
0.1412
0.142395
0.143597
0.144804
0.146017
0.147234
0.148456
0.149682
0.150912
0.152145
0.153382
0.154623
0.155868
0.157117
0.158372
0.159634
0.160904
0.16218
0.16347
0.164704
0.166548
0.11531
0.115645
0.116651
0.118079
0.119828
0.121801
0.123888
0.126008
0.128116
0.130181
0.132181
0.134106
0.13595
0.137714
0.139402
0.141017
0.142564
0.144048
0.145476
0.146851
0.148181
0.14947
0.150725
0.151952
0.153156
0.154343
0.155517
0.156682
0.157842
0.159
0.160158
0.161316
0.162477
0.163641
0.164807
0.165976
0.167147
0.168319
0.169492
0.170665
0.171838
0.173009
0.174177
0.175342
0.176504
0.177662
0.178817
0.179968
0.181116
0.182259
0.183398
0.184532
0.18566
0.186783
0.1879
0.189011
0.190116
0.191215
0.192308
0.193393
0.194472
0.195543
0.196607
0.197664
0.198715
0.199758
0.200795
0.201826
0.202848
0.203863
0.20487
0.205869
0.206865
0.207819
0.209167
0.143416
0.14247
0.142192
0.142309
0.142716
0.143358
0.144203
0.145223
0.146393
0.147692
0.149099
0.150598
0.152173
0.153807
0.155489
0.157204
0.158942
0.16069
0.162443
0.164191
0.165931
0.167657
0.169365
0.171052
0.172715
0.174353
0.175965
0.177548
0.179102
0.180628
0.182124
0.183591
0.185028
0.186436
0.187815
0.189166
0.190488
0.191782
0.193049
0.194289
0.195504
0.196692
0.197856
0.198995
0.20011
0.201203
0.202272
0.20332
0.204347
0.205353
0.206339
0.207306
0.208253
0.209179
0.210084
0.210971
0.211838
0.212686
0.213518
0.214333
0.215132
0.215916
0.216686
0.217443
0.218186
0.218918
0.219637
0.220345
0.221043
0.221729
0.222406
0.223073
0.223733
0.224358
0.225242
0.144733
0.146138
0.147309
0.148294
0.149133
0.149856
0.150489
0.151051
0.151559
0.152024
0.152456
0.152865
0.153256
0.153633
0.153999
0.154361
0.154678
0.155044
0.155521
0.1561
0.156769
0.157518
0.158337
0.159219
0.160155
0.161138
0.162161
0.163219
0.164306
0.165416
0.166545
0.167688
0.168841
0.170002
0.171167
0.172334
0.173499
0.174662
0.17582
0.176971
0.178114
0.179248
0.180372
0.181485
0.182585
0.183674
0.18475
0.185812
0.18686
0.187894
0.188915
0.18992
0.190913
0.191893
0.192861
0.193815
0.194756
0.195683
0.196596
0.197494
0.198378
0.199246
0.2001
0.200938
0.201761
0.202568
0.203361
0.204138
0.204901
0.205649
0.206382
0.207101
0.207809
0.208469
0.209428
0.139219
0.140577
0.14199
0.143421
0.144842
0.146231
0.147576
0.148867
0.150099
0.151271
0.152381
0.153431
0.154422
0.155356
0.156236
0.157066
0.157845
0.158578
0.159273
0.159937
0.160577
0.161197
0.161804
0.162399
0.162987
0.163569
0.164148
0.164725
0.165301
0.165877
0.166453
0.167031
0.167609
0.168189
0.16877
0.169352
0.169935
0.17052
0.171105
0.171692
0.172279
0.172866
0.173454
0.174042
0.174631
0.175219
0.175806
0.176394
0.17698
0.177566
0.178151
0.178734
0.179317
0.179898
0.180478
0.181058
0.181638
0.182218
0.182796
0.183373
0.18395
0.184524
0.185097
0.185668
0.186237
0.186804
0.187369
0.18793
0.18849
0.189046
0.1896
0.19015
0.190702
0.191215
0.191997
0.137925
0.138246
0.138682
0.139232
0.139884
0.140626
0.141445
0.142328
0.143263
0.144238
0.145244
0.146272
0.147314
0.148363
0.149414
0.15046
0.151498
0.152524
0.153535
0.154528
0.155501
0.156452
0.157383
0.158291
0.159178
0.160043
0.160889
0.161714
0.16252
0.163308
0.164079
0.164832
0.165571
0.166294
0.167003
0.167698
0.16838
0.169051
0.16971
0.170358
0.170996
0.171623
0.172242
0.172852
0.173454
0.174047
0.174633
0.175212
0.175783
0.176347
0.176905
0.177455
0.177999
0.178537
0.179068
0.179591
0.180107
0.180617
0.18112
0.181617
0.182108
0.182593
0.183073
0.183546
0.184015
0.184478
0.184936
0.18539
0.185839
0.186283
0.186724
0.187159
0.187595
0.187998
0.188612
0.138607
0.138718
0.138845
0.138998
0.139183
0.139406
0.139671
0.13998
0.140333
0.140728
0.141165
0.141641
0.142153
0.142697
0.143271
0.143872
0.144496
0.14514
0.145801
0.146476
0.147163
0.147859
0.148562
0.149269
0.149979
0.150691
0.151402
0.152112
0.152819
0.153522
0.154222
0.154916
0.155605
0.156287
0.156963
0.157632
0.158295
0.15895
0.159597
0.160237
0.16087
0.161496
0.162114
0.162724
0.163327
0.163923
0.164512
0.165094
0.165669
0.166238
0.166802
0.16736
0.167912
0.168459
0.169
0.169535
0.170066
0.17059
0.17111
0.171624
0.172132
0.172635
0.173132
0.173624
0.174111
0.174592
0.175069
0.17554
0.176006
0.176468
0.176925
0.177377
0.17783
0.17825
0.178891
0.139152
0.13928
0.139405
0.139529
0.139653
0.139781
0.139915
0.140058
0.140212
0.140379
0.14056
0.140757
0.14097
0.141199
0.141444
0.141705
0.141981
0.142272
0.142576
0.142894
0.143224
0.143566
0.143918
0.144281
0.144653
0.145034
0.145423
0.14582
0.146222
0.146631
0.147045
0.147464
0.147887
0.148314
0.148744
0.149176
0.149611
0.150048
0.150486
0.150925
0.151366
0.151807
0.152249
0.152691
0.153134
0.153578
0.154021
0.154465
0.154908
0.155352
0.155794
0.156237
0.156679
0.15712
0.15756
0.158
0.158439
0.158877
0.159314
0.15975
0.160185
0.16062
0.161054
0.161489
0.161923
0.162359
0.162796
0.163235
0.163678
0.164126
0.164581
0.165042
0.165518
0.165972
0.166706
0.139466
0.13964
0.139812
0.139981
0.140147
0.14031
0.140471
0.140631
0.140791
0.140951
0.141112
0.141276
0.141443
0.141613
0.141786
0.141962
0.142143
0.142327
0.142514
0.142706
0.142901
0.1431
0.143303
0.14351
0.143722
0.143937
0.144156
0.14438
0.144608
0.14484
0.145076
0.145316
0.14556
0.145807
0.146059
0.146314
0.146572
0.146832
0.147096
0.147362
0.14763
0.147901
0.148173
0.148448
0.148724
0.149002
0.149283
0.149565
0.149849
0.150136
0.150425
0.150717
0.151014
0.151314
0.151621
0.151934
0.152256
0.152588
0.152933
0.153293
0.153672
0.154072
0.154499
0.154957
0.15545
0.155985
0.156569
0.157207
0.157909
0.158681
0.159533
0.160473
0.161523
0.16259
0.164495
0.140021
0.14016
0.140305
0.140456
0.140611
0.140769
0.14093
0.141093
0.141259
0.141427
0.141597
0.141769
0.141943
0.142119
0.142296
0.142474
0.142653
0.142832
0.143012
0.143191
0.143371
0.143551
0.143731
0.143911
0.144091
0.144272
0.144453
0.144636
0.144819
0.145003
0.145188
0.145375
0.145562
0.14575
0.145939
0.146128
0.146319
0.14651
0.146703
0.146898
0.147095
0.147295
0.147499
0.14771
0.147929
0.148158
0.148402
0.148664
0.148948
0.14926
0.149606
0.149995
0.150433
0.150932
0.1515
0.152151
0.152897
0.153751
0.15473
0.155848
0.157123
0.158572
0.160214
0.162066
0.164147
0.166476
0.169069
0.171943
0.175115
0.178597
0.182402
0.186537
0.191034
0.195645
0.203013
0.140358
0.140529
0.140699
0.140868
0.141037
0.141207
0.141376
0.141546
0.141718
0.141891
0.142067
0.142244
0.142423
0.142603
0.142785
0.142967
0.14315
0.143333
0.143517
0.1437
0.143882
0.144064
0.144246
0.144427
0.144608
0.144788
0.144968
0.145147
0.145326
0.145506
0.145686
0.145869
0.146056
0.146249
0.146451
0.146666
0.1469
0.147159
0.147451
0.147785
0.148174
0.148629
0.149167
0.149804
0.15056
0.151456
0.152516
0.153763
0.155225
0.156928
0.158901
0.161173
0.163771
0.166725
0.170058
0.173797
0.177963
0.182573
0.187643
0.193183
0.199199
0.205692
0.212659
0.220089
0.22797
0.236282
0.245004
0.254108
0.263564
0.27334
0.283401
0.293709
0.304229
0.314873
0.3287
0.140756
0.140926
0.141096
0.141269
0.141442
0.141617
0.141792
0.141968
0.142146
0.142325
0.142505
0.142687
0.142871
0.143057
0.143245
0.143434
0.143625
0.143817
0.144012
0.144208
0.144406
0.144605
0.144805
0.145009
0.14522
0.145442
0.145681
0.145945
0.146246
0.146599
0.147019
0.147528
0.148151
0.148916
0.149855
0.151003
0.152399
0.154084
0.156101
0.158494
0.161308
0.164586
0.168368
0.172693
0.177592
0.183091
0.189212
0.195964
0.203353
0.211374
0.220012
0.229246
0.239048
0.249382
0.260206
0.271474
0.283137
0.295145
0.307445
0.319987
0.332719
0.345595
0.35857
0.371603
0.384656
0.397696
0.410693
0.423622
0.436461
0.44919
0.461793
0.474255
0.48657
0.498819
0.512199
0.141134
0.141329
0.141522
0.141716
0.141911
0.142105
0.142299
0.142493
0.142687
0.142882
0.143079
0.14328
0.143486
0.143699
0.143922
0.14416
0.144409
0.144673
0.14496
0.145281
0.145657
0.146114
0.146684
0.147407
0.148333
0.149515
0.151016
0.152904
0.155248
0.158123
0.161599
0.165746
0.170625
0.17629
0.182782
0.190129
0.198346
0.207429
0.217359
0.228104
0.239615
0.251832
0.264686
0.278101
0.291995
0.306286
0.320892
0.335733
0.350736
0.365833
0.380963
0.396072
0.411116
0.426057
0.440865
0.455516
0.469993
0.484282
0.498377
0.512271
0.525962
0.53945
0.552736
0.565821
0.578708
0.591399
0.603896
0.616201
0.628315
0.640239
0.65197
0.663502
0.67482
0.685883
0.696569
0.141625
0.141836
0.142048
0.142262
0.142479
0.142699
0.142923
0.143155
0.143401
0.143667
0.143968
0.144321
0.14474
0.145239
0.14586
0.146665
0.147743
0.1492
0.151153
0.153731
0.157063
0.16128
0.166498
0.172821
0.180326
0.189063
0.199051
0.210276
0.222692
0.236221
0.250763
0.266197
0.282387
0.299191
0.316467
0.334075
0.351887
0.369786
0.387668
0.40545
0.423059
0.440443
0.457559
0.47438
0.490889
0.507075
0.522937
0.538477
0.553701
0.568617
0.583235
0.597563
0.611613
0.625394
0.638916
0.652187
0.665216
0.67801
0.690576
0.702922
0.715053
0.726976
0.738696
0.750219
0.761549
0.772692
0.783651
0.794429
0.805028
0.815448
0.825683
0.83571
0.845466
0.854743
0.86284
0.142089
0.142362
0.14263
0.142906
0.143207
0.143561
0.14401
0.144622
0.145496
0.146691
0.148382
0.150804
0.154237
0.158978
0.165286
0.173368
0.183361
0.195323
0.209227
0.224966
0.242365
0.261197
0.2812
0.302096
0.323608
0.345477
0.36747
0.389385
0.411062
0.432373
0.453228
0.473567
0.493353
0.512573
0.531229
0.549332
0.566902
0.583963
0.600538
0.616655
0.632336
0.647605
0.662482
0.676987
0.691138
0.704951
0.718442
0.731624
0.74451
0.757115
0.76945
0.781526
0.793354
0.804945
0.816308
0.827454
0.83839
0.849124
0.859665
0.870019
0.880194
0.890194
0.900026
0.909696
0.919207
0.928564
0.93777
0.946828
0.955736
0.96449
0.973072
0.981438
0.989468
0.99685
1.00274
0.142452
0.142849
0.143385
0.144256
0.145794
0.148379
0.152548
0.159004
0.168387
0.1812
0.197589
0.217399
0.240225
0.265499
0.292564
0.320758
0.349467
0.378166
0.406438
0.433977
0.460579
0.486128
0.510574
0.533922
0.556207
0.577487
0.597831
0.617308
0.635985
0.653926
0.671187
0.687818
0.703862
0.719359
0.734344
0.748849
0.762901
0.776528
0.789755
0.802604
0.815097
0.827254
0.839094
0.850634
0.861889
0.872876
0.883607
0.894096
0.904354
0.914392
0.924221
0.933851
0.94329
0.952547
0.961629
0.970545
0.9793
0.987902
0.996357
1.00467
1.01285
1.02089
1.02881
1.03661
1.04429
1.05185
1.05929
1.06662
1.07383
1.08091
1.08783
1.09451
1.10081
1.10639
1.11048
0.143268
0.146224
0.152824
0.165266
0.185152
0.212737
0.246911
0.285656
0.326782
0.368381
0.40903
0.447804
0.484208
0.51806
0.549393
0.578363
0.605188
0.630103
0.653333
0.675081
0.695523
0.714804
0.73305
0.750364
0.766833
0.782534
0.797533
0.811887
0.82565
0.838868
0.851584
0.863836
0.875658
0.88708
0.89813
0.908834
0.919214
0.929291
0.939083
0.948608
0.95788
0.966916
0.975728
0.984328
0.992729
1.00094
1.00897
1.01684
1.02454
1.03209
1.03949
1.04675
1.05388
1.06089
1.06777
1.07454
1.0812
1.08775
1.0942
1.10055
1.10681
1.11298
1.11906
1.12506
1.13097
1.13681
1.14256
1.14822
1.15379
1.15924
1.16454
1.1696
1.17426
1.17821
1.18086
0.167542
0.213095
0.274614
0.343439
0.411371
0.47379
0.529024
0.577078
0.618713
0.654923
0.686672
0.714787
0.739938
0.76265
0.783328
0.802289
0.819783
0.836011
0.85114
0.865307
0.878628
0.891199
0.903105
0.914415
0.925189
0.935478
0.945328
0.954775
0.963855
0.972597
0.981027
0.989169
0.997045
1.00467
1.01207
1.01925
1.02624
1.03303
1.03965
1.04611
1.05241
1.05856
1.06458
1.07046
1.07623
1.08187
1.08741
1.09285
1.09818
1.10342
1.10857
1.11364
1.11863
1.12354
1.12837
1.13314
1.13784
1.14247
1.14705
1.15156
1.15602
1.16043
1.16478
1.16908
1.17333
1.17753
1.18168
1.18576
1.18976
1.19367
1.19742
1.20095
1.20411
1.20666
1.20821
0.393967
0.519168
0.613475
0.6837
0.736747
0.777817
0.810491
0.837164
0.859446
0.878436
0.894906
0.909408
0.92235
0.934035
0.944689
0.954488
0.963566
0.972028
0.979958
0.987425
0.994483
1.00118
1.00756
1.01364
1.01947
1.02506
1.03044
1.03562
1.04062
1.04546
1.05015
1.05469
1.0591
1.0634
1.06758
1.07165
1.07563
1.07952
1.08332
1.08703
1.09068
1.09425
1.09775
1.1012
1.10458
1.1079
1.11117
1.1144
1.11757
1.1207
1.12379
1.12683
1.12984
1.13281
1.13575
1.13865
1.14152
1.14436
1.14718
1.14997
1.15273
1.15546
1.15817
1.16086
1.16352
1.16615
1.16875
1.17131
1.17382
1.17624
1.17854
1.18066
1.18249
1.18388
1.18463
0.844308
0.902225
0.93468
0.954519
0.967806
0.977452
0.984928
0.991016
0.996161
1.00063
1.00459
1.00816
1.01142
1.01442
1.01722
1.01983
1.02229
1.02462
1.02684
1.02895
1.03098
1.03292
1.03479
1.0366
1.03835
1.04004
1.04168
1.04328
1.04483
1.04635
1.04783
1.04928
1.05069
1.05208
1.05345
1.05478
1.0561
1.05739
1.05867
1.05992
1.06116
1.06239
1.06359
1.06479
1.06597
1.06713
1.06829
1.06944
1.07057
1.0717
1.07282
1.07393
1.07503
1.07612
1.07721
1.0783
1.07937
1.08045
1.08151
1.08258
1.08364
1.08469
1.08574
1.08679
1.08783
1.08886
1.08988
1.09089
1.09186
1.0928
1.09368
1.09447
1.09511
1.09556
1.09575
0.0877314
0.0861466
0.0853321
0.084624
0.083937
0.0832601
0.0825912
0.0819295
0.081274
0.0806237
0.0799778
0.079335
0.0786944
0.0780548
0.0774149
0.0767734
0.0761253
0.0754664
0.0748005
0.0741289
0.0734526
0.0727725
0.0720899
0.0714059
0.0707217
0.0700384
0.069357
0.0686787
0.0680046
0.0673357
0.066673
0.0660173
0.0653683
0.0646327
0.0638929
0.0631547
0.0624162
0.0616783
0.0609428
0.0602112
0.0594853
0.0587668
0.0580571
0.0573578
0.0566699
0.0559937
0.0553286
0.0546409
0.0537938
0.0529403
0.052104
0.0512818
0.0504763
0.0496907
0.0489279
0.0481899
0.0474776
0.0467901
0.0461236
0.045333
0.044338
0.0433587
0.0424566
0.0416259
0.0408645
0.040167
0.0395251
0.0383548
0.0373776
0.0364546
0.138011
0.137978
0.137983
0.137979
0.137959
0.137924
0.137875
0.137812
0.137734
0.137642
0.137536
0.137416
0.13728
0.13713
0.136963
0.136779
0.136575
0.136348
0.136095
0.135814
0.135497
0.135134
0.13472
0.134276
0.133822
0.133361
0.132895
0.132429
0.131968
0.131516
0.131078
0.130665
0.130292
0.129907
0.129528
0.129157
0.128788
0.128422
0.128058
0.127697
0.12734
0.126986
0.126638
0.126295
0.125958
0.125627
0.1253
0.124959
0.12453
0.124096
0.123671
0.123254
0.122847
0.122451
0.122069
0.121702
0.121351
0.121014
0.120687
0.120283
0.119757
0.119251
0.118795
0.118387
0.118026
0.117703
0.117405
0.116763
0.116251
0.115696
0.136773
0.137019
0.137263
0.137507
0.137751
0.137996
0.138241
0.138487
0.138732
0.138978
0.139223
0.139468
0.139712
0.139956
0.140198
0.140438
0.140677
0.140914
0.141148
0.141379
0.141606
0.141827
0.142042
0.14225
0.142451
0.142643
0.142828
0.143004
0.143172
0.143333
0.143485
0.143629
0.143766
0.1439
0.144035
0.144163
0.144286
0.144402
0.144512
0.144616
0.144714
0.144806
0.144893
0.144973
0.145048
0.145117
0.145179
0.145233
0.145277
0.145323
0.145362
0.145396
0.145425
0.145449
0.145468
0.145483
0.145494
0.1455
0.145499
0.145478
0.145434
0.145392
0.145349
0.145305
0.145259
0.145206
0.145142
0.144975
0.144806
0.144618
0.132676
0.132744
0.132815
0.13289
0.132968
0.133049
0.133134
0.133222
0.133314
0.13341
0.133509
0.133612
0.133719
0.13383
0.133945
0.134064
0.134187
0.134314
0.134445
0.134581
0.134721
0.134866
0.135014
0.135166
0.135322
0.135481
0.135644
0.135808
0.135976
0.136145
0.136315
0.136487
0.136659
0.136842
0.137034
0.137228
0.137424
0.137621
0.137819
0.138018
0.138217
0.138415
0.138613
0.13881
0.139004
0.139197
0.139388
0.13958
0.139794
0.14002
0.140243
0.140464
0.14068
0.140892
0.141099
0.1413
0.141495
0.141684
0.141866
0.142059
0.142285
0.142519
0.142737
0.142938
0.143122
0.143288
0.143435
0.143619
0.143774
0.143881
0.137354
0.137327
0.137302
0.137277
0.137253
0.137229
0.137207
0.137185
0.137163
0.137142
0.137122
0.137102
0.137081
0.137061
0.137041
0.137021
0.137001
0.136981
0.136962
0.136943
0.136925
0.136908
0.136892
0.136877
0.136864
0.136853
0.136843
0.136835
0.136828
0.136823
0.13682
0.136818
0.136817
0.136818
0.13682
0.136826
0.136833
0.136844
0.136857
0.136873
0.136892
0.136913
0.136937
0.136963
0.136991
0.137021
0.137052
0.137085
0.137124
0.137168
0.137216
0.137266
0.137319
0.137374
0.137431
0.13749
0.137549
0.137608
0.137667
0.137733
0.137814
0.137902
0.137988
0.138071
0.138151
0.138226
0.138297
0.138395
0.138484
0.138558
0.136095
0.136143
0.136191
0.136238
0.136284
0.13633
0.136376
0.136422
0.136467
0.136512
0.136556
0.1366
0.136643
0.136685
0.136727
0.136768
0.136808
0.136847
0.136885
0.136922
0.136959
0.136994
0.137028
0.137061
0.137094
0.137125
0.137155
0.137185
0.137213
0.13724
0.137266
0.137291
0.137314
0.137336
0.137359
0.13738
0.137401
0.137421
0.13744
0.137458
0.137476
0.137493
0.137509
0.137525
0.13754
0.137555
0.137568
0.13758
0.137591
0.137603
0.137615
0.137627
0.137638
0.13765
0.137662
0.137673
0.137684
0.137695
0.137704
0.137713
0.137722
0.137733
0.137745
0.137756
0.137767
0.137777
0.137785
0.137793
0.137801
0.137808
0.138884
0.138859
0.138835
0.138812
0.13879
0.13877
0.138751
0.138734
0.138719
0.138704
0.13869
0.138678
0.138666
0.138654
0.138643
0.138633
0.138623
0.138613
0.138605
0.138596
0.138588
0.138581
0.138575
0.138569
0.138563
0.138559
0.138554
0.138551
0.138548
0.138545
0.138543
0.138541
0.138539
0.138537
0.138535
0.138534
0.138534
0.138533
0.138534
0.138534
0.138536
0.138537
0.138539
0.138541
0.138543
0.138544
0.138546
0.138548
0.138548
0.138549
0.138551
0.138553
0.138555
0.138557
0.138559
0.138561
0.138563
0.138564
0.138565
0.138565
0.138564
0.138563
0.138563
0.138563
0.138563
0.138563
0.138562
0.138557
0.138555
0.138553
0.13974
0.139725
0.13971
0.139694
0.139679
0.139664
0.13965
0.139637
0.139624
0.139612
0.1396
0.139588
0.139576
0.139564
0.139552
0.13954
0.139527
0.139515
0.139502
0.139488
0.139475
0.139461
0.139447
0.139433
0.139419
0.139404
0.139389
0.139374
0.139359
0.139344
0.13933
0.139315
0.139302
0.139289
0.139275
0.139262
0.13925
0.139237
0.139225
0.139213
0.139202
0.139191
0.139181
0.139172
0.139162
0.139154
0.139147
0.139141
0.139135
0.13913
0.139126
0.139121
0.139117
0.139113
0.13911
0.139107
0.139104
0.139101
0.1391
0.139098
0.139098
0.139097
0.139096
0.139094
0.139092
0.13909
0.139088
0.139086
0.139084
0.139084
0.1413
0.141264
0.141227
0.14119
0.141154
0.141118
0.141083
0.141049
0.141016
0.140983
0.14095
0.140918
0.140885
0.140853
0.14082
0.140787
0.140754
0.140721
0.140687
0.140653
0.140619
0.140584
0.14055
0.140515
0.14048
0.140444
0.140409
0.140373
0.140338
0.140302
0.140267
0.140233
0.140199
0.140165
0.140131
0.140097
0.140063
0.14003
0.139997
0.139965
0.139933
0.139902
0.139872
0.139842
0.139813
0.139786
0.13976
0.139736
0.139711
0.139687
0.139663
0.139641
0.139618
0.139597
0.139576
0.139556
0.139537
0.139519
0.139503
0.139488
0.139473
0.139457
0.139442
0.139427
0.139414
0.139402
0.139392
0.139383
0.139378
0.139377
0.141993
0.141962
0.141931
0.1419
0.141869
0.141839
0.14181
0.141781
0.141753
0.141725
0.141697
0.141668
0.14164
0.141611
0.141582
0.141553
0.141523
0.141493
0.141462
0.141431
0.1414
0.141368
0.141335
0.141302
0.141269
0.141235
0.141201
0.141166
0.141131
0.141096
0.141061
0.141026
0.140992
0.140957
0.140922
0.140887
0.140852
0.140816
0.140781
0.140745
0.14071
0.140675
0.14064
0.140606
0.140572
0.140539
0.140508
0.140478
0.140448
0.140418
0.140388
0.140357
0.140328
0.140298
0.140269
0.140241
0.140214
0.140188
0.140164
0.140141
0.140118
0.140093
0.140068
0.140045
0.140022
0.140002
0.139985
0.139969
0.139958
0.139954
0.142394
0.142354
0.142313
0.142273
0.142234
0.142196
0.142158
0.142122
0.142086
0.142051
0.142016
0.141981
0.141947
0.141912
0.141878
0.141843
0.141808
0.141773
0.141739
0.141704
0.141668
0.141633
0.141598
0.141563
0.141527
0.141492
0.141456
0.14142
0.141385
0.141349
0.141314
0.141279
0.141245
0.141211
0.141177
0.141143
0.141109
0.141076
0.141042
0.141008
0.140975
0.140942
0.14091
0.140877
0.140846
0.140815
0.140786
0.140758
0.14073
0.140702
0.140674
0.140646
0.140618
0.140591
0.140564
0.140537
0.140512
0.140487
0.140464
0.140442
0.14042
0.140397
0.140374
0.140351
0.140329
0.14031
0.140295
0.140281
0.140272
0.14027
0.142567
0.142526
0.142485
0.142446
0.142407
0.14237
0.142333
0.142298
0.142263
0.142229
0.142195
0.142162
0.142129
0.142096
0.142063
0.14203
0.141997
0.141965
0.141932
0.1419
0.141868
0.141836
0.141804
0.141772
0.14174
0.141708
0.141677
0.141646
0.141615
0.141584
0.141554
0.141524
0.141495
0.141467
0.141438
0.14141
0.141382
0.141354
0.141326
0.141298
0.141271
0.141244
0.141217
0.141191
0.141165
0.14114
0.141116
0.141093
0.14107
0.141047
0.141024
0.141
0.140977
0.140954
0.140931
0.140909
0.140887
0.140865
0.140845
0.140826
0.140806
0.140786
0.140765
0.140744
0.140725
0.140707
0.140693
0.140679
0.140671
0.14067
0.142659
0.142617
0.142576
0.142537
0.1425
0.142464
0.142429
0.142396
0.142363
0.142332
0.1423
0.14227
0.14224
0.14221
0.14218
0.142151
0.142122
0.142094
0.142066
0.142038
0.142011
0.141983
0.141957
0.141931
0.141905
0.141879
0.141854
0.141829
0.141805
0.141781
0.141757
0.141734
0.141712
0.14169
0.141668
0.141646
0.141625
0.141604
0.141582
0.141561
0.141541
0.14152
0.141499
0.141479
0.141459
0.141439
0.14142
0.141402
0.141383
0.141364
0.141345
0.141326
0.141307
0.141287
0.141268
0.141248
0.141229
0.14121
0.141192
0.141175
0.141156
0.141137
0.141118
0.141099
0.141081
0.141065
0.141052
0.14104
0.141033
0.141034
0.142985
0.142946
0.142909
0.142874
0.142841
0.14281
0.142781
0.142753
0.142725
0.142699
0.142673
0.142647
0.142622
0.142597
0.142573
0.142549
0.142525
0.142502
0.142479
0.142456
0.142434
0.142412
0.142391
0.14237
0.142349
0.142328
0.142308
0.142288
0.142269
0.14225
0.142231
0.142212
0.142194
0.142176
0.142158
0.142139
0.142121
0.142103
0.142085
0.142066
0.142048
0.142029
0.14201
0.141992
0.141973
0.141954
0.141935
0.141917
0.141899
0.141879
0.14186
0.14184
0.141819
0.141798
0.141777
0.141756
0.141735
0.141714
0.141694
0.141674
0.141652
0.141631
0.141609
0.141587
0.141567
0.141549
0.141534
0.141521
0.141513
0.141514
0.143437
0.143403
0.14337
0.143339
0.143311
0.143284
0.143259
0.143235
0.143212
0.14319
0.143167
0.143145
0.143124
0.143102
0.143081
0.14306
0.143039
0.143018
0.142998
0.142977
0.142957
0.142938
0.142918
0.142899
0.142879
0.14286
0.142841
0.142822
0.142803
0.142784
0.142765
0.142746
0.142728
0.142709
0.14269
0.142671
0.142651
0.142631
0.142611
0.14259
0.142569
0.142548
0.142527
0.142505
0.142483
0.142461
0.142438
0.142417
0.142394
0.142371
0.142347
0.142322
0.142297
0.142272
0.142246
0.14222
0.142195
0.142169
0.142144
0.14212
0.142095
0.142069
0.142043
0.142018
0.141995
0.141974
0.141958
0.141945
0.141939
0.141942
0.143996
0.143965
0.143935
0.143907
0.143881
0.143857
0.143834
0.143811
0.143789
0.143767
0.143745
0.143723
0.143701
0.143678
0.143656
0.143633
0.143611
0.143588
0.143566
0.143543
0.143521
0.143498
0.143476
0.143453
0.14343
0.143407
0.143384
0.143361
0.143337
0.143313
0.14329
0.143266
0.143242
0.143217
0.143193
0.143167
0.143142
0.143116
0.143089
0.143062
0.143035
0.143007
0.142978
0.14295
0.142921
0.142892
0.142863
0.142834
0.142805
0.142775
0.142744
0.142713
0.142681
0.142649
0.142617
0.142585
0.142553
0.142522
0.142491
0.142461
0.142431
0.1424
0.142371
0.142342
0.142316
0.142294
0.142276
0.142263
0.142259
0.142265
0.144528
0.144497
0.144466
0.144438
0.14441
0.144384
0.144358
0.144332
0.144306
0.14428
0.144254
0.144228
0.144201
0.144173
0.144146
0.144118
0.14409
0.144062
0.144034
0.144005
0.143977
0.143948
0.143919
0.14389
0.143861
0.143831
0.143802
0.143772
0.143741
0.143711
0.14368
0.14365
0.143619
0.143587
0.143556
0.143523
0.143491
0.143458
0.143425
0.143391
0.143357
0.143323
0.143289
0.143254
0.14322
0.143186
0.143152
0.143119
0.143084
0.143049
0.143014
0.14298
0.142945
0.142911
0.142877
0.142844
0.142812
0.142781
0.142753
0.142724
0.142694
0.142668
0.142644
0.142625
0.14261
0.142601
0.142601
0.142597
0.142619
0.142649
0.145295
0.145263
0.145234
0.145208
0.145185
0.145165
0.145148
0.145132
0.145119
0.145107
0.145098
0.14509
0.145084
0.145079
0.145077
0.145077
0.145078
0.145081
0.145086
0.145093
0.145102
0.145113
0.145126
0.145141
0.145158
0.145178
0.145199
0.145224
0.145251
0.14528
0.145313
0.145349
0.145388
0.145414
0.145454
0.145498
0.145544
0.145593
0.145646
0.145702
0.145762
0.145827
0.145897
0.145972
0.146054
0.146142
0.14624
0.146339
0.146407
0.146521
0.146645
0.146779
0.146924
0.14708
0.147251
0.147436
0.147639
0.147862
0.148109
0.148338
0.148553
0.148871
0.14923
0.149636
0.150097
0.150626
0.151237
0.151738
0.15264
0.153545
0.16869
0.169439
0.170266
0.171168
0.17214
0.173179
0.174279
0.175437
0.176649
0.177911
0.179221
0.180575
0.18197
0.183404
0.184873
0.186374
0.1879
0.189447
0.19102
0.192615
0.194229
0.19586
0.197508
0.199169
0.200842
0.202527
0.204222
0.205925
0.207638
0.209358
0.211085
0.212821
0.214563
0.216194
0.217932
0.219676
0.221424
0.223177
0.224935
0.226701
0.228476
0.230262
0.232061
0.233877
0.235713
0.237573
0.239463
0.241344
0.243061
0.245038
0.247065
0.249145
0.251289
0.253508
0.255816
0.258226
0.260756
0.263424
0.266249
0.269056
0.27191
0.275352
0.279042
0.283002
0.287259
0.291844
0.296789
0.301386
0.307569
0.313642
0.457907
0.46874
0.479054
0.48889
0.498289
0.507283
0.515904
0.524178
0.532129
0.539777
0.547142
0.554241
0.561088
0.567699
0.574086
0.58026
0.586225
0.591984
0.597568
0.602981
0.608231
0.613326
0.618274
0.623081
0.627754
0.6323
0.636724
0.641033
0.645232
0.649327
0.653324
0.657229
0.661045
0.664527
0.668159
0.67172
0.675214
0.678647
0.682023
0.685351
0.688634
0.69188
0.695095
0.698284
0.701454
0.704612
0.707763
0.710839
0.71356
0.716707
0.719875
0.723066
0.726288
0.729547
0.73285
0.736202
0.739611
0.743082
0.746621
0.74992
0.753051
0.756859
0.760758
0.764748
0.768832
0.773014
0.777297
0.780577
0.785662
0.790127
0.122436
0.122015
0.121722
0.121461
0.121211
0.120946
0.120614
0.120137
0.1194
0.118938
0.12005
0.119994
0.119849
0.119686
0.119508
0.119319
0.119117
0.118903
0.118678
0.118441
0.118194
0.117936
0.117666
0.117385
0.11709
0.116778
0.116442
0.116068
0.115628
0.115071
0.115476
0.115569
0.115405
0.115211
0.115006
0.114792
0.114568
0.114336
0.114096
0.113847
0.113591
0.113327
0.113055
0.112777
0.112491
0.112198
0.111899
0.111593
0.111281
0.110963
0.11064
0.11031
0.109973
0.10963
0.109279
0.108921
0.108552
0.10817
0.107765
0.107321
0.1068
0.106875
0.106743
0.106445
0.106123
0.105791
0.10545
0.1051
0.104741
0.104375
0.104
0.103617
0.103227
0.102829
0.102424
0.102012
0.101593
0.101168
0.100737
0.1003
0.0998585
0.0994127
0.0989639
0.0985134
0.0980633
0.0976161
0.0971746
0.0967417
0.0963203
0.0959121
0.0955183
0.0951385
0.0947716
0.0944155
0.0940684
0.0937323
0.0934268
0.0932373
0.0933577
0.0941241
0.139237
0.139048
0.138949
0.138894
0.138866
0.138858
0.138865
0.138879
0.138886
0.138892
0.138939
0.138958
0.138976
0.138995
0.139012
0.139027
0.13904
0.13905
0.139056
0.139058
0.139055
0.139048
0.139035
0.139017
0.138995
0.138968
0.138938
0.138905
0.138869
0.138823
0.138808
0.138786
0.138755
0.138721
0.138684
0.138644
0.138601
0.138556
0.138509
0.13846
0.138409
0.138357
0.138303
0.138249
0.138194
0.138138
0.138082
0.138026
0.137972
0.137918
0.137869
0.137823
0.137784
0.137751
0.137724
0.137703
0.137687
0.137676
0.137667
0.137659
0.137645
0.137653
0.137657
0.137661
0.137667
0.137677
0.13769
0.137706
0.137725
0.137746
0.13777
0.137796
0.137823
0.137853
0.137884
0.137915
0.137947
0.13798
0.138014
0.138047
0.138081
0.138113
0.138145
0.138173
0.138199
0.138221
0.13824
0.138256
0.138267
0.138275
0.138279
0.138278
0.138274
0.138266
0.138257
0.138249
0.138251
0.138281
0.138382
0.138648
0.137889
0.137911
0.137927
0.137938
0.137943
0.137941
0.137934
0.137924
0.137915
0.137909
0.137901
0.13789
0.137873
0.137852
0.137825
0.137793
0.137755
0.13771
0.137658
0.137596
0.137523
0.137434
0.137326
0.137193
0.137033
0.13685
0.136662
0.136477
0.136297
0.136123
0.135958
0.1358
0.135642
0.135485
0.135329
0.135174
0.135019
0.134865
0.134712
0.134561
0.134414
0.134271
0.134132
0.133996
0.133863
0.133734
0.13361
0.133493
0.133389
0.133309
0.133257
0.133225
0.133208
0.1332
0.133201
0.133206
0.133217
0.133231
0.133247
0.133264
0.133283
0.1333
0.133319
0.13334
0.133365
0.133392
0.133422
0.133454
0.133488
0.133525
0.133564
0.133606
0.13365
0.133698
0.133747
0.1338
0.133856
0.133914
0.133976
0.13404
0.134108
0.134179
0.134253
0.134333
0.134417
0.134505
0.134598
0.134695
0.134796
0.134902
0.135013
0.135129
0.135249
0.135375
0.135506
0.135644
0.135789
0.135946
0.13613
0.136377
0.138077
0.138057
0.138036
0.138015
0.137993
0.137969
0.137942
0.137911
0.137877
0.137843
0.137814
0.137783
0.137752
0.137718
0.137682
0.137644
0.137603
0.13756
0.137514
0.137463
0.137408
0.137348
0.137284
0.137216
0.137145
0.137072
0.136996
0.136918
0.13684
0.136761
0.136687
0.136615
0.136542
0.136467
0.136392
0.136316
0.136238
0.136161
0.136082
0.136004
0.135925
0.135846
0.135767
0.135689
0.135612
0.135536
0.135461
0.135387
0.135315
0.135244
0.135173
0.135103
0.135034
0.134966
0.134898
0.134831
0.134764
0.134698
0.134632
0.134567
0.134502
0.134442
0.134382
0.134323
0.134264
0.134204
0.134143
0.134082
0.13402
0.133958
0.133896
0.133834
0.133771
0.133708
0.133645
0.133581
0.133517
0.133453
0.133388
0.133322
0.133256
0.133188
0.133119
0.133049
0.132978
0.132906
0.132832
0.132758
0.132686
0.132617
0.132552
0.132492
0.132439
0.132406
0.132398
0.132409
0.132431
0.132464
0.132512
0.132591
0.13974
0.139752
0.139764
0.139776
0.139784
0.139787
0.139786
0.139779
0.139769
0.139756
0.13974
0.139717
0.139688
0.13965
0.139605
0.139553
0.139494
0.139426
0.13935
0.139263
0.139161
0.139043
0.13891
0.138774
0.13864
0.13851
0.138385
0.138263
0.138146
0.138032
0.137925
0.137823
0.137723
0.137625
0.137529
0.137436
0.137346
0.13726
0.137176
0.137095
0.137017
0.136942
0.136871
0.136808
0.136762
0.136732
0.136714
0.136702
0.136695
0.136691
0.13669
0.13669
0.136691
0.136694
0.136698
0.136703
0.136708
0.136714
0.136721
0.136729
0.136736
0.136744
0.136752
0.136761
0.136772
0.136783
0.136796
0.13681
0.136824
0.13684
0.136858
0.136876
0.136896
0.136916
0.136939
0.136963
0.136988
0.137014
0.137043
0.137073
0.137105
0.137138
0.137174
0.137212
0.137251
0.137292
0.13733
0.137364
0.137394
0.13742
0.13744
0.137456
0.137467
0.137474
0.137476
0.137473
0.137467
0.137456
0.137442
0.13742
0.139476
0.139481
0.139476
0.139464
0.139447
0.139427
0.139404
0.13938
0.139353
0.139319
0.139278
0.139232
0.139181
0.139125
0.139064
0.139
0.138932
0.138863
0.138792
0.138719
0.138646
0.138572
0.138498
0.138424
0.138351
0.138278
0.138205
0.138133
0.13806
0.137987
0.137916
0.137846
0.137777
0.137709
0.137642
0.137576
0.137511
0.137448
0.137385
0.137325
0.137266
0.13721
0.137158
0.137108
0.137062
0.137018
0.136977
0.136938
0.136902
0.136866
0.136833
0.1368
0.136769
0.136738
0.136707
0.136678
0.136648
0.136619
0.13659
0.136561
0.136533
0.136507
0.136481
0.136455
0.136428
0.136401
0.136374
0.136346
0.136318
0.136289
0.13626
0.13623
0.136199
0.136168
0.136136
0.136102
0.136067
0.136032
0.135995
0.135958
0.13592
0.135881
0.13584
0.135799
0.135757
0.135713
0.13567
0.13563
0.135595
0.135569
0.135568
0.135587
0.135615
0.135651
0.135692
0.135738
0.135788
0.135843
0.135909
0.136007
0.139692
0.13963
0.139573
0.13952
0.139472
0.139429
0.139391
0.139358
0.139329
0.139305
0.139284
0.139265
0.139244
0.139221
0.139193
0.139161
0.139121
0.139072
0.139012
0.138945
0.138878
0.138813
0.138749
0.138686
0.138625
0.138563
0.138502
0.138442
0.138381
0.138321
0.138263
0.138207
0.138151
0.138098
0.138046
0.137996
0.137949
0.137904
0.137863
0.137824
0.137793
0.137776
0.137772
0.137778
0.137791
0.137808
0.137829
0.137852
0.137878
0.137905
0.137934
0.137964
0.137996
0.138029
0.138062
0.138096
0.13813
0.138163
0.138197
0.138231
0.138264
0.138296
0.138328
0.138359
0.13839
0.138421
0.138451
0.138482
0.138512
0.138542
0.138572
0.138602
0.138631
0.138661
0.138691
0.138721
0.138751
0.138781
0.138811
0.13884
0.13887
0.1389
0.13893
0.138961
0.13899
0.139018
0.139041
0.13906
0.139073
0.139082
0.139085
0.139085
0.139079
0.13907
0.139057
0.139041
0.139021
0.138999
0.138976
0.138951
0.139315
0.139283
0.139256
0.139233
0.139215
0.139202
0.139192
0.139184
0.139177
0.139169
0.139158
0.139142
0.139119
0.139088
0.139048
0.139001
0.138953
0.138905
0.13886
0.138817
0.138777
0.13874
0.138705
0.138673
0.138643
0.138615
0.138589
0.138565
0.138542
0.138521
0.138503
0.138487
0.138474
0.138464
0.138457
0.138453
0.138452
0.138454
0.138458
0.138465
0.138475
0.138486
0.138499
0.138515
0.138531
0.138549
0.138568
0.138589
0.138615
0.138647
0.138686
0.138729
0.138775
0.138822
0.138869
0.138915
0.138961
0.139004
0.139046
0.139086
0.139124
0.139161
0.139196
0.139229
0.139259
0.139288
0.139314
0.139339
0.139362
0.139384
0.139404
0.139422
0.139439
0.139454
0.139468
0.13948
0.139491
0.139501
0.139508
0.139514
0.139518
0.139521
0.139521
0.13952
0.13952
0.139522
0.139527
0.139535
0.139545
0.139557
0.139572
0.139588
0.139606
0.139625
0.139645
0.139666
0.139688
0.13971
0.139735
0.13977
0.139254
0.139252
0.139257
0.139267
0.139278
0.139289
0.139298
0.139302
0.139303
0.139301
0.139295
0.139282
0.139258
0.139227
0.139194
0.139163
0.139134
0.139109
0.139088
0.13907
0.139056
0.139046
0.139041
0.139041
0.139045
0.139054
0.139067
0.139083
0.139103
0.139131
0.139163
0.139201
0.139247
0.139296
0.139347
0.1394
0.139455
0.13951
0.139566
0.139622
0.139678
0.139735
0.139791
0.139847
0.139902
0.139957
0.140012
0.140065
0.140118
0.140169
0.140218
0.140267
0.140314
0.140359
0.140403
0.140446
0.140487
0.140527
0.140565
0.140602
0.140638
0.140672
0.140706
0.140738
0.14077
0.1408
0.14083
0.14086
0.140889
0.140917
0.140945
0.140973
0.141001
0.141028
0.141056
0.141083
0.141111
0.141138
0.141166
0.141194
0.141223
0.141251
0.141279
0.141306
0.14133
0.141352
0.141371
0.141387
0.1414
0.14141
0.141418
0.141423
0.141426
0.141426
0.141424
0.14142
0.141415
0.141408
0.141399
0.141384
0.139287
0.139334
0.139375
0.139407
0.13943
0.139441
0.139443
0.139444
0.139443
0.139443
0.139443
0.139444
0.139445
0.139448
0.139454
0.139465
0.13948
0.139501
0.139527
0.139556
0.139589
0.139625
0.139666
0.139717
0.139775
0.139834
0.139894
0.139952
0.14001
0.140065
0.14012
0.140172
0.140223
0.140273
0.14032
0.140366
0.14041
0.140453
0.140495
0.140535
0.140575
0.140613
0.14065
0.140686
0.140721
0.140755
0.140789
0.140821
0.140853
0.140885
0.140915
0.140945
0.140975
0.141003
0.141032
0.141059
0.141085
0.141111
0.141137
0.141161
0.141185
0.141209
0.141231
0.141253
0.141275
0.141296
0.141316
0.141336
0.141355
0.141373
0.141392
0.141409
0.141427
0.141443
0.14146
0.141476
0.141492
0.141507
0.141522
0.141537
0.141552
0.141567
0.141584
0.141602
0.141622
0.141644
0.141667
0.141692
0.141719
0.141746
0.141775
0.141805
0.141835
0.141867
0.141898
0.141929
0.141961
0.141992
0.142024
0.142056
0.139606
0.139651
0.139679
0.139694
0.139706
0.139718
0.139729
0.139742
0.139757
0.139776
0.1398
0.139828
0.139859
0.139895
0.139935
0.13999
0.140053
0.140118
0.140184
0.140248
0.140311
0.140373
0.140431
0.140488
0.140541
0.140592
0.140641
0.140686
0.140729
0.14077
0.140808
0.140844
0.140878
0.14091
0.140939
0.140968
0.140994
0.141019
0.141043
0.141065
0.141087
0.141107
0.141127
0.141147
0.141166
0.141185
0.141204
0.141222
0.141241
0.14126
0.141279
0.141298
0.141318
0.141338
0.141359
0.141379
0.141401
0.141422
0.141444
0.141466
0.141489
0.141512
0.141535
0.141559
0.141583
0.141607
0.141632
0.141657
0.141683
0.141709
0.141735
0.141762
0.14179
0.141818
0.141847
0.141877
0.141907
0.141937
0.141968
0.141999
0.14203
0.142059
0.142088
0.142116
0.142143
0.142169
0.142195
0.14222
0.142244
0.142268
0.142291
0.142314
0.142337
0.142359
0.142382
0.142404
0.142427
0.142449
0.142472
0.142488
0.13994
0.139958
0.139974
0.139991
0.140011
0.140033
0.140058
0.140088
0.140131
0.14018
0.140231
0.140285
0.140339
0.140394
0.140449
0.140503
0.140556
0.140608
0.140658
0.140706
0.140752
0.140796
0.140836
0.140875
0.14091
0.140943
0.140973
0.141
0.141025
0.141048
0.141068
0.141086
0.141102
0.141117
0.141129
0.141141
0.141151
0.14116
0.141168
0.141176
0.141183
0.14119
0.141196
0.141203
0.14121
0.141217
0.141224
0.141232
0.14124
0.14125
0.14126
0.14127
0.141282
0.141295
0.141308
0.141322
0.141337
0.141353
0.14137
0.141388
0.141406
0.141425
0.141445
0.141465
0.141486
0.141507
0.141529
0.141551
0.141574
0.141597
0.14162
0.141644
0.141668
0.141692
0.141717
0.141743
0.141769
0.141797
0.141825
0.141855
0.141887
0.14192
0.141954
0.14199
0.142027
0.142065
0.142104
0.142145
0.142186
0.142228
0.14227
0.142314
0.142357
0.142401
0.142445
0.14249
0.142534
0.142578
0.142622
0.142663
0.140207
0.14021
0.140227
0.140256
0.14029
0.140327
0.140366
0.140406
0.140449
0.140493
0.140538
0.140584
0.14063
0.140676
0.140721
0.140763
0.140804
0.140842
0.140876
0.140908
0.140936
0.14096
0.140982
0.141
0.141015
0.141028
0.141039
0.141047
0.141054
0.14106
0.141064
0.141066
0.141068
0.141069
0.14107
0.141071
0.141071
0.141072
0.141073
0.141075
0.141077
0.14108
0.141084
0.141088
0.141094
0.1411
0.141108
0.141117
0.141127
0.141139
0.141152
0.141166
0.141181
0.141198
0.141217
0.141236
0.141257
0.141279
0.141303
0.141327
0.141353
0.14138
0.141407
0.141436
0.141466
0.141497
0.141529
0.141563
0.141596
0.141631
0.141666
0.141702
0.141738
0.141774
0.14181
0.141846
0.141882
0.141918
0.141954
0.14199
0.142025
0.142061
0.142096
0.142132
0.142168
0.142204
0.14224
0.142277
0.142314
0.142352
0.14239
0.142429
0.142469
0.142509
0.14255
0.142591
0.142634
0.142677
0.142721
0.142765
0.140321
0.140343
0.140369
0.140399
0.140434
0.140473
0.140515
0.14056
0.140605
0.140651
0.140695
0.140736
0.140774
0.140807
0.140836
0.140861
0.14088
0.140895
0.140906
0.140913
0.140917
0.140919
0.140918
0.140916
0.140913
0.140908
0.140904
0.140899
0.140895
0.140891
0.140887
0.140883
0.140881
0.14088
0.14088
0.140881
0.140884
0.140888
0.140894
0.1409
0.140909
0.140918
0.140929
0.140941
0.140954
0.140969
0.140985
0.141002
0.141021
0.141041
0.141062
0.141084
0.141107
0.141131
0.141157
0.141183
0.14121
0.141238
0.141267
0.141296
0.141327
0.141358
0.14139
0.141422
0.141456
0.14149
0.141526
0.141562
0.141599
0.141638
0.141677
0.141718
0.141759
0.141802
0.141845
0.14189
0.141935
0.141981
0.142028
0.142075
0.142123
0.142171
0.14222
0.142269
0.142319
0.142368
0.142418
0.142468
0.142519
0.142569
0.142619
0.14267
0.14272
0.142771
0.142821
0.142872
0.142922
0.142973
0.143026
0.143088
0.14038
0.140411
0.140446
0.140487
0.140531
0.140577
0.140622
0.140664
0.140702
0.140733
0.140757
0.140773
0.140783
0.140788
0.140787
0.140783
0.140776
0.140767
0.140757
0.140747
0.140737
0.140728
0.14072
0.140713
0.140708
0.140704
0.140702
0.140702
0.140703
0.140707
0.140713
0.140722
0.140733
0.140746
0.140761
0.140778
0.140797
0.140818
0.14084
0.140862
0.140886
0.140911
0.140937
0.140964
0.140993
0.141022
0.141052
0.141083
0.141115
0.141147
0.141181
0.141214
0.141249
0.141284
0.14132
0.141356
0.141394
0.141431
0.14147
0.141509
0.141548
0.141589
0.141629
0.141671
0.141713
0.141755
0.141797
0.141841
0.141884
0.141928
0.141972
0.142016
0.142061
0.142107
0.142153
0.142199
0.142246
0.142293
0.142341
0.14239
0.142439
0.142489
0.142539
0.142591
0.142643
0.142696
0.142749
0.142804
0.142859
0.142914
0.142971
0.143028
0.143086
0.143145
0.143204
0.143263
0.143323
0.143384
0.14345
0.143532
0.140423
0.140464
0.140507
0.140551
0.140592
0.140626
0.140652
0.140667
0.140673
0.140669
0.140659
0.140645
0.140629
0.140613
0.140599
0.140586
0.140577
0.140571
0.140568
0.140569
0.140573
0.14058
0.14059
0.140602
0.140616
0.140632
0.140649
0.140669
0.140694
0.140722
0.140753
0.140787
0.140823
0.14086
0.140897
0.140935
0.140972
0.141007
0.141042
0.141076
0.14111
0.141143
0.141176
0.14121
0.141243
0.141277
0.141312
0.141346
0.141381
0.141416
0.141451
0.141484
0.141517
0.141549
0.141581
0.141612
0.141643
0.141675
0.141708
0.141742
0.141777
0.141814
0.141852
0.141892
0.141933
0.141977
0.142021
0.142068
0.142116
0.142165
0.142216
0.142267
0.14232
0.142375
0.14243
0.142486
0.142542
0.1426
0.142659
0.142718
0.142778
0.142839
0.1429
0.142962
0.143025
0.143088
0.143152
0.143216
0.143281
0.143347
0.143414
0.143481
0.143548
0.143617
0.143686
0.143756
0.143827
0.143899
0.143978
0.144082
0.140435
0.140473
0.140505
0.140528
0.140539
0.140539
0.140527
0.140505
0.14048
0.140457
0.140439
0.140428
0.140423
0.140426
0.140435
0.14045
0.140472
0.140501
0.140535
0.140575
0.14062
0.140668
0.140719
0.140771
0.140824
0.140877
0.140933
0.140999
0.141073
0.141151
0.141229
0.141306
0.141383
0.141457
0.141528
0.141597
0.141661
0.14172
0.141776
0.141828
0.141875
0.141918
0.141955
0.141987
0.142017
0.142046
0.142075
0.142103
0.142128
0.142151
0.142172
0.142191
0.142208
0.142224
0.142237
0.14225
0.142262
0.142273
0.142284
0.142295
0.142308
0.142322
0.142338
0.142355
0.142376
0.142398
0.142424
0.142452
0.142483
0.142517
0.142554
0.142593
0.142635
0.14268
0.142728
0.142778
0.142831
0.142886
0.142944
0.143003
0.143065
0.143129
0.143195
0.143263
0.143333
0.143405
0.143479
0.143554
0.14363
0.143708
0.143788
0.143869
0.143951
0.144034
0.144119
0.144206
0.144294
0.144385
0.144488
0.144618
0.140418
0.14043
0.140427
0.140413
0.14039
0.140365
0.140337
0.140307
0.140301
0.140312
0.140333
0.140361
0.140396
0.140436
0.140483
0.140537
0.140603
0.140679
0.140764
0.140855
0.140954
0.141061
0.141175
0.141297
0.141428
0.141569
0.141718
0.141871
0.142027
0.142188
0.142356
0.142531
0.142708
0.142886
0.143064
0.143243
0.143425
0.14361
0.1438
0.143992
0.144183
0.14437
0.144551
0.144725
0.144889
0.14504
0.145178
0.145302
0.145413
0.145511
0.145596
0.145668
0.145728
0.145775
0.14581
0.145833
0.145844
0.145843
0.14583
0.145807
0.145773
0.14573
0.145678
0.145618
0.14555
0.145476
0.145396
0.145311
0.145223
0.145131
0.145036
0.14494
0.144843
0.144746
0.144649
0.144554
0.144459
0.144365
0.144271
0.14416
0.144058
0.143996
0.143957
0.143935
0.143927
0.143932
0.143949
0.143976
0.144013
0.144058
0.144111
0.144171
0.144239
0.144312
0.144392
0.144481
0.144585
0.144729
0.144974
0.145377
0.140292
0.14028
0.140261
0.140241
0.140228
0.140228
0.140244
0.140274
0.140317
0.14037
0.140433
0.140504
0.140582
0.140669
0.140764
0.14087
0.140987
0.141119
0.141268
0.141438
0.141636
0.141868
0.142146
0.142474
0.142817
0.143132
0.143427
0.14368
0.14378
0.143817
0.143849
0.143893
0.143944
0.143996
0.144047
0.144101
0.14416
0.144224
0.144293
0.144366
0.144442
0.144515
0.144583
0.144641
0.144689
0.14471
0.144745
0.144791
0.144847
0.144912
0.14499
0.145079
0.14518
0.145293
0.145415
0.145545
0.145681
0.14582
0.145961
0.1461
0.146235
0.146364
0.146486
0.146598
0.146699
0.146788
0.146864
0.146926
0.146974
0.147007
0.147024
0.147026
0.147013
0.146985
0.146942
0.146885
0.146814
0.146729
0.146633
0.146523
0.146401
0.146273
0.146141
0.146007
0.145873
0.145741
0.14561
0.145478
0.14533
0.145229
0.145163
0.145125
0.145112
0.145124
0.145176
0.145336
0.145879
0.147738
0.153151
0.164223
0.139994
0.140004
0.140003
0.139994
0.139999
0.140015
0.140038
0.140065
0.140095
0.140126
0.14016
0.140196
0.140237
0.140283
0.140337
0.140399
0.140475
0.140568
0.140684
0.140834
0.141033
0.141306
0.141703
0.142239
0.143075
0.144299
0.145642
0.146906
0.146944
0.14685
0.146974
0.147275
0.147617
0.147884
0.148059
0.14818
0.148289
0.148418
0.148582
0.148774
0.148978
0.149169
0.149325
0.149426
0.149463
0.149433
0.149341
0.149199
0.149018
0.148814
0.148598
0.148381
0.148171
0.147972
0.147787
0.147615
0.147439
0.147323
0.147251
0.147213
0.147205
0.147221
0.147261
0.14732
0.147397
0.147489
0.147594
0.14771
0.147835
0.147966
0.148101
0.148236
0.148371
0.148502
0.148627
0.148743
0.148849
0.148943
0.149023
0.149088
0.149136
0.149168
0.149182
0.149178
0.149158
0.149122
0.14907
0.149004
0.148924
0.148834
0.148741
0.14865
0.148577
0.148595
0.149057
0.151604
0.162702
0.198626
0.275045
0.387018
)
;

boundaryField
{
    airfoil
    {
        type            fixedValue;
        value           uniform 0;
    }
    farBoundaries
    {
        type            fixedValue;
        value           uniform 1;
    }
    inlet
    {
        type            freestream;
        freestreamValue uniform 0.14;
        value           nonuniform List<scalar> 
200
(
0.14
0.14
0.14
0.14
0.14
0.14
0.14
0.14
0.14
0.14
0.14
0.14
0.14
0.14
0.14
0.14
0.14
0.14
0.14
0.14
0.14
0.14
0.14
0.14
0.14
0.14
0.14
0.146906
0.146944
0.14685
0.146974
0.147275
0.147617
0.147884
0.148059
0.14818
0.148289
0.148418
0.148582
0.148774
0.148978
0.149169
0.149325
0.149426
0.149463
0.149433
0.149341
0.149199
0.149018
0.148814
0.148598
0.148381
0.148171
0.147972
0.147787
0.147615
0.147439
0.147323
0.147251
0.147213
0.147205
0.147221
0.147261
0.14732
0.147397
0.147489
0.147594
0.14771
0.147835
0.147966
0.148101
0.148236
0.148371
0.148502
0.148627
0.148743
0.148849
0.148943
0.149023
0.149088
0.149136
0.149168
0.149182
0.149178
0.149158
0.149122
0.14907
0.149004
0.148924
0.148834
0.148741
0.14865
0.148577
0.148595
0.149057
0.151604
0.162702
0.198626
0.275045
0.387018
0.14
0.14
0.14
0.14
0.14
0.14
0.14
0.14
0.14
0.14
0.14
0.14
0.14
0.14
0.14
0.14
0.14
0.14
0.14
0.14
0.14
0.14
0.14
0.14
0.14
0.14
0.14
0.14
0.14
0.14
0.14
0.14
0.14
0.14
0.14
0.14
0.14
0.14
0.14
0.14
0.14
0.14
0.14
0.14
0.14
0.14
0.14
0.14
0.14
0.14
0.14
0.14
0.14
0.14
0.14
0.14
0.14
0.14
0.14
0.14
0.14
0.14
0.14
0.14
0.14
0.147213
0.147781
0.148386
0.148808
0.149242
0.149666
0.150057
0.150379
0.150603
0.150716
0.150725
0.150653
0.150531
0.150388
0.150246
0.150118
0.150005
0.149903
0.1498
0.149687
0.149554
0.149384
0.149272
0.149225
0.149242
0.149324
0.149466
0.149661
0.149898
0.150166
0.150462
0.1509
0.153797
0.183147
0.30123
)
;
    }
    outlet
    {
        type            freestream;
        freestreamValue uniform 0.14;
        value           nonuniform List<scalar> 
40
(
0.166548
0.209167
0.225242
0.209428
0.191997
0.188612
0.178891
0.166706
0.164495
0.203013
0.3287
0.512199
0.696569
0.86284
1.00274
1.11048
1.18086
1.20821
1.18463
1.09575
1.08364
1.17358
1.21215
1.20998
1.17284
1.10462
1.00852
0.88778
0.746112
0.588498
0.423152
0.270479
0.17534
0.144157
0.136875
0.133
0.128939
0.125608
0.126654
0.137131
)
;
    }
    defaultFaces
    {
        type            empty;
    }
}


// ************************************************************************* //
