/*--------------------------------*- C++ -*----------------------------------*\
  =========                 |
  \\      /  F ield         | OpenFOAM: The Open Source CFD Toolbox
   \\    /   O peration     | Website:  https://openfoam.org
    \\  /    A nd           | Version:  6.0
     \\/     M anipulation  |
\*---------------------------------------------------------------------------*/
FoamFile
{
    version     2.0;
    format      ascii;
    class       volScalarField;
    location    "500";
    object      p;
}
// * * * * * * * * * * * * * * * * * * * * * * * * * * * * * * * * * * * * * //

dimensions      [0 2 -2 0 0 0 0];

internalField   nonuniform List<scalar> 
9800
(
151.069
148.892
147.379
146.262
145.361
144.571
143.832
143.109
142.384
141.647
140.87
140.057
139.209
138.327
137.41
136.461
135.484
134.487
133.483
132.496
131.564
130.752
130.194
130.188
130.737
131.551
132.486
133.478
134.485
135.486
136.465
137.406
138.312
139.177
140.001
140.779
141.512
142.197
142.833
143.42
143.955
144.435
144.86
145.225
145.527
145.762
145.927
146.014
146.019
145.934
145.752
145.466
145.071
144.564
143.951
143.248
142.498
141.786
141.274
141.242
142.211
144.914
151.006
160.772
178.483
188.093
203.206
208.89
213.039
218.332
223.74
228.581
233.015
237.203
241.081
244.589
247.793
250.818
253.746
256.598
259.358
262.012
264.554
266.988
269.323
271.568
273.73
275.817
277.834
279.785
281.669
283.486
285.232
286.91
288.52
290.067
291.557
292.985
294.303
295.669
233.408
234.231
234.772
235.207
235.591
235.95
236.291
236.61
236.903
237.169
237.407
237.606
237.766
237.888
237.976
238.033
238.067
238.086
238.103
238.131
238.184
238.25
238.278
238.273
238.241
238.172
238.117
238.084
238.061
238.031
237.985
237.912
237.797
237.637
237.426
237.16
236.837
236.452
236.003
235.487
234.901
234.24
233.502
232.682
231.775
230.775
229.677
228.473
227.154
225.713
224.137
222.416
220.535
218.477
216.221
213.741
211
207.95
204.53
200.645
196.213
191.08
185.446
179.336
176.843
180.515
188.615
198.953
207.401
214.098
220.205
225.992
231.209
235.742
239.705
243.271
246.563
249.652
252.573
255.339
257.957
260.435
262.782
265.011
267.131
269.155
271.091
272.951
274.738
276.456
278.102
279.672
281.16
282.56
283.868
285.076
286.175
287.153
287.957
288.432
148.583
150.854
152.785
154.461
155.963
157.354
158.681
159.973
161.249
162.524
163.827
165.169
166.54
167.939
169.365
170.812
172.269
173.72
175.138
176.483
177.698
178.699
179.328
179.349
178.756
177.774
176.569
175.226
173.805
172.343
170.869
169.407
167.969
166.554
165.165
163.804
162.474
161.175
159.907
158.671
157.467
156.297
155.163
154.065
153.009
151.997
151.035
150.131
149.294
148.535
147.87
147.319
146.906
146.665
146.637
146.875
147.452
148.458
150.014
152.271
155.428
159.696
165.359
172.522
181.421
190.815
199.616
207.265
213.732
219.401
224.511
229.056
233.054
236.645
239.981
243.147
246.167
249.039
251.759
254.334
256.777
259.105
261.328
263.453
265.485
267.431
269.296
271.086
272.8
274.435
275.986
277.446
278.81
280.072
281.228
282.271
283.192
283.977
284.62
285.057
163.753
161.919
160.494
159.355
158.421
157.633
156.956
156.367
155.85
155.392
154.984
154.622
154.304
154.029
153.793
153.589
153.414
153.261
153.122
152.99
152.863
152.757
152.707
152.719
152.789
152.915
153.063
153.215
153.374
153.546
153.737
153.953
154.202
154.486
154.811
155.178
155.591
156.052
156.563
157.126
157.745
158.423
159.163
159.971
160.851
161.809
162.854
163.991
165.233
166.588
168.07
169.691
171.467
173.412
175.542
177.872
180.415
183.178
186.164
189.362
192.752
196.289
199.917
203.564
207.177
210.752
214.354
218.032
221.728
225.308
228.688
231.879
234.946
237.94
240.875
243.727
246.457
249.043
251.486
253.801
256.005
258.11
260.121
262.044
263.883
265.643
267.328
268.936
270.465
271.91
273.263
274.523
275.685
276.747
277.708
278.563
279.31
279.939
280.454
280.803
186.986
186.221
185.419
184.619
183.838
183.085
182.361
181.666
180.999
180.356
179.717
179.078
178.443
177.812
177.183
176.557
175.937
175.329
174.746
174.203
173.724
173.342
173.118
173.127
173.376
173.787
174.299
174.874
175.489
176.127
176.775
177.418
178.053
178.684
179.311
179.933
180.552
181.168
181.786
182.406
183.031
183.665
184.31
184.969
185.647
186.346
187.072
187.828
188.619
189.449
190.325
191.251
192.234
193.28
194.397
195.592
196.877
198.261
199.762
201.396
203.188
205.163
207.35
209.775
212.452
215.366
218.445
221.579
224.666
227.657
230.556
233.388
236.16
238.86
241.467
243.966
246.351
248.626
250.801
252.883
254.88
256.795
258.633
260.398
262.092
263.717
265.272
266.753
268.153
269.469
270.697
271.836
272.887
273.849
274.723
275.509
276.204
276.805
277.322
277.703
191.603
191.242
190.911
190.606
190.326
190.069
189.836
189.629
189.45
189.298
189.164
189.047
188.952
188.876
188.818
188.776
188.752
188.744
188.752
188.777
188.815
188.86
188.897
188.924
188.94
188.946
188.953
188.97
188.998
189.038
189.091
189.152
189.222
189.305
189.404
189.52
189.656
189.812
189.994
190.204
190.445
190.721
191.036
191.394
191.801
192.26
192.778
193.36
194.013
194.742
195.555
196.46
197.465
198.578
199.808
201.164
202.654
204.284
206.061
207.984
210.051
212.251
214.564
216.962
219.415
221.886
224.344
226.772
229.17
231.542
233.891
236.206
238.476
240.685
242.829
244.905
246.914
248.859
250.738
252.553
254.303
255.99
257.617
259.184
260.691
262.134
263.509
264.81
266.035
267.183
268.254
269.248
270.166
271.01
271.78
272.475
273.096
273.639
274.115
274.475
198.386
197.531
196.765
196.08
195.472
194.934
194.462
194.05
193.7
193.406
193.156
192.951
192.793
192.678
192.605
192.57
192.571
192.602
192.658
192.731
192.814
192.896
192.963
192.996
192.994
192.971
192.944
192.923
192.916
192.931
192.974
193.045
193.149
193.292
193.476
193.702
193.973
194.29
194.656
195.07
195.536
196.055
196.629
197.259
197.948
198.697
199.509
200.385
201.328
202.339
203.419
204.569
205.792
207.085
208.449
209.881
211.38
212.941
214.559
216.227
217.94
219.688
221.464
223.263
225.085
226.93
228.799
230.691
232.599
234.514
236.423
238.313
240.177
242.008
243.802
245.558
247.272
248.942
250.567
252.144
253.675
255.158
256.594
257.979
259.309
260.58
261.789
262.935
264.017
265.035
265.992
266.887
267.723
268.499
269.216
269.873
270.471
271.007
271.494
271.882
206.116
205.326
204.575
203.865
203.198
202.574
201.994
201.458
200.97
200.526
200.114
199.736
199.395
199.089
198.818
198.582
198.379
198.208
198.07
197.963
197.889
197.85
197.848
197.885
197.96
198.071
198.216
198.393
198.6
198.838
199.107
199.403
199.726
200.081
200.468
200.889
201.343
201.83
202.352
202.909
203.501
204.129
204.794
205.496
206.236
207.014
207.832
208.689
209.586
210.524
211.502
212.521
213.582
214.683
215.826
217.008
218.232
219.494
220.797
222.138
223.519
224.937
226.392
227.879
229.4
230.951
232.525
234.114
235.71
237.305
238.891
240.463
242.018
243.552
245.061
246.542
247.994
249.415
250.803
252.157
253.475
254.754
255.991
257.182
258.325
259.418
260.46
261.452
262.395
263.29
264.137
264.937
265.689
266.395
267.054
267.667
268.233
268.751
269.232
269.631
212.442
211.741
211.081
210.461
209.88
209.338
208.834
208.368
207.942
207.555
207.193
206.858
206.554
206.28
206.036
205.821
205.636
205.48
205.355
205.26
205.198
205.17
205.179
205.227
205.314
205.437
205.593
205.781
205.998
206.244
206.518
206.813
207.13
207.472
207.842
208.238
208.66
209.111
209.589
210.095
210.631
211.197
211.793
212.421
213.08
213.772
214.496
215.255
216.047
216.874
217.736
218.633
219.565
220.532
221.535
222.572
223.644
224.749
225.888
227.057
228.257
229.482
230.731
231.997
233.281
234.579
235.886
237.197
238.51
239.819
241.124
242.42
243.705
244.976
246.231
247.469
248.688
249.885
251.058
252.205
253.322
254.406
255.455
256.468
257.444
258.383
259.286
260.152
260.983
261.778
262.538
263.263
263.951
264.603
265.219
265.8
266.345
266.853
267.336
267.748
217.699
217.077
216.488
215.935
215.418
214.936
214.492
214.084
213.718
213.39
213.088
212.814
212.572
212.361
212.181
212.031
211.911
211.819
211.755
211.718
211.708
211.723
211.763
211.826
211.913
212.022
212.156
212.315
212.499
212.709
212.945
213.202
213.481
213.787
214.12
214.481
214.869
215.286
215.73
216.203
216.704
217.234
217.793
218.38
218.996
219.64
220.313
221.015
221.744
222.501
223.285
224.097
224.935
225.799
226.688
227.601
228.538
229.498
230.478
231.478
232.497
233.53
234.576
235.632
236.698
237.772
238.853
239.937
241.024
242.11
243.193
244.273
245.347
246.412
247.468
248.512
249.541
250.553
251.545
252.516
253.462
254.384
255.28
256.151
256.995
257.814
258.607
259.375
260.117
260.832
261.521
262.182
262.816
263.423
264.003
264.555
265.08
265.577
266.054
266.471
223.118
222.531
221.976
221.453
220.963
220.506
220.083
219.694
219.343
219.029
218.74
218.477
218.244
218.042
217.87
217.726
217.612
217.526
217.468
217.437
217.432
217.454
217.502
217.575
217.674
217.796
217.942
218.113
218.308
218.528
218.772
219.035
219.316
219.622
219.952
220.306
220.684
221.086
221.511
221.96
222.431
222.926
223.443
223.983
224.545
225.128
225.734
226.36
227.007
227.675
228.362
229.07
229.796
230.541
231.304
232.084
232.881
233.694
234.521
235.362
236.215
237.079
237.95
238.828
239.713
240.604
241.501
242.4
243.302
244.204
245.105
246.003
246.897
247.784
248.663
249.532
250.389
251.231
252.059
252.871
253.666
254.445
255.207
255.952
256.68
257.39
258.082
258.755
259.41
260.045
260.66
261.255
261.83
262.384
262.917
263.429
263.921
264.391
264.846
265.249
226.486
226.091
225.712
225.351
225.011
224.692
224.397
224.126
223.884
223.669
223.47
223.288
223.13
222.995
222.883
222.795
222.731
222.689
222.671
222.675
222.703
222.754
222.827
222.923
223.042
223.182
223.343
223.525
223.729
223.954
224.199
224.459
224.733
225.028
225.343
225.678
226.032
226.405
226.797
227.209
227.639
228.087
228.553
229.037
229.539
230.059
230.595
231.149
231.719
232.305
232.907
233.525
234.158
234.805
235.465
236.139
236.826
237.524
238.233
238.952
239.681
240.417
241.159
241.905
242.656
243.412
244.172
244.935
245.698
246.462
247.224
247.983
248.738
249.487
250.23
250.965
251.691
252.409
253.116
253.814
254.502
255.18
255.846
256.501
257.145
257.775
258.393
258.997
259.586
260.161
260.722
261.267
261.796
262.309
262.807
263.288
263.752
264.199
264.634
265.024
232.321
231.857
231.423
231.017
230.638
230.287
229.965
229.67
229.407
229.175
228.964
228.774
228.608
228.467
228.351
228.258
228.19
228.144
228.123
228.124
228.148
228.195
228.264
228.355
228.469
228.602
228.756
228.928
229.118
229.328
229.554
229.793
230.043
230.31
230.594
230.895
231.211
231.543
231.891
232.254
232.632
233.024
233.431
233.853
234.288
234.738
235.2
235.677
236.166
236.667
237.181
237.707
238.244
238.791
239.35
239.918
240.495
241.081
241.675
242.276
242.884
243.497
244.112
244.73
245.351
245.975
246.601
247.228
247.855
248.481
249.105
249.727
250.346
250.962
251.573
252.18
252.782
253.38
253.971
254.557
255.136
255.709
256.274
256.83
257.379
257.918
258.448
258.968
259.477
259.976
260.465
260.941
261.407
261.861
262.303
262.734
263.153
263.559
263.958
264.321
231.787
231.686
231.588
231.497
231.414
231.342
231.282
231.237
231.21
231.202
231.195
231.193
231.205
231.23
231.269
231.322
231.389
231.47
231.565
231.673
231.796
231.931
232.08
232.242
232.416
232.601
232.799
233.009
233.233
233.47
233.719
233.976
234.239
234.514
234.803
235.106
235.42
235.748
236.088
236.44
236.804
237.181
237.57
237.97
238.382
238.805
239.239
239.685
240.14
240.606
241.081
241.566
242.06
242.562
243.071
243.589
244.113
244.643
245.179
245.719
246.264
246.812
247.361
247.909
248.459
249.011
249.564
250.117
250.67
251.223
251.774
252.325
252.874
253.42
253.964
254.506
255.044
255.578
256.108
256.634
257.154
257.668
258.176
258.678
259.173
259.66
260.139
260.61
261.072
261.526
261.971
262.406
262.833
263.249
263.656
264.054
264.442
264.82
265.191
265.531
242.323
241.877
241.462
241.075
240.713
240.378
240.067
239.782
239.523
239.291
239.086
238.903
238.742
238.604
238.487
238.392
238.319
238.267
238.235
238.224
238.234
238.264
238.315
238.386
238.477
238.587
238.714
238.856
239.014
239.187
239.372
239.566
239.765
239.977
240.2
240.435
240.681
240.938
241.206
241.485
241.774
242.073
242.382
242.701
243.029
243.366
243.713
244.068
244.431
244.801
245.179
245.564
245.956
246.354
246.757
247.166
247.579
247.997
248.418
248.843
249.271
249.701
250.131
250.56
250.991
251.424
251.859
252.294
252.731
253.168
253.606
254.044
254.481
254.918
255.353
255.788
256.22
256.65
257.078
257.503
257.925
258.343
258.757
259.167
259.573
259.974
260.37
260.762
261.148
261.528
261.903
262.273
262.637
262.995
263.347
263.693
264.034
264.367
264.696
265.001
230.662
230.979
231.287
231.591
231.896
232.205
232.518
232.841
233.179
233.528
233.852
234.164
234.479
234.797
235.121
235.448
235.779
236.113
236.451
236.791
237.135
237.481
237.829
238.179
238.53
238.882
239.235
239.59
239.949
240.311
240.676
241.036
241.394
241.756
242.126
242.501
242.883
243.27
243.664
244.063
244.469
244.88
245.297
245.72
246.147
246.579
247.016
247.457
247.902
248.35
248.802
249.256
249.713
250.172
250.633
251.096
251.56
252.025
252.49
252.956
253.422
253.887
254.349
254.808
255.267
255.724
256.181
256.636
257.09
257.542
257.991
258.439
258.883
259.324
259.762
260.196
260.625
261.05
261.471
261.886
262.296
262.701
263.1
263.493
263.88
264.261
264.635
265.002
265.363
265.717
266.064
266.404
266.736
267.061
267.379
267.689
267.991
268.285
268.57
268.837
259.022
258.403
257.816
257.257
256.721
256.205
255.708
255.225
254.751
254.295
253.899
253.533
253.189
252.867
252.566
252.287
252.03
251.794
251.581
251.391
251.223
251.077
250.953
250.852
250.773
250.717
250.681
250.665
250.668
250.689
250.726
250.781
250.841
250.914
251
251.099
251.21
251.332
251.465
251.609
251.763
251.927
252.101
252.284
252.475
252.675
252.883
253.099
253.321
253.551
253.788
254.031
254.28
254.534
254.794
255.059
255.33
255.604
255.883
256.166
256.453
256.742
257.031
257.321
257.612
257.906
258.203
258.502
258.804
259.108
259.413
259.72
260.028
260.336
260.645
260.955
261.264
261.573
261.882
262.19
262.497
262.803
263.108
263.411
263.713
264.012
264.31
264.605
264.897
265.186
265.473
265.755
266.034
266.31
266.581
266.847
267.109
267.366
267.615
267.862
212.911
214.041
215.16
216.265
217.368
218.475
219.594
220.735
221.917
223.117
224.196
225.225
226.246
227.263
228.278
229.288
230.294
231.293
232.286
233.271
234.248
235.215
236.173
237.121
238.058
238.984
239.898
240.801
241.693
242.575
243.439
244.258
245.059
245.851
246.634
247.409
248.176
248.936
249.687
250.431
251.167
251.894
252.614
253.326
254.029
254.725
255.412
256.091
256.762
257.425
258.079
258.724
259.362
259.99
260.61
261.221
261.824
262.417
263.002
263.577
264.143
264.697
265.238
265.77
266.292
266.804
267.308
267.803
268.289
268.765
269.233
269.691
270.14
270.58
271.01
271.43
271.841
272.242
272.633
273.015
273.386
273.747
274.098
274.44
274.771
275.091
275.402
275.702
275.993
276.272
276.542
276.801
277.05
277.288
277.517
277.735
277.943
278.14
278.321
278.515
299.582
298.42
297.087
295.754
294.449
293.156
291.862
290.56
289.207
287.774
286.69
285.629
284.551
283.501
282.485
281.502
280.553
279.638
278.76
277.919
277.116
276.352
275.625
274.936
274.286
273.676
273.104
272.571
272.077
271.613
271.161
270.804
270.446
270.083
269.745
269.437
269.156
268.9
268.668
268.461
268.278
268.117
267.979
267.863
267.767
267.692
267.636
267.599
267.579
267.576
267.59
267.619
267.663
267.721
267.792
267.875
267.97
268.076
268.192
268.318
268.449
268.576
268.721
268.889
269.038
269.19
269.354
269.528
269.71
269.899
270.095
270.298
270.506
270.721
270.94
271.164
271.391
271.623
271.858
272.096
272.336
272.578
272.822
273.068
273.315
273.562
273.81
274.058
274.305
274.553
274.799
275.044
275.289
275.531
275.772
276.011
276.247
276.473
276.69
277.158
147.499
153.029
156.755
161.066
165.744
170.578
175.601
181.073
186.176
187.781
188.99
192.363
195.959
199.359
202.711
206.037
209.332
212.584
215.794
218.954
222.066
225.122
228.124
231.068
233.954
236.774
239.528
242.247
244.983
247.484
249.09
250.673
252.974
255.073
257.086
259.061
261.002
262.901
264.759
266.576
268.352
270.086
271.779
273.431
275.041
276.61
278.139
279.625
281.072
282.477
283.843
285.167
286.453
287.7
288.911
290.084
291.216
292.31
293.371
294.401
295.359
296.142
296.921
297.951
298.811
299.602
300.374
301.125
301.849
302.545
303.217
303.862
304.483
305.078
305.65
306.197
306.721
307.223
307.702
308.159
308.596
309.012
309.408
309.784
310.142
310.481
310.803
311.108
311.397
311.67
311.927
312.171
312.4
312.616
312.82
313.013
313.189
313.301
313.381
314.449
295.912
295.746
295.778
295.881
296
296.134
296.286
296.457
296.645
296.849
297.069
297.304
297.552
297.814
298.09
298.382
298.678
298.979
299.297
299.627
299.967
300.314
300.67
301.033
301.405
301.783
302.169
302.561
302.961
303.37
303.784
304.171
304.534
304.99
305.489
305.933
306.374
306.823
307.278
307.739
308.205
308.676
309.152
309.635
310.129
310.622
311.023
311.405
312.013
312.671
313.192
313.701
314.224
314.758
315.298
315.85
316.423
316.981
317.327
317.722
318.585
319.456
320.063
320.669
321.328
321.898
321.974
323.079
324.416
324.26
287.841
287.875
288.232
288.616
288.971
289.32
289.673
290.026
290.379
290.732
291.085
291.439
291.793
292.148
292.503
292.86
293.219
293.579
293.943
294.308
294.676
295.046
295.419
295.795
296.174
296.556
296.941
297.328
297.72
298.114
298.513
298.913
299.315
299.723
300.136
300.548
300.964
301.383
301.806
302.232
302.663
303.097
303.536
303.979
304.426
304.879
305.331
305.783
306.249
306.722
307.19
307.663
308.143
308.629
309.123
309.624
310.135
310.653
311.166
311.683
312.235
312.797
313.346
313.909
314.49
315.082
315.645
316.305
317.044
317.406
285.431
285.673
286.114
286.551
286.968
287.381
287.795
288.208
288.619
289.028
289.435
289.839
290.242
290.643
291.042
291.439
291.835
292.229
292.621
293.011
293.4
293.787
294.172
294.557
294.94
295.321
295.702
296.082
296.46
296.838
297.214
297.59
297.963
298.334
298.704
299.072
299.438
299.804
300.169
300.534
300.898
301.261
301.624
301.986
302.348
302.711
303.072
303.43
303.787
304.142
304.496
304.849
305.204
305.559
305.915
306.273
306.632
306.994
307.355
307.712
308.067
308.425
308.781
309.142
309.51
309.884
310.257
310.63
311.043
311.327
281.16
281.433
281.896
282.349
282.779
283.207
283.635
284.063
284.489
284.912
285.334
285.755
286.173
286.591
287.007
287.422
287.835
288.247
288.657
289.066
289.474
289.881
290.287
290.691
291.095
291.498
291.901
292.303
292.704
293.105
293.506
293.906
294.304
294.701
295.098
295.491
295.884
296.277
296.669
297.061
297.453
297.845
298.237
298.628
299.02
299.412
299.802
300.189
300.575
300.959
301.338
301.716
302.096
302.475
302.855
303.236
303.618
304
304.38
304.754
305.128
305.5
305.866
306.235
306.611
306.992
307.364
307.744
308.155
308.431
278.112
278.396
278.866
279.325
279.762
280.197
280.632
281.066
281.497
281.927
282.354
282.78
283.203
283.626
284.046
284.465
284.882
285.298
285.712
286.124
286.535
286.945
287.353
287.759
288.165
288.57
288.974
289.378
289.781
290.183
290.586
290.987
291.387
291.784
292.181
292.575
292.968
293.36
293.753
294.145
294.537
294.929
295.321
295.713
296.106
296.499
296.891
297.279
297.665
298.048
298.427
298.806
299.186
299.567
299.949
300.332
300.717
301.105
301.489
301.867
302.245
302.619
302.988
303.362
303.745
304.134
304.515
304.903
305.323
305.609
274.892
275.193
275.673
276.138
276.579
277.018
277.458
277.896
278.333
278.767
279.2
279.632
280.063
280.492
280.919
281.346
281.771
282.194
282.616
283.036
283.455
283.872
284.288
284.703
285.116
285.529
285.941
286.352
286.762
287.172
287.582
287.991
288.397
288.801
289.203
289.602
290
290.398
290.795
291.192
291.589
291.986
292.383
292.78
293.178
293.577
293.975
294.368
294.759
295.146
295.53
295.914
296.301
296.69
297.081
297.473
297.869
298.269
298.668
299.059
299.449
299.834
300.215
300.605
301.004
301.412
301.812
302.216
302.65
302.953
272.325
272.634
273.118
273.585
274.029
274.471
274.914
275.355
275.793
276.23
276.665
277.099
277.531
277.961
278.39
278.817
279.243
279.667
280.09
280.51
280.929
281.347
281.763
282.178
282.592
283.006
283.418
283.83
284.241
284.652
285.063
285.474
285.882
286.287
286.69
287.089
287.489
287.888
288.287
288.686
289.085
289.484
289.883
290.283
290.684
291.086
291.488
291.885
292.278
292.667
293.052
293.439
293.829
294.22
294.615
295.011
295.411
295.816
296.221
296.617
297.009
297.395
297.779
298.172
298.576
298.991
299.398
299.807
300.242
300.553
270.078
270.391
270.866
271.322
271.755
272.185
272.616
273.046
273.475
273.903
274.33
274.757
275.183
275.608
276.032
276.455
276.878
277.299
277.72
278.14
278.558
278.975
279.391
279.807
280.222
280.637
281.051
281.466
281.88
282.295
282.71
283.125
283.538
283.948
284.356
284.761
285.166
285.571
285.976
286.382
286.788
287.195
287.602
288.01
288.42
288.831
289.242
289.648
290.049
290.444
290.835
291.229
291.625
292.022
292.422
292.824
293.229
293.638
294.047
294.447
294.839
295.222
295.604
295.996
296.4
296.814
297.223
297.631
298.061
298.375
268.202
268.521
268.995
269.45
269.883
270.314
270.746
271.177
271.607
272.036
272.464
272.89
273.316
273.74
274.163
274.585
275.005
275.425
275.844
276.261
276.676
277.091
277.505
277.918
278.33
278.742
279.154
279.565
279.977
280.388
280.801
281.214
281.624
282.031
282.436
282.837
283.239
283.641
284.044
284.447
284.85
285.254
285.66
286.065
286.473
286.882
287.292
287.697
288.095
288.487
288.875
289.266
289.66
290.056
290.454
290.854
291.259
291.667
292.077
292.476
292.865
293.244
293.624
294.015
294.417
294.833
295.243
295.65
296.077
296.394
266.921
267.237
267.699
268.143
268.567
268.989
269.413
269.836
270.258
270.679
271.099
271.518
271.936
272.353
272.769
273.185
273.599
274.013
274.426
274.837
275.248
275.657
276.065
276.473
276.88
277.287
277.693
278.1
278.506
278.913
279.32
279.727
280.133
280.534
280.932
281.326
281.722
282.117
282.513
282.909
283.305
283.702
284.101
284.5
284.9
285.303
285.706
286.105
286.495
286.878
287.259
287.643
288.031
288.421
288.814
289.211
289.612
290.018
290.426
290.825
291.211
291.586
291.963
292.353
292.757
293.174
293.587
293.996
294.42
294.738
265.684
266.001
266.459
266.9
267.321
267.742
268.164
268.585
269.005
269.423
269.84
270.255
270.67
271.083
271.495
271.906
272.316
272.725
273.133
273.539
273.944
274.347
274.75
275.152
275.553
275.954
276.354
276.755
277.155
277.556
277.957
278.359
278.759
279.154
279.545
279.934
280.323
280.713
281.103
281.493
281.885
282.276
282.669
283.064
283.46
283.858
284.257
284.651
285.037
285.415
285.791
286.171
286.554
286.94
287.329
287.722
288.12
288.523
288.929
289.325
289.706
290.076
290.449
290.835
291.235
291.651
292.062
292.468
292.886
293.205
265.444
265.754
266.192
266.614
267.017
267.419
267.822
268.224
268.625
269.025
269.425
269.823
270.221
270.618
271.014
271.41
271.806
272.201
272.596
272.989
273.381
273.773
274.164
274.555
274.945
275.336
275.726
276.117
276.509
276.9
277.294
277.688
278.08
278.468
278.851
279.232
279.614
279.997
280.38
280.764
281.149
281.535
281.923
282.312
282.703
283.096
283.491
283.881
284.26
284.63
284.998
285.371
285.747
286.125
286.506
286.89
287.279
287.674
288.071
288.457
288.825
289.179
289.538
289.91
290.296
290.698
291.097
291.49
291.888
292.195
264.721
265.034
265.472
265.892
266.295
266.696
267.098
267.499
267.898
268.295
268.691
269.086
269.48
269.872
270.263
270.653
271.043
271.431
271.819
272.205
272.59
272.973
273.357
273.739
274.121
274.503
274.885
275.267
275.65
276.034
276.418
276.804
277.188
277.567
277.941
278.313
278.687
279.062
279.438
279.814
280.191
280.569
280.95
281.331
281.715
282.102
282.491
282.874
283.247
283.609
283.971
284.337
284.707
285.079
285.455
285.834
286.217
286.607
286.999
287.38
287.743
288.09
288.443
288.81
289.191
289.588
289.983
290.372
290.764
291.071
265.913
266.212
266.622
267.016
267.394
267.77
268.147
268.522
268.897
269.271
269.644
270.017
270.389
270.76
271.13
271.5
271.87
272.239
272.608
272.974
273.34
273.705
274.07
274.433
274.797
275.161
275.524
275.888
276.253
276.617
276.984
277.351
277.716
278.076
278.43
278.782
279.136
279.491
279.846
280.201
280.558
280.916
281.275
281.636
282
282.366
282.735
283.097
283.448
283.787
284.125
284.469
284.817
285.167
285.521
285.879
286.242
286.612
286.986
287.349
287.688
288.011
288.341
288.687
289.048
289.428
289.807
290.178
290.544
290.832
265.347
265.633
266.031
266.416
266.785
267.153
267.521
267.887
268.253
268.616
268.979
269.341
269.702
270.061
270.42
270.778
271.136
271.493
271.849
272.204
272.557
272.91
273.263
273.615
273.968
274.32
274.673
275.026
275.381
275.736
276.093
276.451
276.809
277.16
277.506
277.851
278.198
278.546
278.895
279.245
279.597
279.95
280.306
280.663
281.024
281.387
281.754
282.115
282.464
282.801
283.139
283.483
283.831
284.182
284.538
284.897
285.263
285.636
286.013
286.378
286.721
287.048
287.382
287.733
288.098
288.483
288.865
289.243
289.613
289.912
269.156
269.408
269.759
270.102
270.431
270.759
271.088
271.415
271.742
272.068
272.394
272.719
273.043
273.366
273.689
274.011
274.332
274.654
274.974
275.292
275.609
275.926
276.241
276.556
276.871
277.186
277.501
277.816
278.131
278.448
278.766
279.085
279.403
279.714
280.017
280.319
280.624
280.929
281.235
281.541
281.85
282.16
282.472
282.786
283.103
283.425
283.749
284.067
284.369
284.658
284.947
285.243
285.544
285.848
286.158
286.472
286.793
287.123
287.458
287.78
288.072
288.344
288.626
288.928
289.248
289.591
289.936
290.268
290.583
290.836
268.142
268.317
268.633
268.963
269.276
269.585
269.895
270.205
270.514
270.823
271.131
271.438
271.745
272.051
272.357
272.662
272.967
273.273
273.578
273.882
274.186
274.488
274.792
275.094
275.398
275.702
276.007
276.313
276.62
276.929
277.24
277.553
277.865
278.171
278.47
278.768
279.07
279.372
279.677
279.983
280.292
280.602
280.916
281.232
281.552
281.877
282.205
282.527
282.836
283.13
283.428
283.732
284.042
284.356
284.674
284.999
285.33
285.671
286.016
286.35
286.657
286.946
287.246
287.564
287.899
288.256
288.611
288.962
289.298
289.576
278.802
278.896
279.128
279.386
279.628
279.862
280.094
280.324
280.552
280.777
280.999
281.219
281.437
281.651
281.864
282.074
282.282
282.489
282.693
282.894
283.092
283.288
283.482
283.674
283.865
284.056
284.246
284.435
284.626
284.817
285.01
285.204
285.396
285.577
285.747
285.915
286.086
286.258
286.431
286.606
286.783
286.962
287.145
287.331
287.522
287.719
287.92
288.114
288.283
288.431
288.584
288.745
288.914
289.089
289.272
289.464
289.666
289.88
290.104
290.311
290.469
290.603
290.755
290.935
291.14
291.378
291.627
291.848
292.038
292.192
277.514
276.751
276.807
277.125
277.367
277.563
277.762
277.963
278.161
278.355
278.547
278.736
278.922
279.106
279.287
279.465
279.642
279.818
279.991
280.161
280.329
280.495
280.66
280.823
280.986
281.148
281.311
281.473
281.637
281.803
281.97
282.14
282.309
282.465
282.609
282.754
282.903
283.054
283.207
283.363
283.521
283.684
283.85
284.021
284.197
284.38
284.57
284.753
284.911
285.052
285.2
285.359
285.526
285.701
285.884
286.078
286.282
286.5
286.727
286.939
287.114
287.272
287.449
287.652
287.879
288.135
288.397
288.64
288.878
289.047
315.828
312.965
312.048
311.977
311.756
311.405
311.058
310.727
310.396
310.062
309.726
309.389
309.051
308.711
308.371
308.028
307.686
307.344
306.999
306.652
306.303
305.953
305.603
305.252
304.901
304.551
304.202
303.855
303.51
303.168
302.829
302.494
302.156
301.789
301.396
301.005
300.616
300.227
299.839
299.452
299.068
298.688
298.312
297.94
297.575
297.218
296.869
296.503
296.067
295.582
295.105
294.637
294.175
293.722
293.28
292.851
292.438
292.043
291.672
291.25
290.685
290.055
289.467
288.93
288.443
288.017
287.659
287.135
286.515
285.998
320.352
314.124
309.604
306.373
303.947
302.081
300.628
299.478
298.548
297.78
297.135
296.586
296.111
295.698
295.335
295.014
294.73
294.476
294.25
294.048
293.866
293.703
293.556
293.425
293.307
293.2
293.105
293.019
292.942
292.873
292.812
292.757
292.708
292.665
292.626
292.592
292.562
292.536
292.513
292.493
292.476
292.461
292.448
292.437
292.429
292.421
292.416
292.411
292.407
292.405
292.403
292.402
292.402
292.402
292.403
292.404
292.405
292.406
292.407
292.408
292.41
292.411
292.412
292.412
292.413
292.413
292.413
292.413
292.413
292.413
292.413
292.413
292.413
292.413
292.409
316.53
313.009
309.816
307.241
305.054
303.195
301.661
300.409
299.38
298.524
297.804
297.189
296.659
296.197
295.792
295.435
295.119
294.838
294.586
294.362
294.161
293.98
293.817
293.671
293.54
293.421
293.315
293.218
293.132
293.054
292.984
292.921
292.864
292.813
292.768
292.728
292.692
292.66
292.631
292.606
292.584
292.564
292.547
292.532
292.519
292.508
292.498
292.49
292.483
292.478
292.473
292.469
292.466
292.463
292.461
292.459
292.458
292.456
292.455
292.454
292.454
292.453
292.451
292.45
292.449
292.447
292.445
292.443
292.44
292.438
292.435
292.432
292.43
292.426
292.416
311.563
309.693
307.752
306.26
304.882
303.495
302.19
301.026
300.007
299.123
298.358
297.697
297.123
296.622
296.184
295.798
295.458
295.155
294.886
294.645
294.43
294.236
294.061
293.904
293.762
293.634
293.519
293.415
293.32
293.235
293.158
293.088
293.025
292.968
292.917
292.871
292.83
292.793
292.76
292.73
292.703
292.679
292.658
292.639
292.622
292.608
292.595
292.583
292.573
292.564
292.556
292.549
292.543
292.538
292.533
292.529
292.525
292.521
292.518
292.515
292.512
292.508
292.505
292.502
292.498
292.494
292.489
292.485
292.479
292.474
292.468
292.461
292.454
292.444
292.424
308.866
307.723
306.288
305.099
304.015
302.942
301.928
301.007
300.174
299.416
298.728
298.103
297.537
297.025
296.565
296.154
295.789
295.464
295.176
294.92
294.691
294.486
294.302
294.136
293.987
293.852
293.73
293.619
293.519
293.427
293.345
293.269
293.201
293.139
293.082
293.031
292.985
292.943
292.906
292.872
292.841
292.813
292.788
292.766
292.745
292.727
292.71
292.695
292.682
292.67
292.659
292.649
292.641
292.633
292.625
292.618
292.612
292.606
292.6
292.595
292.589
292.584
292.578
292.572
292.566
292.559
292.552
292.544
292.536
292.526
292.516
292.504
292.491
292.475
292.442
306.211
305.365
304.35
303.62
302.933
302.156
301.349
300.582
299.878
299.239
298.663
298.142
297.664
297.222
296.812
296.432
296.081
295.76
295.468
295.203
294.964
294.749
294.555
294.38
294.222
294.08
293.952
293.836
293.731
293.636
293.549
293.47
293.398
293.331
293.27
293.214
293.163
293.117
293.075
293.036
293.001
292.969
292.941
292.914
292.89
292.869
292.849
292.83
292.814
292.799
292.785
292.772
292.76
292.749
292.739
292.73
292.721
292.712
292.704
292.696
292.688
292.68
292.672
292.664
292.655
292.646
292.636
292.625
292.613
292.6
292.585
292.568
292.549
292.526
292.48
303.732
303.112
302.355
301.919
301.518
301.01
300.45
299.902
299.381
298.887
298.422
297.988
297.583
297.203
296.847
296.516
296.209
295.927
295.666
295.427
295.207
295.005
294.819
294.647
294.488
294.342
294.209
294.087
293.976
293.875
293.784
293.7
293.623
293.553
293.488
293.428
293.372
293.321
293.275
293.232
293.192
293.156
293.123
293.093
293.065
293.039
293.016
292.994
292.974
292.955
292.938
292.922
292.907
292.893
292.88
292.867
292.855
292.844
292.833
292.823
292.812
292.802
292.792
292.781
292.77
292.758
292.746
292.732
292.718
292.701
292.683
292.662
292.638
292.61
292.554
301.458
301.016
300.452
300.234
300.053
299.747
299.373
298.995
298.63
298.277
297.94
297.621
297.316
297.022
296.738
296.465
296.205
295.959
295.731
295.519
295.325
295.147
294.983
294.833
294.693
294.563
294.441
294.329
294.224
294.127
294.038
293.954
293.877
293.804
293.736
293.672
293.612
293.556
293.504
293.456
293.411
293.371
293.333
293.299
293.268
293.238
293.211
293.186
293.163
293.141
293.12
293.101
293.083
293.065
293.049
293.033
293.019
293.005
292.991
292.978
292.965
292.952
292.939
292.927
292.914
292.9
292.886
292.87
292.854
292.836
292.816
292.793
292.767
292.738
292.675
299.38
299.09
298.685
298.647
298.647
298.513
298.298
298.07
297.842
297.614
297.389
297.17
296.956
296.743
296.532
296.325
296.123
295.929
295.745
295.571
295.408
295.257
295.115
294.983
294.859
294.743
294.634
294.533
294.439
294.352
294.272
294.197
294.128
294.063
294
293.94
293.882
293.826
293.772
293.721
293.672
293.626
293.583
293.543
293.507
293.472
293.441
293.411
293.384
293.358
293.334
293.311
293.289
293.268
293.249
293.23
293.212
293.195
293.179
293.163
293.148
293.133
293.118
293.104
293.089
293.074
293.059
293.043
293.026
293.008
292.988
292.967
292.942
292.916
292.855
297.491
297.324
297.041
297.144
297.289
297.293
297.211
297.109
297.001
296.885
296.762
296.637
296.507
296.372
296.232
296.088
295.944
295.802
295.663
295.531
295.405
295.287
295.176
295.07
294.97
294.874
294.783
294.696
294.614
294.537
294.465
294.398
294.336
294.278
294.222
294.169
294.117
294.066
294.016
293.968
293.921
293.876
293.834
293.794
293.757
293.722
293.689
293.657
293.628
293.599
293.572
293.546
293.521
293.497
293.474
293.452
293.431
293.411
293.392
293.374
293.356
293.34
293.323
293.308
293.292
293.277
293.262
293.247
293.231
293.215
293.199
293.181
293.162
293.144
293.094
295.891
295.823
295.643
295.859
296.119
296.234
296.26
296.264
296.257
296.235
296.201
296.157
296.103
296.038
295.962
295.877
295.786
295.692
295.597
295.504
295.414
295.327
295.243
295.162
295.084
295.008
294.934
294.863
294.794
294.73
294.668
294.611
294.557
294.505
294.456
294.408
294.36
294.312
294.265
294.218
294.171
294.126
294.083
294.043
294.004
293.969
293.935
293.904
293.874
293.846
293.819
293.793
293.768
293.743
293.72
293.697
293.674
293.653
293.632
293.612
293.593
293.574
293.557
293.54
293.524
293.508
293.494
293.48
293.466
293.454
293.441
293.43
293.419
293.412
293.381
294.43
294.435
294.322
294.621
294.971
295.175
295.29
295.383
295.464
295.527
295.573
295.605
295.623
295.626
295.613
295.587
295.551
295.508
295.46
295.409
295.357
295.304
295.251
295.198
295.145
295.091
295.036
294.982
294.93
294.878
294.829
294.783
294.738
294.695
294.653
294.612
294.57
294.528
294.485
294.442
294.398
294.355
294.313
294.273
294.235
294.199
294.165
294.133
294.103
294.074
294.047
294.021
293.996
293.971
293.948
293.925
293.903
293.882
293.862
293.842
293.824
293.807
293.79
293.775
293.761
293.748
293.736
293.725
293.716
293.708
293.701
293.697
293.695
293.699
293.694
293.386
293.44
293.386
293.744
294.153
294.418
294.597
294.756
294.902
295.029
295.137
295.229
295.304
295.36
295.398
295.421
295.43
295.429
295.419
295.403
295.383
295.359
295.331
295.3
295.267
295.231
295.192
295.152
295.112
295.071
295.031
294.992
294.954
294.917
294.88
294.842
294.804
294.765
294.724
294.682
294.64
294.597
294.555
294.515
294.476
294.439
294.404
294.371
294.341
294.311
294.283
294.256
294.231
294.206
294.181
294.158
294.135
294.114
294.093
294.074
294.055
294.038
294.022
294.008
293.995
293.984
293.975
293.967
293.961
293.958
293.957
293.959
293.965
293.974
293.994
292.343
292.408
292.358
292.747
293.2
293.516
293.751
293.971
294.183
294.376
294.549
294.704
294.84
294.956
295.052
295.129
295.189
295.235
295.27
295.295
295.311
295.321
295.324
295.321
295.312
295.298
295.28
295.258
295.233
295.207
295.179
295.151
295.122
295.093
295.063
295.032
294.999
294.965
294.928
294.89
294.85
294.81
294.77
294.73
294.692
294.655
294.62
294.587
294.556
294.526
294.498
294.471
294.445
294.42
294.396
294.372
294.35
294.329
294.308
294.289
294.272
294.256
294.241
294.228
294.217
294.208
294.201
294.196
294.193
294.193
294.196
294.202
294.212
294.223
294.255
291.961
292.008
291.971
292.358
292.811
293.137
293.392
293.641
293.886
294.117
294.329
294.524
294.699
294.854
294.987
295.1
295.194
295.272
295.336
295.387
295.427
295.457
295.478
295.491
295.497
295.495
295.487
295.474
295.456
295.436
295.413
295.389
295.363
295.336
295.307
295.277
295.245
295.21
295.174
295.135
295.095
295.054
295.013
294.972
294.932
294.893
294.856
294.821
294.788
294.756
294.726
294.697
294.67
294.643
294.617
294.593
294.569
294.547
294.526
294.507
294.489
294.472
294.458
294.446
294.436
294.428
294.422
294.419
294.418
294.42
294.425
294.433
294.446
294.458
294.492
291.201
291.163
291.031
291.402
291.88
292.248
292.555
292.864
293.175
293.473
293.752
294.01
294.248
294.461
294.65
294.816
294.96
295.085
295.191
295.282
295.358
295.421
295.472
295.511
295.541
295.56
295.572
295.576
295.574
295.568
295.557
295.543
295.526
295.506
295.484
295.459
295.432
295.401
295.369
295.333
295.296
295.257
295.218
295.178
295.139
295.1
295.063
295.028
294.995
294.962
294.931
294.902
294.873
294.846
294.82
294.794
294.771
294.748
294.727
294.707
294.689
294.673
294.66
294.648
294.639
294.632
294.628
294.626
294.627
294.63
294.637
294.646
294.66
294.673
294.707
291.684
291.463
291.245
291.507
291.896
292.216
292.513
292.835
293.173
293.504
293.818
294.112
294.382
294.626
294.843
295.032
295.197
295.338
295.458
295.56
295.645
295.714
295.769
295.811
295.842
295.862
295.873
295.876
295.872
295.863
295.849
295.832
295.811
295.787
295.761
295.732
295.7
295.666
295.63
295.592
295.551
295.509
295.466
295.424
295.381
295.34
295.3
295.261
295.224
295.189
295.155
295.122
295.091
295.061
295.032
295.005
294.979
294.955
294.932
294.911
294.893
294.876
294.862
294.85
294.841
294.835
294.831
294.829
294.831
294.835
294.842
294.852
294.866
294.88
294.914
290.749
290.246
289.863
290.185
290.672
291.076
291.463
291.885
292.322
292.747
293.15
293.527
293.875
294.191
294.475
294.726
294.948
295.141
295.309
295.454
295.577
295.681
295.767
295.837
295.892
295.934
295.964
295.984
295.996
296
295.997
295.989
295.976
295.959
295.938
295.913
295.886
295.855
295.821
295.785
295.747
295.706
295.665
295.623
295.581
295.539
295.498
295.459
295.421
295.384
295.349
295.315
295.283
295.251
295.221
295.193
295.166
295.14
295.117
295.095
295.076
295.059
295.045
295.034
295.025
295.019
295.015
295.015
295.017
295.022
295.031
295.041
295.056
295.069
295.103
292.071
290.611
289.904
290.107
290.586
291.074
291.59
292.141
292.692
293.211
293.685
294.111
294.49
294.821
295.108
295.355
295.565
295.743
295.893
296.017
296.119
296.201
296.265
296.314
296.349
296.371
296.384
296.388
296.384
296.373
296.357
296.336
296.311
296.282
296.25
296.216
296.179
296.139
296.098
296.055
296.01
295.964
295.917
295.87
295.823
295.776
295.731
295.687
295.644
295.603
295.564
295.526
295.489
295.455
295.421
295.39
295.36
295.332
295.307
295.283
295.263
295.245
295.229
295.217
295.208
295.201
295.198
295.197
295.2
295.206
295.215
295.226
295.241
295.256
295.287
289.103
288.295
287.931
288.007
288.447
289.121
289.868
290.617
291.351
292.052
292.698
293.279
293.795
294.249
294.645
294.988
295.283
295.534
295.747
295.926
296.075
296.197
296.295
296.373
296.433
296.477
296.508
296.528
296.537
296.538
296.531
296.517
296.497
296.473
296.444
296.412
296.376
296.338
296.297
296.255
296.21
296.164
296.116
296.068
296.019
295.971
295.924
295.877
295.832
295.789
295.747
295.706
295.667
295.63
295.594
295.561
295.529
295.499
295.472
295.447
295.425
295.406
295.39
295.377
295.367
295.361
295.358
295.358
295.361
295.368
295.379
295.392
295.409
295.426
295.458
278.723
281.136
284.699
286.377
287.811
289.394
290.802
291.947
292.897
293.692
294.345
294.878
295.314
295.671
295.966
296.208
296.406
296.567
296.697
296.8
296.878
296.936
296.977
297.004
297.018
297.022
297.017
297.005
296.986
296.961
296.93
296.895
296.857
296.814
296.77
296.723
296.675
296.625
296.574
296.523
296.47
296.416
296.361
296.306
296.251
296.196
296.143
296.091
296.04
295.992
295.945
295.9
295.857
295.815
295.775
295.738
295.702
295.67
295.639
295.612
295.588
295.567
295.549
295.535
295.524
295.516
295.512
295.512
295.516
295.525
295.537
295.554
295.576
295.597
295.642
274.183
274.984
275.768
278.587
281.875
284.599
286.819
288.752
290.418
291.791
292.896
293.786
294.506
295.088
295.559
295.941
296.25
296.499
296.697
296.853
296.973
297.063
297.129
297.175
297.205
297.221
297.226
297.221
297.208
297.186
297.157
297.122
297.082
297.038
296.99
296.94
296.889
296.836
296.782
296.727
296.671
296.614
296.555
296.496
296.436
296.377
296.318
296.261
296.206
296.153
296.102
296.053
296.005
295.96
295.916
295.875
295.836
295.801
295.768
295.738
295.712
295.689
295.67
295.654
295.642
295.633
295.629
295.629
295.634
295.643
295.659
295.679
295.71
295.738
295.828
280.855
280.812
281.608
285.363
288.656
290.598
291.955
293.149
294.149
294.907
295.474
295.913
296.261
296.54
296.765
296.951
297.103
297.227
297.325
297.4
297.453
297.489
297.509
297.518
297.518
297.509
297.494
297.473
297.445
297.411
297.371
297.326
297.277
297.224
297.169
297.114
297.057
297.001
296.944
296.887
296.829
296.769
296.709
296.647
296.585
296.523
296.462
296.403
296.346
296.291
296.238
296.187
296.138
296.09
296.045
296.002
295.961
295.923
295.889
295.858
295.831
295.807
295.787
295.771
295.758
295.749
295.745
295.745
295.75
295.761
295.778
295.801
295.837
295.87
295.979
294.997
292.991
291.605
291.907
292.434
292.696
292.985
293.435
293.948
294.436
294.886
295.306
295.695
296.05
296.372
296.659
296.91
297.126
297.304
297.448
297.559
297.642
297.701
297.74
297.763
297.772
297.77
297.757
297.735
297.703
297.663
297.615
297.562
297.504
297.443
297.381
297.318
297.256
297.193
297.13
297.066
297.001
296.935
296.867
296.798
296.73
296.663
296.597
296.534
296.473
296.414
296.358
296.303
296.251
296.201
296.155
296.111
296.07
296.032
295.998
295.968
295.941
295.918
295.898
295.883
295.871
295.864
295.861
295.863
295.87
295.883
295.901
295.926
295.953
296.013
298.188
296.768
296.028
295.93
296.135
296.414
296.737
297.099
297.454
297.763
298.018
298.229
298.405
298.554
298.678
298.78
298.86
298.918
298.953
298.967
298.96
298.936
298.898
298.849
298.792
298.73
298.662
298.59
298.514
298.433
298.348
298.26
298.168
298.076
297.984
297.893
297.805
297.718
297.634
297.551
297.469
297.387
297.304
297.221
297.138
297.056
296.976
296.898
296.823
296.752
296.683
296.618
296.556
296.496
296.438
296.383
296.331
296.282
296.237
296.195
296.157
296.123
296.094
296.068
296.046
296.028
296.015
296.006
296.001
296.001
296.005
296.013
296.023
296.037
296.035
295.147
295.368
295.392
295.945
296.611
297.136
297.553
297.924
298.251
298.52
298.734
298.907
299.053
299.178
299.287
299.38
299.455
299.511
299.546
299.561
299.556
299.534
299.497
299.447
299.388
299.321
299.246
299.166
299.079
298.986
298.887
298.785
298.679
298.571
298.464
298.358
298.254
298.152
298.053
297.955
297.858
297.761
297.664
297.567
297.471
297.376
297.282
297.192
297.105
297.021
296.941
296.863
296.789
296.718
296.65
296.585
296.524
296.466
296.412
296.363
296.318
296.277
296.24
296.208
296.18
296.156
296.136
296.122
296.111
296.105
296.104
296.106
296.111
296.12
296.117
298.376
298.544
298.635
298.971
299.331
299.59
299.793
299.985
300.16
300.299
300.402
300.479
300.538
300.584
300.618
300.639
300.646
300.638
300.614
300.574
300.518
300.448
300.366
300.274
300.174
300.067
299.956
299.84
299.719
299.594
299.465
299.334
299.202
299.07
298.939
298.811
298.687
298.565
298.447
298.331
298.216
298.103
297.991
297.88
297.771
297.663
297.558
297.456
297.358
297.263
297.172
297.084
297
296.918
296.84
296.766
296.696
296.63
296.568
296.51
296.457
296.409
296.365
296.325
296.291
296.261
296.235
296.215
296.2
296.19
296.185
296.185
296.192
296.201
296.228
298.702
298.866
298.889
299.363
299.872
300.221
300.477
300.703
300.894
301.037
301.133
301.196
301.233
301.253
301.256
301.246
301.223
301.186
301.136
301.072
300.995
300.906
300.807
300.699
300.583
300.462
300.335
300.205
300.07
299.932
299.791
299.649
299.506
299.364
299.224
299.086
298.952
298.821
298.692
298.567
298.443
298.321
298.2
298.081
297.964
297.849
297.737
297.627
297.521
297.419
297.32
297.225
297.134
297.046
296.962
296.882
296.806
296.734
296.666
296.603
296.544
296.49
296.44
296.395
296.355
296.32
296.291
296.266
296.247
296.234
296.227
296.226
296.234
296.244
296.288
301.677
301.649
301.619
301.919
302.224
302.394
302.494
302.578
302.64
302.664
302.652
302.613
302.556
302.486
302.405
302.317
302.221
302.118
302.007
301.889
301.762
301.628
301.486
301.338
301.185
301.028
300.868
300.706
300.542
300.377
300.211
300.046
299.883
299.721
299.563
299.408
299.256
299.109
298.965
298.825
298.687
298.553
298.421
298.292
298.165
298.041
297.92
297.802
297.687
297.576
297.469
297.366
297.267
297.172
297.081
296.994
296.91
296.831
296.756
296.686
296.621
296.56
296.504
296.453
296.406
296.366
296.33
296.3
296.276
296.257
296.246
296.242
296.246
296.254
296.297
302.816
302.838
302.766
303.072
303.386
303.548
303.63
303.69
303.722
303.711
303.66
303.577
303.472
303.352
303.22
303.082
302.937
302.789
302.636
302.478
302.315
302.147
301.974
301.795
301.614
301.429
301.243
301.057
300.871
300.686
300.503
300.321
300.143
299.967
299.795
299.628
299.464
299.305
299.149
298.998
298.851
298.707
298.567
298.431
298.297
298.166
298.038
297.914
297.793
297.675
297.562
297.453
297.348
297.247
297.15
297.057
296.969
296.884
296.804
296.728
296.656
296.59
296.528
296.471
296.419
296.373
296.331
296.295
296.265
296.241
296.224
296.214
296.214
296.217
296.251
305.531
305.401
305.236
305.379
305.522
305.539
305.494
305.436
305.357
305.242
305.091
304.912
304.715
304.507
304.293
304.077
303.861
303.646
303.433
303.221
303.008
302.793
302.576
302.357
302.137
301.916
301.697
301.481
301.267
301.057
300.85
300.648
300.45
300.257
300.068
299.883
299.703
299.529
299.359
299.195
299.035
298.88
298.73
298.584
298.441
298.301
298.165
298.032
297.903
297.778
297.657
297.541
297.429
297.322
297.218
297.119
297.024
296.933
296.846
296.763
296.685
296.612
296.543
296.479
296.42
296.365
296.316
296.272
296.233
296.201
296.175
296.157
296.147
296.144
296.162
307.308
307.152
306.913
306.997
307.082
307.034
306.92
306.792
306.641
306.452
306.227
305.975
305.706
305.427
305.146
304.867
304.592
304.324
304.061
303.802
303.546
303.29
303.035
302.781
302.527
302.276
302.029
301.786
301.549
301.318
301.092
300.873
300.659
300.45
300.247
300.049
299.856
299.67
299.489
299.315
299.147
298.984
298.826
298.672
298.522
298.376
298.233
298.094
297.958
297.827
297.7
297.578
297.461
297.347
297.238
297.133
297.032
296.934
296.841
296.752
296.667
296.587
296.511
296.439
296.372
296.31
296.252
296.199
296.151
296.109
296.072
296.043
296.022
296.01
296.003
309.964
309.66
309.303
309.23
309.155
308.963
308.717
308.462
308.189
307.884
307.549
307.193
306.827
306.458
306.094
305.739
305.396
305.064
304.743
304.43
304.124
303.823
303.526
303.232
302.942
302.658
302.381
302.112
301.85
301.597
301.351
301.113
300.881
300.656
300.437
300.225
300.019
299.82
299.628
299.442
299.263
299.09
298.922
298.758
298.598
298.443
298.291
298.143
298
297.861
297.727
297.598
297.474
297.353
297.237
297.126
297.018
296.914
296.814
296.718
296.626
296.539
296.455
296.376
296.3
296.229
296.161
296.098
296.039
295.984
295.935
295.891
295.853
295.826
295.782
312.104
311.732
311.275
311.099
310.918
310.619
310.263
309.897
309.513
309.1
308.662
308.209
307.754
307.304
306.865
306.442
306.036
305.647
305.274
304.913
304.561
304.219
303.883
303.554
303.234
302.922
302.619
302.327
302.045
301.772
301.508
301.252
301.004
300.763
300.53
300.305
300.087
299.878
299.675
299.48
299.292
299.11
298.933
298.761
298.594
298.431
298.273
298.119
297.97
297.826
297.687
297.553
297.423
297.298
297.176
297.059
296.946
296.837
296.732
296.631
296.535
296.442
296.353
296.268
296.186
296.108
296.033
295.962
295.894
295.83
295.769
295.712
295.658
295.611
295.534
314.749
314.24
313.655
313.306
312.946
312.479
311.964
311.443
310.911
310.361
309.796
309.23
308.673
308.133
307.615
307.122
306.653
306.206
305.778
305.366
304.968
304.58
304.204
303.838
303.485
303.143
302.814
302.498
302.194
301.901
301.619
301.346
301.083
300.829
300.584
300.348
300.12
299.9
299.688
299.483
299.285
299.092
298.906
298.725
298.55
298.38
298.216
298.057
297.903
297.756
297.613
297.476
297.343
297.215
297.092
296.973
296.858
296.748
296.642
296.539
296.441
296.346
296.254
296.165
296.08
295.997
295.917
295.839
295.764
295.69
295.619
295.549
295.48
295.414
295.313
317.092
316.492
315.78
315.271
314.74
314.103
313.421
312.741
312.062
311.378
310.693
310.02
309.367
308.741
308.147
307.584
307.052
306.547
306.067
305.608
305.167
304.743
304.335
303.942
303.565
303.203
302.856
302.523
302.203
301.895
301.599
301.313
301.039
300.774
300.52
300.276
300.041
299.816
299.598
299.389
299.188
298.994
298.806
298.625
298.45
298.281
298.119
297.962
297.81
297.664
297.523
297.386
297.254
297.127
297.004
296.885
296.77
296.659
296.551
296.447
296.347
296.25
296.156
296.064
295.976
295.889
295.805
295.723
295.643
295.563
295.485
295.406
295.328
295.248
295.136
319.842
319.051
318.127
317.362
316.583
315.719
314.821
313.933
313.059
312.201
311.369
310.574
309.824
309.121
308.464
307.848
307.269
306.721
306.201
305.704
305.229
304.774
304.339
303.924
303.527
303.149
302.788
302.444
302.116
301.802
301.502
301.215
300.94
300.677
300.425
300.183
299.95
299.727
299.511
299.303
299.103
298.909
298.722
298.542
298.367
298.199
298.036
297.879
297.728
297.581
297.44
297.303
297.17
297.043
296.919
296.8
296.684
296.572
296.464
296.36
296.259
296.16
296.065
295.973
295.883
295.795
295.71
295.626
295.543
295.461
295.38
295.298
295.215
295.129
295.017
322.447
321.503
320.287
319.144
317.983
316.787
315.626
314.536
313.509
312.533
311.608
310.74
309.928
309.171
308.466
307.808
307.191
306.612
306.067
305.554
305.069
304.611
304.177
303.766
303.377
303.006
302.653
302.316
301.995
301.687
301.392
301.109
300.838
300.577
300.326
300.085
299.853
299.63
299.414
299.206
299.006
298.813
298.627
298.447
298.274
298.107
297.945
297.789
297.638
297.493
297.352
297.216
297.084
296.957
296.834
296.715
296.6
296.489
296.381
296.277
296.175
296.077
295.982
295.89
295.8
295.713
295.627
295.543
295.461
295.38
295.299
295.219
295.138
295.052
294.951
325.056
323.411
321.655
320.183
318.783
317.37
316.003
314.724
313.536
312.438
311.431
310.513
309.677
308.912
308.211
307.563
306.961
306.399
305.871
305.374
304.904
304.459
304.036
303.634
303.25
302.885
302.535
302.201
301.882
301.575
301.282
301.001
300.73
300.471
300.222
299.982
299.751
299.529
299.315
299.108
298.91
298.718
298.533
298.355
298.183
298.017
297.856
297.701
297.552
297.407
297.267
297.132
297.001
296.874
296.752
296.634
296.519
296.409
296.302
296.198
296.097
296
295.906
295.814
295.725
295.639
295.555
295.473
295.394
295.315
295.239
295.163
295.088
295.008
294.924
328.785
326.055
323.401
321.127
319.081
317.243
315.636
314.239
313.017
311.937
310.976
310.111
309.325
308.605
307.939
307.319
306.739
306.194
305.679
305.193
304.731
304.294
303.877
303.481
303.103
302.742
302.398
302.068
301.752
301.45
301.16
300.882
300.614
300.358
300.111
299.873
299.644
299.424
299.212
299.008
298.811
298.621
298.438
298.261
298.091
297.926
297.767
297.613
297.465
297.322
297.183
297.049
296.92
296.794
296.673
296.556
296.443
296.333
296.227
296.125
296.025
295.929
295.836
295.746
295.659
295.574
295.492
295.413
295.336
295.261
295.189
295.119
295.051
294.981
294.917
332.871
327.628
323.684
320.727
318.387
316.482
314.908
313.58
312.436
311.431
310.533
309.721
308.976
308.288
307.648
307.05
306.488
305.958
305.458
304.983
304.533
304.106
303.698
303.31
302.939
302.585
302.246
301.921
301.61
301.312
301.026
300.751
300.488
300.234
299.99
299.756
299.53
299.313
299.103
298.901
298.707
298.519
298.338
298.164
297.995
297.833
297.676
297.524
297.377
297.236
297.099
296.966
296.838
296.715
296.595
296.48
296.368
296.26
296.155
296.054
295.956
295.861
295.77
295.681
295.595
295.512
295.432
295.355
295.281
295.209
295.142
295.078
295.017
294.957
294.913
184.753
186.857
190.39
193.215
195.664
198.113
200.562
202.949
205.273
207.542
209.765
211.938
214.066
216.148
218.187
220.183
222.141
224.07
225.968
227.824
229.639
231.409
233.136
234.813
236.443
238.021
239.55
241.025
242.45
243.82
245.14
246.407
247.636
248.835
250.029
251.196
252.324
253.4
254.429
255.41
256.345
257.231
258.074
258.87
259.623
260.332
261.007
261.661
262.292
262.917
263.533
264.112
264.645
265.134
265.585
265.998
266.376
266.721
267.056
267.37
267.646
267.921
268.193
268.431
268.629
268.802
269.012
269.126
269.135
269.224
283.803
285.168
285.224
284.869
284.635
284.465
284.277
284.074
283.866
283.657
283.445
283.231
283.015
282.798
282.58
282.361
282.141
281.915
281.681
281.442
281.198
280.951
280.704
280.455
280.208
279.963
279.723
279.488
279.261
279.042
278.833
278.636
278.459
278.223
277.93
277.649
277.386
277.131
276.886
276.653
276.434
276.23
276.044
275.876
275.727
275.6
275.505
275.429
275.21
274.893
274.639
274.432
274.25
274.092
273.965
273.871
273.81
273.79
273.848
273.85
273.594
273.283
273.121
273.053
273.046
273.129
273.433
273.314
272.998
272.861
236.71
237.948
238.812
239.519
240.255
241.016
241.776
242.534
243.292
244.053
244.816
245.581
246.35
247.123
247.9
248.683
249.472
250.268
251.07
251.877
252.689
253.504
254.326
255.15
255.98
256.812
257.648
258.484
259.324
260.164
261.006
261.848
262.679
263.533
264.407
265.263
266.123
266.983
267.845
268.704
269.563
270.418
271.271
272.12
272.967
273.81
274.647
275.466
276.321
277.188
278.021
278.851
279.681
280.505
281.323
282.134
282.942
283.747
284.538
285.317
286.128
286.924
287.682
288.442
289.211
289.989
290.725
291.504
292.378
293.005
282.396
282.72
282.923
283.083
283.253
283.431
283.607
283.781
283.954
284.127
284.3
284.471
284.641
284.81
284.978
285.146
285.312
285.477
285.64
285.803
285.968
286.133
286.3
286.47
286.645
286.822
287.005
287.192
287.386
287.586
287.794
288.009
288.227
288.439
288.638
288.829
289.028
289.235
289.45
289.671
289.901
290.139
290.388
290.647
290.918
291.201
291.495
291.783
292.065
292.316
292.556
292.813
293.089
293.378
293.684
294.006
294.347
294.708
295.074
295.432
295.78
296.076
296.372
296.71
297.095
297.522
297.913
298.391
298.865
299.229
256.952
257.482
258.065
258.605
259.129
259.654
260.178
260.7
261.218
261.735
262.25
262.763
263.276
263.786
264.296
264.806
265.316
265.825
266.335
266.844
267.354
267.863
268.375
268.887
269.4
269.914
270.43
270.946
271.464
271.983
272.503
273.025
273.544
274.067
274.59
275.106
275.626
276.147
276.67
277.193
277.718
278.243
278.771
279.3
279.831
280.364
280.9
281.426
281.966
282.498
283.019
283.545
284.076
284.609
285.145
285.684
286.227
286.776
287.319
287.859
288.42
288.962
289.49
290.033
290.59
291.161
291.688
292.309
292.95
293.465
278.332
278.612
278.919
279.204
279.48
279.757
280.033
280.307
280.581
280.853
281.125
281.395
281.665
281.933
282.201
282.468
282.734
282.999
283.263
283.525
283.787
284.05
284.313
284.576
284.842
285.108
285.377
285.648
285.921
286.198
286.478
286.763
287.048
287.326
287.591
287.852
288.117
288.385
288.656
288.929
289.206
289.487
289.773
290.063
290.359
290.661
290.971
291.276
291.562
291.821
292.077
292.343
292.617
292.899
293.189
293.488
293.797
294.12
294.452
294.769
295.048
295.291
295.543
295.826
296.14
296.487
296.834
297.171
297.486
297.729
267.312
267.691
268.167
268.613
269.041
269.468
269.895
270.32
270.744
271.166
271.587
272.007
272.425
272.841
273.257
273.672
274.087
274.502
274.917
275.332
275.749
276.167
276.587
277.008
277.431
277.856
278.283
278.711
279.141
279.573
280.007
280.443
280.878
281.313
281.744
282.171
282.6
283.032
283.465
283.899
284.335
284.772
285.211
285.652
286.096
286.542
286.991
287.435
287.877
288.308
288.733
289.163
289.597
290.034
290.474
290.918
291.367
291.822
292.277
292.724
293.166
293.588
294.007
294.442
294.892
295.359
295.808
296.287
296.772
297.155
278.73
278.962
279.271
279.56
279.839
280.118
280.401
280.686
280.975
281.265
281.559
281.854
282.152
282.452
282.755
283.06
283.367
283.675
283.984
284.294
284.605
284.916
285.23
285.544
285.86
286.178
286.498
286.82
287.144
287.47
287.799
288.132
288.465
288.793
289.112
289.428
289.747
290.068
290.391
290.716
291.044
291.375
291.708
292.045
292.386
292.732
293.082
293.429
293.763
294.079
294.39
294.708
295.033
295.363
295.699
296.041
296.391
296.751
297.115
297.468
297.797
298.1
298.407
298.737
299.09
299.467
299.839
300.213
300.578
300.856
274.86
275.127
275.503
275.854
276.19
276.526
276.867
277.209
277.554
277.9
278.25
278.6
278.954
279.308
279.666
280.026
280.389
280.755
281.124
281.495
281.87
282.247
282.628
283.011
283.396
283.784
284.175
284.567
284.962
285.359
285.759
286.161
286.562
286.962
287.358
287.75
288.144
288.541
288.939
289.338
289.739
290.142
290.547
290.955
291.364
291.777
292.193
292.603
293.011
293.406
293.796
294.191
294.59
294.992
295.398
295.808
296.223
296.644
297.066
297.48
297.885
298.271
298.656
299.057
299.474
299.907
300.327
300.769
301.213
301.557
281.816
282.01
282.302
282.576
282.838
283.103
283.375
283.651
283.934
284.219
284.511
284.806
285.107
285.411
285.721
286.034
286.352
286.671
286.994
287.318
287.645
287.973
288.304
288.636
288.97
289.306
289.644
289.985
290.327
290.672
291.019
291.369
291.718
292.065
292.406
292.743
293.082
293.424
293.767
294.112
294.458
294.807
295.158
295.513
295.87
296.231
296.595
296.955
297.306
297.644
297.976
298.315
298.658
299.005
299.356
299.713
300.075
300.445
300.816
301.18
301.526
301.852
302.179
302.525
302.889
303.273
303.649
304.036
304.418
304.703
281.567
281.774
282.094
282.393
282.678
282.965
283.259
283.558
283.862
284.169
284.482
284.797
285.118
285.442
285.771
286.104
286.442
286.783
287.129
287.477
287.83
288.185
288.543
288.903
289.266
289.632
289.999
290.369
290.74
291.114
291.49
291.869
292.246
292.622
292.995
293.363
293.734
294.107
294.481
294.856
295.233
295.612
295.993
296.376
296.761
297.15
297.541
297.927
298.31
298.682
299.048
299.42
299.795
300.174
300.556
300.943
301.333
301.73
302.127
302.517
302.897
303.26
303.621
303.996
304.384
304.787
305.178
305.589
306
306.311
286.585
286.762
287.048
287.318
287.577
287.839
288.109
288.385
288.666
288.95
289.241
289.534
289.834
290.137
290.445
290.757
291.074
291.393
291.715
292.039
292.366
292.694
293.023
293.355
293.687
294.022
294.358
294.695
295.035
295.376
295.719
296.064
296.409
296.752
297.09
297.425
297.762
298.101
298.44
298.782
299.125
299.47
299.817
300.166
300.517
300.872
301.229
301.581
301.929
302.267
302.599
302.935
303.276
303.62
303.968
304.32
304.677
305.04
305.404
305.761
306.107
306.438
306.767
307.111
307.47
307.844
308.208
308.588
308.967
309.244
288.204
288.409
288.736
289.049
289.349
289.653
289.962
290.275
290.59
290.908
291.228
291.55
291.875
292.201
292.53
292.86
293.192
293.523
293.856
294.188
294.521
294.855
295.189
295.523
295.859
296.195
296.532
296.87
297.21
297.55
297.893
298.237
298.579
298.921
299.26
299.596
299.933
300.272
300.612
300.953
301.296
301.641
301.987
302.335
302.686
303.039
303.394
303.744
304.093
304.434
304.769
305.108
305.451
305.796
306.144
306.495
306.85
307.21
307.569
307.921
308.268
308.601
308.931
309.272
309.626
309.99
310.343
310.718
311.096
311.371
292.532
292.747
293.093
293.429
293.751
294.073
294.397
294.72
295.042
295.362
295.68
295.998
296.314
296.629
296.943
297.256
297.568
297.879
298.191
298.501
298.811
299.121
299.431
299.741
300.052
300.363
300.675
300.987
301.3
301.614
301.929
302.246
302.561
302.875
303.187
303.495
303.805
304.115
304.427
304.738
305.052
305.367
305.683
306.001
306.321
306.643
306.966
307.285
307.603
307.914
308.22
308.529
308.842
309.156
309.474
309.795
310.119
310.448
310.776
311.098
311.417
311.724
312.029
312.344
312.67
313.005
313.329
313.672
314.017
314.258
294.976
295.177
295.517
295.845
296.159
296.472
296.786
297.1
297.413
297.725
298.037
298.348
298.66
298.971
299.282
299.594
299.906
300.218
300.53
300.842
301.155
301.467
301.78
302.092
302.406
302.719
303.034
303.348
303.664
303.98
304.298
304.616
304.932
305.248
305.564
305.875
306.188
306.501
306.816
307.13
307.446
307.762
308.081
308.399
308.72
309.042
309.365
309.683
310.003
310.318
310.627
310.937
311.251
311.567
311.885
312.205
312.528
312.853
313.178
313.496
313.815
314.124
314.428
314.739
315.06
315.387
315.702
316.041
316.385
316.623
298.899
299.073
299.378
299.673
299.954
300.235
300.52
300.807
301.095
301.385
301.677
301.97
302.265
302.561
302.859
303.157
303.457
303.757
304.058
304.359
304.661
304.963
305.266
305.569
305.873
306.177
306.482
306.787
307.093
307.4
307.708
308.016
308.322
308.63
308.937
309.24
309.544
309.849
310.154
310.459
310.766
311.073
311.381
311.69
312
312.311
312.623
312.929
313.237
313.542
313.841
314.14
314.442
314.745
315.049
315.355
315.663
315.973
316.28
316.582
316.888
317.186
317.478
317.777
318.084
318.397
318.695
319.021
319.352
319.57
301.485
301.657
301.959
302.249
302.527
302.805
303.089
303.374
303.662
303.952
304.244
304.537
304.832
305.128
305.425
305.723
306.022
306.322
306.622
306.923
307.224
307.526
307.829
308.132
308.436
308.74
309.045
309.351
309.657
309.965
310.273
310.582
310.889
311.197
311.507
311.813
312.12
312.427
312.735
313.044
313.353
313.663
313.974
314.285
314.598
314.912
315.225
315.533
315.846
316.157
316.462
316.766
317.073
317.38
317.688
317.998
318.308
318.621
318.929
319.232
319.541
319.845
320.141
320.44
320.745
321.053
321.347
321.67
322.002
322.218
305.455
305.635
305.935
306.224
306.501
306.78
307.062
307.345
307.63
307.915
308.201
308.488
308.776
309.063
309.352
309.641
309.93
310.219
310.51
310.8
311.09
311.381
311.672
311.963
312.255
312.546
312.838
313.13
313.423
313.715
314.009
314.302
314.594
314.886
315.179
315.47
315.76
316.05
316.341
316.631
316.922
317.213
317.504
317.795
318.086
318.378
318.669
318.956
319.245
319.533
319.817
320.1
320.384
320.669
320.954
321.239
321.526
321.813
322.098
322.379
322.66
322.941
323.216
323.495
323.779
324.067
324.346
324.638
324.951
325.147
306.977
307.044
307.302
307.565
307.812
308.058
308.307
308.559
308.812
309.066
309.322
309.58
309.84
310.101
310.364
310.629
310.896
311.165
311.436
311.709
311.985
312.262
312.543
312.825
313.11
313.398
313.689
313.982
314.278
314.577
314.879
315.184
315.489
315.797
316.111
316.424
316.74
317.059
317.382
317.708
318.039
318.372
318.711
319.052
319.399
319.749
320.102
320.452
320.811
321.176
321.538
321.904
322.275
322.652
323.034
323.422
323.817
324.218
324.617
325.014
325.431
325.857
326.276
326.705
327.15
327.602
328.035
328.536
329.082
329.374
309.473
309.453
309.595
309.761
309.929
310.107
310.297
310.498
310.71
310.932
311.164
311.404
311.655
311.913
312.181
312.454
312.733
313.023
313.326
313.634
313.951
314.274
314.605
314.942
315.287
315.639
315.998
316.362
316.734
317.114
317.503
317.887
318.208
318.608
319.086
319.505
319.917
320.338
320.765
321.198
321.635
322.077
322.524
322.975
323.437
323.904
324.329
324.648
325.154
325.783
326.273
326.743
327.227
327.718
328.215
328.72
329.241
329.756
330.13
330.444
331.134
331.924
332.477
333.018
333.599
334.109
334.235
335.155
336.204
336.14
135.425
132.595
131.272
128.812
125.85
122.942
120.32
118.213
117.098
118
117.605
112.576
111.838
112.245
112.248
112.121
112.091
112.143
112.248
112.407
112.624
112.903
113.243
113.646
114.112
114.643
115.241
115.895
116.567
117.42
118.828
117.871
117.503
118.303
119.175
119.922
120.674
121.469
122.292
123.137
124.006
124.897
125.813
126.751
127.713
128.697
129.703
130.732
131.783
132.854
133.948
135.062
136.192
137.33
138.476
139.629
140.79
141.961
143.14
144.299
145.381
146.948
147.726
148.564
149.703
150.868
151.999
153.125
154.258
155.392
156.527
157.661
158.793
159.923
161.051
162.175
163.295
164.41
165.521
166.625
167.724
168.815
169.9
170.976
172.045
173.106
174.158
175.202
176.237
177.263
178.28
179.287
180.284
181.272
182.25
183.217
184.163
185.083
186.209
188.571
301.199
301.912
302.367
302.903
303.478
304.019
304.482
304.833
305.099
305.343
305.288
305.229
305.382
305.531
305.617
305.656
305.655
305.617
305.54
305.426
305.273
305.084
304.859
304.599
304.305
303.979
303.62
303.228
302.809
302.448
302.024
301.593
301.304
301.068
300.804
300.513
300.204
299.881
299.542
299.19
298.823
298.444
298.052
297.65
297.237
296.815
296.384
295.945
295.499
295.047
294.589
294.126
293.663
293.21
292.766
292.332
291.909
291.495
291.091
290.7
290.363
289.987
289.564
289.237
288.973
288.715
288.456
288.207
287.969
287.74
287.52
287.311
287.112
286.922
286.743
286.575
286.416
286.268
286.13
286.003
285.887
285.781
285.685
285.595
285.508
285.424
285.341
285.259
285.176
285.092
285.005
284.915
284.82
284.721
284.615
284.503
284.385
284.268
284.139
283.552
212
211.523
211.125
210.693
210.26
209.862
209.514
209.227
209.016
208.871
208.754
208.638
208.517
208.424
208.363
208.329
208.32
208.336
208.378
208.444
208.534
208.648
208.783
208.942
209.121
209.32
209.54
209.779
210.036
210.312
210.577
210.831
211.084
211.349
211.63
211.926
212.234
212.555
212.888
213.233
213.589
213.955
214.331
214.717
215.111
215.514
215.924
216.342
216.766
217.196
217.632
218.074
218.52
218.97
219.424
219.88
220.338
220.797
221.257
221.717
222.181
222.63
223.074
223.522
223.97
224.415
224.857
225.296
225.731
226.161
226.585
227.003
227.413
227.817
228.212
228.599
228.976
229.344
229.701
230.048
230.382
230.705
231.017
231.321
231.618
231.914
232.209
232.506
232.802
233.1
233.399
233.701
234.005
234.313
234.624
234.939
235.26
235.591
235.91
235.856
259.592
259.969
260.318
260.687
261.062
261.43
261.783
262.116
262.422
262.706
262.986
263.28
263.58
263.87
264.151
264.424
264.69
264.949
265.2
265.445
265.681
265.911
266.133
266.349
266.558
266.76
266.955
267.144
267.326
267.503
267.688
267.887
268.095
268.3
268.499
268.695
268.888
269.078
269.265
269.449
269.631
269.81
269.988
270.164
270.337
270.51
270.681
270.851
271.019
271.188
271.355
271.523
271.689
271.857
272.024
272.192
272.36
272.529
272.699
272.87
273.043
273.221
273.404
273.594
273.787
273.981
274.177
274.375
274.575
274.778
274.984
275.193
275.405
275.621
275.84
276.063
276.29
276.522
276.757
276.998
277.243
277.493
277.749
278.01
278.277
278.546
278.817
279.088
279.356
279.623
279.886
280.148
280.406
280.662
280.916
281.166
281.412
281.655
281.895
282.093
230.418
230.338
230.286
230.226
230.17
230.131
230.111
230.115
230.145
230.2
230.263
230.329
230.402
230.489
230.59
230.704
230.83
230.968
231.118
231.28
231.454
231.638
231.834
232.041
232.257
232.485
232.721
232.968
233.224
233.488
233.753
234.017
234.283
234.557
234.837
235.125
235.419
235.719
236.025
236.336
236.652
236.974
237.3
237.63
237.964
238.303
238.645
238.99
239.338
239.69
240.043
240.399
240.757
241.117
241.478
241.841
242.205
242.569
242.934
243.299
243.665
244.027
244.388
244.75
245.111
245.47
245.828
246.186
246.541
246.895
247.247
247.597
247.945
248.29
248.632
248.972
249.309
249.642
249.973
250.3
250.623
250.942
251.257
251.569
251.876
252.179
252.477
252.775
253.075
253.377
253.682
253.989
254.299
254.612
254.929
255.25
255.575
255.905
256.237
256.486
242.745
243.088
243.425
243.77
244.123
244.482
244.843
245.206
245.57
245.933
246.299
246.667
247.039
247.414
247.79
248.17
248.551
248.935
249.321
249.709
250.098
250.489
250.881
251.274
251.668
252.064
252.46
252.856
253.253
253.65
254.049
254.451
254.855
255.26
255.664
256.068
256.473
256.878
257.282
257.686
258.09
258.493
258.895
259.297
259.697
260.097
260.496
260.893
261.289
261.684
262.077
262.469
262.859
263.247
263.633
264.017
264.399
264.779
265.157
265.532
265.905
266.276
266.645
267.013
267.379
267.742
268.102
268.459
268.814
269.167
269.516
269.864
270.208
270.55
270.889
271.226
271.56
271.891
272.22
272.547
272.87
273.192
273.511
273.827
274.141
274.453
274.762
275.064
275.359
275.647
275.927
276.2
276.465
276.721
276.969
277.208
277.438
277.656
277.864
278.031
231.894
232.061
232.245
232.426
232.615
232.818
233.034
233.266
233.515
233.778
234.049
234.319
234.598
234.887
235.186
235.494
235.811
236.136
236.47
236.812
237.162
237.519
237.884
238.256
238.634
239.02
239.411
239.809
240.212
240.62
241.03
241.438
241.848
242.263
242.681
243.103
243.528
243.956
244.386
244.819
245.253
245.689
246.127
246.565
247.004
247.444
247.884
248.324
248.763
249.202
249.641
250.078
250.513
250.948
251.38
251.811
252.239
252.665
253.089
253.509
253.927
254.339
254.748
255.154
255.556
255.954
256.348
256.738
257.124
257.506
257.884
258.257
258.625
258.989
259.348
259.702
260.052
260.396
260.735
261.068
261.397
261.72
262.037
262.35
262.656
262.958
263.256
263.551
263.845
264.137
264.427
264.716
265.003
265.29
265.577
265.863
266.15
266.436
266.722
266.951
232.755
233.144
233.538
233.937
234.348
234.77
235.204
235.65
236.107
236.573
237.046
237.52
238.002
238.493
238.992
239.498
240.012
240.532
241.059
241.592
242.13
242.674
243.223
243.776
244.334
244.896
245.461
246.029
246.599
247.172
247.747
248.32
248.894
249.47
250.047
250.626
251.204
251.784
252.363
252.942
253.521
254.098
254.674
255.249
255.822
256.393
256.961
257.526
258.089
258.648
259.204
259.755
260.303
260.846
261.385
261.918
262.447
262.971
263.489
264.002
264.509
265.009
265.503
265.991
266.473
266.948
267.417
267.88
268.336
268.785
269.227
269.662
270.09
270.511
270.925
271.331
271.731
272.122
272.507
272.884
273.253
273.615
273.969
274.315
274.654
274.984
275.304
275.613
275.913
276.203
276.482
276.751
277.009
277.257
277.494
277.719
277.933
278.134
278.324
278.463
226.853
227.217
227.595
227.976
228.367
228.774
229.197
229.636
230.091
230.563
231.043
231.525
232.017
232.522
233.039
233.566
234.104
234.651
235.207
235.773
236.347
236.929
237.518
238.114
238.717
239.326
239.939
240.558
241.181
241.808
242.436
243.06
243.685
244.313
244.942
245.572
246.202
246.833
247.463
248.092
248.721
249.348
249.973
250.595
251.215
251.832
252.446
253.057
253.663
254.264
254.861
255.452
256.039
256.619
257.193
257.76
258.321
258.875
259.423
259.962
260.495
261.018
261.533
262.039
262.538
263.028
263.51
263.983
264.448
264.903
265.351
265.788
266.218
266.638
267.049
267.45
267.843
268.226
268.6
268.965
269.32
269.666
270.003
270.331
270.651
270.963
271.269
271.567
271.858
272.141
272.419
272.689
272.953
273.211
273.464
273.71
273.951
274.185
274.415
274.59
223.662
224.157
224.663
225.177
225.705
226.25
226.812
227.392
227.989
228.603
229.228
229.856
230.497
231.153
231.823
232.505
233.199
233.904
234.621
235.349
236.086
236.832
237.587
238.35
239.12
239.896
240.678
241.465
242.256
243.049
243.844
244.636
245.428
246.222
247.016
247.81
248.603
249.394
250.184
250.97
251.754
252.533
253.308
254.078
254.843
255.603
256.357
257.104
257.846
258.58
259.307
260.027
260.739
261.443
262.138
262.823
263.5
264.167
264.824
265.471
266.108
266.734
267.349
267.953
268.547
269.13
269.702
270.262
270.812
271.349
271.875
272.389
272.892
273.383
273.862
274.329
274.784
275.227
275.658
276.076
276.482
276.875
277.256
277.622
277.976
278.315
278.642
278.953
279.253
279.537
279.809
280.066
280.311
280.54
280.757
280.959
281.149
281.322
281.485
281.592
218.273
218.808
219.358
219.918
220.496
221.094
221.712
222.352
223.013
223.694
224.389
225.089
225.805
226.539
227.288
228.054
228.833
229.627
230.435
231.256
232.089
232.934
233.79
234.656
235.531
236.415
237.306
238.203
239.105
240.011
240.918
241.821
242.724
243.627
244.53
245.432
246.331
247.228
248.121
249.01
249.894
250.771
251.642
252.506
253.361
254.206
255.043
255.87
256.687
257.493
258.289
259.075
259.85
260.613
261.366
262.107
262.835
263.551
264.254
264.944
265.622
266.284
266.932
267.568
268.19
268.799
269.394
269.975
270.543
271.097
271.637
272.162
272.673
273.17
273.653
274.121
274.576
275.016
275.444
275.857
276.257
276.644
277.018
277.378
277.727
278.061
278.384
278.692
278.989
279.271
279.542
279.799
280.044
280.276
280.496
280.702
280.897
281.077
281.248
281.363
213.091
213.687
214.305
214.94
215.599
216.286
217
217.742
218.511
219.307
220.123
220.951
221.801
222.674
223.568
224.482
225.416
226.368
227.338
228.325
229.327
230.345
231.375
232.418
233.472
234.536
235.609
236.689
237.776
238.866
239.958
241.046
242.133
243.22
244.305
245.387
246.465
247.537
248.603
249.662
250.714
251.757
252.792
253.817
254.832
255.835
256.826
257.803
258.766
259.715
260.648
261.566
262.469
263.358
264.231
265.09
265.935
266.764
267.577
268.375
269.157
269.92
270.667
271.398
272.113
272.811
273.494
274.16
274.81
275.444
276.062
276.663
277.247
277.814
278.364
278.897
279.413
279.912
280.394
280.857
281.304
281.733
282.145
282.539
282.916
283.274
283.616
283.939
284.245
284.533
284.804
285.057
285.292
285.509
285.709
285.89
286.054
286.198
286.327
286.398
206.838
207.485
208.152
208.837
209.548
210.29
211.06
211.863
212.697
213.564
214.457
215.367
216.305
217.275
218.272
219.298
220.351
221.432
222.537
223.668
224.823
225.999
227.196
228.411
229.643
230.889
232.148
233.416
234.693
235.974
237.256
238.532
239.806
241.077
242.343
243.602
244.852
246.09
247.317
248.531
249.73
250.914
252.084
253.238
254.378
255.502
256.611
257.703
258.777
259.832
260.868
261.882
262.876
263.849
264.801
265.733
266.646
267.54
268.415
269.27
270.107
270.923
271.719
272.495
273.251
273.987
274.704
275.401
276.08
276.74
277.383
278.006
278.612
279.199
279.768
280.318
280.85
281.364
281.861
282.339
282.8
283.243
283.668
284.075
284.465
284.836
285.189
285.524
285.841
286.138
286.417
286.677
286.918
287.14
287.342
287.524
287.686
287.826
287.95
288.012
199.203
199.946
200.709
201.493
202.309
203.161
204.049
204.976
205.941
206.946
207.982
209.044
210.14
211.273
212.441
213.643
214.878
216.146
217.444
218.773
220.129
221.512
222.92
224.35
225.8
227.269
228.753
230.252
231.763
233.282
234.806
236.326
237.844
239.358
240.866
242.363
243.848
245.317
246.769
248.201
249.612
250.999
252.362
253.699
255.012
256.3
257.565
258.808
260.03
261.229
262.406
263.559
264.687
265.789
266.865
267.914
268.938
269.937
270.912
271.864
272.795
273.701
274.586
275.449
276.29
277.107
277.903
278.676
279.427
280.156
280.864
281.552
282.219
282.866
283.492
284.097
284.681
285.244
285.787
286.308
286.809
287.289
287.749
288.188
288.607
289.005
289.383
289.74
290.076
290.39
290.684
290.957
291.208
291.437
291.645
291.831
291.995
292.136
292.258
292.313
191.953
192.365
192.853
193.397
194
194.668
195.403
196.206
197.079
198.025
199.037
200.111
201.256
202.475
203.766
205.131
206.566
208.074
209.648
211.289
212.989
214.746
216.549
218.392
220.265
222.159
224.061
225.963
227.857
229.736
231.597
233.434
235.251
237.049
238.825
240.574
242.297
243.991
245.656
247.29
248.894
250.466
252.004
253.507
254.973
256.402
257.797
259.157
260.486
261.786
263.06
264.307
265.528
266.721
267.887
269.021
270.125
271.198
272.241
273.254
274.241
275.2
276.134
277.044
277.93
278.791
279.628
280.44
281.229
281.993
282.734
283.453
284.149
284.825
285.479
286.112
286.725
287.316
287.887
288.436
288.965
289.472
289.959
290.426
290.871
291.296
291.7
292.083
292.444
292.783
293.1
293.394
293.665
293.912
294.134
294.331
294.501
294.643
294.759
294.801
187.606
188.027
188.46
188.951
189.482
190.045
190.64
191.276
191.955
192.683
193.457
194.275
195.149
196.089
197.096
198.179
199.342
200.594
201.94
203.391
204.952
206.633
208.436
210.367
212.425
214.608
216.901
219.284
221.724
224.178
226.608
228.988
231.317
233.597
235.83
238.013
240.145
242.222
244.244
246.21
248.122
249.98
251.787
253.541
255.243
256.89
258.484
260.024
261.514
262.957
264.359
265.723
267.055
268.354
269.622
270.858
272.061
273.23
274.364
275.463
276.53
277.563
278.566
279.54
280.488
281.409
282.304
283.173
284.016
284.832
285.622
286.387
287.128
287.846
288.541
289.213
289.864
290.492
291.1
291.685
292.25
292.792
293.314
293.814
294.293
294.751
295.189
295.605
296
296.373
296.725
297.054
297.36
297.641
297.898
298.129
298.333
298.508
298.654
298.726
165.751
167.338
168.764
170.106
171.438
172.786
174.156
175.56
177.014
178.528
180.1
181.729
183.43
185.215
187.081
189.034
191.068
193.186
195.381
197.648
199.975
202.355
204.77
207.209
209.654
212.099
214.525
216.955
219.427
221.959
224.523
227.063
229.538
231.934
234.265
236.542
238.781
240.982
243.148
245.273
247.354
249.385
251.366
253.297
255.177
257
258.764
260.466
262.105
263.682
265.201
266.664
268.08
269.451
270.785
272.081
273.342
274.566
275.754
276.904
278.017
279.093
280.134
281.142
282.121
283.07
283.992
284.887
285.755
286.597
287.412
288.202
288.966
289.706
290.423
291.117
291.79
292.441
293.072
293.683
294.272
294.841
295.39
295.919
296.428
296.917
297.387
297.836
298.265
298.674
299.062
299.428
299.771
300.09
300.384
300.649
300.883
301.083
301.247
301.33
146.274
145.346
144.76
144.158
143.606
143.176
142.867
142.669
142.583
142.622
142.806
143.156
143.684
144.414
145.375
146.603
148.137
150.027
152.327
155.099
158.409
162.331
166.929
172.263
178.363
185.213
192.497
199.545
205.946
211.57
216.52
220.998
225.127
228.909
232.325
235.401
238.214
240.831
243.296
245.639
247.892
250.062
252.152
254.162
256.104
257.987
259.819
261.596
263.319
264.983
266.589
268.135
269.625
271.064
272.457
273.81
275.126
276.406
277.651
278.861
280.034
281.168
282.266
283.327
284.354
285.348
286.312
287.246
288.151
289.027
289.876
290.697
291.49
292.257
292.999
293.716
294.411
295.084
295.735
296.365
296.975
297.565
298.136
298.687
299.221
299.736
300.235
300.717
301.182
301.632
302.067
302.486
302.889
303.277
303.649
304.004
304.342
304.659
304.956
305.193
232.462
230.977
229.521
228.32
227.185
226.01
224.801
223.564
222.283
220.946
219.543
218.055
216.476
214.792
212.988
211.047
208.95
206.675
204.195
201.487
198.53
195.325
191.905
188.39
185.096
182.735
183.598
188.367
195.084
202.694
209.407
214.907
219.788
224.394
228.67
232.512
235.95
239.076
241.978
244.698
247.256
249.678
251.988
254.199
256.32
258.359
260.325
262.225
264.061
265.83
267.532
269.162
270.722
272.213
273.641
275.015
276.341
277.625
278.872
280.081
281.255
282.391
283.49
284.551
285.577
286.569
287.529
288.459
289.361
290.234
291.081
291.9
292.694
293.462
294.207
294.927
295.626
296.303
296.961
297.599
298.219
298.82
299.404
299.972
300.523
301.06
301.582
302.092
302.589
303.076
303.553
304.021
304.482
304.937
305.388
305.837
306.282
306.713
307.063
307.189
153.731
154.42
154.586
154.824
155.035
155.118
155.096
155.005
154.859
154.661
154.41
154.132
153.834
153.535
153.266
153.07
153.005
153.156
153.64
154.626
156.341
159.108
163.355
169.646
178.522
189.827
201.847
208.573
214.658
217.552
220.499
224.269
228.076
231.47
234.592
237.624
240.548
243.268
245.763
248.079
250.28
252.407
254.484
256.516
258.51
260.462
262.376
264.251
266.088
267.878
269.618
271.298
272.917
274.471
275.965
277.402
278.791
280.136
281.442
282.711
283.942
285.133
286.284
287.394
288.464
289.493
290.485
291.441
292.363
293.251
294.106
294.93
295.723
296.486
297.22
297.925
298.605
299.26
299.892
300.501
301.089
301.657
302.206
302.737
303.251
303.748
304.231
304.699
305.154
305.597
306.03
306.451
306.863
307.266
307.661
308.044
308.409
308.742
309.08
309.493
)
;

boundaryField
{
    airfoil
    {
        type            zeroGradient;
    }
    farBoundaries
    {
        type            zeroGradient;
    }
    inlet
    {
        type            freestream;
        freestreamValue uniform 1;
        value           nonuniform List<scalar> 
200
(
1
1
1
1
1
1
1
1
1
1
1
1
1
1
1
1
1
1
1
1
1
1
1
1
1
37.0562
133.397
141.009
210.688
217.543
220.499
224.269
228.076
231.47
234.592
237.624
240.548
243.268
245.763
248.079
250.28
252.407
254.484
256.516
258.51
260.462
262.376
264.251
266.088
267.878
269.618
271.298
272.917
274.471
275.965
277.402
278.791
280.136
281.442
282.711
283.942
285.133
286.284
287.394
288.464
289.493
290.485
291.441
292.363
293.251
294.106
294.93
295.723
296.486
297.22
297.925
298.605
299.26
299.892
300.501
301.089
301.657
302.206
302.737
303.251
303.748
304.231
304.699
305.154
305.597
306.03
306.451
306.863
307.266
307.661
308.044
308.409
308.742
309.08
309.493
1
1
1
1
1
1
1
1
1
1
1
1
1
1
1
1
1
1
1
1
1
1
1
1
1
1
1
1
1
1
1
1
1
1
1
1
1
1
1
1
1
1
1
1
1
1
1
1
1
1
1
1
1
1
1
1
1
1
1
1
1
1
1
1
103.494
90.1796
203.096
208.89
213.039
218.332
223.74
228.581
233.015
237.203
241.081
244.589
247.793
250.818
253.746
256.598
259.358
262.012
264.554
266.988
269.323
271.568
273.73
275.817
277.834
279.785
281.669
283.486
285.232
286.91
288.52
290.067
291.557
292.985
294.303
295.669
)
;
    }
    outlet
    {
        type            freestream;
        freestreamValue uniform 1;
        value           nonuniform List<scalar> 
40
(
295.828
295.979
296.013
296.035
296.117
296.228
296.288
296.297
296.251
296.162
296.003
295.782
295.534
295.313
295.136
295.017
294.951
294.924
294.917
294.913
292.409
292.416
292.424
292.442
292.48
292.554
292.675
292.855
293.094
293.381
293.694
293.994
294.255
294.492
294.707
294.914
295.103
295.287
295.458
295.642
)
;
    }
    defaultFaces
    {
        type            empty;
    }
}


// ************************************************************************* //
