/*--------------------------------*- C++ -*----------------------------------*\
  =========                 |
  \\      /  F ield         | OpenFOAM: The Open Source CFD Toolbox
   \\    /   O peration     | Website:  https://openfoam.org
    \\  /    A nd           | Version:  6.0
     \\/     M anipulation  |
\*---------------------------------------------------------------------------*/
FoamFile
{
    version     2.0;
    format      ascii;
    class       volScalarField;
    location    "6";
    object      p;
}
// * * * * * * * * * * * * * * * * * * * * * * * * * * * * * * * * * * * * * //

dimensions      [0 2 -2 0 0 0 0];

internalField   nonuniform List<scalar> 
4920
(
0.0244957
0.0245756
0.0247014
0.0248913
0.0251603
0.0255376
0.0260429
0.0267026
0.0275205
0.0284538
0.029363
0.0297511
0.0284254
0.022913
0.0165229
0.0246762
0.0247181
0.0248081
0.0249685
0.0252189
0.025594
0.0261193
0.026811
0.0276882
0.028795
0.0301065
0.0313508
0.0316095
0.028033
0.0211636
0.0249189
0.0249519
0.0250411
0.025201
0.0254546
0.0258362
0.0263762
0.0270801
0.0279507
0.0289965
0.0301966
0.0312192
0.0312302
0.0273599
0.0180982
0.0252318
0.0252837
0.0253946
0.0255804
0.0258597
0.0262672
0.0268318
0.0275448
0.0283827
0.0293257
0.0302477
0.0307286
0.0299436
0.0250453
0.0139941
0.0256276
0.0257105
0.0258603
0.0260949
0.026427
0.0268862
0.0274932
0.0282296
0.0290582
0.0299047
0.0306138
0.0306206
0.0290765
0.0230317
0.0107674
0.0263982
0.0265209
0.0267045
0.0269667
0.0273235
0.0278068
0.0284391
0.0291934
0.0300171
0.0308317
0.0313829
0.0310305
0.0288411
0.0216531
0.00836255
0.0273678
0.0275235
0.0277465
0.0280599
0.0284712
0.0290087
0.0296852
0.0304717
0.0313199
0.0321122
0.0325979
0.0319909
0.0292412
0.0208787
0.00637514
0.0288907
0.0290762
0.0293172
0.0296377
0.0300531
0.0305999
0.0312957
0.0321083
0.0329804
0.0338052
0.0342411
0.0334243
0.0301474
0.0205469
0.00459417
0.0305603
0.0307772
0.0310602
0.0314335
0.0319065
0.0325102
0.0332567
0.034117
0.0350429
0.0358922
0.0363419
0.0353521
0.0315399
0.0205846
0.00278451
0.0327352
0.0329864
0.0332962
0.0336871
0.0341801
0.0348123
0.0356052
0.0365231
0.0375101
0.0384432
0.0388825
0.0377081
0.0333207
0.0208719
0.000899082
0.0350229
0.0353124
0.0356761
0.0361442
0.036724
0.0374516
0.038338
0.0393509
0.040443
0.0414391
0.0419237
0.0405704
0.0355281
0.0213931
-0.0011841
0.037973
0.0382986
0.0386949
0.0391868
0.0397995
0.0405775
0.0415441
0.042659
0.0438562
0.0449758
0.0454615
0.0438766
0.0380942
0.0220799
-0.00346161
0.0410369
0.0414166
0.0418885
0.0424836
0.0432152
0.0441252
0.0452265
0.0464784
0.0478254
0.0490375
0.0495877
0.0477583
0.0411143
0.0229543
-0.00602762
0.0448074
0.0452446
0.0457778
0.0464278
0.0472304
0.048234
0.0494611
0.0508656
0.0523654
0.053763
0.054314
0.052151
0.0445234
0.0239863
-0.00888927
0.0487781
0.049284
0.0499107
0.0506977
0.05166
0.052844
0.0542608
0.0558602
0.0576053
0.0591811
0.0597819
0.0572427
0.0484445
0.0251571
-0.0120953
0.0537731
0.0543373
0.0550197
0.0558492
0.056879
0.0581715
0.0597489
0.0615979
0.0636
0.0654113
0.0659898
0.0629339
0.0527804
0.0264079
-0.0156946
0.0589331
0.0595792
0.060374
0.0613735
0.0626058
0.0641244
0.0659792
0.0680831
0.0703941
0.0724496
0.0730407
0.0694273
0.057668
0.0277314
-0.0196857
0.065408
0.0661126
0.0669573
0.0679957
0.0692874
0.0709355
0.0729446
0.0753445
0.0779786
0.080305
0.0808734
0.0765848
0.0629701
0.0290108
-0.0241816
0.0718751
0.0726896
0.0736802
0.0748986
0.0764023
0.0782713
0.0806006
0.0833078
0.0863274
0.0889971
0.0896295
0.084637
0.0688373
0.0302129
-0.0291528
0.0790465
0.0799862
0.0811165
0.0824774
0.0841625
0.0862843
0.0888809
0.0920249
0.0955063
0.098576
0.099245
0.0934218
0.075046
0.0311147
-0.0347987
0.0862071
0.0872958
0.0886227
0.0902672
0.0922941
0.0947953
0.0978896
0.101497
0.105543
0.109116
0.109924
0.103183
0.0817554
0.0317135
-0.0410016
0.0948201
0.0960007
0.0974203
0.0991691
0.101365
0.104165
0.107615
0.111826
0.11651
0.120649
0.121557
0.113737
0.0886594
0.0316481
-0.0480016
0.103126
0.104479
0.106127
0.108182
0.110757
0.114
0.118077
0.122915
0.128384
0.133247
0.134369
0.125288
0.0958919
0.0309516
-0.0556505
0.112224
0.113718
0.115535
0.117795
0.120683
0.124409
0.12907
0.134792
0.141171
0.146858
0.148165
0.137602
0.103004
0.0291706
-0.064247
0.12078
0.122491
0.1246
0.127285
0.13071
0.135095
0.140655
0.147283
0.15482
0.161546
0.163143
0.150787
0.110116
0.0263509
-0.0735556
0.130526
0.132364
0.134622
0.137514
0.141294
0.146285
0.152622
0.160475
0.169279
0.177169
0.179028
0.16458
0.116645
0.0220031
-0.0838905
0.139464
0.141512
0.144065
0.147386
0.151747
0.157506
0.16498
0.174072
0.184478
0.193783
0.195964
0.178914
0.122655
0.0161947
-0.0949192
0.148621
0.15084
0.153618
0.157241
0.162132
0.168749
0.177367
0.188144
0.200283
0.211116
0.213625
0.193467
0.127395
0.00848426
-0.106966
0.155905
0.158456
0.161709
0.16606
0.171867
0.179656
0.189851
0.202349
0.216615
0.229265
0.232026
0.207953
0.130928
-0.00106346
-0.119592
0.164819
0.167417
0.170748
0.175313
0.181685
0.190516
0.202193
0.216826
0.233292
0.247838
0.250822
0.221987
0.132384
-0.0127877
-0.133112
0.17156
0.174457
0.178229
0.183504
0.190814
0.200944
0.214445
0.231175
0.250287
0.26702
0.269832
0.235021
0.131837
-0.0265888
-0.146994
0.179266
0.182178
0.186025
0.19157
0.199577
0.210952
0.226244
0.245521
0.267357
0.286227
0.288637
0.246566
0.128341
-0.042616
-0.161514
0.184702
0.187865
0.192115
0.198339
0.207313
0.22017
0.237548
0.259463
0.284554
0.305788
0.306824
0.255844
0.122064
-0.0607605
-0.176106
0.190202
0.193363
0.197732
0.204304
0.214177
0.228497
0.248223
0.273331
0.301653
0.324863
0.323823
0.262277
0.112075
-0.080969
-0.191009
0.19359
0.196976
0.201718
0.209034
0.219934
0.236193
0.258457
0.286672
0.318789
0.34383
0.338872
0.264953
0.0987067
-0.103097
-0.20564
0.198026
0.201224
0.205928
0.213472
0.225436
0.243248
0.26809
0.299945
0.335385
0.361332
0.351161
0.263318
0.0811721
-0.126837
-0.220169
0.201179
0.204379
0.209223
0.217302
0.230026
0.249753
0.277212
0.312165
0.351572
0.377742
0.359676
0.256524
0.0599873
-0.152081
-0.234076
0.203849
0.206883
0.211723
0.220093
0.234008
0.255404
0.285441
0.324198
0.366727
0.391286
0.363497
0.244222
0.0345624
-0.178326
-0.24748
0.205237
0.208215
0.21321
0.222209
0.237101
0.260615
0.293364
0.335218
0.381129
0.402143
0.361501
0.225822
0.00559283
-0.205499
-0.259917
0.206828
0.209528
0.214479
0.223888
0.240124
0.265489
0.301016
0.346411
0.393965
0.408101
0.35284
0.201331
-0.027267
-0.232922
-0.271459
0.20849
0.210871
0.215742
0.225661
0.242947
0.27051
0.308804
0.356973
0.405261
0.409064
0.336473
0.170439
-0.0632741
-0.260644
-0.281728
0.211114
0.212928
0.217472
0.227682
0.246275
0.275527
0.316573
0.367643
0.413965
0.402628
0.311731
0.133446
-0.102637
-0.28793
-0.290841
0.214272
0.21547
0.219721
0.230343
0.250033
0.281148
0.324609
0.377664
0.419648
0.388448
0.277722
0.0902063
-0.144616
-0.314955
-0.298611
0.218843
0.219315
0.223159
0.234095
0.255103
0.287543
0.33315
0.387649
0.421136
0.364182
0.233678
0.0409351
-0.189428
-0.34099
-0.304827
0.226244
0.225696
0.228851
0.23995
0.261939
0.295904
0.342929
0.397269
0.41758
0.329273
0.178588
-0.0148029
-0.236511
-0.366097
-0.309411
0.237929
0.236026
0.238109
0.248832
0.271312
0.305347
0.353611
0.406671
0.406752
0.280823
0.110525
-0.0778712
-0.286311
-0.388879
-0.312281
0.255713
0.252079
0.252589
0.262365
0.283744
0.315542
0.365891
0.41238
0.380923
0.217585
0.0286664
-0.149345
-0.337886
-0.408631
-0.31336
0.281883
0.276016
0.274283
0.282366
0.301122
0.326206
0.376405
0.405982
0.328636
0.135993
-0.0666228
-0.228823
-0.388793
-0.423488
-0.312417
0.31876
0.310248
0.305926
0.311801
0.325885
0.344294
0.376314
0.371535
0.249087
0.0404165
-0.17148
-0.310428
-0.434764
-0.433269
-0.309553
0.369515
0.358146
0.350857
0.353939
0.360877
0.367983
0.345227
0.292829
0.16028
-0.0552961
-0.278787
-0.383405
-0.471175
-0.43746
-0.304886
0.437199
0.422768
0.411911
0.410233
0.40825
0.386607
0.253134
0.18201
0.0889732
-0.135416
-0.379265
-0.440455
-0.49555
-0.436906
-0.298731
0.526832
0.509857
0.494225
0.484265
0.465294
0.38727
0.0821275
0.10494
0.0538533
-0.188895
-0.462905
-0.479226
-0.507499
-0.431647
-0.29114
0.646189
0.630539
0.615468
0.60606
0.545359
0.380974
-0.119696
0.104069
0.047315
-0.204823
-0.515796
-0.498794
-0.50641
-0.422243
-0.282186
0.799163
0.788231
0.777626
0.777643
0.682154
0.444459
-0.22785
0.166943
0.053238
-0.190483
-0.523526
-0.498663
-0.491955
-0.408491
-0.271624
0.99147
0.988442
0.984865
0.988255
0.932324
0.691009
-0.0637137
0.25141
0.0728045
-0.163004
-0.465652
-0.475345
-0.466794
-0.391303
-0.259391
1.23746
1.25766
1.2716
1.27112
1.35801
1.2412
0.581023
0.44025
0.191877
-0.0990677
-0.327482
-0.426291
-0.438106
-0.372031
-0.245487
1.53498
1.59929
1.65503
1.72191
2.02505
2.18683
1.8767
1.04872
0.48352
0.0222437
-0.141383
-0.367685
-0.411277
-0.353107
-0.23069
1.8743
1.9798
2.1112
2.39579
2.93336
3.50003
3.63305
2.20744
0.93826
0.175382
0.0288139
-0.318388
-0.387538
-0.336408
-0.2169
2.12941
2.23447
2.42992
2.90897
3.64024
4.33782
4.54132
2.98175
1.2746
0.282945
0.116427
-0.295019
-0.37354
-0.325949
-0.207304
2.17356
2.28372
2.54342
3.02165
3.67721
4.287
4.53128
3.10934
1.40001
0.363753
0.154994
-0.282257
-0.36713
-0.319906
-0.202011
0.0429925
0.0447043
0.0437947
0.0420163
0.0400968
0.0382259
0.0364133
0.0347164
0.0330871
0.0318163
0.0323856
0.0306763
0.0273905
0.024145
0.021412
0.0192054
0.017374
0.0158194
0.0142335
0.0125898
0.0206058
0.0198025
0.0186142
0.0175409
0.0166538
0.0159153
0.015232
0.014586
0.0138852
0.0131071
0.014678
0.014847
0.0150812
0.0153776
0.0155938
0.0156716
0.0155866
0.0153866
0.0151097
0.014615
0.0122195
0.0129402
0.0138119
0.0147176
0.0154536
0.0159493
0.0161955
0.0162554
0.0162684
0.0159863
0.0110161
0.0120843
0.0132813
0.0145347
0.0156158
0.0164294
0.0169698
0.0172983
0.017631
0.0176148
0.00996723
0.0112912
0.0127383
0.0142918
0.0157047
0.0168627
0.017739
0.0183691
0.0190398
0.0192888
0.00867063
0.0101985
0.0119006
0.0138171
0.0156409
0.0172314
0.0185206
0.0195217
0.0205904
0.0211577
0.00701698
0.00869591
0.0107628
0.013128
0.0155155
0.0176439
0.0194654
0.02091
0.0224002
0.023186
0.00480235
0.00668877
0.00910535
0.0120855
0.0151243
0.017967
0.0204369
0.0224405
0.0243904
0.0255384
0.00199468
0.00396191
0.00680467
0.010443
0.0143025
0.0179967
0.0212926
0.0239933
0.026636
0.0281366
-0.00139082
0.000615053
0.00390322
0.00832139
0.0131532
0.0179014
0.0222226
0.0258277
0.0292145
0.0313917
-0.00527444
-0.00325925
0.000549483
0.00585954
0.0118436
0.0178399
0.0233814
0.0280463
0.0324691
0.0352141
-0.00961431
-0.00756712
-0.00317083
0.00317455
0.0104987
0.0179576
0.0249378
0.0308759
0.036376
0.0400631
-0.0143661
-0.012267
-0.00724681
0.000255263
0.00909077
0.0182173
0.0268402
0.0342337
0.0410972
0.0455851
-0.0194731
-0.0173117
-0.0115812
-0.00277411
0.00778596
0.0188131
0.0293123
0.0383697
0.046661
0.0523461
-0.0249309
-0.0227355
-0.0162253
-0.00599435
0.0064899
0.0196197
0.0321982
0.0430802
0.0530279
0.0597649
-0.0307517
-0.028469
-0.0210478
-0.00917663
0.00548663
0.02096
0.0358202
0.0486853
0.0603308
0.0684565
-0.0369775
-0.0345516
-0.0261335
-0.0124191
0.00462241
0.0226167
0.0398918
0.0548312
0.0683033
0.0776547
-0.0435426
-0.0408756
-0.0311688
-0.0153406
0.00435736
0.0250484
0.0448727
0.0619587
0.0772284
0.0880125
-0.0505054
-0.0474894
-0.0362745
-0.0181141
0.00442181
0.0279016
0.0503291
0.0695665
0.0866799
0.0987268
-0.0578843
-0.0542399
-0.0411257
-0.020309
0.00529542
0.0316798
0.0567614
0.0781431
0.0970347
0.110484
-0.0657077
-0.0612237
-0.045934
-0.0222324
0.00656298
0.0358711
0.0635668
0.0870306
0.107694
0.122424
-0.074014
-0.0682334
-0.0502749
-0.0233374
0.00881341
0.0410871
0.0713621
0.0968427
0.119184
0.13527
-0.0827633
-0.0754335
-0.0544431
-0.0240702
0.0115049
0.0466662
0.0793997
0.106787
0.130794
0.14814
-0.0919991
-0.0825364
-0.0580165
-0.0238515
0.0152017
0.0532188
0.0882904
0.117499
0.14309
0.161759
-0.101588
-0.0897596
-0.061329
-0.0232309
0.0192775
0.0599744
0.0971915
0.12809
0.155272
0.175248
-0.111492
-0.0966985
-0.0638414
-0.0215241
0.024383
0.0676099
0.106791
0.139275
0.167985
0.189314
-0.121585
-0.103622
-0.0659409
-0.0193434
0.0298429
0.0753299
0.116222
0.150135
0.180396
0.203069
-0.131791
-0.11006
-0.0670795
-0.0159966
0.0363014
0.0838111
0.126179
0.161402
0.19317
0.217215
-0.142016
-0.116356
-0.0676937
-0.012166
0.0430396
0.0922398
0.135791
0.172145
0.205463
0.230906
-0.152128
-0.121956
-0.0672063
-0.00712965
0.0507152
0.1013
0.145763
0.183122
0.217957
0.244804
-0.162097
-0.127293
-0.0661242
-0.00163047
0.0586019
0.11021
0.155281
0.193448
0.229851
0.25811
-0.171764
-0.13178
-0.0638334
0.00500399
0.0673113
0.119617
0.165018
0.203861
0.241819
0.27146
-0.181167
-0.135916
-0.0608641
0.0119705
0.0761069
0.128762
0.174211
0.213529
0.253113
0.284136
-0.1901
-0.139087
-0.0566769
0.0199063
0.0855547
0.138241
0.183474
0.22313
0.264365
0.296715
-0.198675
-0.141822
-0.0517782
0.0280091
0.0949602
0.147361
0.19214
0.231933
0.274904
0.308563
-0.206662
-0.143507
-0.0456811
0.0369913
0.104826
0.156659
0.200762
0.240563
0.285312
0.320199
-0.214228
-0.144713
-0.0389718
0.0460634
0.114507
0.16551
0.208759
0.248379
0.294976
0.33106
-0.221131
-0.144898
-0.0312685
0.0557391
0.124453
0.174353
0.216589
0.255907
0.304391
0.341565
-0.227457
-0.144602
-0.0231696
0.0653625
0.134062
0.182629
0.223751
0.262613
0.313024
0.351225
-0.232523
-0.143173
-0.0143205
0.075383
0.143727
0.190705
0.230627
0.268945
0.321303
0.360413
-0.236226
-0.14104
-0.00532675
0.0850985
0.152901
0.198103
0.236804
0.274467
0.328775
0.36873
-0.238195
-0.137722
0.00396593
0.0948294
0.16185
0.205167
0.242602
0.279583
0.335791
0.376489
-0.238758
-0.133814
0.0129986
0.103979
0.170159
0.211545
0.247732
0.283995
0.342005
0.383408
-0.237787
-0.129087
0.0219459
0.112854
0.178072
0.217497
0.252476
0.288057
0.347723
0.389769
-0.235634
-0.12419
0.0303963
0.121005
0.185291
0.222765
0.256614
0.291537
0.352682
0.395379
-0.232108
-0.11886
0.0386092
0.128761
0.192067
0.227593
0.260366
0.294694
0.357144
0.400474
-0.227441
-0.113448
0.0464104
0.135897
0.19824
0.231859
0.263618
0.297379
0.360949
0.404954
-0.221514
-0.107547
0.0540988
0.142752
0.20405
0.235783
0.266553
0.299792
0.364316
0.40901
-0.214575
-0.101362
0.0615737
0.149178
0.209398
0.239286
0.269096
0.301829
0.367135
0.41259
-0.206505
-0.0944887
0.0690956
0.155464
0.214476
0.242545
0.271393
0.303647
0.36957
0.415844
-0.197465
-0.0871079
0.0765533
0.161475
0.219184
0.245481
0.273374
0.30516
0.37155
0.418776
-0.187297
-0.0790088
0.0840702
0.167363
0.223612
0.24819
0.275124
0.306465
0.373185
0.421545
-0.17606
-0.0703286
0.091533
0.172998
0.227666
0.250603
0.276587
0.307508
0.374448
0.424213
-0.1636
-0.0608955
0.0990407
0.178508
0.231416
0.252802
0.27784
0.308373
0.375444
0.426921
-0.150201
-0.0509584
0.106404
0.183736
0.234805
0.254752
0.278884
0.309073
0.376201
0.429718
-0.137028
-0.0411746
0.113032
0.188322
0.237656
0.256384
0.279738
0.309672
0.376827
0.432655
-0.127564
-0.0340127
0.11737
0.191286
0.23945
0.257421
0.280285
0.310109
0.377324
0.435458
-0.123272
-0.0310064
0.119173
0.192527
0.240204
0.257867
0.280546
0.310372
0.377788
0.437583
0.0314883
0.0307792
0.02925
0.0272651
0.0248972
0.0223035
0.0194522
0.0164911
0.0135231
0.0107114
0.00821273
0.00612737
0.00443281
0.00307795
0.00197738
0.000793451
0.0106493
0.0103021
0.00977228
0.00930092
0.00888409
0.00859353
0.00828257
0.00792964
0.0074198
0.00670828
0.00582418
0.00481961
0.003799
0.00279817
0.00184571
0.000630306
0.0123293
0.0120811
0.0115691
0.011012
0.0104455
0.00994481
0.0094131
0.00884851
0.00819383
0.00741572
0.00649324
0.00545664
0.0043322
0.00318024
0.00205109
0.000613849
0.0133915
0.0129944
0.0123981
0.0117666
0.0111682
0.0106354
0.0100982
0.00953776
0.00891787
0.008174
0.00730545
0.00628707
0.00513848
0.00386804
0.00252831
0.000773619
0.0141179
0.0135682
0.0128767
0.0121809
0.0115709
0.0110613
0.0105691
0.0100623
0.00947611
0.00880944
0.00799077
0.00701181
0.00585652
0.00450322
0.00299537
0.000966556
0.0153445
0.0146313
0.0137931
0.0129283
0.0121929
0.0115766
0.0110385
0.0105193
0.0100052
0.00938195
0.0086462
0.00772962
0.00658858
0.00514256
0.00344444
0.00114622
0.0162078
0.0152756
0.0142624
0.013249
0.0124225
0.0117781
0.0112636
0.0108275
0.0103877
0.00992411
0.00929834
0.00845519
0.00731686
0.00575728
0.00385811
0.00131557
0.0170166
0.0157385
0.0144553
0.0132134
0.0122967
0.0116532
0.0112423
0.0109602
0.0107392
0.010433
0.00998486
0.0092514
0.00811193
0.00639275
0.0042549
0.00146772
0.0176617
0.0160456
0.014515
0.0131099
0.0121315
0.01153
0.011236
0.011135
0.0110989
0.0110426
0.0107424
0.0100953
0.00891759
0.00700078
0.00460783
0.00160476
0.0187328
0.0167341
0.0149055
0.0132518
0.0121471
0.0115317
0.0113306
0.0114
0.0116164
0.0117268
0.0116177
0.0110526
0.00978723
0.00760442
0.0049225
0.00171518
0.0198177
0.0173976
0.0152561
0.0133748
0.0121768
0.0115999
0.0115349
0.0118404
0.0122357
0.0125825
0.0125948
0.0120655
0.0106557
0.00815987
0.00517733
0.00180115
0.0211838
0.0183029
0.0158346
0.0137241
0.0124339
0.0118956
0.0120058
0.0124534
0.0130856
0.0135843
0.013739
0.0132138
0.0115644
0.00868263
0.00537588
0.00185173
0.0232292
0.0198122
0.0169209
0.0144927
0.0130314
0.012515
0.0126855
0.0133549
0.0141418
0.0148024
0.0150416
0.0144346
0.0124609
0.00914239
0.00550742
0.00187236
0.0255901
0.0215662
0.0182247
0.0154624
0.0138314
0.013301
0.0136506
0.0144605
0.0154521
0.0162688
0.0165623
0.0157758
0.0133569
0.00953992
0.00557017
0.00185303
0.028862
0.0241377
0.0202161
0.0169905
0.0150799
0.014497
0.0148899
0.0159029
0.0170483
0.0179685
0.0182305
0.0171563
0.0142048
0.00985604
0.00556332
0.00180212
0.0326689
0.0272102
0.0227137
0.0190397
0.0168323
0.0161226
0.016573
0.0176554
0.018947
0.0199411
0.0200936
0.0185914
0.0150006
0.0100848
0.0054822
0.00171067
0.03759
0.0313696
0.0262008
0.0219347
0.0192659
0.0183002
0.0186451
0.0198143
0.0211508
0.0221327
0.0220613
0.0200155
0.0157149
0.0102236
0.00533684
0.00159026
0.043306
0.0362644
0.0303491
0.0253984
0.0221744
0.0208808
0.021162
0.022277
0.0236696
0.0245805
0.0241527
0.0214161
0.0163313
0.0102602
0.00511967
0.00143324
0.0493752
0.0413693
0.0346212
0.0289986
0.0253255
0.0238697
0.023991
0.0251371
0.0264589
0.0271958
0.0262834
0.0227499
0.0168404
0.010208
0.00485022
0.00125385
0.0555784
0.0466556
0.0391882
0.0330374
0.0290596
0.0272675
0.0273083
0.0283101
0.0295463
0.0300212
0.0284468
0.0239932
0.0172227
0.0100514
0.00451821
0.00104507
0.0628013
0.0529466
0.0446448
0.0378707
0.033296
0.0312282
0.0309873
0.0318356
0.0328963
0.0329632
0.0305825
0.0251276
0.017488
0.00981702
0.00414971
0.00082242
0.0705809
0.0597275
0.0505431
0.0430191
0.0379579
0.0354678
0.0350161
0.0356955
0.0365074
0.0360053
0.0326438
0.026112
0.01761
0.00948492
0.0037317
0.000579084
0.0785646
0.0666805
0.0565889
0.0483699
0.0427804
0.0400349
0.0393593
0.0398288
0.0402817
0.039059
0.0345916
0.0269503
0.0176147
0.00909179
0.0032945
0.000330981
0.0868783
0.0739525
0.0629664
0.0540286
0.0479841
0.0448893
0.044011
0.0442251
0.0442137
0.0420746
0.0363724
0.0276013
0.0174747
0.0086146
0.00282243
7.10486e-05
0.0955531
0.0815998
0.0697091
0.0600651
0.0535158
0.0500858
0.0489297
0.0488197
0.0482087
0.0450047
0.0379799
0.0280943
0.0172318
0.00809761
0.00234782
-0.000185181
0.104669
0.0896772
0.0769
0.0665904
0.0594097
0.0555934
0.0541021
0.0535988
0.0522112
0.04776
0.0393504
0.028384
0.0168562
0.00751587
0.00185343
-0.00044494
0.114135
0.0981992
0.0846845
0.0734819
0.065753
0.0614275
0.0595416
0.0585187
0.0561765
0.0503383
0.0405045
0.0285189
0.0164004
0.00691747
0.00137162
-0.000694014
0.124066
0.107251
0.0927818
0.0809091
0.0724641
0.0676295
0.0652848
0.0635747
0.060019
0.0526476
0.0413874
0.0284552
0.0158326
0.00627488
0.000883301
-0.000940069
0.133936
0.116315
0.101227
0.0886131
0.0795923
0.0742523
0.0713109
0.0687078
0.0637324
0.0547246
0.0420464
0.0282591
0.015213
0.00563731
0.00041953
-0.00117044
0.14411
0.12562
0.109833
0.096668
0.0870993
0.0812223
0.0775491
0.0737936
0.0671592
0.0564528
0.0424249
0.0278858
0.0145086
0.00497635
-3.9329e-05
-0.00139285
0.154195
0.134998
0.118683
0.104984
0.0949513
0.0884777
0.0839161
0.078797
0.0703357
0.0579014
0.0425872
0.0274108
0.0137825
0.00433969
-0.000464964
-0.00159674
0.164615
0.144565
0.127684
0.113579
0.103065
0.0959683
0.0903026
0.0835496
0.0730948
0.0589594
0.0424821
0.0267885
0.0129991
0.00369731
-0.000877733
-0.00178992
0.174801
0.154146
0.136886
0.122339
0.111395
0.103573
0.0966693
0.0880803
0.0755285
0.0597321
0.0421922
0.0261009
0.012222
0.00309396
-0.00125227
-0.00196362
0.185318
0.163986
0.14616
0.131303
0.119882
0.111307
0.102823
0.0921689
0.0774486
0.0601066
0.0416691
0.0253034
0.0114149
0.0024999
-0.00160837
-0.00212512
0.195923
0.173897
0.155764
0.140445
0.128538
0.118952
0.10879
0.095894
0.0789905
0.0602123
0.0410051
0.0244793
0.0106386
0.0019552
-0.00192444
-0.00226778
0.206737
0.184139
0.165482
0.149816
0.13736
0.126651
0.11432
0.099026
0.0799686
0.0599413
0.0401525
0.0235824
0.00985541
0.00142989
-0.00221984
-0.00239839
0.217281
0.194289
0.175445
0.159459
0.146331
0.134069
0.119504
0.101691
0.080561
0.0594436
0.0392099
0.022694
0.00912188
0.000959359
-0.00247609
-0.00251184
0.228031
0.20461
0.18558
0.169332
0.155402
0.141388
0.124007
0.103646
0.0805806
0.0586156
0.0381306
0.0217694
0.0084005
0.00051517
-0.00271092
-0.00261384
0.238541
0.215031
0.196005
0.179439
0.164401
0.148129
0.127993
0.105062
0.080241
0.0576197
0.0370155
0.0208843
0.00774196
0.000127127
-0.0029094
-0.00270101
0.249416
0.225634
0.206619
0.189693
0.173343
0.154561
0.1311
0.105715
0.0793643
0.0563562
0.035816
0.0199934
0.00710831
-0.000232152
-0.00308793
-0.00277812
0.259992
0.236303
0.217415
0.20003
0.181929
0.160146
0.133572
0.105819
0.0781925
0.0549947
0.0346316
0.0191655
0.00654453
-0.000537368
-0.00323414
-0.00284289
0.2707
0.247044
0.228307
0.210379
0.190253
0.165211
0.135021
0.105164
0.0765531
0.0534394
0.0334124
0.0183574
0.00601431
-0.000813263
-0.00336218
-0.00289872
0.281414
0.257905
0.239338
0.220544
0.197845
0.169161
0.135762
0.103994
0.0747047
0.0518589
0.032253
0.0176286
0.00555579
-0.00103951
-0.00346248
-0.00294468
0.29226
0.268866
0.250441
0.230541
0.204897
0.172388
0.135414
0.102116
0.0724779
0.0501568
0.0310997
0.0169361
0.00513375
-0.00123874
-0.00354734
-0.00298304
0.303015
0.280002
0.26159
0.24003
0.210866
0.174323
0.134358
0.099802
0.0701391
0.0484956
0.0300399
0.0163307
0.00478085
-0.00139421
-0.00360909
-0.0030137
0.314043
0.291251
0.272721
0.249111
0.216041
0.175408
0.132228
0.0968728
0.0675236
0.0467807
0.0290174
0.0157722
0.00446483
-0.00152536
-0.0036576
-0.00303757
0.325056
0.302661
0.283641
0.257278
0.219811
0.175112
0.129451
0.0936153
0.0648956
0.0451632
0.0281109
0.0153021
0.00421249
-0.00161917
-0.00368729
-0.00305557
0.336449
0.314212
0.294403
0.26473
0.222548
0.173912
0.125679
0.0898591
0.0620902
0.0435462
0.027261
0.0148816
0.00399397
-0.0016925
-0.00370613
-0.00306757
0.347902
0.32587
0.30469
0.270908
0.223662
0.171339
0.121369
0.0858979
0.0593618
0.0420678
0.0265383
0.0145449
0.00383195
-0.00173483
-0.00370987
-0.00307514
0.359837
0.337736
0.314653
0.276075
0.223588
0.167891
0.116201
0.0815668
0.0565471
0.0406313
0.0258812
0.0142569
0.0037002
-0.00175989
-0.00370437
-0.003077
0.371913
0.349617
0.32383
0.279629
0.221783
0.163171
0.110629
0.0771525
0.0538826
0.039359
0.0253526
0.0140447
0.00361725
-0.00175971
-0.00368689
-0.00307561
0.384409
0.361706
0.332404
0.281849
0.218691
0.157669
0.104343
0.0724896
0.0512025
0.0381526
0.0248893
0.0138761
0.00355985
-0.00174554
-0.00366167
-0.00306877
0.39656
0.373657
0.339832
0.282135
0.2137
0.150827
0.0978005
0.0678635
0.0487276
0.0371213
0.0245489
0.0137735
0.00354384
-0.00171101
-0.00362699
-0.00305953
0.408601
0.385686
0.346278
0.280787
0.207062
0.142915
0.0907697
0.0631278
0.0463017
0.0361698
0.0242678
0.0137084
0.00354945
-0.00166491
-0.00358543
-0.00304479
0.41929
0.397397
0.350815
0.276763
0.198071
0.133716
0.0836925
0.0585627
0.0441268
0.0353952
0.0241002
0.0136994
0.00359
-0.00160243
-0.00353636
-0.0030283
0.428725
0.409012
0.352371
0.269692
0.187094
0.123787
0.0764182
0.0540422
0.0420535
0.0347045
0.0239828
0.0137213
0.00364845
-0.00153047
-0.00348116
-0.00300624
0.435763
0.417504
0.348397
0.258997
0.17423
0.113147
0.0693667
0.0498418
0.0402651
0.0341849
0.0239679
0.0137902
0.00373653
-0.00144519
-0.00341993
-0.00298285
0.443166
0.416915
0.337515
0.245024
0.159998
0.102258
0.0624119
0.0458326
0.0386222
0.0337472
0.0239917
0.0138836
0.00383965
-0.00135193
-0.003353
-0.0029537
0.447602
0.401287
0.320042
0.228485
0.144807
0.0912314
0.0559127
0.0422541
0.0372775
0.0334682
0.0241058
0.0140165
0.00396805
-0.00124772
-0.00328118
-0.00292354
0.445861
0.380231
0.302423
0.212855
0.130439
0.0808554
0.0498746
0.0389943
0.0361015
0.0332651
0.024249
0.0141698
0.00410978
-0.00113636
-0.00320393
-0.00288743
0.421825
0.354402
0.286844
0.199682
0.117834
0.0711825
0.0444045
0.0361525
0.0351839
0.0332006
0.0244738
0.0143593
0.00427485
-0.00101515
-0.00312292
-0.00285078
0.375124
0.324824
0.272246
0.188675
0.107137
0.062076
0.0391228
0.0333598
0.0342952
0.0331538
0.0247037
0.0145612
0.00445005
-0.000888103
-0.00303728
-0.00280823
0.320563
0.290285
0.254796
0.178802
0.0986101
0.0539212
0.0342137
0.0306255
0.0334201
0.0331323
0.0249669
0.014778
0.00463835
-0.000755093
-0.00294912
-0.00276487
0.276255
0.255117
0.2361
0.17062
0.0929506
0.0478268
0.0300444
0.0278432
0.0323863
0.0330122
0.0251771
0.0149802
0.00482401
-0.000621494
-0.00285786
-0.00271534
0.244761
0.22552
0.219755
0.164668
0.0903499
0.0442654
0.0269446
0.0252398
0.0312567
0.0328269
0.0253739
0.0151751
0.00501116
-0.000487035
-0.00276671
-0.00266556
0.222505
0.203675
0.205518
0.160925
0.0908174
0.0432798
0.024986
0.0228863
0.029973
0.0324887
0.0254806
0.0153361
0.00518542
-0.000357166
-0.00267561
-0.00261078
0.206547
0.186644
0.191385
0.157871
0.0936462
0.044747
0.0242914
0.021079
0.0286354
0.0320481
0.0255431
0.0154739
0.00535239
-0.000230435
-0.00258723
-0.00255673
0.193582
0.173511
0.178949
0.154958
0.0977951
0.0482978
0.0250836
0.0199056
0.0272471
0.0314359
0.0254888
0.0155636
0.00549937
-0.000111409
-0.00250083
-0.0024984
0.182565
0.163364
0.168293
0.151861
0.102348
0.0533201
0.0272401
0.0195008
0.0258983
0.0307068
0.0253646
0.015618
0.00563302
2.29985e-06
-0.00241853
-0.00244118
0.173151
0.155845
0.159984
0.149178
0.106947
0.0591977
0.030558
0.0198402
0.0246365
0.0298136
0.0251023
0.0156109
0.00574092
0.000105796
-0.00233956
-0.00238032
0.16556
0.150526
0.153784
0.14692
0.111292
0.0655047
0.0346716
0.0208984
0.0235168
0.0288144
0.0247468
0.0155551
0.00582967
0.000202129
-0.00226562
-0.00232084
0.157794
0.145638
0.148685
0.144714
0.114997
0.0717526
0.0393817
0.022596
0.0226051
0.0276839
0.0242334
0.015421
0.00588561
0.000285545
-0.00219616
-0.00225822
0.148951
0.139691
0.143243
0.141655
0.117387
0.0774275
0.0442032
0.0247825
0.0219126
0.0264896
0.0236093
0.0152211
0.00591402
0.00035913
-0.0021328
-0.0021971
0.139179
0.132456
0.136773
0.137235
0.11797
0.0819263
0.0488372
0.0273028
0.0215152
0.0252485
0.022833
0.0149267
0.00590029
0.000416178
-0.0020754
-0.00213358
0.130219
0.124706
0.129105
0.131181
0.116501
0.0849652
0.052843
0.0299054
0.0213578
0.0240313
0.0219631
0.0145542
0.00584841
0.000459466
-0.00202551
-0.00207187
0.122466
0.116874
0.120645
0.123833
0.113191
0.0863824
0.0561412
0.0324656
0.0215019
0.022876
0.0209846
0.0140816
0.00574373
0.000480927
-0.00198363
-0.00200858
0.115725
0.109434
0.11198
0.115658
0.108388
0.0863073
0.0585077
0.034769
0.0218345
0.0218309
0.019964
0.0135354
0.00559113
0.0004827
-0.00195154
-0.00194753
0.109715
0.102441
0.103417
0.107007
0.10243
0.0847742
0.059976
0.0367621
0.0224006
0.0209398
0.018914
0.0129073
0.00538085
0.000456785
-0.00193007
-0.00188613
0.104152
0.0958008
0.0951066
0.0981482
0.0956266
0.0820197
0.0604215
0.0382713
0.0230423
0.0202051
0.0178915
0.0122331
0.00512088
0.000405149
-0.00192142
-0.00182785
0.098544
0.0892306
0.0869677
0.0892377
0.0882091
0.0781268
0.0599273
0.0393222
0.023797
0.0196582
0.0169169
0.0115143
0.00480769
0.000320669
-0.00192685
-0.00177078
0.0927628
0.0826078
0.0790261
0.0804543
0.0804288
0.0733677
0.0584633
0.0397979
0.0244856
0.019253
0.0160236
0.0107895
0.0044533
0.00020619
-0.00194896
-0.00171806
0.0864843
0.0757
0.0711106
0.0718104
0.0724418
0.0678632
0.0561792
0.0397748
0.0251357
0.0190077
0.0152353
0.0100692
0.00406385
5.88086e-05
-0.00198819
-0.0016685
0.0795357
0.0682629
0.0630828
0.0633591
0.0644306
0.0618894
0.0531298
0.0391618
0.0255655
0.018834
0.0145505
0.00938645
0.00365388
-0.000117222
-0.00204743
-0.00162501
0.071995
0.0605008
0.055195
0.0552162
0.0565727
0.0555827
0.049486
0.0380466
0.0258163
0.0187451
0.0139865
0.00875105
0.00323568
-0.000320436
-0.0021259
-0.00158688
0.0648882
0.0535668
0.0481289
0.0477914
0.0491285
0.0492316
0.0453443
0.0363592
0.0257081
0.0186186
0.0135023
0.00818065
0.00282252
-0.000545046
-0.00222617
-0.00155668
0.0589373
0.047808
0.042079
0.0411078
0.0421212
0.0428708
0.0408171
0.0341773
0.0252699
0.0184554
0.0131026
0.00768013
0.00243218
-0.00078235
-0.00234412
-0.00153368
0.0540872
0.0431213
0.036911
0.0350942
0.0355766
0.0366502
0.0359838
0.0314605
0.0243647
0.0181195
0.0127128
0.00724371
0.00207093
-0.00102663
-0.0024817
-0.0015201
0.0495981
0.0388571
0.0322093
0.0296071
0.0294782
0.0305895
0.030964
0.0283156
0.0230586
0.0176338
0.0123428
0.00686961
0.0017548
-0.00126493
-0.00263145
-0.00151474
0.045274
0.0348088
0.0278719
0.0245659
0.0238038
0.0247911
0.0258454
0.024769
0.021279
0.0168802
0.0119082
0.00653271
0.00147842
-0.00149443
-0.00279458
-0.00151912
0.0409241
0.0308153
0.0236902
0.0198263
0.018501
0.0192282
0.0207113
0.0209303
0.0191159
0.0158971
0.0114289
0.00623072
0.00125632
-0.00169742
-0.00295865
-0.00153058
0.0366057
0.026863
0.0196629
0.0153606
0.0135217
0.013974
0.0156455
0.016863
0.0165521
0.0146012
0.0108185
0.00592464
0.00107051
-0.0018767
-0.00312482
-0.00155009
0.0322461
0.0229102
0.0157074
0.0110711
0.00887647
0.00898809
0.0107368
0.0126882
0.0136976
0.0130508
0.0101087
0.00561848
0.000933548
-0.00201387
-0.00327735
-0.00157339
0.0278874
0.0189652
0.0118292
0.00706596
0.00454261
0.00436901
0.00606086
0.00850068
0.0105984
0.0112042
0.0092194
0.00526552
0.0008156
-0.00212018
-0.00341896
-0.00160103
0.0235122
0.0150136
0.00811464
0.00328936
0.000560847
8.21279e-05
0.00164521
0.00438256
0.00736241
0.00913499
0.00818593
0.00487494
0.000727809
-0.0021769
-0.0035308
-0.00162635
0.019184
0.0111546
0.00450649
-0.000276609
-0.00317831
-0.00391353
-0.00251181
0.000395404
0.00404211
0.00683396
0.00695177
0.0043976
0.000633103
-0.00220412
-0.00361846
-0.00165017
0.0149007
0.00731235
0.000933735
-0.00378418
-0.00677217
-0.00769195
-0.00643701
-0.00342955
0.000708159
0.00437479
0.00556169
0.00385099
0.000547219
-0.0021827
-0.00366241
-0.00166414
0.0106657
0.00353411
-0.0025583
-0.00718209
-0.0102182
-0.0112618
-0.0101169
-0.00705566
-0.0025886
0.00178542
0.00398881
0.00319162
0.00043016
-0.00214098
-0.00367301
-0.00167011
0.00656791
-0.000142139
-0.00594193
-0.0104559
-0.0134853
-0.0145847
-0.0135388
-0.0104508
-0.00579058
-0.000860813
0.0022866
0.00244005
0.00029849
-0.00206127
-0.00363159
-0.00165778
0.0026312
-0.00363004
-0.00912292
-0.0134941
-0.0164881
-0.0176419
-0.0166448
-0.0135858
-0.00881853
-0.00349827
0.000465832
0.00157011
0.000111864
-0.00197803
-0.00355423
-0.00163108
-0.00105482
-0.00690548
-0.0120961
-0.0163141
-0.0192564
-0.0203535
-0.0194037
-0.0163762
-0.0116073
-0.00604276
-0.00140405
0.000613029
-0.000110702
-0.00187224
-0.00342412
-0.00157947
-0.00449899
-0.00993335
-0.0148108
-0.0188409
-0.0216206
-0.0226648
-0.0217289
-0.0187889
-0.0140977
-0.00842574
-0.00328289
-0.000436721
-0.000404519
-0.00178162
-0.00326359
-0.00151047
-0.00757666
-0.0126152
-0.0171762
-0.0209858
-0.0236063
-0.0245586
-0.0236427
-0.0208227
-0.016276
-0.0106095
-0.00511576
-0.00154493
-0.00075382
-0.00169014
-0.00306003
-0.00141409
-0.0102598
-0.0148761
-0.0191136
-0.0227082
-0.0251768
-0.0260601
-0.0251839
-0.022508
-0.0181383
-0.0125627
-0.00686911
-0.00270553
-0.00118284
-0.0016355
-0.00284008
-0.00130201
-0.0125067
-0.0167369
-0.020664
-0.0240341
-0.0263527
-0.0271853
-0.0263645
-0.0238341
-0.019681
-0.0142717
-0.00850709
-0.00388403
-0.0016744
-0.00160342
-0.00259317
-0.00116545
-0.0143451
-0.018186
-0.0218112
-0.0249638
-0.0271276
-0.0279081
-0.0271523
-0.0248023
-0.0208904
-0.0157099
-0.00999489
-0.0050552
-0.00223463
-0.00162482
-0.00234788
-0.00102024
-0.0157383
-0.0192219
-0.0225501
-0.0254655
-0.0274683
-0.0282111
-0.0275429
-0.0253778
-0.0217502
-0.0168587
-0.0113026
-0.00618147
-0.00283928
-0.00168755
-0.00209748
-0.000859638
-0.0167107
-0.0197883
-0.0227842
-0.0254647
-0.0273378
-0.0280752
-0.0275153
-0.0255871
-0.0222602
-0.0177107
-0.0123866
-0.00721896
-0.00347191
-0.00180703
-0.00186873
-0.000702278
-0.0173611
-0.0201312
-0.0228637
-0.0253082
-0.0270088
-0.0276864
-0.0272052
-0.0254496
-0.0224254
-0.0182308
-0.0132156
-0.00812188
-0.0040961
-0.00196618
-0.00165553
-0.000542243
-0.0176821
-0.0200955
-0.0225186
-0.024731
-0.0262906
-0.0269419
-0.0265208
-0.0249563
-0.0222306
-0.0184191
-0.0137621
-0.00884992
-0.00468019
-0.00216323
-0.00147831
-0.000398666
-0.0176277
-0.0197896
-0.0219936
-0.0239914
-0.0253769
-0.0259396
-0.0255458
-0.0241351
-0.0217032
-0.0182813
-0.014028
-0.00938567
-0.00519475
-0.00237935
-0.00133239
-0.000266345
-0.017104
-0.0189606
-0.0208969
-0.0226969
-0.0239784
-0.0245415
-0.0242436
-0.023029
-0.0208997
-0.0178718
-0.0140362
-0.0097231
-0.00561924
-0.00260533
-0.00123026
-0.000162863
-0.0162704
-0.0178846
-0.0196106
-0.0212305
-0.0223927
-0.0229236
-0.0227032
-0.0216835
-0.0198558
-0.0172106
-0.0138039
-0.00986377
-0.00593662
-0.00282344
-0.00116555
-8.2344e-05
-0.015227
-0.0165692
-0.0180463
-0.019483
-0.0205517
-0.0210914
-0.0209738
-0.0201532
-0.0186153
-0.0163444
-0.0133556
-0.0098103
-0.00613116
-0.00301548
-0.00113981
-3.80667e-05
-0.0141827
-0.0153357
-0.0166307
-0.0178907
-0.0188189
-0.0192872
-0.0191962
-0.0185161
-0.0172268
-0.01529
-0.0127054
-0.00956461
-0.00619149
-0.00316313
-0.00114172
-2.2057e-05
-0.012977
-0.0138803
-0.01494
-0.0160185
-0.0168469
-0.017305
-0.0172863
-0.0167608
-0.0157042
-0.0140868
-0.0118755
-0.0091386
-0.00610072
-0.00324149
-0.00116088
-3.99849e-05
-0.0118167
-0.0125558
-0.0134517
-0.0143687
-0.0150633
-0.0154401
-0.0154193
-0.014982
-0.0141106
-0.0127492
-0.0108778
-0.00852191
-0.00584919
-0.00323124
-0.00118094
-8.03814e-05
-0.010508
-0.0110229
-0.0116976
-0.0124464
-0.0130445
-0.0134107
-0.0134424
-0.0131211
-0.0124119
-0.0112828
-0.00971007
-0.00771958
-0.00541595
-0.00310298
-0.00117888
-0.000135773
-0.0099738
-0.0104107
-0.010942
-0.0114964
-0.0118826
-0.0120504
-0.0119336
-0.0115416
-0.0108559
-0.00984259
-0.00849094
-0.0068034
-0.00487138
-0.00291169
-0.001202
-0.000254583
-0.0038731
-0.00404815
-0.00450739
-0.00520624
-0.00593622
-0.00662856
-0.00714439
-0.00742567
-0.00737261
-0.0069243
-0.00608534
-0.00491017
-0.0034967
-0.00202248
-0.000653887
0.000127553
-0.0187335
-0.0185056
-0.0180724
-0.0175235
-0.0167331
-0.0157145
-0.0144078
-0.0128995
-0.011244
-0.00955406
-0.00793053
-0.00642664
-0.00505621
-0.00383575
-0.00273286
-0.00185764
-0.114832
-0.0377955
-0.027832
-0.0264681
-0.0141234
0.0041196
0.0329996
0.0792361
0.114358
0.0931959
-0.11509
-0.0375711
-0.0273867
-0.0258503
-0.0134455
0.00491772
0.0337942
0.0803902
0.116556
0.0943655
-0.11578
-0.0369404
-0.026448
-0.0248537
-0.0124494
0.00571934
0.0342263
0.08045
0.117073
0.0929826
-0.118762
-0.0371937
-0.026292
-0.0248645
-0.012639
0.00506393
0.0329717
0.0786032
0.115951
0.0921286
-0.124557
-0.0388271
-0.0269812
-0.0252471
-0.0128278
0.0043912
0.0315844
0.0758705
0.113889
0.0904961
-0.132379
-0.0417641
-0.0285243
-0.0262759
-0.0129552
0.00434176
0.0310371
0.0734035
0.111349
0.0888615
-0.140949
-0.0450808
-0.0296836
-0.0274144
-0.0129527
0.00483771
0.0311932
0.0713064
0.10851
0.0874113
-0.150056
-0.0490232
-0.0302819
-0.0275241
-0.0119804
0.00651856
0.0322957
0.0700891
0.105909
0.0873152
-0.159154
-0.0532818
-0.0304715
-0.0267122
-0.0103125
0.00886941
0.0339733
0.0693482
0.103351
0.0883445
-0.168469
-0.0584023
-0.0309906
-0.0256781
-0.00846853
0.0115139
0.0359528
0.0690379
0.101006
0.0909397
-0.177471
-0.0638997
-0.0317837
-0.0245429
-0.00664266
0.0141071
0.0380258
0.0689348
0.0987662
0.0942068
-0.186375
-0.0702266
-0.0333158
-0.0237312
-0.00511816
0.0165019
0.0400627
0.0690929
0.0968543
0.0982966
-0.194696
-0.0767532
-0.0352477
-0.0230885
-0.00382215
0.0186215
0.0420202
0.0693533
0.0951004
0.102459
-0.20261
-0.083937
-0.037975
-0.0229451
-0.00295073
0.0203965
0.043795
0.0698075
0.0936986
0.106666
-0.209425
-0.0910081
-0.0410382
-0.0230407
-0.00233559
0.0218403
0.0454255
0.070192
0.0922264
0.109977
-0.215147
-0.0983138
-0.0448075
-0.0237047
-0.00220328
0.0228627
0.0467763
0.0705385
0.0908438
0.112634
-0.2194
-0.105118
-0.048738
-0.0245902
-0.00225791
0.0235434
0.0478701
0.0707059
0.0893614
0.114243
-0.222484
-0.111934
-0.0532632
-0.0260674
-0.00271457
0.02375
0.0485036
0.07068
0.0880451
0.115172
-0.224095
-0.118029
-0.0577808
-0.0277247
-0.00326274
0.0236227
0.0487658
0.0703324
0.0866252
0.115196
-0.224557
-0.123884
-0.0627017
-0.0299377
-0.00422498
0.02301
0.0484705
0.0696434
0.0853109
0.114675
-0.223671
-0.128772
-0.0673495
-0.0322036
-0.00523445
0.0221818
0.0477976
0.0685564
0.0838469
0.11347
-0.221786
-0.13318
-0.072137
-0.0349069
-0.00665567
0.0209822
0.0465768
0.0671653
0.0822878
0.111848
-0.218785
-0.136451
-0.076365
-0.0374841
-0.00806427
0.0196846
0.0451028
0.0654825
0.0804194
0.109473
-0.215071
-0.13915
-0.0804796
-0.0403507
-0.00984803
0.0180253
0.0432093
0.063497
0.078351
0.106446
-0.21055
-0.140694
-0.0838662
-0.0429539
-0.0115741
0.0162822
0.0411495
0.0611998
0.0758806
0.102643
-0.205437
-0.141602
-0.0869754
-0.0457259
-0.0136442
0.0141803
0.0387014
0.0585652
0.0730418
0.0982234
-0.199568
-0.141331
-0.0892297
-0.0480921
-0.0155896
0.0120493
0.0361337
0.0556598
0.0697988
0.0932654
-0.193132
-0.140377
-0.0910642
-0.0504693
-0.0177939
0.00961162
0.0332301
0.0524448
0.0661873
0.0879697
-0.186031
-0.13832
-0.0919996
-0.0523277
-0.0197998
0.0072089
0.0302642
0.0490238
0.0622774
0.0823753
-0.178464
-0.135652
-0.0924508
-0.0540764
-0.0219626
0.00456957
0.0270324
0.0453374
0.0580676
0.0765691
-0.170372
-0.132015
-0.0920169
-0.0552242
-0.0238348
0.00204996
0.0238206
0.0415346
0.0536889
0.0706452
-0.161947
-0.127832
-0.0910724
-0.0561423
-0.0257362
-0.000612026
0.0204281
0.0375193
0.049091
0.064617
-0.153154
-0.122851
-0.0893002
-0.0564201
-0.0272686
-0.00307799
0.0171196
0.0334677
0.0444221
0.0585898
-0.144191
-0.117446
-0.0870438
-0.0563986
-0.0287212
-0.00559868
0.0136958
0.0292552
0.0395939
0.0525126
-0.135041
-0.111464
-0.0840869
-0.0557714
-0.0297686
-0.0078749
0.0104013
0.0250762
0.0347708
0.0465269
-0.125884
-0.10522
-0.0807376
-0.0548382
-0.0306642
-0.0101269
0.00705838
0.0208061
0.029861
0.0405581
-0.116731
-0.0986375
-0.076873
-0.0533945
-0.0311615
-0.0121023
0.00389392
0.0166487
0.0250426
0.0347685
-0.107747
-0.0919748
-0.0727599
-0.0516918
-0.0314711
-0.0139774
0.000769225
0.0125041
0.0202426
0.0290677
-0.098944
-0.0852092
-0.0683472
-0.0496164
-0.0314281
-0.0155587
-0.00211928
0.00856478
0.0156344
0.023639
-0.0904437
-0.0785282
-0.0638419
-0.0473622
-0.0311937
-0.0169726
-0.00486427
0.00476687
0.0111784
0.0183971
-0.0822732
-0.0719461
-0.0592437
-0.0448874
-0.0306789
-0.0180929
-0.00731791
0.00126574
0.00701854
0.0135302
-0.0745109
-0.0655904
-0.054696
-0.0423272
-0.0299941
-0.0189989
-0.00953136
-0.00196647
0.00315265
0.00896511
-0.0671819
-0.059492
-0.0502277
-0.0396886
-0.0291129
-0.0196311
-0.0114179
-0.00483029
-0.000330072
0.00487278
-0.0603167
-0.0537175
-0.0459197
-0.0370506
-0.0281001
-0.0200328
-0.0130011
-0.00733077
-0.00340135
0.00118997
-0.0539411
-0.0482998
-0.0418116
-0.0344479
-0.026974
-0.0202014
-0.0142569
-0.00943299
-0.00604851
-0.0019743
-0.0480472
-0.0432622
-0.0379391
-0.0319198
-0.0257705
-0.0201638
-0.0152033
-0.0111453
-0.00824051
-0.00469315
-0.0426568
-0.0386319
-0.0343404
-0.0295097
-0.024531
-0.0199547
-0.015865
-0.0124852
-0.0100411
-0.00695409
-0.0377332
-0.0344029
-0.0310233
-0.0272367
-0.0232791
-0.0196003
-0.01627
-0.0134846
-0.0114188
-0.00875808
-0.0332999
-0.0305726
-0.0280047
-0.0251176
-0.0220422
-0.0191274
-0.0164417
-0.0141613
-0.0124499
-0.010185
-0.0292955
-0.0271455
-0.0252659
-0.0231494
-0.0208063
-0.0185237
-0.0163717
-0.0145063
-0.0130597
-0.011095
-0.0257539
-0.0240826
-0.0227874
-0.0212985
-0.0195495
-0.0177721
-0.0160368
-0.0144903
-0.0132517
-0.0115534
-0.0225868
-0.021352
-0.0205387
-0.0195577
-0.0182832
-0.016901
-0.0154875
-0.0141795
-0.013081
-0.0115716
-0.0198024
-0.0189487
-0.0185345
-0.0179653
-0.0170699
-0.0159991
-0.0148342
-0.0137045
-0.0127131
-0.0113803
-0.0173744
-0.0168794
-0.016804
-0.0165668
-0.0159722
-0.0151434
-0.0141659
-0.0131674
-0.0122339
-0.0110017
-0.0153505
-0.0151704
-0.0153738
-0.0153919
-0.0150211
-0.0143667
-0.0135201
-0.0126072
-0.011712
-0.0105785
-0.013711
-0.0138489
-0.0142787
-0.0144698
-0.0142387
-0.0136855
-0.0129072
-0.0120311
-0.0111162
-0.00999678
-0.0125375
-0.0129214
-0.0135136
-0.0137957
-0.0136221
-0.0131027
-0.0123411
-0.011462
-0.010513
-0.00941108
-0.0127121
-0.0129614
-0.0132972
-0.0133744
-0.0130893
-0.0125295
-0.0117685
-0.010904
-0.0099413
-0.00890202
-0.0164205
-0.0159668
-0.014855
-0.0135688
-0.0122235
-0.0108586
-0.00946257
-0.00805499
-0.00649005
-0.00477919
-0.0232869
-0.024832
-0.024875
-0.0243254
-0.0235709
-0.0227172
-0.0217739
-0.0207803
-0.0197071
-0.0187256
2.1035
1.92979
1.62147
1.21564
0.800626
0.449907
0.207583
0.0391637
-0.139406
-0.391153
-0.533056
-0.617921
-0.540759
-0.44118
-0.309909
1.99449
1.79657
1.52491
1.20623
0.869356
0.553292
0.308496
0.108346
-0.101675
-0.379332
-0.549544
-0.618721
-0.544373
-0.443741
-0.311377
1.74379
1.58452
1.38561
1.15068
0.88432
0.609324
0.372984
0.164952
-0.0624157
-0.357453
-0.564482
-0.62042
-0.551929
-0.448881
-0.315042
1.46103
1.36345
1.22963
1.05932
0.852224
0.616513
0.378865
0.167325
-0.0699619
-0.351004
-0.575962
-0.628713
-0.565061
-0.456014
-0.321893
1.20759
1.15659
1.07444
0.956927
0.800862
0.606198
0.373333
0.146957
-0.100313
-0.34982
-0.577448
-0.645026
-0.584171
-0.46462
-0.33003
0.986232
0.966245
0.922135
0.847136
0.735233
0.581867
0.374295
0.137817
-0.122618
-0.346201
-0.567958
-0.66331
-0.606454
-0.473728
-0.33739
0.805476
0.802773
0.783111
0.739439
0.663715
0.547397
0.377579
0.145654
-0.121532
-0.335732
-0.55134
-0.677957
-0.628205
-0.482176
-0.34292
0.658572
0.665357
0.660739
0.639275
0.591799
0.507203
0.376045
0.165741
-0.0962851
-0.312288
-0.52887
-0.683687
-0.644746
-0.488905
-0.346594
0.541404
0.552561
0.556717
0.549947
0.523553
0.465689
0.366862
0.193262
-0.053205
-0.275468
-0.497818
-0.675897
-0.652585
-0.49325
-0.348594
0.450588
0.462504
0.47084
0.473128
0.461801
0.425524
0.35159
0.222403
0.00122662
-0.225811
-0.455372
-0.652103
-0.649556
-0.494826
-0.349388
0.380819
0.391925
0.401755
0.409051
0.407812
0.387636
0.334656
0.244938
0.0590494
-0.167057
-0.401769
-0.612983
-0.635602
-0.493544
-0.349146
0.327887
0.33757
0.347389
0.357045
0.362151
0.353777
0.319346
0.256112
0.112258
-0.103888
-0.339344
-0.561149
-0.611903
-0.48936
-0.348224
0.288807
0.296758
0.305656
0.315943
0.324666
0.324475
0.304566
0.258669
0.153276
-0.0434957
-0.272114
-0.501392
-0.581236
-0.482747
-0.346874
0.260674
0.266853
0.27447
0.284313
0.294604
0.299625
0.290179
0.258005
0.179667
0.00979482
-0.204897
-0.43819
-0.546095
-0.473763
-0.345054
0.241228
0.245779
0.251807
0.260484
0.270973
0.279033
0.276734
0.255747
0.195063
0.0518186
-0.144678
-0.376546
-0.508549
-0.462696
-0.342639
0.228166
0.231191
0.235665
0.242901
0.252719
0.261989
0.264449
0.251754
0.204928
0.0843103
-0.0946237
-0.318634
-0.469235
-0.449428
-0.339549
0.219673
0.22143
0.22445
0.23011
0.238641
0.248174
0.253279
0.246355
0.210969
0.109143
-0.0533593
-0.266351
-0.429507
-0.434394
-0.335738
0.214255
0.214967
0.216699
0.22079
0.227925
0.236645
0.243119
0.240188
0.213784
0.128733
-0.0180853
-0.218952
-0.389884
-0.417592
-0.331146
0.21041
0.210299
0.211009
0.213813
0.219349
0.227175
0.233896
0.23335
0.213353
0.142627
0.0114382
-0.176745
-0.351167
-0.399385
-0.325696
0.207275
0.206575
0.206565
0.208302
0.212633
0.219023
0.225382
0.226187
0.210832
0.152322
0.0361957
-0.138522
-0.313458
-0.379748
-0.319341
0.205134
0.203891
0.203222
0.204057
0.206941
0.212084
0.217572
0.218783
0.206354
0.157667
0.0558883
-0.104952
-0.277422
-0.359122
-0.31208
0.203267
0.201642
0.200453
0.200407
0.202229
0.205804
0.210137
0.211228
0.200857
0.160184
0.0715519
-0.0751603
-0.24318
-0.337559
-0.303958
0.201628
0.199644
0.197925
0.197122
0.197633
0.199944
0.203042
0.20362
0.194342
0.159757
0.0828744
-0.0499072
-0.211233
-0.31554
-0.295003
0.198852
0.196674
0.194662
0.19325
0.193052
0.194097
0.195938
0.195751
0.18732
0.157656
0.0910382
-0.0282239
-0.181686
-0.29318
-0.285156
0.195523
0.193139
0.190835
0.189047
0.187988
0.188054
0.188785
0.187903
0.179718
0.153669
0.0957469
-0.0107893
-0.15482
-0.270921
-0.274598
0.19106
0.18864
0.186268
0.184198
0.182693
0.181926
0.181651
0.179789
0.17191
0.148802
0.0982655
0.00352493
-0.130672
-0.248911
-0.263337
0.187549
0.184856
0.182173
0.179624
0.177418
0.175793
0.174442
0.17192
0.163843
0.142813
0.0982791
0.0141577
-0.109328
-0.227529
-0.251566
0.182195
0.179649
0.177007
0.174336
0.171759
0.169445
0.167323
0.163786
0.155701
0.136444
0.0969823
0.0224019
-0.0907373
-0.206938
-0.239327
0.176755
0.174118
0.171356
0.168479
0.165566
0.162763
0.159821
0.155797
0.14746
0.129452
0.0940211
0.0277311
-0.0747942
-0.187396
-0.226823
0.169221
0.166814
0.164251
0.161516
0.158598
0.155534
0.152248
0.147527
0.139173
0.122352
0.0904317
0.0314766
-0.0613469
-0.169027
-0.214107
0.162475
0.159972
0.157349
0.154492
0.151397
0.148109
0.144335
0.139407
0.130929
0.114976
0.0858288
0.0330944
-0.0501612
-0.151945
-0.201367
0.153795
0.151602
0.149257
0.146649
0.143706
0.140367
0.136512
0.131158
0.122711
0.107655
0.0810455
0.0338543
-0.0410265
-0.136242
-0.188671
0.146561
0.144332
0.141962
0.139258
0.136176
0.132693
0.128496
0.123078
0.114643
0.100293
0.075712
0.0331873
-0.0336521
-0.121895
-0.176167
0.137668
0.135693
0.133509
0.13098
0.128056
0.124611
0.120507
0.114915
0.106631
0.0930656
0.0704789
0.0321879
-0.0278019
-0.108953
-0.163921
0.128843
0.126998
0.124972
0.122603
0.119799
0.116475
0.112315
0.106892
0.0988294
0.0859748
0.0650243
0.0303263
-0.0232015
-0.0972799
-0.152026
0.119297
0.117703
0.115923
0.113828
0.111298
0.108173
0.104291
0.0989424
0.0911862
0.0791049
0.0598368
0.0284637
-0.019617
-0.0869009
-0.140554
0.110837
0.109323
0.107646
0.105646
0.1032
0.100203
0.0963515
0.0912674
0.0838741
0.0725267
0.0546811
0.0261565
-0.016842
-0.077612
-0.129542
0.101921
0.100607
0.0991035
0.097298
0.095071
0.092266
0.0887265
0.0838471
0.07685
0.0662681
0.0498837
0.0240361
-0.0146817
-0.0694255
-0.119059
0.0937128
0.092493
0.0910985
0.0894241
0.0873375
0.0847356
0.0813449
0.0768086
0.0702627
0.0604176
0.0452855
0.021762
-0.0130049
-0.0621107
-0.109088
0.0852483
0.0842206
0.0830275
0.0816029
0.0798006
0.0774727
0.074444
0.0701983
0.0640849
0.0549546
0.0410931
0.0197421
-0.011646
-0.0556798
-0.0997013
0.0781579
0.0772003
0.0761138
0.0747951
0.0731006
0.0709206
0.0680162
0.064071
0.0583873
0.0499449
0.0371897
0.0177444
-0.0105514
-0.0499097
-0.0908388
0.0711352
0.0703267
0.069368
0.068188
0.0666591
0.0646554
0.0620338
0.0583678
0.0531098
0.0453395
0.0336883
0.0160222
-0.00959116
-0.0448223
-0.0825741
0.0647403
0.0640071
0.0631391
0.0620712
0.0606704
0.0588554
0.0564263
0.0530971
0.0482962
0.0411865
0.030516
0.0144167
-0.0087615
-0.0402185
-0.0748133
0.0583639
0.0577547
0.0570235
0.05614
0.054967
0.0534037
0.0513007
0.0482984
0.0439346
0.0374523
0.0277322
0.0130813
-0.00796626
-0.0361297
-0.0676318
0.0532351
0.0526588
0.0520004
0.0511971
0.0501226
0.0486935
0.0467379
0.0440152
0.0400534
0.0341598
0.0252762
0.0119004
-0.00722812
-0.032392
-0.0609164
0.0483321
0.0478604
0.0473056
0.0466226
0.0456903
0.044416
0.0426826
0.0402048
0.0366071
0.0312316
0.023149
0.0109546
-0.00647992
-0.0290471
-0.0547431
0.0443912
0.0439514
0.0434487
0.0428168
0.0419399
0.0407497
0.0391136
0.0368447
0.0335552
0.028677
0.021288
0.010148
-0.00575618
-0.0259622
-0.048989
0.0406927
0.0403197
0.0398692
0.0393
0.0385093
0.0374255
0.0359537
0.0338756
0.0308882
0.0264271
0.0197006
0.00952972
-0.00501085
-0.0231801
-0.043726
0.0376566
0.0373081
0.0368909
0.0363588
0.0356159
0.034606
0.0332305
0.0313243
0.028582
0.0245202
0.0183501
0.00903612
-0.00427473
-0.0205954
-0.0388313
0.0347622
0.0344758
0.0341189
0.0336652
0.0330193
0.0321292
0.0308926
0.0291481
0.0266399
0.0228991
0.017246
0.00870803
-0.00350543
-0.0182457
-0.0343718
0.0324894
0.0322206
0.0318995
0.0314876
0.0308968
0.030079
0.0289423
0.0273359
0.0250177
0.0215821
0.0163645
0.00851071
-0.00271829
-0.0160393
-0.0302322
0.0303664
0.0301527
0.0298862
0.0295399
0.0290312
0.0283122
0.0272931
0.0258282
0.0236999
0.0205181
0.0157104
0.00847729
-0.00187264
-0.0140015
-0.0264677
0.0287157
0.0285284
0.0283012
0.0280023
0.0275495
0.0268991
0.0259676
0.0246211
0.022651
0.019715
0.0152567
0.00857162
-0.000998295
-0.0120717
-0.0229728
0.0272415
0.02711
0.0269414
0.0267081
0.02633
0.0257622
0.024922
0.0236828
0.0218582
0.019119
0.0149829
0.0087871
-8.58498e-05
-0.0102946
-0.0198168
0.0262949
0.0261931
0.0260631
0.0258621
0.0255116
0.0249704
0.0241678
0.0229927
0.0212695
0.018707
0.0148354
0.00905876
0.000792385
-0.00865423
-0.0169106
0.0255747
0.0255196
0.0254215
0.0252386
0.0249017
0.0243787
0.0236085
0.022488
0.0208592
0.0184367
0.0148036
0.00939152
0.001647
-0.00721023
-0.0143526
0.0252001
0.0251626
0.0250693
0.0248753
0.0245234
0.0239961
0.0232404
0.0221659
0.0206187
0.0183384
0.0149109
0.00979923
0.00245707
-0.00595517
-0.0121599
0.0249062
0.0248764
0.0247746
0.0245652
0.0242132
0.0237062
0.0229956
0.0219895
0.0205367
0.0183868
0.0151496
0.0102902
0.00324924
-0.00486502
-0.0105638
0.0246504
0.0246074
0.0244912
0.0242833
0.0239511
0.0234808
0.0228169
0.0218516
0.0204497
0.0183718
0.015244
0.0105404
0.00379152
-0.00376302
-0.00930159
0.0244315
0.0243495
0.0242063
0.0239952
0.0236687
0.0232076
0.022514
0.0214891
0.019981
0.0177509
0.0144544
0.00971849
0.00354287
-0.0022436
-0.00617519
)
;

boundaryField
{
    airfoil
    {
        type            zeroGradient;
    }
    farBoundaries
    {
        type            freestreamPressure;
        freestreamValue uniform 0;
        supersonic      false;
        value           nonuniform List<scalar> 
52
(
-0.0106287
-0.0113339
-0.0113535
-0.0111027
-0.0107583
-0.0103686
-0.00993809
-0.0094846
-0.00899475
-0.00854678
-0.00855038
-0.00844638
-0.00824864
-0.0079981
-0.00763737
-0.00717243
-0.00657606
-0.00588763
-0.00513201
-0.00436068
-0.00361967
-0.00293326
-0.00230777
-0.00175072
-0.00124734
-0.000847868
0.0171164
0.0167309
0.0158997
0.0148207
0.0135336
0.0121237
0.0105738
0.00896423
0.00735085
0.0058225
0.00446426
0.0033307
0.00240958
0.0016731
0.00107486
0.000431302
0.0233698
0.0243003
0.0238058
0.0228391
0.0217957
0.0207788
0.0197935
0.0188711
0.0179854
0.0172947
)
;
    }
    inlet
    {
        type            freestreamPressure;
        freestreamValue uniform 0;
        supersonic      false;
        value           nonuniform List<scalar> 
30
(
0.0243826
0.0242949
0.0241433
0.0239195
0.023574
0.0230836
0.0223445
0.0212487
0.0196325
0.0172472
0.0137634
0.00891583
0.00303013
-0.00167514
-0.00350159
0.0244514
0.0245365
0.024669
0.0248672
0.0251458
0.0255325
0.0260429
0.0266932
0.0274643
0.0282629
0.0288455
0.0285273
0.0258947
0.0187523
0.010774
)
;
    }
    outlet
    {
        type            freestreamPressure;
        freestreamValue uniform 0;
        supersonic      false;
        value           nonuniform List<scalar> 
120
(
-5.70421e-06
-5.62558e-06
-5.54163e-06
-5.4418e-06
-5.3392e-06
-5.22414e-06
-5.10954e-06
-4.98484e-06
-4.86196e-06
-4.73053e-06
-4.60165e-06
-4.46532e-06
-4.33195e-06
-4.19264e-06
-4.05691e-06
-3.91685e-06
-3.78127e-06
-3.64371e-06
-3.51213e-06
-3.38139e-06
-3.25871e-06
-3.14021e-06
-3.03268e-06
-2.93331e-06
-2.84824e-06
-2.77475e-06
-2.71893e-06
-2.6775e-06
-2.65566e-06
-2.64777e-06
-2.65918e-06
-2.68167e-06
-2.72073e-06
-2.76451e-06
-2.81987e-06
-2.87191e-06
-2.92973e-06
-2.97411e-06
-3.01434e-06
-3.02724e-06
-3.02426e-06
-2.97956e-06
-2.90776e-06
-2.78415e-06
-2.629e-06
-2.42215e-06
-2.19109e-06
-1.92289e-06
-1.65145e-06
-1.37159e-06
-1.11783e-06
-8.87189e-07
-7.06768e-07
-5.69629e-07
-4.87802e-07
-4.47183e-07
-4.35338e-07
-5.32163e-07
3.50012e-07
-2.26629e-06
1.413e-06
1.13197e-06
1.13573e-06
1.43982e-06
1.79255e-06
2.11653e-06
2.4177e-06
2.68244e-06
2.91585e-06
3.09753e-06
3.23545e-06
3.3114e-06
3.34081e-06
3.30617e-06
3.22723e-06
3.08667e-06
2.90825e-06
2.6748e-06
2.41196e-06
2.10185e-06
1.77078e-06
1.40093e-06
1.01876e-06
6.06687e-07
1.91166e-07
-2.44138e-07
-6.73885e-07
-1.11353e-06
-1.53874e-06
-1.96353e-06
-2.36647e-06
-2.76096e-06
-3.12779e-06
-3.47901e-06
-3.79959e-06
-4.10113e-06
-4.37134e-06
-4.62022e-06
-4.83962e-06
-5.03852e-06
-5.21098e-06
-5.36377e-06
-5.49432e-06
-5.60774e-06
-5.70296e-06
-5.78253e-06
-5.84791e-06
-5.89976e-06
-5.9405e-06
-5.96841e-06
-5.98797e-06
-5.99577e-06
-5.99707e-06
-5.9865e-06
-5.97099e-06
-5.94375e-06
-5.91246e-06
-5.86884e-06
-5.82179e-06
-5.7646e-06
)
;
    }
    defaultFaces
    {
        type            empty;
    }
}


// ************************************************************************* //
