/*--------------------------------*- C++ -*----------------------------------*\
  =========                 |
  \\      /  F ield         | OpenFOAM: The Open Source CFD Toolbox
   \\    /   O peration     | Website:  https://openfoam.org
    \\  /    A nd           | Version:  6.0
     \\/     M anipulation  |
\*---------------------------------------------------------------------------*/
FoamFile
{
    version     2.0;
    format      ascii;
    class       volScalarField;
    location    "19";
    object      p;
}
// * * * * * * * * * * * * * * * * * * * * * * * * * * * * * * * * * * * * * //

dimensions      [0 2 -2 0 0 0 0];

internalField   nonuniform List<scalar> 
4920
(
0.0130904
0.0132179
0.0133928
0.0136304
0.0139553
0.0143943
0.0149831
0.0157568
0.0167392
0.0179051
0.0191011
0.0199131
0.0195438
0.0171994
0.0141318
0.0131719
0.0133045
0.0134832
0.0137237
0.0140501
0.0144918
0.0150868
0.0158781
0.0169059
0.0181816
0.0196201
0.020927
0.0214369
0.0206172
0.0171604
0.0132984
0.013443
0.0136373
0.0138971
0.0142461
0.0147138
0.0153384
0.0161607
0.0172179
0.0185088
0.0199119
0.0210798
0.0212367
0.0198796
0.0145915
0.0135438
0.0137029
0.0139144
0.014196
0.0145721
0.0150748
0.0157428
0.0166164
0.0177291
0.0190701
0.0204921
0.0215938
0.0215083
0.0196552
0.0138263
0.013921
0.0140945
0.0143271
0.0146366
0.0150476
0.015594
0.0163178
0.017261
0.0184605
0.0199105
0.021451
0.0226631
0.0226249
0.0206531
0.0145566
0.0144791
0.0146647
0.0149173
0.0152564
0.0157068
0.0163044
0.0170929
0.0181184
0.0194229
0.0210039
0.0227038
0.0240567
0.0240535
0.0218641
0.0150614
0.015289
0.0154789
0.0157429
0.0161038
0.0165885
0.0172361
0.0180927
0.0192072
0.0206257
0.0223559
0.0242252
0.0257192
0.0256809
0.0230441
0.0153173
0.0163186
0.0165177
0.0167968
0.0171821
0.0177033
0.0184034
0.0193315
0.0205419
0.0220875
0.0239807
0.0260589
0.0277357
0.0276739
0.0244463
0.0156618
0.0176379
0.017846
0.0181367
0.0185396
0.0190895
0.0198357
0.0208338
0.0221438
0.0238257
0.0259077
0.0282155
0.0301146
0.0300765
0.0261932
0.0160813
0.0191098
0.0193432
0.0196648
0.0201071
0.0207073
0.0215189
0.0226026
0.0240271
0.0258629
0.0281404
0.0306979
0.032818
0.0327779
0.028115
0.0162543
0.0208641
0.0211245
0.0214765
0.0219555
0.0226044
0.023483
0.0246602
0.0262111
0.0282133
0.0307069
0.033496
0.0357868
0.0356535
0.0300377
0.0160994
0.0227586
0.0230598
0.0234631
0.024007
0.0247352
0.0257108
0.0270067
0.0287081
0.0309026
0.033618
0.0366472
0.0390597
0.0386941
0.0318868
0.0155817
0.0249981
0.0253344
0.0257783
0.026374
0.0271723
0.0282435
0.0296684
0.0315395
0.0339477
0.0369226
0.0401921
0.0426865
0.041969
0.0337306
0.0149145
0.0274383
0.0278197
0.028321
0.0289908
0.0298835
0.0310749
0.0326532
0.0347216
0.0373819
0.040642
0.0442059
0.0467957
0.0456201
0.0356714
0.0141086
0.0302493
0.0306721
0.0312227
0.0319558
0.0329351
0.0342462
0.0359889
0.0382789
0.041218
0.0448278
0.0487402
0.0514533
0.0497431
0.0378458
0.0133563
0.0332782
0.033746
0.0343588
0.035178
0.0362721
0.0377325
0.0396712
0.0422098
0.0454825
0.0495043
0.0538652
0.0567723
0.0544416
0.0402848
0.0125038
0.0366272
0.037152
0.0378291
0.0387322
0.0399375
0.0415537
0.0436992
0.046531
0.050194
0.0547214
0.0596237
0.0627815
0.0597373
0.043046
0.011726
0.0402179
0.0408007
0.0415528
0.0425571
0.0438973
0.0456909
0.0480868
0.0512546
0.0553802
0.0605062
0.0660615
0.0695507
0.0656583
0.0460582
0.0107601
0.0441091
0.0447578
0.0455866
0.0466924
0.0481705
0.0501613
0.0528296
0.0563888
0.0610566
0.066886
0.0732034
0.0770971
0.0721813
0.0493351
0.00978751
0.0482178
0.0489262
0.0498344
0.0510544
0.0526937
0.0549113
0.0579062
0.0619238
0.0672186
0.0738645
0.0810751
0.0854537
0.0792838
0.0527109
0.00844966
0.0523202
0.053131
0.054164
0.0555469
0.0573964
0.0598976
0.0632813
0.0678301
0.0738648
0.0814704
0.0897216
0.0946707
0.0869232
0.0562278
0.00702201
0.0566964
0.0575696
0.0586989
0.0602321
0.0622998
0.0651135
0.0689338
0.0741123
0.0810016
0.0897223
0.0991725
0.104758
0.0950408
0.0596953
0.00510211
0.0611304
0.0620972
0.063345
0.0650472
0.0673583
0.0705218
0.0748581
0.0807457
0.0886465
0.0986827
0.10952
0.115797
0.103587
0.063157
0.00302861
0.0658688
0.066888
0.068215
0.0700572
0.0725985
0.0761336
0.0810228
0.0877593
0.0968207
0.10837
0.120771
0.127694
0.112419
0.0663346
0.0003312
0.0702021
0.0713668
0.0728744
0.074958
0.0778293
0.0818287
0.0874144
0.0950981
0.105538
0.118855
0.13303
0.140524
0.121451
0.0693426
-0.00257604
0.0747344
0.0759755
0.0776048
0.0798964
0.0830964
0.0876135
0.0939484
0.102795
0.114804
0.130115
0.14622
0.154062
0.130477
0.0718414
-0.00621924
0.0787463
0.0801588
0.082008
0.0846029
0.088229
0.0933557
0.10063
0.110758
0.124627
0.142233
0.160494
0.168358
0.13938
0.0739971
-0.0101167
0.0832309
0.0846582
0.0865703
0.0893442
0.0933284
0.0990942
0.107353
0.119049
0.134997
0.155138
0.175632
0.182956
0.147837
0.0753285
-0.0148467
0.0865469
0.0881884
0.0903835
0.093546
0.098077
0.104638
0.114135
0.127516
0.145941
0.168959
0.191842
0.197908
0.155785
0.0761507
-0.0198631
0.0900714
0.0917778
0.0941231
0.0975815
0.102621
0.110029
0.120807
0.136268
0.157409
0.183523
0.208765
0.212595
0.162855
0.0758446
-0.0257946
0.0926541
0.0945581
0.0971875
0.101063
0.106716
0.115067
0.127402
0.145046
0.169467
0.199084
0.226659
0.227113
0.169053
0.0748341
-0.0320423
0.0956402
0.0975433
0.10024
0.104327
0.11046
0.119747
0.133647
0.154021
0.18196
0.215277
0.244837
0.240602
0.173844
0.0723133
-0.0392147
0.0976122
0.0995852
0.102428
0.106805
0.113471
0.123748
0.139546
0.162691
0.195002
0.232426
0.263572
0.253314
0.177478
0.0689083
-0.0466924
0.0993918
0.101213
0.103992
0.108483
0.11558
0.126913
0.144648
0.171511
0.208292
0.249991
0.282028
0.264336
0.179225
0.0636006
-0.0550648
0.099496
0.101287
0.104136
0.108867
0.116522
0.129104
0.149333
0.179761
0.222223
0.268474
0.30055
0.274151
0.179504
0.0571657
-0.063699
0.0994823
0.100994
0.103711
0.108513
0.116765
0.130496
0.153199
0.188381
0.236295
0.286971
0.317994
0.281652
0.177244
0.0484755
-0.0730428
0.0986263
0.0999607
0.102557
0.107515
0.115984
0.131159
0.156829
0.196032
0.251019
0.305926
0.334975
0.287756
0.173203
0.0384958
-0.0825087
0.097577
0.0984347
0.100683
0.105388
0.114456
0.13095
0.15944
0.204144
0.265469
0.32428
0.350325
0.291119
0.165824
0.0260071
-0.0924219
0.0951
0.0955325
0.0973831
0.102089
0.111545
0.129955
0.161699
0.210625
0.280335
0.342685
0.365282
0.292925
0.156117
0.0121406
-0.10226
0.090928
0.0907352
0.0922648
0.0970394
0.107662
0.127643
0.163067
0.217458
0.293753
0.35944
0.378284
0.291281
0.142132
-0.0041349
-0.112153
0.0844056
0.0838283
0.0851746
0.090463
0.101834
0.124983
0.163827
0.221064
0.306395
0.37586
0.39112
0.287487
0.125059
-0.0216247
-0.121727
0.0767279
0.0754039
0.0764706
0.0820194
0.0954138
0.121008
0.163626
0.224571
0.315242
0.390405
0.401506
0.278665
0.102562
-0.0410986
-0.130953
0.0673934
0.065192
0.0658765
0.0721506
0.0873845
0.117339
0.161715
0.222423
0.321406
0.40498
0.411113
0.265984
0.0760547
-0.0613072
-0.1396
0.0549683
0.0519907
0.0525039
0.0599748
0.0785427
0.110421
0.158596
0.218862
0.321017
0.419066
0.416557
0.245572
0.0437267
-0.0823962
-0.147476
0.0379698
0.0341031
0.0347867
0.0440927
0.0662485
0.104698
0.150802
0.206882
0.316347
0.435668
0.414982
0.215825
0.00787598
-0.102977
-0.154488
0.0126125
0.00828142
0.00993552
0.0247439
0.0555857
0.0943762
0.138035
0.190722
0.301824
0.454458
0.395325
0.165417
-0.03266
-0.122423
-0.160246
-0.026161
-0.0295526
-0.0214669
0.00307357
0.0459826
0.0862373
0.112468
0.163668
0.287067
0.470918
0.34546
0.0923438
-0.0764401
-0.139968
-0.164881
-0.0844287
-0.0835366
-0.0668805
-0.0216737
0.0439132
0.0716464
0.0728172
0.134348
0.273231
0.467869
0.253932
0.00199818
-0.121381
-0.155377
-0.16823
-0.176811
-0.175334
-0.140456
-0.0584854
0.0509928
0.0462681
0.00827477
0.102268
0.279389
0.416922
0.105152
-0.100292
-0.163091
-0.168137
-0.170536
-0.344046
-0.348231
-0.286643
-0.143654
0.00534842
-0.0208862
-0.0679959
0.0834544
0.317148
0.214159
-0.11967
-0.213385
-0.200887
-0.178497
-0.171924
-0.618132
-0.622126
-0.533581
-0.349549
-0.238563
-0.252062
-0.193868
0.0191792
0.260943
-0.317392
-0.441396
-0.337854
-0.240697
-0.190103
-0.173254
-0.927677
-0.923627
-0.852558
-0.732603
-0.898162
-0.869382
-0.470979
-0.264792
-0.192229
-1.14597
-0.861628
-0.455642
-0.283351
-0.201431
-0.173763
-1.17303
-1.22337
-1.29566
-1.41221
-1.98896
-1.96239
-1.06922
-0.940119
-0.927072
-1.69737
-1.2798
-0.542406
-0.320797
-0.209706
-0.173614
-1.41408
-1.6219
-1.86839
-2.35632
-3.21446
-3.17188
-1.72102
-1.59118
-1.65167
-1.79198
-1.53993
-0.601196
-0.334834
-0.207711
-0.172922
-1.81014
-2.1646
-2.55454
-3.43105
-4.23525
-3.96848
-2.08374
-1.45194
-1.96508
-1.6431
-1.48874
-0.593297
-0.321429
-0.197905
-0.172586
-2.27953
-2.82268
-3.54825
-4.36369
-4.8312
-3.94618
-1.74257
-0.699041
-1.60743
-1.1991
-1.00007
-0.504992
-0.288255
-0.183959
-0.172478
-2.66806
-3.40129
-4.30567
-4.79442
-4.4355
-2.34954
-0.199542
0.483282
-0.499519
-0.46716
-0.345093
-0.460516
-0.250929
-0.165608
-0.172738
-2.94662
-3.71532
-4.35284
-4.20248
-2.51542
0.894256
2.47264
1.67527
0.961921
0.180037
0.142575
-0.451268
-0.196622
-0.14073
-0.174651
-3.12406
-3.62247
-3.72984
-2.7603
0.00689764
3.73386
4.8892
2.64465
1.84192
0.33429
0.40497
-0.434476
-0.128084
-0.123132
-0.178252
-3.56192
-3.56829
-2.98441
-1.3601
1.71047
4.87671
5.30764
2.90417
2.01127
0.290738
0.520506
-0.393387
-0.0859811
-0.118361
-0.18026
0.0358709
0.0363626
0.0347986
0.0336988
0.0333443
0.0331618
0.0329666
0.0328783
0.03319
0.0339286
0.020301
0.0178203
0.0153219
0.0138876
0.01297
0.0120413
0.0110543
0.0100279
0.00871224
0.0068155
0.0157189
0.0163471
0.0169342
0.0172306
0.0173521
0.0174787
0.0177247
0.0180409
0.0184111
0.0189401
0.0157867
0.0161704
0.0160612
0.0156928
0.0154626
0.0154581
0.0154943
0.015305
0.01458
0.0133355
0.0158414
0.0157531
0.0155113
0.0154737
0.0156804
0.0159059
0.0158809
0.0154686
0.0146226
0.0135849
0.0153924
0.0153961
0.0154154
0.015507
0.0155082
0.0152198
0.0145418
0.0135422
0.0122698
0.010826
0.0151249
0.0152304
0.0152169
0.0149756
0.0144457
0.0136407
0.0126386
0.0116034
0.010685
0.00983087
0.01497
0.0148713
0.0144798
0.0137581
0.0128099
0.0118035
0.0108735
0.0101645
0.00984593
0.00970047
0.0144151
0.0138826
0.0130626
0.0120071
0.010937
0.0100228
0.00938125
0.00907862
0.00924762
0.00957411
0.0131539
0.0121981
0.0110989
0.0100134
0.00910755
0.00851702
0.00825392
0.00832792
0.00879483
0.0093864
0.0113253
0.0100043
0.00884922
0.00798047
0.00748036
0.00735552
0.00751441
0.00790486
0.00851271
0.00912654
0.00914388
0.00754246
0.00648814
0.00602849
0.00610213
0.00655907
0.00717272
0.00784013
0.00841479
0.0088925
0.00682284
0.0049636
0.00410279
0.00417471
0.00495658
0.00609933
0.00721668
0.00814337
0.00858628
0.00871967
0.00438435
0.00225486
0.00162462
0.00233078
0.00396407
0.00593994
0.00766944
0.00890128
0.00909123
0.00876823
0.00185899
-0.000614225
-0.00102825
0.000393309
0.0030267
0.00602276
0.00853382
0.0101659
0.0100807
0.00913301
-0.000859162
-0.00377281
-0.00397856
-0.00174096
0.00210836
0.00639706
0.00993009
0.0121069
0.0116869
0.0100172
-0.00376874
-0.00726184
-0.00729453
-0.00415681
0.00113069
0.00700735
0.0118402
0.0147333
0.0139888
0.0114399
-0.00704366
-0.0112317
-0.0110797
-0.00689739
0.000148541
0.00798389
0.0144234
0.0182007
0.0170559
0.0134944
-0.0106312
-0.0156386
-0.0153403
-0.00999311
-0.000930008
0.00919034
0.0175169
0.022321
0.020749
0.0159856
-0.0147184
-0.0206284
-0.0200759
-0.0133376
-0.00185958
0.0109076
0.0213467
0.0272147
0.0250248
0.0188008
-0.0191585
-0.0260669
-0.025249
-0.0169548
-0.00278652
0.0128903
0.0256007
0.0325708
0.0296652
0.0218724
-0.0242188
-0.0321516
-0.0308876
-0.0206906
-0.00337953
0.0155153
0.0305965
0.0385654
0.0346667
0.0250489
-0.0296604
-0.0387043
-0.0369528
-0.024631
-0.00391123
0.018376
0.0358777
0.0448095
0.039817
0.0282697
-0.0358615
-0.0459898
-0.0434088
-0.0284734
-0.00387307
0.0220171
0.0418717
0.0515094
0.0450214
0.0311532
-0.0424471
-0.0537386
-0.0501885
-0.0323821
-0.0036736
0.0258734
0.0480059
0.0582609
0.0501722
0.0338733
-0.04986
-0.0622257
-0.0572747
-0.0360229
-0.00280728
0.0304975
0.0547429
0.0652922
0.0552233
0.036017
-0.0576036
-0.0710969
-0.0645632
-0.0396538
-0.00181807
0.0351674
0.0613869
0.0722008
0.0601629
0.0379703
-0.0661611
-0.0806122
-0.0719428
-0.0428715
-0.000171073
0.0404005
0.0683237
0.0791247
0.0647719
0.0391131
-0.0749434
-0.090292
-0.0792642
-0.0459594
0.00152131
0.0453966
0.0747972
0.0856136
0.0690805
0.0399396
-0.0844549
-0.100383
-0.0863842
-0.0485244
0.00374481
0.0506179
0.0811437
0.0917507
0.0728006
0.0397809
-0.0940497
-0.11036
-0.0931877
-0.0509187
0.00582667
0.0552584
0.0866616
0.0971399
0.0760758
0.0393671
-0.104198
-0.120478
-0.0995559
-0.0528245
0.00816798
0.0597127
0.0916653
0.101891
0.0786211
0.0380379
-0.11424
-0.130167
-0.105409
-0.0546206
0.0101097
0.0632298
0.0955397
0.105661
0.0806294
0.0365571
-0.124593
-0.139699
-0.110712
-0.0561326
0.0119252
0.0661256
0.0985775
0.108621
0.0818476
0.0343277
-0.134582
-0.148516
-0.11546
-0.0577518
0.0130345
0.0677927
0.100334
0.110574
0.0825645
0.0321951
-0.144509
-0.156943
-0.119759
-0.0594401
0.0136339
0.0685474
0.101158
0.111819
0.0826873
0.0297058
-0.153759
-0.164463
-0.12367
-0.0615644
0.013246
0.0679206
0.100721
0.112173
0.0824537
0.0275445
-0.162553
-0.17149
-0.127465
-0.0642247
0.011991
0.0662413
0.0994233
0.112036
0.0818486
0.0253951
-0.170377
-0.177566
-0.131236
-0.0676861
0.0095689
0.063251
0.0971173
0.111305
0.0810801
0.0238337
-0.177377
-0.183158
-0.13532
-0.0720468
0.00615642
0.0594334
0.0943712
0.110539
0.0803063
0.0227366
-0.18322
-0.187872
-0.139791
-0.0775137
0.00149466
0.0546036
0.0910548
0.109581
0.0796324
0.0224629
-0.188043
-0.192195
-0.144876
-0.0839998
-0.00401914
0.0494454
0.0878763
0.109028
0.07933
0.0229193
-0.191661
-0.195758
-0.150492
-0.0914807
-0.010422
0.0439313
0.0847736
0.108645
0.0794446
0.0241798
-0.194231
-0.199067
-0.156647
-0.0994234
-0.0168571
0.0390848
0.0826603
0.109098
0.0803733
0.0261647
-0.195898
-0.202048
-0.163304
-0.107644
-0.0231666
0.034962
0.0814343
0.110164
0.082058
0.0288047
-0.19709
-0.205268
-0.170185
-0.11516
-0.0281345
0.0327475
0.0819383
0.112492
0.0848887
0.0319908
-0.198263
-0.208722
-0.177131
-0.121717
-0.0316142
0.0322683
0.0837492
0.115673
0.0886495
0.0355865
-0.199948
-0.212661
-0.18349
-0.126144
-0.0323855
0.0344415
0.0874479
0.120092
0.0935046
0.0395557
-0.202621
-0.216881
-0.188788
-0.128232
-0.030679
0.0385729
0.0923171
0.125209
0.0989756
0.0437882
-0.20627
-0.220817
-0.191854
-0.126771
-0.0256343
0.0450763
0.0986218
0.131183
0.104905
0.0479494
-0.209912
-0.223409
-0.192267
-0.122345
-0.0183089
0.0528632
0.105563
0.137383
0.110738
0.0517669
-0.211571
-0.223666
-0.189487
-0.115
-0.00894171
0.0617795
0.113151
0.143779
0.116214
0.0548708
-0.210438
-0.221767
-0.184739
-0.106346
0.00107397
0.070898
0.120769
0.149847
0.120933
0.057064
-0.206966
-0.218532
-0.179525
-0.097881
0.0107791
0.0798674
0.128232
0.15547
0.12483
0.058272
-0.203656
-0.215806
-0.176177
-0.0917233
0.0186201
0.0876232
0.134735
0.160053
0.127688
0.0585459
-0.201689
-0.214577
-0.17576
-0.0889954
0.0238349
0.0935005
0.139711
0.163249
0.129461
0.0579581
-0.201219
-0.214793
-0.177547
-0.0893633
0.02615
0.0969006
0.142558
0.16474
0.130071
0.0566295
-0.203001
-0.216419
-0.179862
-0.0906988
0.0267847
0.0984005
0.14368
0.16498
0.129811
0.0547131
-0.206086
-0.218922
-0.181683
-0.0915426
0.0268577
0.0988465
0.14391
0.164793
0.12929
0.052691
-0.207924
-0.220474
-0.182623
-0.0917874
0.0269606
0.0990331
0.14399
0.164628
0.128875
0.0511551
0.0344244
0.0338391
0.0328817
0.031788
0.0305586
0.0291627
0.0276187
0.0259745
0.0242121
0.0222799
0.0201681
0.0179372
0.0156477
0.0133305
0.0106582
0.00693097
0.0039843
0.00393756
0.0042559
0.0045725
0.00486613
0.00542563
0.00638891
0.00765284
0.00890274
0.00979237
0.0100906
0.0097437
0.00884139
0.00755378
0.00542408
0.00320588
0.0189311
0.0185815
0.0180847
0.0175231
0.0169792
0.0166142
0.016478
0.0164892
0.0164206
0.0160115
0.0150737
0.0135619
0.0115345
0.00914597
0.00595397
0.00303768
0.0113769
0.0111389
0.0111265
0.011214
0.0113616
0.011698
0.0122646
0.012964
0.0135684
0.0138227
0.0135483
0.01267
0.0111825
0.00916174
0.00611119
0.00333047
0.0130826
0.0130437
0.0132032
0.0135355
0.013939
0.0143848
0.0148228
0.0151765
0.0153164
0.0151104
0.0144486
0.0132854
0.0115824
0.00935888
0.00609324
0.00317693
0.0108049
0.0110925
0.0116729
0.0124184
0.0131371
0.0137381
0.0142058
0.0145334
0.0146801
0.0145412
0.0140246
0.0130443
0.0114999
0.00933059
0.00601707
0.00298954
0.0112262
0.0118266
0.0126156
0.0134134
0.0140466
0.014453
0.0146747
0.0147744
0.0147551
0.0145527
0.0140392
0.0130981
0.0115783
0.00936788
0.00597247
0.00286484
0.011713
0.0123856
0.0131478
0.0138253
0.0142949
0.0145346
0.0146254
0.0146557
0.0146447
0.0144955
0.014075
0.0132119
0.0117117
0.00943337
0.00594337
0.00276969
0.0115801
0.0122131
0.0129082
0.0135128
0.0139388
0.0141828
0.0143272
0.0144566
0.0145679
0.0145606
0.0142336
0.0134073
0.0118638
0.00947009
0.00587869
0.00265784
0.0111508
0.0116948
0.0123188
0.0129004
0.0133838
0.013764
0.0141032
0.0144492
0.0147687
0.0148941
0.0146364
0.0137784
0.0121039
0.00951976
0.0058071
0.00254197
0.010489
0.0109338
0.0115326
0.0121929
0.0128582
0.0134971
0.0141308
0.0147633
0.0152909
0.015541
0.0152745
0.0142928
0.0123941
0.00955904
0.00571463
0.00240861
0.00972979
0.0100897
0.010719
0.0115496
0.012492
0.0134751
0.0144744
0.0154099
0.0161548
0.0164751
0.0161419
0.0149497
0.0127333
0.00959218
0.00562136
0.00228501
0.00895642
0.00920484
0.00986993
0.0109211
0.0122261
0.0136567
0.0150878
0.0163977
0.0173523
0.0177018
0.0172061
0.0156904
0.0130652
0.00958259
0.00549898
0.00214997
0.00815462
0.00828784
0.00903073
0.0103814
0.0121375
0.0140873
0.0160423
0.0177362
0.0188972
0.0192174
0.0184665
0.0165172
0.0133981
0.00955093
0.00538277
0.00204397
0.00756288
0.00752088
0.00831179
0.00998328
0.0122509
0.0148034
0.0173129
0.0194422
0.02078
0.0209891
0.0198614
0.0173592
0.0136795
0.00946653
0.00524391
0.00194049
0.00713976
0.00689648
0.00775428
0.00979397
0.0126146
0.0157962
0.0189104
0.0214525
0.0229393
0.0229638
0.0213578
0.0182089
0.0139293
0.00937041
0.00513699
0.0018973
0.00704654
0.00648689
0.00731802
0.00969148
0.0130908
0.016965
0.0207169
0.0237096
0.0252942
0.0250421
0.0228548
0.0189875
0.0141012
0.00923499
0.00503078
0.00188246
0.00728333
0.0063538
0.00713627
0.00984497
0.0138337
0.0184045
0.0227922
0.0261522
0.0277542
0.0271408
0.0243067
0.0196967
0.0142372
0.00912133
0.00499402
0.0019616
0.00785281
0.00652137
0.00727697
0.0103909
0.0150179
0.0202568
0.0251521
0.028756
0.0302388
0.0291616
0.0256216
0.0202656
0.0142871
0.00898842
0.00497919
0.00208833
0.00860176
0.00696681
0.00783079
0.0114376
0.016677
0.0224561
0.0277145
0.0313954
0.0326455
0.031041
0.0267831
0.020728
0.0143193
0.00891405
0.00506579
0.00233206
0.00968885
0.00766183
0.00854334
0.0125966
0.0184283
0.0247249
0.0302754
0.0339564
0.0348926
0.0327076
0.0277325
0.0210347
0.0142864
0.0088483
0.00519439
0.00263456
0.0109665
0.00858816
0.00952565
0.0140244
0.0203983
0.0271255
0.0328483
0.036403
0.0369404
0.0341551
0.0285103
0.0212699
0.0142915
0.00888812
0.00545056
0.00305941
0.0123751
0.00968065
0.0107183
0.0156975
0.0226011
0.0296389
0.0354039
0.0387144
0.0387732
0.0353609
0.0290839
0.021384
0.0142706
0.00896418
0.00576144
0.00353909
0.0136956
0.010771
0.0119956
0.0174877
0.0248472
0.0321154
0.0377857
0.0407646
0.0403227
0.0363274
0.0295151
0.0214813
0.0143412
0.00918233
0.00621555
0.00413079
0.0147789
0.0116131
0.0130202
0.0190218
0.0268355
0.0342506
0.0398398
0.0425004
0.0415829
0.0370482
0.0297773
0.0215013
0.0144183
0.00945284
0.00672719
0.00476083
0.0154616
0.0120501
0.0136251
0.0200922
0.028309
0.0359368
0.0414348
0.0438481
0.0425615
0.037603
0.0299994
0.0215982
0.0146479
0.00988886
0.00737657
0.00546932
0.0156466
0.0119297
0.0135684
0.020483
0.0291314
0.0369523
0.0425442
0.0448421
0.0432934
0.0379993
0.0301464
0.0216922
0.0149271
0.0103904
0.0080751
0.00618594
0.0151872
0.0110924
0.0127968
0.0200759
0.0291424
0.0373324
0.043073
0.0454327
0.0438104
0.0383274
0.0303554
0.0219494
0.0154146
0.0110776
0.00889964
0.00693871
0.0139926
0.00954229
0.0111713
0.0188269
0.0283524
0.0369219
0.0430985
0.04571
0.0441461
0.0385648
0.0305471
0.0222472
0.015977
0.0118365
0.00976077
0.00766651
0.0118583
0.00695586
0.00856821
0.016549
0.0266334
0.0358765
0.0426502
0.0457533
0.0444196
0.0388505
0.0308869
0.0227651
0.0167711
0.0127725
0.0107142
0.00838054
0.00891057
0.00354188
0.00497826
0.013376
0.0241464
0.0342462
0.0419533
0.045703
0.0446636
0.0391384
0.0312613
0.0233492
0.0176436
0.0137658
0.0116767
0.00903663
0.00507868
-0.000806318
0.000540083
0.00935935
0.0210769
0.0323605
0.041199
0.0457394
0.045042
0.0395863
0.0318475
0.0241863
0.0187505
0.0149108
0.0126859
0.00963256
0.000417687
-0.00591762
-0.00464716
0.00487834
0.0177893
0.0305274
0.0406606
0.0459647
0.0455332
0.0400992
0.0324899
0.0250915
0.0199214
0.0160857
0.0136684
0.0101426
-0.00515623
-0.0119251
-0.0104453
4.66998e-05
0.0145762
0.0290429
0.0405994
0.0465934
0.046312
0.0408412
0.0333691
0.0262432
0.0212906
0.0173562
0.0146364
0.0105538
-0.0112972
-0.0183307
-0.0165196
-0.00467976
0.0118164
0.0282887
0.0411153
0.0475858
0.0472723
0.0416681
0.0342998
0.0274426
0.0226879
0.0186125
0.0155366
0.010864
-0.017625
-0.0248701
-0.0224313
-0.00895167
0.00981952
0.0283274
0.0424388
0.0491228
0.0485713
0.0427443
0.0354715
0.0288711
0.024237
0.0198994
0.0163617
0.0110539
-0.0236561
-0.0308275
-0.0275404
-0.0121516
0.00905752
0.0296313
0.0444893
0.0510425
0.0500393
0.0438938
0.0366844
0.0303287
0.0257783
0.021126
0.0170818
0.0111417
-0.0290987
-0.0359201
-0.0313897
-0.0138715
0.0097757
0.0320656
0.0474886
0.0535051
0.0518216
0.0452773
0.0381195
0.0319754
0.0274057
0.0223093
0.0176738
0.0111072
-0.0332811
-0.0394484
-0.0333934
-0.0135697
0.012429
0.0360564
0.0511643
0.0562592
0.0537104
0.0467013
0.0395755
0.0336236
0.0289831
0.0233882
0.0181379
0.0109872
-0.0359022
-0.0409522
-0.0330696
-0.0109807
0.0169265
0.0411695
0.0556552
0.0594161
0.0558289
0.0483196
0.0412258
0.0354147
0.0305761
0.0243543
0.0184396
0.0107622
-0.0359534
-0.0396316
-0.0297448
-0.00560786
0.0236276
0.0477009
0.0605412
0.062669
0.0579474
0.0499291
0.0428717
0.0371754
0.0320726
0.0251758
0.0186051
0.01048
-0.0329582
-0.0348211
-0.0230334
0.00251715
0.0320993
0.0550103
0.0658869
0.0660881
0.0601642
0.0516595
0.044651
0.0390029
0.0334993
0.0258229
0.0185966
0.0101242
-0.0265535
-0.0263629
-0.0128144
0.0134952
0.0424209
0.0631895
0.0712344
0.069386
0.0622688
0.0533275
0.0463922
0.040757
0.0347822
0.0263
0.0184651
0.00974717
-0.0164381
-0.0140615
0.000627337
0.0266054
0.0537267
0.0714767
0.0765952
0.0726215
0.0643578
0.0550587
0.0482155
0.0424964
0.0359127
0.0265614
0.0181729
0.00933422
-0.00244567
0.00194924
0.0170026
0.0416187
0.0658868
0.0798405
0.081565
0.0755648
0.0662615
0.0567064
0.0499874
0.0441154
0.0368537
0.026643
0.0177874
0.00893523
0.0156815
0.0215046
0.0355787
0.0575488
0.0779728
0.0876262
0.086163
0.0782746
0.0680661
0.058384
0.0517791
0.0456204
0.0375683
0.026497
0.0172778
0.00853667
0.0374605
0.0437731
0.0556556
0.0740193
0.0898385
0.0948197
0.0901605
0.0806189
0.0696652
0.0599992
0.0534966
0.0469497
0.0380629
0.0261895
0.0167195
0.00818026
0.0612553
0.0671763
0.0758107
0.0899165
0.100711
0.101034
0.0936277
0.0826719
0.071159
0.0616331
0.0551426
0.0480591
0.0382754
0.0256757
0.0160885
0.00785119
0.0853247
0.0899756
0.0950296
0.104885
0.110547
0.10635
0.0965081
0.0843926
0.0725034
0.0632166
0.0566529
0.0489288
0.0382482
0.0250414
0.0154597
0.00758089
0.106679
0.109854
0.111788
0.118002
0.118874
0.11067
0.0989
0.0858642
0.0737731
0.0647586
0.0579721
0.0494683
0.0379147
0.0242573
0.0148169
0.00735229
0.123247
0.124899
0.125146
0.128988
0.125688
0.114092
0.100872
0.0871168
0.0749603
0.0662181
0.0590762
0.0497102
0.0373591
0.0234179
0.0142246
0.00718593
0.132923
0.133692
0.134359
0.137394
0.130811
0.116691
0.10247
0.0881967
0.0760856
0.0675321
0.0598444
0.0495467
0.0365311
0.0225094
0.0136683
0.00706146
0.134852
0.135715
0.139453
0.143292
0.134318
0.118517
0.103792
0.0891472
0.0771572
0.0686911
0.0603055
0.049074
0.0355505
0.0216239
0.0131966
0.00699072
0.128944
0.131549
0.141055
0.146903
0.136342
0.11973
0.104793
0.0899583
0.0781453
0.069576
0.0603064
0.048196
0.0343929
0.0207609
0.0127929
0.00695056
0.116154
0.122554
0.140169
0.148711
0.137138
0.120352
0.105581
0.0906896
0.0790707
0.0702026
0.0599233
0.0470526
0.0331874
0.019993
0.012486
0.00694784
0.0989936
0.111492
0.138445
0.149574
0.137258
0.120697
0.106094
0.0912897
0.0798255
0.0703981
0.0590042
0.0455726
0.0319271
0.0193208
0.0122533
0.00695836
0.0800371
0.100711
0.136621
0.14964
0.136883
0.120802
0.106518
0.0918558
0.0804072
0.070182
0.0576831
0.0439336
0.0307332
0.0187886
0.0121064
0.00698833
0.0623873
0.0924904
0.135309
0.149111
0.136184
0.120641
0.106693
0.0922882
0.0806329
0.0694074
0.0559089
0.0421346
0.0296142
0.0183881
0.0120162
0.0070143
0.0489436
0.0880396
0.133827
0.147757
0.135383
0.120048
0.106543
0.0925572
0.0804271
0.0681454
0.0539039
0.0403817
0.0286667
0.018131
0.0119821
0.00704495
0.0425735
0.0878683
0.132123
0.145926
0.134784
0.119449
0.105909
0.0924096
0.0796476
0.0664127
0.051759
0.0387173
0.0278894
0.0179934
0.0119724
0.00705955
0.043364
0.0908621
0.130667
0.143991
0.134066
0.118756
0.105077
0.0918359
0.0784427
0.064509
0.0497585
0.0373019
0.0273168
0.017954
0.0119839
0.00707263
0.0502715
0.0957708
0.12983
0.142119
0.133274
0.117954
0.104045
0.0907369
0.076914
0.0626265
0.047994
0.0361217
0.0269009
0.017979
0.0119925
0.00706586
0.0633582
0.100958
0.128207
0.139471
0.132033
0.117105
0.102942
0.089236
0.0753007
0.061012
0.0466112
0.0352326
0.0266324
0.0180511
0.0120078
0.00705508
0.0825773
0.105037
0.125369
0.135217
0.129961
0.116219
0.101812
0.0875122
0.0737725
0.0597802
0.0456171
0.0345696
0.026443
0.0181411
0.0120159
0.00702648
0.0985583
0.107984
0.122775
0.13028
0.127114
0.114896
0.100579
0.0858534
0.0725586
0.0590162
0.0450302
0.0341151
0.0262967
0.0182284
0.0120298
0.00700321
0.102452
0.109043
0.121091
0.126874
0.124378
0.113219
0.099023
0.0842762
0.0717551
0.0587422
0.0448282
0.0338237
0.0261485
0.0182839
0.0120287
0.00697007
0.0994553
0.108149
0.120745
0.12582
0.122169
0.111419
0.0972942
0.0828555
0.0713971
0.058938
0.0449782
0.0336875
0.0259919
0.018297
0.0120206
0.00694553
0.0959099
0.108697
0.122169
0.126288
0.120502
0.109511
0.0955467
0.08169
0.0714443
0.0595367
0.0454391
0.0337035
0.0258306
0.018253
0.0119789
0.00690961
0.0964918
0.110333
0.123408
0.126566
0.118837
0.107355
0.0938405
0.080887
0.0718224
0.0604064
0.0461265
0.0338629
0.025686
0.0181627
0.0119152
0.00687968
0.096638
0.111364
0.123693
0.126203
0.117341
0.105364
0.0923891
0.0804644
0.0723664
0.0613735
0.0469575
0.0341689
0.0255922
0.0180325
0.0118046
0.00683348
0.0952855
0.111382
0.123072
0.125208
0.116042
0.103737
0.091246
0.0802116
0.0728329
0.0622452
0.0478177
0.034589
0.0255716
0.0178868
0.0116645
0.00678822
0.0922854
0.109872
0.121267
0.123379
0.114702
0.102397
0.0903187
0.0798718
0.0729414
0.0628115
0.0485837
0.0350979
0.0256583
0.017745
0.0114738
0.00671879
0.0876091
0.106344
0.117854
0.120428
0.112969
0.101179
0.0895418
0.0794143
0.0726354
0.0629648
0.0491404
0.035621
0.0258451
0.0176326
0.0112582
0.0066425
0.0812657
0.100699
0.112765
0.116338
0.110665
0.0999182
0.0888499
0.078907
0.0719764
0.0626587
0.0493903
0.0360935
0.0261337
0.0175737
0.0110084
0.0065334
0.0736094
0.0931457
0.106032
0.11106
0.107551
0.0983626
0.0880967
0.0783703
0.0711309
0.0620087
0.049331
0.0364409
0.0264771
0.0175812
0.0107561
0.0064106
0.0647865
0.0841592
0.0980051
0.104789
0.103618
0.0963396
0.0871201
0.0777494
0.0701449
0.061072
0.048956
0.0366114
0.0268474
0.0176714
0.0105029
0.00625028
0.0555575
0.0744163
0.0890856
0.0976209
0.0987776
0.0936428
0.0857733
0.0769707
0.0690956
0.0599945
0.0483612
0.0365923
0.0271846
0.0178332
0.0102812
0.00607636
0.0463916
0.0645578
0.079791
0.0898638
0.0931769
0.0902488
0.0839424
0.0759532
0.0679509
0.0587897
0.0475619
0.0363688
0.0274546
0.0180669
0.0101004
0.00587234
0.0380021
0.0552992
0.0706328
0.081779
0.0869167
0.0861413
0.0816135
0.0746615
0.0667417
0.0575549
0.0466644
0.0359874
0.0276197
0.0183395
0.00998169
0.00566612
0.0308558
0.0470856
0.0620693
0.0737726
0.0803349
0.08153
0.0788126
0.073069
0.0654176
0.0562509
0.0456508
0.0354378
0.0276505
0.0186365
0.009931
0.00544773
0.025178
0.0402116
0.0544683
0.0661961
0.0737045
0.0765867
0.0756592
0.0711987
0.064004
0.0549374
0.0446018
0.0347832
0.0275365
0.0189099
0.00994845
0.00524584
0.0209479
0.0347603
0.0480109
0.0593539
0.0673701
0.0715999
0.072254
0.0690688
0.0624654
0.0535632
0.0434714
0.0339941
0.0272471
0.0191333
0.0100296
0.00505608
0.0182103
0.0307256
0.0428351
0.0534475
0.0615723
0.0667495
0.06874
0.0667381
0.0608298
0.0521779
0.0423283
0.0331418
0.0268072
0.0192657
0.0101539
0.00490091
0.0167776
0.0281069
0.0389155
0.0486238
0.0564943
0.0622244
0.0652002
0.0642328
0.0590629
0.0507351
0.0411287
0.0321931
0.0261972
0.0192866
0.0103093
0.00477566
0.0166302
0.0266529
0.0361864
0.0448443
0.0522222
0.0581003
0.0617078
0.0615925
0.057178
0.0492757
0.0399435
0.031234
0.0254816
0.0191813
0.0104638
0.00469159
0.0170924
0.0260214
0.0343284
0.0419797
0.048697
0.0543995
0.0583039
0.0588434
0.0551592
0.0477662
0.0387385
0.0302326
0.0246459
0.0189375
0.0106027
0.00464183
0.0179893
0.0258339
0.0330732
0.0397912
0.0458124
0.0511092
0.0550258
0.0560361
0.0530396
0.0462406
0.0375704
0.0292683
0.023771
0.0185687
0.0106946
0.00462466
0.0188405
0.0257922
0.032117
0.0380431
0.0433681
0.0481484
0.0519068
0.0532116
0.0508246
0.0446626
0.0363915
0.0282912
0.0228286
0.0180661
0.0107269
0.00463001
0.019605
0.0257027
0.0312382
0.0364463
0.0411753
0.0454481
0.048923
0.0503868
0.0485324
0.0430366
0.0352262
0.027357
0.0218952
0.0174644
0.0106766
0.00464555
0.0200295
0.0253833
0.0301932
0.0348312
0.0390576
0.0428664
0.0460457
0.047561
0.0461546
0.0413208
0.0340205
0.0264071
0.0209298
0.0167541
0.0105356
0.00466022
0.0201149
0.0247302
0.0289269
0.033045
0.0368787
0.0403138
0.043192
0.0447067
0.0436912
0.0395161
0.0327892
0.0254874
0.0200038
0.015988
0.0102989
0.00465705
0.0197631
0.0237483
0.0273492
0.0310543
0.0345538
0.0376868
0.0403117
0.0417984
0.0411244
0.0375885
0.0314826
0.0245394
0.0190695
0.0151569
0.00996913
0.00462931
0.0190652
0.0224203
0.0255311
0.0288234
0.0320433
0.0349313
0.0373409
0.0388035
0.038447
0.0355411
0.0301086
0.0235962
0.0181857
0.0143197
0.00956086
0.0045631
0.018
0.0208401
0.023452
0.0263731
0.0293221
0.0320021
0.0342586
0.0357121
0.0356486
0.0333504
0.02862
0.0225963
0.0172933
0.0134562
0.00908064
0.00445834
0.0165964
0.0189356
0.021119
0.0236852
0.0263935
0.0289173
0.0310603
0.0325283
0.032746
0.0310355
0.0270303
0.0215607
0.0164328
0.0126141
0.00855064
0.0043062
0.0148004
0.0167143
0.0185142
0.0207789
0.0232926
0.02569
0.0277628
0.02926
0.0297346
0.0285756
0.0252928
0.0204242
0.015537
0.0117587
0.00797343
0.0041119
0.0127293
0.0142599
0.0157192
0.0177075
0.020042
0.022343
0.0243638
0.025904
0.0266245
0.0259888
0.0234248
0.0192064
0.0146369
0.0109273
0.00737217
0.00387126
0.0103673
0.011582
0.0127441
0.0144851
0.0166611
0.018875
0.0208636
0.0224574
0.0234002
0.0232454
0.0213796
0.0178465
0.0136712
0.0100805
0.00674603
0.00359305
0.00781678
0.00876305
0.00966407
0.0111687
0.0131829
0.0153102
0.0172716
0.0189153
0.020083
0.0203814
0.019197
0.01638
0.012671
0.0092511
0.00611859
0.0032791
0.00507034
0.00579771
0.00647217
0.00776332
0.00962321
0.0116692
0.0136021
0.0153119
0.0166761
0.0173836
0.0168456
0.0147559
0.0115808
0.00840027
0.00548754
0.00294367
0.00222683
0.00277605
0.00325449
0.00434077
0.00604804
0.00799993
0.00990445
0.0116559
0.0132155
0.0143069
0.0143853
0.0130242
0.0104345
0.00755517
0.00487216
0.00259304
-0.000712544
-0.000311284
6.53708e-07
0.000908794
0.0024741
0.00433864
0.00620209
0.00801007
0.00972951
0.0111576
0.0117972
0.0111421
0.00917946
0.0066769
0.00426357
0.00224027
-0.00366212
-0.00337233
-0.00319946
-0.00245587
-0.00102707
0.0007437
0.00257273
0.00439747
0.00626332
0.00799833
0.00915348
0.009172
0.00785745
0.00578658
0.00367223
0.00188896
-0.00659526
-0.00640142
-0.00633959
-0.00572522
-0.00441335
-0.00272763
-0.000956028
0.000899318
0.00287366
0.00485827
0.00644866
0.00708228
0.00642222
0.00484583
0.00308469
0.00154748
-0.00943581
-0.00930552
-0.00932428
-0.00881629
-0.00760402
-0.00600508
-0.00427556
-0.00243926
-0.000390096
0.00179277
0.00375512
0.0049467
0.0049282
0.00388055
0.00250794
0.00121646
-0.0121392
-0.0120604
-0.0121261
-0.0116768
-0.0105332
-0.0090011
-0.00734699
-0.00553098
-0.00345504
-0.0011441
0.00108692
0.00274918
0.00333986
0.00285665
0.00192841
0.000899711
-0.0146917
-0.0146118
-0.014666
-0.0142296
-0.0131241
-0.0116605
-0.0100673
-0.00832849
-0.00628157
-0.00392867
-0.00148654
0.000572413
0.00172731
0.00181151
0.00135292
0.000596766
-0.0169216
-0.0168413
-0.0168733
-0.0164252
-0.0153455
-0.0139376
-0.0124461
-0.0107986
-0.00883522
-0.00648226
-0.00393701
-0.00157968
7.02011e-05
0.000716515
0.000766349
0.00030784
-0.0188862
-0.0187604
-0.0187227
-0.0182341
-0.0171671
-0.0158314
-0.0144375
-0.0129177
-0.0110647
-0.00879824
-0.00620128
-0.00362387
-0.00155233
-0.000379261
0.000179647
3.07777e-05
-0.0203272
-0.0201729
-0.0200904
-0.0195889
-0.018561
-0.0173134
-0.0160428
-0.0146615
-0.0129665
-0.010802
-0.00824507
-0.00554924
-0.00315129
-0.00149896
-0.000423661
-0.000237528
-0.0213674
-0.0211559
-0.0210012
-0.020471
-0.0194899
-0.018357
-0.0172415
-0.0160388
-0.014512
-0.0125215
-0.0100457
-0.00729811
-0.00465251
-0.00258446
-0.00102136
-0.000497611
-0.0218178
-0.0215805
-0.0214055
-0.0209155
-0.0200409
-0.0190572
-0.0181136
-0.0170922
-0.0157689
-0.0139391
-0.0115946
-0.00886926
-0.0060706
-0.00365964
-0.0016337
-0.000757295
-0.0218848
-0.0216337
-0.0214522
-0.0210106
-0.0202543
-0.0194351
-0.0186699
-0.0178378
-0.0166864
-0.0150516
-0.0128541
-0.0101922
-0.00730585
-0.00462822
-0.00220056
-0.00099371
-0.0218947
-0.0217239
-0.0216231
-0.0213084
-0.0207137
-0.0200516
-0.0194191
-0.0186948
-0.0176708
-0.0161405
-0.0140502
-0.0114478
-0.00852155
-0.00563249
-0.00283574
-0.00127745
-0.0203443
-0.0201817
-0.020178
-0.0200561
-0.0197187
-0.0193322
-0.0189549
-0.0184729
-0.0176574
-0.016357
-0.0144812
-0.0120653
-0.00920726
-0.00625409
-0.00323497
-0.00143356
-0.0229758
-0.0229408
-0.0229371
-0.0227897
-0.022422
-0.021958
-0.021431
-0.0207298
-0.0196943
-0.0181739
-0.016121
-0.013536
-0.0105278
-0.0073636
-0.00403342
-0.00186061
-0.0163054
-0.0162591
-0.0165423
-0.016828
-0.0169625
-0.017063
-0.0171626
-0.017144
-0.0167926
-0.0159396
-0.0144892
-0.0124559
-0.00987425
-0.00702505
-0.00382936
-0.00164165
-0.0303592
-0.0303351
-0.0301349
-0.0297069
-0.0289915
-0.0280617
-0.0269331
-0.0255504
-0.0238043
-0.0216218
-0.0190105
-0.0159995
-0.0127071
-0.00935124
-0.00571848
-0.00303525
-0.00498791
-0.00516523
-0.00596047
-0.00681599
-0.00754032
-0.00832846
-0.00925588
-0.0101814
-0.0108037
-0.0108768
-0.0102628
-0.00900082
-0.00718664
-0.00504557
-0.00232343
-0.000162557
-0.0526266
-0.0523275
-0.0516277
-0.0504703
-0.0486916
-0.0462379
-0.0432353
-0.0398009
-0.0360406
-0.0320619
-0.0280239
-0.0240786
-0.0202798
-0.016755
-0.012776
-0.00907085
-0.279445
-0.169845
-0.243871
-0.290798
-0.178779
-0.0357614
0.0186519
0.0317015
0.00109604
-0.0508159
-0.279774
-0.170127
-0.243738
-0.290896
-0.179007
-0.035887
0.0186573
0.0316147
0.000448365
-0.0513356
-0.280282
-0.170526
-0.243507
-0.291013
-0.179238
-0.03597
0.0187134
0.0314397
-0.000703276
-0.0514589
-0.281162
-0.171094
-0.243225
-0.291164
-0.17957
-0.0361783
0.0186697
0.031297
-0.00210884
-0.0514794
-0.281951
-0.171931
-0.242985
-0.291453
-0.18017
-0.0365708
0.0184669
0.031301
-0.0032094
-0.051758
-0.281629
-0.173534
-0.24297
-0.291855
-0.181243
-0.0373467
0.0179229
0.0312728
-0.00367396
-0.0518562
-0.279318
-0.176077
-0.243393
-0.292455
-0.183033
-0.0386927
0.0169809
0.0309364
-0.00359859
-0.0516649
-0.275296
-0.17935
-0.244477
-0.293149
-0.185561
-0.0408567
0.0154414
0.0300312
-0.00336371
-0.0511574
-0.270859
-0.182683
-0.24615
-0.29382
-0.18852
-0.043702
0.0133442
0.0285202
-0.00335453
-0.0502497
-0.267624
-0.186282
-0.247955
-0.293637
-0.190802
-0.0469506
0.0106686
0.0262949
-0.00374768
-0.048815
-0.266316
-0.189754
-0.248962
-0.291108
-0.191104
-0.0499834
0.00771505
0.0234839
-0.00462601
-0.0471959
-0.266372
-0.191854
-0.247362
-0.284541
-0.188337
-0.0523519
0.00464059
0.0200791
-0.0060402
-0.0455323
-0.267055
-0.191152
-0.242006
-0.274228
-0.18274
-0.0537384
0.00175693
0.0163125
-0.00799034
-0.044142
-0.267747
-0.187689
-0.232639
-0.260624
-0.174625
-0.0540811
-0.000840832
0.0122465
-0.0104009
-0.0430361
-0.26854
-0.182652
-0.22062
-0.245622
-0.16522
-0.0535087
-0.00299731
0.00815059
-0.0131233
-0.0423932
-0.269431
-0.177865
-0.207364
-0.229959
-0.154957
-0.0521355
-0.00472438
0.00418868
-0.0159011
-0.0420181
-0.270329
-0.174469
-0.194504
-0.214891
-0.144756
-0.0502304
-0.00604397
0.000608683
-0.0185676
-0.0419595
-0.270844
-0.173257
-0.182944
-0.200454
-0.134617
-0.0478581
-0.0069432
-0.00236008
-0.0207996
-0.0418511
-0.270516
-0.173812
-0.17322
-0.187199
-0.125106
-0.0452939
-0.00743519
-0.00460494
-0.0225296
-0.0416844
-0.268984
-0.175892
-0.165409
-0.174751
-0.11608
-0.0425519
-0.00743492
-0.00595304
-0.023435
-0.0409953
-0.266043
-0.178462
-0.159225
-0.163253
-0.107934
-0.0399369
-0.00706838
-0.00656002
-0.0236568
-0.0399091
-0.261605
-0.181244
-0.154526
-0.152532
-0.100461
-0.0374202
-0.00630365
-0.00636643
-0.0229456
-0.0380125
-0.255716
-0.183352
-0.150844
-0.142849
-0.0938375
-0.0352161
-0.00544387
-0.00576595
-0.0216675
-0.0356311
-0.248458
-0.184752
-0.148151
-0.134224
-0.0878881
-0.0332323
-0.00459272
-0.00477754
-0.0196568
-0.0324232
-0.240085
-0.184828
-0.145942
-0.126744
-0.0826448
-0.0316398
-0.00413486
-0.0038638
-0.0174026
-0.0288739
-0.230784
-0.183779
-0.144242
-0.120451
-0.0780691
-0.0304225
-0.00404134
-0.00290499
-0.0147293
-0.0247038
-0.220887
-0.181243
-0.142474
-0.115194
-0.0742337
-0.0297098
-0.00442348
-0.00222008
-0.012143
-0.0205312
-0.210649
-0.177554
-0.140667
-0.110952
-0.0712089
-0.0294837
-0.0051397
-0.00163439
-0.00947164
-0.0161331
-0.200387
-0.172573
-0.138291
-0.107343
-0.068875
-0.0297496
-0.00626361
-0.00143909
-0.00718339
-0.0121143
-0.190226
-0.166719
-0.13549
-0.104338
-0.0672419
-0.030467
-0.00769227
-0.00145915
-0.00507057
-0.0082132
-0.180287
-0.160026
-0.131955
-0.10152
-0.0660453
-0.0315219
-0.00943193
-0.00189659
-0.00348926
-0.00494702
-0.170607
-0.152911
-0.127973
-0.0989401
-0.0652917
-0.0328861
-0.0113905
-0.00259405
-0.00223312
-0.00205157
-0.16122
-0.145435
-0.123371
-0.0962332
-0.0646699
-0.0343711
-0.0135231
-0.00366321
-0.00155254
8.64333e-05
-0.152132
-0.137868
-0.118419
-0.0934845
-0.0641929
-0.0359677
-0.0157721
-0.00498993
-0.00127679
0.00171931
-0.143298
-0.130221
-0.113021
-0.0904273
-0.063577
-0.03747
-0.0180533
-0.00660112
-0.00153568
0.00260793
-0.134699
-0.122662
-0.107434
-0.0872067
-0.0628777
-0.0388986
-0.0203417
-0.00842072
-0.00220265
0.00296205
-0.126301
-0.115204
-0.101651
-0.0836986
-0.0619038
-0.0400793
-0.0225293
-0.0104051
-0.00329995
0.0026682
-0.118135
-0.107967
-0.0958957
-0.0800782
-0.0607496
-0.0410565
-0.0246118
-0.0125038
-0.00473999
0.00188316
-0.110203
-0.100956
-0.0901803
-0.0763048
-0.0593103
-0.041706
-0.026478
-0.0146273
-0.00646251
0.000602166
-0.102554
-0.0942348
-0.0846374
-0.0725129
-0.0576807
-0.0420808
-0.0281357
-0.0167398
-0.00840289
-0.00106351
-0.0952063
-0.0877995
-0.079266
-0.0686914
-0.0558198
-0.0421153
-0.029501
-0.0187441
-0.0104609
-0.00303996
-0.0881987
-0.0816716
-0.0741193
-0.0649189
-0.0538069
-0.0418689
-0.0305967
-0.0206191
-0.0125844
-0.00525212
-0.0815347
-0.0758374
-0.0691837
-0.0611951
-0.0516457
-0.0413345
-0.0313893
-0.0222979
-0.0146825
-0.00758766
-0.0752179
-0.0702864
-0.0644613
-0.0575529
-0.0493945
-0.0405729
-0.0319165
-0.0237768
-0.0167106
-0.0100012
-0.0692418
-0.0650064
-0.059945
-0.054006
-0.0470887
-0.039624
-0.0321983
-0.0250392
-0.0186246
-0.0123908
-0.0635933
-0.0599866
-0.055632
-0.050577
-0.0447783
-0.0385497
-0.0322834
-0.0260995
-0.020386
-0.0147302
-0.0582744
-0.0552367
-0.0515435
-0.0473046
-0.0425222
-0.0374156
-0.0322234
-0.026976
-0.0219982
-0.0169509
-0.0532781
-0.0507691
-0.0476972
-0.0442225
-0.0403643
-0.036272
-0.0320551
-0.0276827
-0.0234035
-0.0189867
-0.0486464
-0.0466118
-0.0441397
-0.0413665
-0.0383527
-0.0351527
-0.0318029
-0.0282062
-0.0245926
-0.020776
-0.0443759
-0.0428181
-0.0408927
-0.0387773
-0.0364974
-0.034074
-0.031454
-0.0285318
-0.0254775
-0.0221897
-0.0405465
-0.0394112
-0.0379961
-0.0364488
-0.0347965
-0.0330035
-0.0309769
-0.0285941
-0.0260041
-0.0231678
-0.0371476
-0.036411
-0.0354393
-0.0343672
-0.0332117
-0.0319027
-0.0303217
-0.0283505
-0.0261083
-0.0236197
-0.0342061
-0.0338222
-0.0332223
-0.0325227
-0.0317314
-0.0307603
-0.0294822
-0.0277981
-0.0258075
-0.0235877
-0.0317361
-0.0316503
-0.0313385
-0.0309151
-0.0303771
-0.0296198
-0.028523
-0.027019
-0.0252025
-0.0232187
-0.0298341
-0.0299578
-0.029813
-0.0295569
-0.0291767
-0.0285337
-0.027495
-0.0260179
-0.0241473
-0.0220187
-0.0283953
-0.0287744
-0.0287407
-0.0285652
-0.028337
-0.0279295
-0.0271881
-0.0260572
-0.0246584
-0.0232591
-0.0268066
-0.0277109
-0.0278791
-0.0274553
-0.0267506
-0.0258468
-0.0246643
-0.0231254
-0.0210924
-0.018569
-0.0257955
-0.0274772
-0.0289379
-0.0298536
-0.0302668
-0.0302705
-0.0299692
-0.0294627
-0.0290433
-0.0289809
-0.0285246
-0.0262382
-0.0233584
-0.0213517
-0.019881
-0.0183731
-0.016612
-0.0145468
-0.0119402
-0.00856314
-0.0490113
-0.0519702
-0.0513504
-0.0503123
-0.0498752
-0.0496997
-0.0495238
-0.0493512
-0.0496335
-0.0503403
-3.50212
-3.15114
-2.9458
-2.69489
-2.37771
-2.06163
-1.78201
-1.53913
-1.25092
-0.956652
-0.734083
-0.583828
-0.455841
-0.406178
-0.368067
-2.67621
-2.37738
-2.17419
-2.03585
-1.92153
-1.82827
-1.69614
-1.51123
-1.23836
-0.953086
-0.736038
-0.586264
-0.457436
-0.406661
-0.368359
-2.46924
-2.18511
-1.92283
-1.67627
-1.49528
-1.43397
-1.43583
-1.37976
-1.18282
-0.930914
-0.726319
-0.5806
-0.4573
-0.406513
-0.36863
-2.24192
-1.97534
-1.75436
-1.50711
-1.2613
-1.11443
-1.11779
-1.15473
-1.06755
-0.8823
-0.700229
-0.564298
-0.453165
-0.404296
-0.368067
-1.95906
-1.7398
-1.54482
-1.31553
-1.06816
-0.885668
-0.85166
-0.916433
-0.919691
-0.81222
-0.663612
-0.543454
-0.443922
-0.398833
-0.365468
-1.61141
-1.48959
-1.31928
-1.09537
-0.863436
-0.68942
-0.637765
-0.704186
-0.762219
-0.72771
-0.620043
-0.52154
-0.431882
-0.391168
-0.360236
-1.33369
-1.25175
-1.0765
-0.85828
-0.654593
-0.506735
-0.461238
-0.529478
-0.620289
-0.644621
-0.577189
-0.502453
-0.42159
-0.384517
-0.353778
-1.12152
-0.999465
-0.808212
-0.615991
-0.452477
-0.344543
-0.31642
-0.387183
-0.504836
-0.575821
-0.54486
-0.489823
-0.415724
-0.380833
-0.347966
-0.856163
-0.722773
-0.572969
-0.434833
-0.314295
-0.227114
-0.208418
-0.277529
-0.415876
-0.525888
-0.527167
-0.484032
-0.413595
-0.379896
-0.344123
-0.554748
-0.469014
-0.384476
-0.302577
-0.218505
-0.147853
-0.131214
-0.19544
-0.345069
-0.488511
-0.520019
-0.48176
-0.411876
-0.379405
-0.342108
-0.316093
-0.280473
-0.241549
-0.194213
-0.139503
-0.0886683
-0.076532
-0.1355
-0.286786
-0.455336
-0.515518
-0.479647
-0.408427
-0.377411
-0.340915
-0.168085
-0.154675
-0.133978
-0.106332
-0.0717282
-0.0392823
-0.0341514
-0.0887457
-0.233958
-0.418658
-0.507129
-0.476465
-0.402783
-0.372821
-0.339536
-0.0777457
-0.0676553
-0.0543504
-0.0361152
-0.0159258
0.00106029
-0.00185626
-0.0523638
-0.185416
-0.37581
-0.491418
-0.472413
-0.396293
-0.366121
-0.337529
-0.0188509
-0.00992113
0.00120338
0.0129754
0.0244597
0.0315179
0.0232842
-0.0228889
-0.140633
-0.326846
-0.467022
-0.467156
-0.389917
-0.357768
-0.334525
0.0195413
0.027516
0.0357265
0.0446176
0.0517664
0.0537303
0.0420231
-0.000222083
-0.102363
-0.276343
-0.434897
-0.459814
-0.384561
-0.348972
-0.330708
0.0436937
0.0500706
0.0573747
0.0644334
0.0693906
0.0683928
0.0558229
0.0178585
-0.0698459
-0.227524
-0.396635
-0.4489
-0.37978
-0.339838
-0.325735
0.0597201
0.0651622
0.0710423
0.0767615
0.0800098
0.0780242
0.0652556
0.0315397
-0.0432467
-0.18313
-0.354693
-0.433216
-0.375044
-0.331041
-0.319778
0.071081
0.0753518
0.0800426
0.0843174
0.0864544
0.0833211
0.0714291
0.0420948
-0.021418
-0.143577
-0.310912
-0.412066
-0.369274
-0.322239
-0.312584
0.0793917
0.0825611
0.0860288
0.0890401
0.0897654
0.0863858
0.0752908
0.0497801
-0.0042002
-0.109557
-0.267567
-0.386073
-0.362017
-0.313901
-0.304629
0.0861953
0.0882725
0.0904565
0.0920247
0.0917852
0.0876808
0.0774777
0.0554151
0.00962277
-0.0804631
-0.225892
-0.356022
-0.352533
-0.305534
-0.295837
0.091865
0.0928827
0.0937566
0.0940372
0.0925427
0.0882078
0.0786554
0.0593036
0.0202224
-0.0564781
-0.187468
-0.323422
-0.340715
-0.297433
-0.286811
0.0953612
0.0955724
0.0955574
0.0948675
0.0928055
0.0880189
0.07897
0.0618722
0.028492
-0.0366757
-0.152639
-0.289298
-0.326194
-0.288984
-0.277402
0.0973021
0.0969533
0.0963068
0.0950378
0.0923165
0.0874306
0.0788028
0.063451
0.0346153
-0.0209097
-0.122206
-0.25519
-0.309315
-0.280403
-0.268131
0.0979685
0.0972328
0.0962182
0.0945159
0.0916077
0.0865172
0.078174
0.0642217
0.0392334
-0.00817713
-0.0958131
-0.22185
-0.290119
-0.271101
-0.258743
0.0984982
0.0974172
0.0959912
0.0939244
0.090567
0.0853606
0.0773287
0.0645731
0.0425528
0.00175746
-0.0736969
-0.190491
-0.269337
-0.261303
-0.249644
0.0982997
0.0969769
0.0952897
0.09289
0.08935
0.0840987
0.0763364
0.0644578
0.0449868
0.00971314
-0.0551146
-0.161405
-0.247266
-0.250554
-0.240498
0.0979888
0.0963913
0.0943921
0.0916956
0.0879402
0.0826671
0.0751504
0.0641814
0.0466334
0.0158341
-0.0400201
-0.135352
-0.224818
-0.239185
-0.231569
0.0961499
0.0945251
0.0925215
0.0898416
0.0861374
0.0809941
0.0738459
0.0634981
0.0476815
0.0206695
-0.0276073
-0.112177
-0.202325
-0.226919
-0.222457
0.0941427
0.0924537
0.0903913
0.0876855
0.0840373
0.0790782
0.0722204
0.0626444
0.0482113
0.0242854
-0.0177524
-0.0922414
-0.180622
-0.214167
-0.213384
0.091228
0.0896457
0.0877061
0.0851266
0.0816358
0.0768948
0.0704617
0.0614542
0.0482998
0.0270254
-0.00976377
-0.0750974
-0.15988
-0.200807
-0.204042
0.0886913
0.087103
0.0851312
0.0825341
0.0791008
0.0745544
0.0684228
0.0600968
0.0480156
0.0289254
-0.00354881
-0.0608299
-0.140713
-0.187309
-0.194674
0.0852643
0.083797
0.0819553
0.0794986
0.0762415
0.0719305
0.0662257
0.0584283
0.0473554
0.0301803
0.00139605
-0.0488802
-0.123092
-0.173645
-0.185068
0.0820177
0.0805737
0.0787394
0.0763165
0.0731716
0.0691024
0.0637274
0.0565549
0.0463788
0.0308196
0.00510951
-0.039201
-0.107366
-0.160246
-0.175454
0.0776278
0.0763468
0.0747362
0.0725792
0.069731
0.065984
0.0610653
0.0544059
0.0450668
0.0309492
0.00792909
-0.0312676
-0.0933314
-0.147095
-0.1657
0.0736981
0.0724762
0.0709301
0.0688777
0.0662063
0.0627415
0.058163
0.0520605
0.043483
0.0306127
0.00987764
-0.0249872
-0.0811348
-0.13454
-0.156017
0.0692593
0.0681605
0.0667682
0.0649056
0.0624738
0.0592952
0.0551279
0.0494933
0.041619
0.029883
0.0111902
-0.0199271
-0.0704903
-0.122549
-0.146344
0.0650091
0.0639795
0.0626648
0.060917
0.0586631
0.0557545
0.051912
0.0467705
0.0395569
0.0288356
0.0119092
-0.0159992
-0.0614127
-0.111359
-0.136856
0.0603422
0.0594225
0.05826
0.0567116
0.0547078
0.0520905
0.0486369
0.0439335
0.0373286
0.027534
0.0122032
-0.0128869
-0.0536049
-0.100907
-0.127533
0.0559739
0.0551253
0.0540536
0.0526409
0.0508288
0.048476
0.0453284
0.0410515
0.0350118
0.026054
0.0121182
-0.0105216
-0.047025
-0.0913306
-0.11851
0.0516562
0.0508869
0.0499205
0.0486519
0.0470281
0.0449052
0.0420684
0.038161
0.0326273
0.0244326
0.0117649
-0.00868656
-0.0414143
-0.0825479
-0.1098
0.0476259
0.0469233
0.0460288
0.044858
0.0433723
0.0414458
0.0388521
0.0352863
0.0302251
0.0227323
0.011193
-0.00732695
-0.0367068
-0.0746097
-0.101483
0.043571
0.0429434
0.0421512
0.0411155
0.0397966
0.0380653
0.0357232
0.0324683
0.0278369
0.0209891
0.0104839
-0.00629292
-0.0326953
-0.0674181
-0.0935728
0.0397389
0.0391809
0.038476
0.0375591
0.036389
0.0348405
0.0327114
0.0297416
0.0255133
0.0192637
0.00968925
-0.00553524
-0.0293042
-0.0609607
-0.0860987
0.0361922
0.0356911
0.0350618
0.034247
0.0332017
0.0318011
0.0298649
0.0271531
0.0232908
0.0175881
0.00886417
-0.0049547
-0.0263785
-0.0551398
-0.0790694
0.0328955
0.0324523
0.031891
0.0311638
0.0302266
0.0289614
0.0271972
0.0247225
0.0212029
0.0160045
0.00804837
-0.00451107
-0.0238502
-0.0499062
-0.0724675
0.0298968
0.0294928
0.0289857
0.0283336
0.0274896
0.0263409
0.0247341
0.0224814
0.0192753
0.0145345
0.00727573
-0.00414205
-0.0216146
-0.0451777
-0.066297
0.0271277
0.0267725
0.0263229
0.0257438
0.0249877
0.0239496
0.0224915
0.020444
0.0175285
0.013204
0.00657471
-0.00381593
-0.0196186
-0.0408974
-0.0605156
0.0247182
0.0243998
0.0239967
0.0234753
0.0227853
0.0218328
0.0204982
0.0186342
0.0159766
0.0120219
0.00595825
-0.00350268
-0.0178056
-0.0370145
-0.0551341
0.0225162
0.022244
0.0218954
0.0214382
0.0208192
0.0199534
0.0187384
0.0170409
0.0146122
0.0109844
0.0054295
-0.00319581
-0.0161539
-0.0334866
-0.0501032
0.0206489
0.0204065
0.0200935
0.0196782
0.0191082
0.0183101
0.0171976
0.0156466
0.013416
0.010074
0.00496864
-0.0029105
-0.0146641
-0.0303051
-0.0454488
0.0189246
0.0187185
0.018447
0.0180807
0.0175682
0.0168465
0.0158377
0.0144198
0.0123599
0.00926259
0.00455218
-0.00266975
-0.0133451
-0.0274491
-0.041124
0.0174692
0.0172817
0.0170338
0.0166987
0.0162287
0.01557
0.0146492
0.0133417
0.0114223
0.00853421
0.00416168
-0.00248781
-0.0122024
-0.0249221
-0.0371584
0.0161626
0.0159923
0.0157673
0.0154652
0.0150422
0.0144492
0.0136108
0.0123985
0.0105995
0.00789027
0.00381322
-0.00233309
-0.0111887
-0.0226641
-0.0334938
0.0151358
0.0149682
0.0147491
0.0144608
0.0140647
0.0135164
0.0127384
0.0116013
0.00990526
0.00735908
0.00354738
-0.0021463
-0.0102305
-0.0206026
-0.0301514
0.0143283
0.0141629
0.0139473
0.0136678
0.0132901
0.0127726
0.0120374
0.010959
0.00935359
0.00695465
0.0033883
-0.00188543
-0.00925336
-0.0186002
-0.0270136
0.0137756
0.0136115
0.0133951
0.0131147
0.0127401
0.0122323
0.011516
0.0104738
0.00893692
0.00666286
0.00331351
-0.00157419
-0.00826435
-0.0166269
-0.023937
0.0134073
0.0132498
0.0130378
0.0127598
0.0123864
0.0118792
0.011167
0.0101431
0.00865487
0.00647969
0.00331335
-0.00123764
-0.00733573
-0.0148576
-0.0208633
0.0131743
0.0130283
0.0128279
0.0125594
0.0121929
0.01169
0.0109853
0.00998386
0.00854628
0.00647058
0.00347244
-0.000798994
-0.00649668
-0.0135581
-0.0186534
0.0130566
0.0129196
0.0127295
0.0124724
0.0121169
0.011625
0.0109367
0.00996296
0.00858014
0.00660073
0.00376461
-0.000246088
-0.00558911
-0.0120698
-0.0176412
0.0129812
0.0128512
0.0126685
0.0124167
0.0120613
0.0115648
0.0108623
0.00987002
0.00846857
0.00649367
0.00374693
7.98557e-05
-0.00430975
-0.00829242
-0.0124657
)
;

boundaryField
{
    airfoil
    {
        type            zeroGradient;
    }
    farBoundaries
    {
        type            freestreamPressure;
        freestreamValue uniform 0;
        supersonic      false;
        value           nonuniform List<scalar> 
52
(
-0.0223698
-0.0237203
-0.0234375
-0.0229636
-0.0227641
-0.022684
-0.0226037
-0.022525
-0.0226538
-0.0229764
-0.0240199
-0.0238834
-0.023564
-0.0230357
-0.0222239
-0.021104
-0.0197336
-0.018166
-0.0164497
-0.0146337
-0.0127907
-0.01099
-0.00925613
-0.00764735
-0.00583123
-0.00414014
0.0187124
0.0183942
0.0178738
0.0172793
0.016611
0.0158522
0.0150129
0.0141192
0.0131611
0.0121109
0.010963
0.00975027
0.00850575
0.00724616
0.00579356
0.00376752
0.0194986
0.0197659
0.0189158
0.0183179
0.0181252
0.018026
0.0179199
0.0178719
0.0180414
0.0184428
)
;
    }
    inlet
    {
        type            freestreamPressure;
        freestreamValue uniform 0;
        supersonic      false;
        value           nonuniform List<scalar> 
30
(
0.0129553
0.0128224
0.0126355
0.0123775
0.012013
0.011503
0.0107805
0.00975962
0.00832086
0.00630938
0.00356781
7.32604e-05
-0.00368604
-0.00619138
-0.00706856
0.0130668
0.0131969
0.0133753
0.0136173
0.0139473
0.0143915
0.0149831
0.0157513
0.016705
0.017785
0.0187644
0.019094
0.0178038
0.0140762
0.00921482
)
;
    }
    outlet
    {
        type            freestreamPressure;
        freestreamValue uniform 0;
        supersonic      false;
        value           nonuniform List<scalar> 
120
(
3.5464e-06
3.5755e-06
3.61184e-06
3.64896e-06
3.68913e-06
3.72184e-06
3.75211e-06
3.77129e-06
3.78494e-06
3.78299e-06
3.77098e-06
3.73866e-06
3.69307e-06
3.6265e-06
3.54954e-06
3.45854e-06
3.36765e-06
3.27572e-06
3.19458e-06
3.11993e-06
3.06009e-06
3.00862e-06
2.96993e-06
2.93783e-06
2.91701e-06
2.90306e-06
2.89652e-06
2.89232e-06
2.8854e-06
2.87117e-06
2.84216e-06
2.79863e-06
2.73246e-06
2.64785e-06
2.53746e-06
2.40823e-06
2.2537e-06
2.08481e-06
1.90013e-06
1.71217e-06
1.51858e-06
1.32788e-06
1.1356e-06
9.4686e-07
7.56747e-07
5.68721e-07
3.79569e-07
1.9151e-07
1.56999e-09
-1.90342e-07
-3.86912e-07
-5.91274e-07
-7.97211e-07
-1.02778e-06
-1.24747e-06
-1.49239e-06
-1.73701e-06
-1.79045e-06
-1.75621e-07
-7.01388e-07
5.82871e-06
4.1598e-06
3.84764e-06
3.80686e-06
3.48584e-06
3.19222e-06
2.97917e-06
2.80486e-06
2.62756e-06
2.46297e-06
2.29563e-06
2.15047e-06
2.00611e-06
1.89949e-06
1.80418e-06
1.7726e-06
1.77251e-06
1.8638e-06
1.99776e-06
2.23993e-06
2.52447e-06
2.90724e-06
3.30195e-06
3.75804e-06
4.17989e-06
4.59736e-06
4.91923e-06
5.17783e-06
5.32182e-06
5.3801e-06
5.32532e-06
5.18482e-06
4.97354e-06
4.71602e-06
4.43082e-06
4.13009e-06
3.84329e-06
3.57639e-06
3.34641e-06
3.14641e-06
2.98951e-06
2.8653e-06
2.78076e-06
2.7211e-06
2.6924e-06
2.68155e-06
2.69573e-06
2.72378e-06
2.77288e-06
2.83275e-06
2.90831e-06
2.98832e-06
3.0752e-06
3.1577e-06
3.2386e-06
3.30856e-06
3.37267e-06
3.42416e-06
3.46974e-06
3.50883e-06
)
;
    }
    defaultFaces
    {
        type            empty;
    }
}


// ************************************************************************* //
