/*--------------------------------*- C++ -*----------------------------------*\
  =========                 |
  \\      /  F ield         | OpenFOAM: The Open Source CFD Toolbox
   \\    /   O peration     | Website:  https://openfoam.org
    \\  /    A nd           | Version:  6.0
     \\/     M anipulation  |
\*---------------------------------------------------------------------------*/
FoamFile
{
    version     2.0;
    format      ascii;
    class       volScalarField;
    location    "350";
    object      nut;
}
// * * * * * * * * * * * * * * * * * * * * * * * * * * * * * * * * * * * * * //

dimensions      [0 2 -1 0 0 0 0];

internalField   nonuniform List<scalar> 
9800
(
0.14
0.139976
0.139995
0.139997
0.14
0.140002
0.140005
0.140007
0.140009
0.140011
0.140013
0.140014
0.140016
0.140018
0.14002
0.140022
0.140026
0.140029
0.140029
0.140026
0.140025
0.140021
0.14001
0.140009
0.140022
0.140025
0.140027
0.140029
0.14003
0.140027
0.140023
0.140021
0.140019
0.140017
0.140016
0.140014
0.140012
0.14001
0.140008
0.140005
0.140003
0.139999
0.139996
0.139986
0.139973
0.139966
0.139975
0.139986
0.139994
0.14
0.140006
0.140012
0.140019
0.140026
0.140035
0.140046
0.140058
0.140074
0.140093
0.140116
0.140145
0.140181
0.140227
0.140287
0.140366
0.140474
0.140622
0.140853
0.141158
0.14191
0.142772
0.144129
0.14462
0.145354
0.145644
0.145889
0.146054
0.146167
0.146228
0.146248
0.146238
0.146212
0.146182
0.146162
0.146157
0.146173
0.146206
0.14625
0.146295
0.14633
0.146345
0.14633
0.146283
0.146196
0.146098
0.146023
0.145995
0.145973
0.146334
0.184812
0.140086
0.140073
0.140071
0.140065
0.14006
0.140057
0.140054
0.140052
0.14005
0.140049
0.140048
0.140049
0.14005
0.140049
0.140046
0.14004
0.140025
0.140004
0.140011
0.140038
0.140046
0.140043
0.140022
0.140021
0.140043
0.140047
0.140041
0.140017
0.140008
0.140026
0.140041
0.140047
0.140048
0.140048
0.140048
0.140048
0.140049
0.14005
0.140052
0.140053
0.140054
0.140056
0.140057
0.140055
0.140049
0.140043
0.140047
0.14006
0.140077
0.140096
0.140116
0.140137
0.140159
0.140183
0.140209
0.140239
0.140272
0.140311
0.140354
0.140405
0.140464
0.140533
0.140613
0.140709
0.140823
0.140961
0.141127
0.141336
0.14158
0.141936
0.142318
0.142586
0.142735
0.142841
0.142922
0.142999
0.143071
0.143133
0.143182
0.14322
0.143252
0.14328
0.14331
0.143344
0.143384
0.143431
0.143463
0.143532
0.143621
0.143725
0.143844
0.143976
0.144121
0.144274
0.144433
0.144592
0.144746
0.144889
0.144993
0.145654
0.140132
0.14012
0.140108
0.140099
0.140092
0.140085
0.140079
0.140072
0.140065
0.140059
0.140052
0.140039
0.140019
0.140007
0.139998
0.139989
0.139983
0.139996
0.140018
0.140051
0.140064
0.140061
0.140033
0.140029
0.140059
0.140064
0.140052
0.14002
0.139991
0.139981
0.139992
0.140006
0.140023
0.140042
0.140054
0.140061
0.140067
0.140071
0.140075
0.140078
0.140081
0.140083
0.140086
0.140088
0.140088
0.140086
0.140086
0.14009
0.140099
0.140113
0.140131
0.140151
0.140172
0.140195
0.14022
0.140246
0.140274
0.140305
0.140338
0.140373
0.140412
0.140455
0.140501
0.140547
0.140587
0.140652
0.140734
0.140832
0.140945
0.141075
0.141221
0.141379
0.141545
0.141724
0.141912
0.142107
0.142303
0.142499
0.142693
0.142882
0.143067
0.143248
0.143423
0.143592
0.143753
0.143906
0.144048
0.144182
0.144306
0.14442
0.144525
0.144619
0.144705
0.144781
0.144849
0.14491
0.144964
0.145013
0.145064
0.145127
0.14014
0.140123
0.140102
0.140082
0.14006
0.140036
0.140023
0.140017
0.140012
0.140005
0.139995
0.139983
0.139976
0.139982
0.139982
0.13998
0.139987
0.140012
0.140042
0.140072
0.140086
0.140077
0.140045
0.140036
0.140071
0.140081
0.140068
0.140037
0.140001
0.139977
0.139966
0.139956
0.139965
0.139981
0.139996
0.140006
0.140012
0.140017
0.140022
0.140034
0.14005
0.140064
0.140075
0.140083
0.14009
0.140095
0.140098
0.140101
0.140106
0.140114
0.140125
0.140139
0.140156
0.140175
0.140196
0.140219
0.140244
0.140269
0.140297
0.140325
0.140355
0.140387
0.14042
0.140454
0.140486
0.14052
0.140556
0.140596
0.140638
0.140682
0.140728
0.140778
0.140836
0.140901
0.140971
0.141042
0.141114
0.141184
0.141253
0.141317
0.141376
0.141428
0.141472
0.141508
0.14154
0.141567
0.14159
0.14161
0.14163
0.141649
0.141669
0.14169
0.141714
0.141741
0.141771
0.141804
0.14184
0.14188
0.141917
0.14197
0.140133
0.140111
0.140085
0.140059
0.140033
0.140009
0.139988
0.139967
0.139944
0.139929
0.139919
0.139913
0.139914
0.139925
0.139939
0.139968
0.139996
0.140029
0.140064
0.140092
0.140103
0.140089
0.14005
0.140027
0.140074
0.140091
0.140081
0.140051
0.140009
0.139959
0.139919
0.139897
0.139894
0.139904
0.139919
0.139946
0.139972
0.13999
0.140002
0.140015
0.140031
0.140047
0.140062
0.140076
0.140088
0.140099
0.140108
0.140116
0.140123
0.14013
0.140138
0.140149
0.140161
0.140176
0.140193
0.140211
0.140231
0.140253
0.140276
0.140301
0.140326
0.140352
0.140379
0.140406
0.140434
0.140461
0.140487
0.140512
0.140536
0.140559
0.14058
0.140601
0.140623
0.140647
0.140673
0.140702
0.140733
0.140766
0.140802
0.140838
0.140875
0.140911
0.140945
0.140979
0.141011
0.141042
0.141073
0.141105
0.141137
0.141169
0.141202
0.141234
0.141268
0.141301
0.141336
0.141371
0.141406
0.141443
0.141477
0.141508
0.140095
0.140068
0.140034
0.139998
0.139961
0.139924
0.139892
0.13987
0.139852
0.139839
0.139832
0.139831
0.13984
0.139858
0.139894
0.139955
0.140005
0.140046
0.140083
0.140108
0.140114
0.140092
0.140041
0.139994
0.140062
0.140093
0.140088
0.14006
0.140012
0.139938
0.139869
0.139831
0.139816
0.139817
0.139828
0.13985
0.139883
0.139921
0.139954
0.139981
0.140004
0.140025
0.140043
0.14006
0.140075
0.140089
0.140101
0.140112
0.140122
0.140131
0.14014
0.140148
0.140158
0.140168
0.14018
0.140193
0.140208
0.140224
0.140241
0.14026
0.140279
0.1403
0.140321
0.140342
0.140365
0.140387
0.14041
0.140432
0.140453
0.140475
0.140495
0.140516
0.140536
0.140556
0.140577
0.140599
0.140622
0.140646
0.140673
0.140701
0.14073
0.140761
0.140793
0.140825
0.140858
0.140891
0.140924
0.140957
0.140991
0.141024
0.141058
0.141092
0.141126
0.14116
0.141194
0.141228
0.141262
0.141296
0.141329
0.14135
0.139939
0.13991
0.139876
0.139843
0.139812
0.139785
0.139764
0.139751
0.139741
0.139737
0.139741
0.139757
0.139792
0.139846
0.139905
0.13997
0.140025
0.140069
0.140103
0.140122
0.140118
0.140084
0.140016
0.139959
0.14004
0.140085
0.140092
0.140069
0.140023
0.139951
0.13987
0.139789
0.139744
0.139726
0.139725
0.139734
0.139754
0.139784
0.139816
0.139847
0.139875
0.1399
0.139923
0.13995
0.139979
0.140007
0.140032
0.140055
0.140075
0.140092
0.140108
0.140121
0.140132
0.140143
0.140154
0.140164
0.140175
0.140187
0.1402
0.140214
0.140229
0.140244
0.140261
0.140278
0.140297
0.140315
0.140335
0.140354
0.140375
0.140395
0.140416
0.140437
0.140458
0.140479
0.1405
0.140522
0.140544
0.140567
0.14059
0.140614
0.140639
0.140665
0.140691
0.140718
0.140745
0.140773
0.140801
0.140829
0.140857
0.140885
0.140912
0.14094
0.140968
0.140996
0.141023
0.141051
0.141078
0.141106
0.141133
0.141145
0.139738
0.139713
0.139689
0.139668
0.139652
0.139641
0.139634
0.139634
0.139642
0.139662
0.1397
0.139751
0.139812
0.139878
0.139943
0.140003
0.140054
0.140094
0.140122
0.14013
0.140112
0.140058
0.139964
0.139916
0.140006
0.140066
0.140087
0.140076
0.140037
0.139976
0.139898
0.139807
0.139721
0.13966
0.139629
0.139617
0.139619
0.139631
0.13965
0.139673
0.139697
0.139721
0.139744
0.139769
0.139794
0.13982
0.139845
0.139873
0.139903
0.139936
0.139969
0.14
0.140028
0.140054
0.140077
0.140098
0.140116
0.140132
0.140148
0.140162
0.140175
0.140189
0.140202
0.140216
0.140231
0.140246
0.140262
0.140278
0.140295
0.140312
0.14033
0.140349
0.140367
0.140387
0.140407
0.140427
0.140447
0.140468
0.140489
0.14051
0.140531
0.140553
0.140575
0.140597
0.140619
0.140642
0.140664
0.140686
0.140708
0.140731
0.140753
0.140775
0.140796
0.140818
0.14084
0.140862
0.140884
0.140906
0.140928
0.140936
0.139538
0.139516
0.139507
0.139502
0.139503
0.139511
0.139527
0.139555
0.139597
0.139656
0.139731
0.139797
0.139864
0.139929
0.139988
0.140041
0.140084
0.140115
0.140131
0.140123
0.140084
0.140005
0.139885
0.139858
0.139956
0.140032
0.14007
0.140073
0.140048
0.140001
0.139935
0.139849
0.139753
0.139655
0.139577
0.139527
0.1395
0.139488
0.139488
0.139495
0.139506
0.139521
0.139537
0.139556
0.139575
0.139595
0.139616
0.139638
0.139661
0.139686
0.139713
0.139742
0.139771
0.139799
0.139827
0.139855
0.139886
0.139919
0.139953
0.139986
0.140018
0.140048
0.140075
0.140099
0.140122
0.140143
0.140162
0.140181
0.140198
0.140216
0.140233
0.14025
0.140267
0.140283
0.140301
0.140318
0.140335
0.140353
0.14037
0.140387
0.140405
0.140422
0.14044
0.140457
0.140474
0.140492
0.140509
0.140526
0.140544
0.140561
0.140578
0.140596
0.140613
0.140631
0.140648
0.140666
0.140684
0.140702
0.14072
0.140723
0.139389
0.139362
0.139377
0.139402
0.139438
0.139484
0.139539
0.1396
0.139667
0.139738
0.13981
0.139873
0.139933
0.139989
0.140039
0.14008
0.140112
0.140129
0.140126
0.140098
0.140035
0.139932
0.1398
0.139779
0.13987
0.139971
0.140032
0.140056
0.140049
0.140019
0.139968
0.139899
0.139814
0.139717
0.139616
0.13952
0.139444
0.13939
0.139356
0.139336
0.139328
0.139327
0.139331
0.139338
0.139349
0.139361
0.139374
0.139388
0.139402
0.139418
0.139434
0.139453
0.139473
0.139495
0.139518
0.139541
0.139566
0.139593
0.139621
0.13965
0.139679
0.139708
0.139735
0.139762
0.139795
0.139832
0.139871
0.13991
0.139947
0.139981
0.140012
0.14004
0.140065
0.140088
0.140109
0.140129
0.140148
0.140165
0.140182
0.140198
0.140213
0.140228
0.140242
0.140257
0.140271
0.140285
0.140298
0.140312
0.140326
0.140339
0.140353
0.140366
0.14038
0.140393
0.140406
0.140419
0.140432
0.140445
0.140458
0.140451
0.139273
0.139271
0.139326
0.139394
0.139468
0.139544
0.139618
0.139689
0.139759
0.139826
0.13989
0.139946
0.139997
0.140042
0.14008
0.140108
0.140123
0.14012
0.140095
0.14004
0.139949
0.139822
0.139693
0.139669
0.139741
0.139876
0.139969
0.140019
0.140035
0.140025
0.139995
0.139945
0.139879
0.1398
0.13971
0.139613
0.139514
0.139419
0.139333
0.139263
0.13921
0.139174
0.139151
0.139138
0.139131
0.13913
0.139131
0.139135
0.13914
0.139146
0.139153
0.13916
0.139169
0.139179
0.139189
0.139201
0.139215
0.139229
0.139245
0.139262
0.13928
0.139298
0.139315
0.139333
0.139352
0.139372
0.139394
0.139417
0.139439
0.13946
0.139484
0.139514
0.139549
0.139586
0.139622
0.139657
0.139688
0.139718
0.139745
0.13977
0.139793
0.139814
0.139834
0.139852
0.13987
0.139887
0.139903
0.139919
0.139934
0.139949
0.139964
0.139978
0.139992
0.140005
0.140018
0.140029
0.140041
0.140051
0.14006
0.14004
0.139341
0.139384
0.139453
0.139528
0.139603
0.139675
0.139744
0.139808
0.139869
0.139926
0.13998
0.140025
0.140065
0.140097
0.140119
0.140129
0.140124
0.140097
0.140045
0.139962
0.139841
0.139687
0.13956
0.139526
0.139582
0.139715
0.139842
0.139927
0.139974
0.13999
0.139983
0.139954
0.139909
0.139849
0.139775
0.139691
0.139596
0.139492
0.139382
0.139272
0.139168
0.139078
0.139006
0.138952
0.138914
0.138888
0.13887
0.138857
0.138849
0.138843
0.138839
0.138836
0.138834
0.138833
0.138833
0.138833
0.138834
0.138835
0.138837
0.138839
0.138842
0.138846
0.13885
0.138854
0.138858
0.138863
0.138867
0.138871
0.138875
0.138879
0.138883
0.138888
0.138895
0.138902
0.138911
0.138921
0.138935
0.138957
0.138984
0.139012
0.139042
0.139071
0.139099
0.139126
0.139152
0.139176
0.139199
0.13922
0.13924
0.139258
0.139275
0.139291
0.139305
0.139318
0.139328
0.139338
0.139345
0.139351
0.139354
0.139312
0.139294
0.139326
0.139411
0.139508
0.1396
0.139683
0.139758
0.139824
0.139883
0.139936
0.139987
0.140025
0.140053
0.14007
0.140074
0.140062
0.140027
0.139966
0.139872
0.139739
0.139577
0.139438
0.139352
0.139338
0.139405
0.139551
0.139709
0.139829
0.139908
0.139952
0.139969
0.139961
0.139936
0.139894
0.13984
0.139773
0.139695
0.139606
0.139505
0.139394
0.139277
0.139156
0.139038
0.138927
0.138826
0.138741
0.138671
0.138618
0.138577
0.138545
0.13852
0.138499
0.138482
0.138467
0.138453
0.138441
0.13843
0.13842
0.13841
0.1384
0.13839
0.13838
0.13837
0.13836
0.138351
0.13834
0.138329
0.138317
0.138306
0.138295
0.138284
0.138272
0.13826
0.138249
0.138237
0.138226
0.138214
0.138204
0.138195
0.138187
0.13818
0.138174
0.138172
0.138177
0.13819
0.138208
0.13823
0.138252
0.138274
0.138296
0.138316
0.138334
0.138351
0.138365
0.138377
0.138387
0.138396
0.138401
0.138404
0.138359
0.139521
0.139578
0.139654
0.139732
0.139805
0.139872
0.139933
0.139986
0.140033
0.140073
0.140106
0.140126
0.140133
0.140127
0.140103
0.140059
0.13999
0.139893
0.139765
0.139606
0.139425
0.139246
0.139119
0.139072
0.139094
0.139174
0.13928
0.139393
0.13951
0.139611
0.139684
0.139717
0.13972
0.139697
0.139652
0.139587
0.139503
0.139404
0.139291
0.139173
0.13905
0.138927
0.138806
0.138687
0.138574
0.13847
0.138377
0.138296
0.138227
0.138169
0.13812
0.138078
0.138042
0.13801
0.137982
0.137957
0.137934
0.137913
0.137892
0.137871
0.137851
0.13783
0.13781
0.13779
0.13777
0.13775
0.13773
0.137709
0.137689
0.137668
0.137646
0.137625
0.137603
0.137581
0.137559
0.137536
0.137512
0.137488
0.137464
0.137439
0.137413
0.137387
0.13736
0.137334
0.137308
0.137282
0.137257
0.137235
0.137216
0.137203
0.137194
0.137189
0.137183
0.137179
0.137173
0.137167
0.137159
0.137149
0.137136
0.137083
0.139183
0.139192
0.139237
0.139289
0.139338
0.139383
0.139421
0.139453
0.139477
0.139494
0.139501
0.139498
0.139482
0.139451
0.139405
0.139342
0.13926
0.13916
0.139045
0.13892
0.138797
0.138694
0.138634
0.138635
0.138702
0.138844
0.13901
0.139166
0.139307
0.139428
0.139524
0.139589
0.139625
0.139635
0.139621
0.139584
0.139529
0.139458
0.139373
0.139279
0.139178
0.139073
0.138964
0.138853
0.138741
0.13863
0.138519
0.138411
0.138305
0.138202
0.138103
0.138008
0.137916
0.137831
0.137752
0.137681
0.137616
0.137556
0.137502
0.137451
0.137402
0.137356
0.137312
0.13727
0.137229
0.137188
0.137149
0.13711
0.137072
0.137034
0.136996
0.136957
0.136919
0.136881
0.136842
0.136803
0.136763
0.136723
0.136682
0.136642
0.136602
0.136562
0.136521
0.136479
0.136437
0.136393
0.136349
0.136305
0.136259
0.136213
0.136168
0.136122
0.136078
0.136041
0.136012
0.135992
0.135977
0.135964
0.135953
0.135897
0.139335
0.139335
0.139347
0.139363
0.139379
0.13939
0.139396
0.139397
0.13939
0.139375
0.139352
0.139318
0.139271
0.139212
0.139142
0.139059
0.138965
0.13886
0.138749
0.138634
0.138518
0.138404
0.138295
0.138189
0.138096
0.138076
0.138112
0.138175
0.138248
0.138322
0.138393
0.138453
0.138498
0.138526
0.138539
0.138538
0.138521
0.13849
0.138448
0.138395
0.138334
0.138266
0.138192
0.138113
0.138029
0.137942
0.137853
0.137762
0.137668
0.137574
0.137478
0.137383
0.137288
0.137193
0.1371
0.13701
0.136922
0.136837
0.136756
0.136678
0.136603
0.136531
0.136462
0.136396
0.136332
0.136271
0.136211
0.136154
0.136099
0.136045
0.135993
0.135943
0.135893
0.135845
0.135796
0.135748
0.1357
0.135653
0.135604
0.135556
0.135507
0.135458
0.135408
0.135357
0.135305
0.135252
0.135198
0.135142
0.135085
0.135027
0.134967
0.134905
0.134842
0.134777
0.134709
0.13464
0.134568
0.134495
0.13442
0.134347
0.13863
0.138748
0.138804
0.138811
0.138794
0.138769
0.13874
0.13871
0.138673
0.138624
0.13856
0.138498
0.138434
0.138368
0.1383
0.138232
0.138168
0.138109
0.138056
0.138009
0.137968
0.137933
0.137905
0.137884
0.137876
0.137885
0.137912
0.137953
0.138002
0.138056
0.13811
0.13816
0.138206
0.138244
0.138275
0.138298
0.13831
0.138314
0.138307
0.138292
0.138268
0.138237
0.138198
0.138153
0.138101
0.138044
0.137982
0.137916
0.137846
0.137772
0.137695
0.137615
0.137531
0.137446
0.137358
0.137268
0.137177
0.137084
0.13699
0.136896
0.136804
0.136712
0.13662
0.136526
0.136429
0.136329
0.136223
0.136112
0.135994
0.135869
0.135739
0.135607
0.135476
0.135351
0.13523
0.135113
0.135001
0.134892
0.134785
0.134681
0.134579
0.134479
0.134379
0.13428
0.134182
0.134083
0.133985
0.133886
0.133787
0.133688
0.133589
0.133491
0.133393
0.133295
0.133196
0.133095
0.132993
0.132891
0.132788
0.132691
0.138771
0.138764
0.138738
0.1387
0.138656
0.138611
0.138564
0.138517
0.13847
0.138422
0.138372
0.138324
0.138275
0.138225
0.138174
0.138124
0.138076
0.13803
0.137987
0.137946
0.137907
0.137871
0.137836
0.137803
0.137772
0.137741
0.137711
0.137681
0.137651
0.137621
0.137591
0.137566
0.137548
0.137534
0.137522
0.13751
0.137495
0.137477
0.137456
0.137432
0.137405
0.137374
0.137338
0.137298
0.137253
0.137205
0.137154
0.1371
0.137043
0.136982
0.136918
0.136852
0.136782
0.13671
0.136635
0.136559
0.136481
0.136401
0.136319
0.136235
0.136149
0.136063
0.135976
0.135891
0.135807
0.135721
0.135634
0.135547
0.135459
0.135371
0.135281
0.135191
0.135102
0.135012
0.134921
0.134831
0.134741
0.134653
0.134565
0.134478
0.134392
0.134306
0.134219
0.134131
0.134042
0.133952
0.133861
0.133769
0.133675
0.133579
0.133481
0.133381
0.133278
0.133173
0.133063
0.132946
0.132814
0.132665
0.132495
0.13232
0.140384
0.140624
0.140798
0.140915
0.140987
0.141026
0.14104
0.141034
0.141009
0.140963
0.14092
0.140875
0.140829
0.140783
0.140738
0.140696
0.140655
0.140617
0.140581
0.140549
0.140518
0.14049
0.140463
0.140437
0.140412
0.140387
0.140361
0.140333
0.140302
0.140266
0.140224
0.140202
0.140174
0.140147
0.140121
0.140096
0.140071
0.140046
0.14002
0.139992
0.139963
0.139933
0.1399
0.139867
0.139831
0.139793
0.139751
0.139708
0.139662
0.139612
0.139559
0.139503
0.139443
0.13938
0.139314
0.139245
0.139173
0.139099
0.139023
0.138947
0.138865
0.138783
0.138712
0.138629
0.138542
0.138452
0.138358
0.138262
0.138161
0.138056
0.137947
0.137831
0.137708
0.137576
0.137437
0.137286
0.137125
0.136948
0.136752
0.136538
0.136303
0.136052
0.135779
0.135492
0.135196
0.134897
0.134598
0.134301
0.134005
0.13371
0.133416
0.13312
0.132823
0.132523
0.132221
0.131917
0.131613
0.131314
0.131036
0.130827
0.132226
0.131109
0.130691
0.130613
0.130683
0.130729
0.130638
0.130406
0.130052
0.129644
0.12974
0.129061
0.128388
0.127804
0.127279
0.126789
0.12632
0.125862
0.125408
0.124954
0.124498
0.12404
0.123581
0.123123
0.12267
0.122227
0.121797
0.121387
0.121002
0.120655
0.120476
0.120894
0.120607
0.120289
0.119937
0.119554
0.119146
0.118716
0.118271
0.117814
0.11735
0.116881
0.116412
0.115945
0.11548
0.11502
0.114566
0.114118
0.113676
0.11324
0.11281
0.112385
0.111964
0.111548
0.111135
0.110727
0.110325
0.109928
0.109536
0.109149
0.108764
0.108569
0.108747
0.108486
0.108206
0.107916
0.107616
0.107307
0.106991
0.106666
0.106335
0.105996
0.105651
0.1053
0.104943
0.104579
0.10421
0.103834
0.103452
0.103064
0.102671
0.102272
0.101867
0.101458
0.101044
0.100626
0.100203
0.0997774
0.0993487
0.0989183
0.0984879
0.0980602
0.0976392
0.0972314
0.0968469
0.0965025
0.0962252
0.0960592
0.096077
0.0964022
0.29661
0.314546
0.331401
0.347152
0.361943
0.375891
0.389093
0.401626
0.413558
0.424943
0.435831
0.446262
0.456273
0.465893
0.475151
0.484071
0.492692
0.500991
0.509008
0.516766
0.524281
0.531566
0.538631
0.545489
0.55215
0.558622
0.564916
0.571038
0.576999
0.582803
0.58846
0.593975
0.599278
0.604354
0.60948
0.614495
0.619402
0.624207
0.628915
0.633534
0.63807
0.642528
0.646915
0.65124
0.655508
0.659728
0.663907
0.667844
0.671664
0.6758
0.679936
0.684076
0.68823
0.692408
0.69662
0.700877
0.705191
0.709571
0.714029
0.718126
0.722362
0.727255
0.73227
0.737408
0.742677
0.748085
0.753639
0.758099
0.764739
0.770705
0.146506
0.146783
0.147124
0.147519
0.147966
0.148465
0.149012
0.149606
0.150244
0.150925
0.151646
0.152402
0.153195
0.154023
0.154886
0.155786
0.156727
0.157698
0.158704
0.159749
0.160834
0.161958
0.163121
0.164323
0.165562
0.166838
0.168151
0.169499
0.170882
0.172299
0.173749
0.175233
0.176719
0.178202
0.179783
0.1814
0.183047
0.184723
0.186428
0.188161
0.18992
0.191706
0.193519
0.195356
0.19722
0.19911
0.201026
0.202875
0.204717
0.206753
0.208827
0.210929
0.213062
0.215227
0.217428
0.219669
0.221956
0.224296
0.2267
0.228945
0.231329
0.234145
0.237098
0.240201
0.243487
0.246997
0.25078
0.254184
0.259298
0.264331
0.144962
0.144916
0.144874
0.144838
0.144807
0.14478
0.144755
0.144731
0.144708
0.144684
0.144661
0.144638
0.144616
0.144595
0.144574
0.144555
0.144535
0.144516
0.144496
0.144475
0.14445
0.144423
0.144393
0.14436
0.144325
0.144286
0.144246
0.144203
0.144157
0.14411
0.14406
0.144008
0.143952
0.143889
0.14383
0.143771
0.143711
0.14365
0.143589
0.143529
0.143468
0.143408
0.143349
0.14329
0.143232
0.143175
0.143119
0.14305
0.142975
0.142921
0.142871
0.142823
0.14278
0.142739
0.142702
0.142669
0.14264
0.142615
0.142595
0.14254
0.142491
0.142501
0.142528
0.142572
0.142637
0.142728
0.142857
0.14289
0.143238
0.1436
0.141947
0.141937
0.141922
0.141904
0.141884
0.141863
0.141842
0.141822
0.141802
0.141784
0.141766
0.141749
0.141732
0.141716
0.141701
0.141686
0.14167
0.141655
0.141639
0.141624
0.14161
0.141596
0.141583
0.14157
0.141557
0.141544
0.14153
0.141516
0.141501
0.141487
0.141471
0.141455
0.141439
0.141421
0.141403
0.141384
0.141365
0.141345
0.141325
0.141304
0.141282
0.141259
0.141236
0.141212
0.141188
0.141163
0.141136
0.141108
0.141079
0.141049
0.141018
0.140986
0.140954
0.140921
0.140887
0.140852
0.140816
0.140779
0.14074
0.140697
0.140652
0.140606
0.14056
0.140514
0.140468
0.140423
0.140378
0.140327
0.140288
0.140254
0.141483
0.141471
0.141457
0.141441
0.141424
0.141404
0.141384
0.141363
0.141342
0.141322
0.141303
0.141284
0.141266
0.141249
0.141231
0.141214
0.141196
0.141179
0.141161
0.141143
0.141125
0.141107
0.14109
0.141072
0.141054
0.141036
0.141019
0.141001
0.140984
0.140967
0.140951
0.140935
0.140919
0.140904
0.140889
0.140874
0.140859
0.140845
0.140831
0.140817
0.140803
0.140789
0.140776
0.140762
0.140749
0.140735
0.140722
0.140709
0.140696
0.140682
0.140668
0.140654
0.14064
0.140626
0.140611
0.140596
0.140582
0.140568
0.140554
0.14054
0.140526
0.140511
0.140497
0.140483
0.14047
0.140458
0.140448
0.14044
0.140434
0.140433
0.141327
0.141315
0.141303
0.141289
0.141273
0.141255
0.141235
0.141215
0.141194
0.141174
0.141154
0.141134
0.141116
0.141098
0.14108
0.141062
0.141045
0.141027
0.14101
0.140992
0.140974
0.140956
0.140937
0.140919
0.1409
0.140882
0.140864
0.140845
0.140827
0.140809
0.140792
0.140775
0.140758
0.140742
0.140726
0.14071
0.140695
0.140681
0.140667
0.140653
0.140639
0.140626
0.140614
0.140601
0.140588
0.140576
0.140564
0.140553
0.140541
0.140528
0.140516
0.140503
0.140491
0.140478
0.140465
0.140452
0.140439
0.140426
0.140414
0.140402
0.140389
0.140377
0.140365
0.140353
0.140341
0.140331
0.140323
0.140316
0.140312
0.140312
0.141123
0.141113
0.141101
0.14109
0.141077
0.141062
0.141045
0.141027
0.141008
0.140989
0.14097
0.140951
0.140933
0.140916
0.140899
0.140883
0.140866
0.14085
0.140833
0.140816
0.140798
0.140781
0.140762
0.140744
0.140725
0.140707
0.140688
0.140669
0.14065
0.140631
0.140613
0.140596
0.14058
0.140563
0.140547
0.140531
0.140515
0.1405
0.140485
0.14047
0.140455
0.140441
0.140427
0.140413
0.1404
0.140387
0.140375
0.140363
0.140352
0.140341
0.140329
0.140317
0.140304
0.140291
0.140277
0.140263
0.140249
0.140235
0.140221
0.140207
0.140193
0.140178
0.140162
0.140147
0.140133
0.14012
0.140108
0.140098
0.140092
0.14009
0.140917
0.140909
0.140899
0.140888
0.140876
0.140862
0.140847
0.140831
0.140814
0.140796
0.140778
0.14076
0.140742
0.140724
0.140707
0.140691
0.140675
0.140659
0.140643
0.140628
0.140612
0.140598
0.140583
0.140569
0.140555
0.140541
0.140527
0.140514
0.1405
0.140487
0.140473
0.140459
0.140444
0.140429
0.140414
0.140397
0.140381
0.140364
0.140346
0.140327
0.140308
0.140288
0.140268
0.140247
0.140226
0.140205
0.140185
0.140165
0.140145
0.140125
0.140105
0.140086
0.140066
0.140047
0.140029
0.14001
0.139992
0.139975
0.139958
0.139942
0.139926
0.139909
0.139892
0.139876
0.139861
0.139847
0.139837
0.139827
0.139821
0.139819
0.140706
0.140699
0.140689
0.140677
0.140666
0.140654
0.14064
0.140625
0.140609
0.140592
0.140575
0.140559
0.140544
0.140529
0.140515
0.1405
0.140485
0.140471
0.140456
0.140441
0.140428
0.140414
0.140402
0.140389
0.140377
0.140364
0.140351
0.140338
0.140324
0.14031
0.140295
0.14028
0.140265
0.140249
0.140232
0.140215
0.140197
0.140178
0.140159
0.140139
0.140118
0.140097
0.140075
0.140052
0.140029
0.140006
0.139982
0.139959
0.139934
0.139909
0.139883
0.139858
0.139832
0.139807
0.139783
0.139758
0.139735
0.139713
0.139692
0.139672
0.139652
0.139632
0.139612
0.139593
0.139575
0.139558
0.139545
0.139532
0.139524
0.139522
0.14043
0.140422
0.14041
0.140396
0.140381
0.140366
0.14035
0.140333
0.140316
0.140299
0.140283
0.140268
0.140254
0.14024
0.140225
0.14021
0.140194
0.140179
0.140163
0.140148
0.140133
0.140117
0.140102
0.140087
0.140072
0.140056
0.14004
0.140024
0.140008
0.139991
0.139974
0.139957
0.139939
0.139921
0.139903
0.139884
0.139864
0.139844
0.139823
0.139802
0.13978
0.139757
0.139734
0.13971
0.139686
0.139662
0.139638
0.139615
0.13959
0.139565
0.139539
0.139513
0.139487
0.139461
0.139435
0.139409
0.139383
0.139358
0.139334
0.139311
0.139287
0.139263
0.139241
0.13922
0.1392
0.139182
0.139167
0.139152
0.139141
0.139136
0.140011
0.14
0.139984
0.139966
0.139945
0.139925
0.139905
0.139885
0.139866
0.139848
0.139832
0.139816
0.139801
0.139784
0.139767
0.13975
0.139732
0.139714
0.139697
0.139679
0.139662
0.139645
0.139628
0.139611
0.139594
0.139576
0.139559
0.139542
0.139524
0.139506
0.139488
0.13947
0.139452
0.139433
0.139415
0.139395
0.139376
0.139356
0.139335
0.139314
0.139293
0.139271
0.139249
0.139226
0.139204
0.139181
0.139159
0.139137
0.139114
0.139091
0.139068
0.139044
0.13902
0.138997
0.138973
0.13895
0.138926
0.138904
0.138883
0.138862
0.138841
0.138819
0.138798
0.138778
0.138758
0.13874
0.138725
0.138709
0.138698
0.138692
0.139268
0.139256
0.139238
0.139218
0.139196
0.139174
0.139154
0.139135
0.139118
0.139102
0.139088
0.139074
0.139059
0.139043
0.139028
0.139012
0.138996
0.13898
0.138964
0.138948
0.138933
0.138917
0.138902
0.138888
0.138873
0.138858
0.138844
0.138829
0.138815
0.1388
0.138785
0.138771
0.138756
0.138741
0.138726
0.138711
0.138695
0.13868
0.138664
0.138647
0.13863
0.138613
0.138596
0.138578
0.13856
0.138542
0.138525
0.138507
0.138489
0.138471
0.138452
0.138434
0.138415
0.138396
0.138378
0.138359
0.13834
0.138322
0.138305
0.138288
0.13827
0.138252
0.138235
0.138218
0.138202
0.138186
0.138172
0.138157
0.138145
0.138137
0.138315
0.138305
0.13829
0.138274
0.138256
0.138239
0.138223
0.138209
0.138197
0.138186
0.138176
0.138168
0.138159
0.138149
0.13814
0.138129
0.138119
0.138109
0.138098
0.138088
0.138079
0.138069
0.13806
0.138051
0.138043
0.138034
0.138025
0.138017
0.138008
0.137999
0.137989
0.13798
0.13797
0.13796
0.13795
0.137939
0.137928
0.137917
0.137905
0.137893
0.13788
0.137867
0.137853
0.13784
0.137826
0.137812
0.137797
0.137783
0.137768
0.137753
0.137738
0.137723
0.137709
0.137695
0.137681
0.137667
0.137654
0.137641
0.137628
0.137615
0.137602
0.13759
0.137579
0.137569
0.13756
0.137552
0.137544
0.137535
0.137528
0.137522
0.13703
0.137019
0.137008
0.136996
0.136985
0.136976
0.136969
0.136964
0.136959
0.136955
0.136952
0.13695
0.136948
0.136946
0.136944
0.136941
0.136937
0.136934
0.13693
0.136927
0.136924
0.136921
0.136919
0.136917
0.136916
0.136914
0.136913
0.136911
0.136909
0.136906
0.136903
0.136899
0.136894
0.136888
0.136882
0.136876
0.136869
0.136862
0.136854
0.136846
0.136838
0.13683
0.136821
0.136813
0.136803
0.136793
0.136783
0.136771
0.136759
0.136747
0.136737
0.136727
0.136718
0.136711
0.136704
0.136697
0.136691
0.136684
0.136677
0.136669
0.136661
0.136656
0.136652
0.136649
0.136647
0.136645
0.136642
0.136636
0.136633
0.136628
0.135848
0.135841
0.135832
0.135825
0.135819
0.135813
0.135808
0.135803
0.135798
0.135793
0.135788
0.135784
0.135779
0.135773
0.135768
0.135763
0.135759
0.135754
0.135749
0.135744
0.13574
0.135736
0.135732
0.135728
0.135724
0.135721
0.135718
0.135715
0.135712
0.13571
0.135707
0.135704
0.135701
0.135698
0.135695
0.135692
0.135689
0.135686
0.135684
0.135681
0.135679
0.135678
0.135676
0.135675
0.135674
0.135672
0.135671
0.135669
0.135666
0.135664
0.135663
0.135663
0.135663
0.135663
0.135665
0.135667
0.135669
0.135671
0.135673
0.135673
0.135673
0.135675
0.135679
0.135683
0.135689
0.135694
0.135697
0.135694
0.135694
0.135689
0.134287
0.134282
0.134279
0.134276
0.134273
0.13427
0.134268
0.134265
0.134263
0.13426
0.134258
0.134256
0.134253
0.13425
0.134248
0.134245
0.134242
0.134239
0.134236
0.134233
0.13423
0.134227
0.134225
0.134222
0.134219
0.134217
0.134214
0.134212
0.13421
0.134209
0.134207
0.134205
0.134203
0.134199
0.134197
0.134194
0.134192
0.13419
0.134189
0.134187
0.134187
0.134186
0.134186
0.134186
0.134187
0.134187
0.134187
0.134186
0.134183
0.134182
0.134181
0.134182
0.134183
0.134185
0.134187
0.134191
0.134194
0.134198
0.1342
0.134199
0.134199
0.134201
0.134205
0.134211
0.134218
0.134224
0.134228
0.134224
0.134226
0.13422
0.132622
0.132608
0.132596
0.132583
0.132571
0.132559
0.132546
0.132534
0.132521
0.132509
0.132496
0.132483
0.13247
0.132457
0.132444
0.132431
0.132418
0.132405
0.132392
0.132378
0.132365
0.132351
0.132338
0.132325
0.132312
0.132299
0.132287
0.132276
0.132265
0.132254
0.132243
0.132233
0.132221
0.132209
0.132197
0.132185
0.132174
0.132164
0.132154
0.132144
0.132135
0.132127
0.13212
0.132113
0.132107
0.132101
0.132094
0.132085
0.132075
0.132066
0.132058
0.132052
0.132047
0.132043
0.13204
0.132039
0.132039
0.132038
0.132037
0.132031
0.132024
0.132021
0.132022
0.132025
0.13203
0.132035
0.132037
0.132025
0.132023
0.132011
0.13215
0.132069
0.131989
0.13191
0.131831
0.131753
0.131676
0.131599
0.131523
0.131448
0.131374
0.1313
0.131227
0.131155
0.131083
0.131012
0.130941
0.13087
0.1308
0.13073
0.13066
0.130591
0.130522
0.130453
0.130385
0.130318
0.130251
0.130185
0.13012
0.130055
0.129992
0.129929
0.129867
0.129801
0.129736
0.129672
0.12961
0.129548
0.129487
0.129428
0.12937
0.129314
0.129259
0.129206
0.129154
0.129105
0.129057
0.129007
0.128951
0.128898
0.128847
0.128799
0.128753
0.12871
0.12867
0.128633
0.128598
0.128566
0.128535
0.128495
0.12845
0.128412
0.128381
0.128354
0.128332
0.128314
0.128297
0.128253
0.128235
0.128211
0.129792
0.129572
0.129405
0.129242
0.129077
0.12891
0.128741
0.128571
0.128398
0.128225
0.12805
0.127873
0.127696
0.127518
0.12734
0.127161
0.126982
0.126803
0.126623
0.126442
0.126261
0.12608
0.125899
0.125719
0.125538
0.125356
0.125175
0.124995
0.124816
0.124638
0.124463
0.124291
0.124116
0.123931
0.12375
0.123571
0.123394
0.123218
0.123045
0.122873
0.122703
0.122535
0.122371
0.12221
0.122053
0.121901
0.121755
0.121595
0.121421
0.121258
0.121101
0.12095
0.120802
0.12066
0.120524
0.120395
0.120272
0.120158
0.120053
0.119913
0.119763
0.11964
0.119532
0.119437
0.119355
0.11929
0.119243
0.119094
0.119087
0.119078
0.0886009
0.0871393
0.0863487
0.0856422
0.0849631
0.0843051
0.0836664
0.0830462
0.0824432
0.0818568
0.0812861
0.0807302
0.0801886
0.0796605
0.0791454
0.0786429
0.0781574
0.0776804
0.0772109
0.0767503
0.0762991
0.0758577
0.0754264
0.0750055
0.0745953
0.074196
0.0738079
0.0734312
0.0730661
0.0727127
0.0723712
0.072042
0.0717034
0.0713365
0.0709909
0.0706577
0.0703346
0.0700216
0.0697186
0.0694259
0.0691436
0.0688719
0.0686109
0.0683607
0.0681216
0.0678938
0.0676784
0.067416
0.0671099
0.0668443
0.0665983
0.0663664
0.0661479
0.0659428
0.0657512
0.0655734
0.0654097
0.0652612
0.0651304
0.064884
0.0646047
0.0643986
0.0642308
0.0640926
0.0639848
0.0639121
0.063885
0.0635388
0.0636274
0.0638288
0.837604
0.912548
0.953792
0.977683
0.992904
1.00366
1.01192
1.01864
1.02432
1.02923
1.03356
1.03744
1.04096
1.04418
1.04715
1.04992
1.0525
1.05494
1.05724
1.05943
1.06153
1.06353
1.06546
1.06732
1.06912
1.07087
1.07257
1.07423
1.07584
1.07743
1.07898
1.08051
1.08201
1.08349
1.08494
1.08638
1.08781
1.08922
1.09062
1.092
1.09338
1.09475
1.0961
1.09746
1.09881
1.10015
1.10149
1.10282
1.10415
1.10548
1.10681
1.10814
1.10947
1.1108
1.11212
1.11345
1.11479
1.11612
1.11745
1.11879
1.12013
1.12148
1.12282
1.12417
1.12552
1.12687
1.12821
1.12954
1.13086
1.13214
1.13335
1.13446
1.1354
1.13608
1.13637
0.32506
0.442921
0.549729
0.639214
0.711182
0.768243
0.813643
0.850284
0.88044
0.905777
0.927473
0.946355
0.963011
0.97787
0.991256
1.00342
1.01455
1.02481
1.03432
1.04318
1.05148
1.05928
1.06664
1.07361
1.08024
1.08655
1.09258
1.09836
1.10392
1.10926
1.11441
1.11939
1.12422
1.12889
1.13344
1.13786
1.14217
1.14637
1.15048
1.15449
1.15843
1.16229
1.16608
1.1698
1.17346
1.17707
1.18062
1.18412
1.18757
1.19099
1.19436
1.1977
1.201
1.20427
1.20751
1.21072
1.21391
1.21707
1.22021
1.22333
1.22643
1.2295
1.23257
1.23561
1.23864
1.24164
1.24462
1.24758
1.25048
1.25332
1.25605
1.25859
1.26082
1.26256
1.26349
0.148468
0.170948
0.210345
0.264756
0.328749
0.396427
0.463078
0.525651
0.582598
0.633468
0.6785
0.718284
0.753536
0.784958
0.813172
0.838694
0.861942
0.88325
0.902884
0.921062
0.937964
0.953739
0.968518
0.98241
0.995511
1.0079
1.01965
1.03083
1.04148
1.05165
1.06139
1.07073
1.0797
1.08834
1.09667
1.10471
1.11249
1.12002
1.12732
1.13442
1.14132
1.14803
1.15457
1.16096
1.16719
1.17329
1.17925
1.1851
1.19082
1.19644
1.20196
1.20738
1.21272
1.21797
1.22313
1.22823
1.23325
1.2382
1.2431
1.24793
1.2527
1.25743
1.26209
1.26672
1.27129
1.27581
1.28029
1.28471
1.28907
1.29334
1.29748
1.30141
1.30498
1.30793
1.30976
0.139916
0.139208
0.139822
0.143955
0.15382
0.171065
0.196305
0.229064
0.268042
0.311464
0.357441
0.404231
0.450413
0.494946
0.537166
0.576732
0.613547
0.647681
0.679308
0.708648
0.735932
0.761381
0.785196
0.807548
0.828589
0.848445
0.867227
0.885031
0.901944
0.918039
0.933387
0.948047
0.962075
0.97552
0.988428
1.00084
1.01279
1.02431
1.03543
1.04618
1.05658
1.06666
1.07644
1.08593
1.09516
1.10414
1.11289
1.12142
1.12974
1.13786
1.1458
1.15357
1.16117
1.16862
1.17592
1.18308
1.19012
1.19702
1.20381
1.21049
1.21706
1.22353
1.2299
1.23618
1.24237
1.24847
1.25449
1.26042
1.26627
1.27201
1.27761
1.28301
1.28804
1.2924
1.29543
0.14046
0.140379
0.140024
0.139357
0.138562
0.138104
0.13869
0.141184
0.146469
0.155318
0.16829
0.18566
0.207393
0.23316
0.262397
0.294377
0.328294
0.363346
0.398794
0.434012
0.468505
0.501914
0.534008
0.564661
0.593834
0.621544
0.647852
0.672839
0.696595
0.719213
0.740779
0.761375
0.781071
0.799934
0.818021
0.835386
0.852077
0.868137
0.883608
0.898527
0.912929
0.926847
0.940311
0.953348
0.965985
0.978245
0.990151
1.00172
1.01298
1.02393
1.03461
1.04502
1.05517
1.06509
1.07478
1.08426
1.09353
1.1026
1.11149
1.12021
1.12876
1.13714
1.14538
1.15347
1.16141
1.16923
1.17691
1.18447
1.1919
1.1992
1.20635
1.2133
1.21991
1.22589
1.23044
0.140353
0.140425
0.140482
0.140488
0.140391
0.140129
0.139669
0.139038
0.138337
0.13776
0.137582
0.138147
0.139845
0.143084
0.148257
0.155708
0.165704
0.178411
0.193878
0.212032
0.232687
0.25556
0.280295
0.306489
0.333728
0.361604
0.389745
0.417824
0.445573
0.472782
0.499297
0.525016
0.549882
0.573872
0.596987
0.619249
0.640691
0.66135
0.681268
0.700487
0.719046
0.736983
0.754331
0.771123
0.78739
0.803157
0.818452
0.833299
0.84772
0.861738
0.875372
0.888643
0.901568
0.914164
0.926448
0.938435
0.950138
0.961572
0.972747
0.983677
0.994372
1.00484
1.0151
1.02515
1.035
1.04466
1.05414
1.06344
1.07256
1.08152
1.0903
1.09888
1.10716
1.11491
1.12135
0.140114
0.14016
0.140206
0.140255
0.140304
0.140347
0.140366
0.140337
0.140231
0.140021
0.13969
0.139241
0.138703
0.138134
0.137626
0.137305
0.137324
0.137866
0.139131
0.141328
0.14467
0.149355
0.155564
0.16344
0.173087
0.184557
0.197849
0.212906
0.229622
0.247844
0.267382
0.288022
0.309537
0.331695
0.354273
0.377065
0.399885
0.422576
0.445006
0.467073
0.4887
0.509834
0.530442
0.550507
0.570025
0.589001
0.607448
0.625383
0.642824
0.659791
0.676305
0.692386
0.708051
0.723319
0.738207
0.75273
0.766903
0.78074
0.794254
0.807459
0.820366
0.832987
0.845332
0.857413
0.869239
0.880819
0.892162
0.903275
0.914166
0.924839
0.935296
0.94553
0.955509
0.965107
0.973838
0.139834
0.139862
0.13989
0.139919
0.139949
0.139982
0.140017
0.140055
0.140094
0.140126
0.140144
0.140134
0.140083
0.139975
0.139801
0.139551
0.139226
0.138837
0.138404
0.137962
0.137559
0.137258
0.137134
0.137276
0.137784
0.138767
0.140338
0.142615
0.145712
0.14974
0.154798
0.16097
0.168322
0.176899
0.186718
0.197772
0.210028
0.223426
0.237884
0.2533
0.269559
0.286534
0.304093
0.322104
0.340438
0.358975
0.377603
0.396225
0.414754
0.433121
0.451266
0.469145
0.486725
0.503981
0.5209
0.537472
0.553697
0.569575
0.585111
0.600314
0.61519
0.629749
0.644001
0.657954
0.671617
0.684998
0.698105
0.710945
0.723524
0.735848
0.74792
0.759743
0.771319
0.782678
0.79407
0.139527
0.139536
0.139542
0.139549
0.139556
0.139564
0.139574
0.139586
0.1396
0.139618
0.139639
0.139663
0.139688
0.139712
0.139731
0.13974
0.139733
0.139701
0.139638
0.139538
0.139395
0.139205
0.13897
0.138694
0.138385
0.138057
0.137731
0.137433
0.137194
0.137052
0.137054
0.137248
0.137689
0.138438
0.139557
0.141111
0.143166
0.145787
0.149036
0.152971
0.157645
0.163101
0.169373
0.176484
0.184444
0.193251
0.202889
0.213329
0.224533
0.236448
0.249015
0.262167
0.27583
0.289931
0.304391
0.319136
0.334092
0.34919
0.364366
0.379562
0.394725
0.40981
0.42478
0.4396
0.454246
0.468696
0.482933
0.496946
0.510725
0.524264
0.537558
0.550605
0.563406
0.576066
0.59029
0.139125
0.139098
0.139068
0.139034
0.138999
0.138966
0.138937
0.138911
0.138889
0.13887
0.138854
0.138842
0.138834
0.13883
0.138831
0.138837
0.138848
0.138863
0.13888
0.138897
0.138911
0.138919
0.138917
0.1389
0.138866
0.13881
0.13873
0.138622
0.138487
0.138324
0.138135
0.137924
0.137698
0.137466
0.137237
0.137027
0.136851
0.136729
0.136684
0.136739
0.136923
0.137265
0.137798
0.138555
0.139571
0.140884
0.142529
0.144544
0.146965
0.149825
0.153157
0.156989
0.161347
0.166251
0.171717
0.177754
0.184366
0.191551
0.199298
0.207594
0.216416
0.225737
0.235525
0.245745
0.256355
0.267313
0.278574
0.290093
0.301822
0.313717
0.325732
0.337824
0.349957
0.361973
0.37772
0.138647
0.13857
0.138489
0.138394
0.138289
0.138182
0.138079
0.137983
0.137897
0.137823
0.137759
0.137707
0.137665
0.137632
0.137607
0.137589
0.137579
0.137576
0.137578
0.137586
0.137599
0.137616
0.137635
0.137657
0.13768
0.137701
0.137721
0.137736
0.137744
0.137745
0.137735
0.137714
0.137679
0.13763
0.137564
0.137483
0.137384
0.13727
0.137141
0.136999
0.136848
0.136691
0.136533
0.13638
0.136239
0.136118
0.136027
0.135976
0.135975
0.136039
0.136179
0.13641
0.136749
0.137214
0.137822
0.138595
0.139551
0.140711
0.142097
0.143727
0.145621
0.147799
0.150279
0.153077
0.156208
0.159685
0.163519
0.167719
0.172288
0.177229
0.182542
0.188215
0.194292
0.200329
0.210077
0.138047
0.137881
0.13772
0.137564
0.137414
0.13727
0.137133
0.137004
0.136884
0.136774
0.136673
0.136582
0.136499
0.136426
0.136361
0.136304
0.136255
0.136213
0.136178
0.136149
0.136126
0.13611
0.136099
0.136097
0.136101
0.136112
0.136128
0.136147
0.136167
0.136188
0.136208
0.136226
0.136243
0.136256
0.136265
0.13627
0.136269
0.136263
0.13625
0.13623
0.136203
0.136168
0.136124
0.136073
0.136013
0.135945
0.135869
0.135786
0.135695
0.135598
0.135497
0.135396
0.135299
0.135209
0.135129
0.135062
0.135015
0.134996
0.135011
0.135064
0.135157
0.135296
0.135487
0.135738
0.136055
0.136448
0.136924
0.137493
0.138162
0.138942
0.139841
0.140864
0.142049
0.14323
0.145499
0.137413
0.137205
0.137002
0.136806
0.136617
0.136438
0.136269
0.136112
0.135966
0.135832
0.135709
0.135596
0.135494
0.135402
0.135319
0.135245
0.135178
0.135119
0.135066
0.135019
0.134978
0.134943
0.134912
0.134885
0.134863
0.134845
0.13483
0.134819
0.13481
0.134804
0.1348
0.134798
0.134797
0.134797
0.134798
0.1348
0.134802
0.134803
0.134805
0.134807
0.134809
0.13481
0.134812
0.134813
0.134813
0.134812
0.13481
0.134806
0.1348
0.134793
0.134783
0.134773
0.134761
0.13475
0.134741
0.134735
0.134733
0.134731
0.134729
0.134727
0.134725
0.134726
0.134728
0.134734
0.134745
0.134763
0.134788
0.134823
0.134869
0.134929
0.135005
0.135098
0.135217
0.135333
0.135597
0.136491
0.136229
0.135974
0.13573
0.135499
0.135283
0.135083
0.134899
0.134732
0.134581
0.134445
0.134323
0.134215
0.134119
0.134034
0.133959
0.133892
0.133834
0.133783
0.133738
0.133699
0.133665
0.133635
0.13361
0.133588
0.133569
0.133553
0.13354
0.133529
0.13352
0.133513
0.133508
0.133505
0.133503
0.133502
0.133502
0.133502
0.133505
0.133511
0.133523
0.133542
0.133569
0.133602
0.133637
0.133673
0.133709
0.133744
0.133777
0.133809
0.133839
0.133867
0.133895
0.133921
0.133947
0.133973
0.133999
0.134025
0.134051
0.134077
0.134102
0.134128
0.134153
0.134179
0.134204
0.134229
0.134255
0.134281
0.134307
0.134334
0.134361
0.13439
0.13442
0.134453
0.13448
0.134537
0.135493
0.135123
0.134768
0.134432
0.13412
0.133834
0.133575
0.133344
0.133138
0.132958
0.1328
0.132663
0.132545
0.132444
0.132359
0.132286
0.132225
0.132175
0.132135
0.132102
0.132076
0.132057
0.132042
0.132032
0.132025
0.132021
0.132021
0.132022
0.132026
0.132031
0.132038
0.132046
0.132056
0.132066
0.132077
0.132095
0.132121
0.132153
0.132188
0.132226
0.132265
0.132306
0.132348
0.132391
0.132433
0.132476
0.132518
0.13256
0.1326
0.13264
0.132678
0.132715
0.132751
0.132786
0.132821
0.132854
0.132887
0.132919
0.132951
0.132983
0.133015
0.133046
0.133078
0.13311
0.133142
0.133174
0.133206
0.133239
0.133271
0.133304
0.133336
0.133369
0.133403
0.13343
0.133481
0.133953
0.133446
0.132965
0.132522
0.132122
0.131768
0.13146
0.131195
0.130974
0.130803
0.130689
0.130621
0.130586
0.130572
0.130571
0.130577
0.130589
0.130603
0.130618
0.130635
0.130652
0.130669
0.130687
0.130704
0.130721
0.130739
0.130756
0.130773
0.13079
0.130808
0.130825
0.130843
0.130861
0.13088
0.130898
0.130918
0.130938
0.13096
0.130983
0.131007
0.131033
0.13106
0.131088
0.131117
0.131146
0.131177
0.131207
0.131238
0.131269
0.131299
0.13133
0.13136
0.131389
0.131419
0.131448
0.131477
0.131505
0.131533
0.131562
0.13159
0.131619
0.131647
0.131676
0.131705
0.131735
0.131765
0.131795
0.131826
0.131858
0.13189
0.131922
0.131955
0.131989
0.132017
0.13207
0.131534
0.130664
0.129873
0.129179
0.128588
0.128097
0.127698
0.12738
0.127133
0.126944
0.126806
0.126709
0.126649
0.126617
0.12661
0.126622
0.12665
0.126698
0.12678
0.126881
0.126992
0.127104
0.127215
0.127324
0.127428
0.127528
0.127624
0.127716
0.127804
0.127889
0.12797
0.128047
0.128123
0.128195
0.128266
0.128334
0.1284
0.128464
0.128527
0.128588
0.128648
0.128707
0.128764
0.128821
0.128876
0.128931
0.128985
0.129038
0.12909
0.129141
0.129192
0.129242
0.129292
0.129341
0.12939
0.129438
0.129486
0.129535
0.129583
0.129632
0.129681
0.129731
0.129781
0.129832
0.129884
0.129938
0.129992
0.130047
0.130104
0.130162
0.130221
0.130281
0.130345
0.130401
0.130501
0.127346
0.125821
0.12454
0.123527
0.122747
0.122272
0.1221
0.122086
0.122145
0.122239
0.122348
0.122463
0.12258
0.122697
0.122812
0.122925
0.123036
0.123144
0.123252
0.123359
0.123466
0.123574
0.123682
0.123789
0.123896
0.124002
0.124108
0.124213
0.124317
0.124422
0.124525
0.124629
0.124732
0.124835
0.124938
0.125042
0.125146
0.12525
0.125355
0.125461
0.125567
0.125674
0.125781
0.125889
0.125998
0.126107
0.126217
0.126328
0.12644
0.126553
0.126667
0.126781
0.126897
0.127014
0.127132
0.127252
0.127373
0.127496
0.127621
0.127748
0.127878
0.12801
0.128144
0.128281
0.128422
0.128565
0.128711
0.128861
0.129014
0.12917
0.129331
0.129494
0.129665
0.129819
0.130087
0.116697
0.113196
0.110841
0.109552
0.109277
0.109448
0.109806
0.110247
0.110725
0.111215
0.111705
0.112186
0.112656
0.113112
0.113553
0.113979
0.114392
0.114791
0.115178
0.115554
0.11592
0.116276
0.116624
0.116965
0.117299
0.117627
0.117951
0.118269
0.118584
0.118896
0.119204
0.11951
0.119815
0.120118
0.120419
0.120721
0.121021
0.121322
0.121623
0.121925
0.122228
0.122531
0.122835
0.123141
0.123448
0.123756
0.124066
0.124378
0.124692
0.125007
0.125325
0.125645
0.125967
0.126293
0.126621
0.126952
0.127287
0.127626
0.127968
0.128315
0.128666
0.129021
0.129382
0.129748
0.130119
0.130496
0.130878
0.131266
0.13166
0.13206
0.132466
0.132878
0.133303
0.133692
0.134343
0.0636145
0.0651587
0.0676218
0.0705273
0.0736254
0.0767589
0.0798339
0.0827953
0.0856099
0.0882599
0.0907389
0.0930487
0.095196
0.0971904
0.0990429
0.100765
0.102368
0.103863
0.10526
0.106568
0.107798
0.108956
0.11005
0.111088
0.112074
0.113015
0.113915
0.11478
0.115613
0.116419
0.117201
0.117962
0.118705
0.119433
0.120147
0.120852
0.121548
0.122237
0.122921
0.123601
0.124279
0.124955
0.125632
0.126309
0.126987
0.127667
0.128349
0.129035
0.129724
0.130418
0.131116
0.131819
0.132527
0.133242
0.133962
0.13469
0.135424
0.136165
0.136914
0.137671
0.138437
0.13921
0.139992
0.140782
0.141581
0.142388
0.143203
0.144025
0.144856
0.145694
0.146539
0.14739
0.148261
0.149065
0.150369
0.0494121
0.0487187
0.0511448
0.0547384
0.0586677
0.0625718
0.0663162
0.0698704
0.0732372
0.0764275
0.0794548
0.0823337
0.0850783
0.0877017
0.0902159
0.0926319
0.0949595
0.0972081
0.0993857
0.1015
0.103558
0.105565
0.107527
0.109449
0.111335
0.113188
0.115014
0.116814
0.118591
0.120349
0.12209
0.123815
0.125527
0.127228
0.12892
0.130603
0.132278
0.133947
0.13561
0.137268
0.13892
0.140567
0.142209
0.143845
0.145476
0.147101
0.148721
0.150334
0.151942
0.153543
0.155138
0.156728
0.158311
0.159889
0.16146
0.163027
0.164592
0.166155
0.167716
0.169274
0.170828
0.172377
0.17392
0.175457
0.176987
0.178508
0.180021
0.181523
0.183014
0.184495
0.185963
0.187416
0.188866
0.190219
0.192232
0.132241
0.13362
0.135472
0.137593
0.139914
0.142373
0.144901
0.147439
0.149951
0.152407
0.154789
0.157085
0.15929
0.161401
0.163421
0.165354
0.167206
0.168983
0.170692
0.17234
0.173935
0.175482
0.176987
0.178455
0.179891
0.181299
0.182681
0.184042
0.185383
0.186707
0.188015
0.18931
0.190591
0.191861
0.19312
0.194369
0.195607
0.196836
0.198055
0.199263
0.20046
0.201647
0.202821
0.203981
0.205126
0.206256
0.20737
0.208468
0.209551
0.210618
0.211669
0.212704
0.213725
0.214729
0.21572
0.216694
0.217651
0.218589
0.219511
0.220415
0.221303
0.222175
0.223031
0.223872
0.224699
0.22551
0.226308
0.227091
0.22786
0.228615
0.229357
0.230085
0.230804
0.231473
0.232447
0.146267
0.146484
0.147043
0.147809
0.148731
0.14978
0.150939
0.152194
0.153534
0.154949
0.156428
0.157962
0.159543
0.161161
0.162807
0.164476
0.166158
0.167849
0.169541
0.17123
0.17291
0.174577
0.176228
0.177859
0.179467
0.18105
0.182606
0.184133
0.18563
0.187096
0.18853
0.189931
0.191301
0.192638
0.193943
0.195217
0.196458
0.197668
0.198848
0.199996
0.201115
0.202204
0.203264
0.204291
0.205287
0.206253
0.207188
0.208094
0.208972
0.209823
0.210646
0.211445
0.212218
0.212967
0.213694
0.214398
0.215081
0.215744
0.216387
0.21701
0.217616
0.218205
0.218776
0.219332
0.219873
0.220399
0.220911
0.22141
0.221897
0.222372
0.222835
0.223288
0.223734
0.224141
0.224768
0.142207
0.143475
0.144625
0.145678
0.146651
0.147558
0.148408
0.149209
0.14997
0.150697
0.151395
0.152068
0.152722
0.153358
0.15398
0.154589
0.155188
0.155776
0.156356
0.156928
0.157492
0.15805
0.158601
0.159146
0.159684
0.160217
0.160743
0.161261
0.161749
0.162275
0.162814
0.163374
0.163951
0.164541
0.165142
0.165753
0.166371
0.166994
0.167623
0.168254
0.168888
0.169522
0.170158
0.170799
0.171445
0.172096
0.172751
0.173409
0.174067
0.174726
0.175385
0.176042
0.176697
0.177349
0.177997
0.178641
0.17928
0.179914
0.180542
0.181164
0.181779
0.182388
0.18299
0.183584
0.184172
0.184753
0.185326
0.185893
0.186452
0.187004
0.187549
0.188086
0.188624
0.189109
0.189885
0.137799
0.138707
0.139663
0.14065
0.141653
0.142659
0.14366
0.144648
0.14562
0.146572
0.147502
0.148409
0.149292
0.150151
0.150987
0.151801
0.152591
0.15336
0.154108
0.154836
0.155545
0.156236
0.156909
0.157566
0.158208
0.158834
0.159447
0.160047
0.160634
0.16121
0.161776
0.162332
0.162881
0.163421
0.163955
0.164483
0.165004
0.16552
0.16603
0.166536
0.167035
0.16753
0.168019
0.168502
0.168976
0.169444
0.169903
0.170356
0.170802
0.171242
0.171675
0.172102
0.172523
0.172939
0.17335
0.173755
0.174155
0.174551
0.174942
0.175329
0.175711
0.17609
0.176464
0.176835
0.177202
0.177565
0.177925
0.178282
0.178635
0.178986
0.179333
0.179676
0.180021
0.180334
0.180836
0.137806
0.137971
0.138201
0.138496
0.138851
0.13926
0.139715
0.140212
0.140743
0.141304
0.141889
0.142493
0.143113
0.143745
0.144385
0.145032
0.145683
0.146335
0.146988
0.147638
0.148285
0.148927
0.149564
0.150195
0.150818
0.151434
0.152042
0.152641
0.153231
0.153812
0.154384
0.154947
0.155501
0.156046
0.156582
0.15711
0.157628
0.158138
0.158638
0.15913
0.159614
0.16009
0.160558
0.161018
0.161471
0.161915
0.162352
0.162782
0.163204
0.163619
0.164026
0.164426
0.16482
0.165206
0.165586
0.16596
0.166327
0.166688
0.167044
0.167394
0.167739
0.168079
0.168415
0.168745
0.169072
0.169395
0.169714
0.170029
0.170341
0.17065
0.170955
0.171257
0.171561
0.171835
0.172278
0.13845
0.138578
0.138706
0.138841
0.138986
0.139143
0.139316
0.139504
0.13971
0.139932
0.14017
0.140425
0.140693
0.140976
0.141271
0.141578
0.141895
0.142221
0.142555
0.142896
0.143243
0.143594
0.14395
0.144309
0.14467
0.145033
0.145396
0.14576
0.146124
0.146487
0.14685
0.147211
0.147571
0.14793
0.148287
0.148643
0.148997
0.14935
0.149702
0.150052
0.1504
0.150746
0.15109
0.151433
0.151773
0.15211
0.152445
0.152778
0.153108
0.153435
0.153759
0.154081
0.154399
0.154715
0.155028
0.155337
0.155644
0.155948
0.15625
0.156548
0.156844
0.157138
0.157429
0.157718
0.158005
0.15829
0.158573
0.158855
0.159134
0.159412
0.159688
0.159963
0.160239
0.160491
0.160897
0.13882
0.138932
0.139046
0.139162
0.139281
0.139403
0.139528
0.139655
0.139786
0.139921
0.14006
0.140203
0.140352
0.140505
0.140663
0.140826
0.140994
0.141167
0.141344
0.141525
0.14171
0.141899
0.142091
0.142286
0.142483
0.142683
0.142885
0.143088
0.143294
0.143501
0.14371
0.14392
0.144132
0.144344
0.144558
0.144773
0.144988
0.145205
0.145422
0.14564
0.145859
0.146078
0.146298
0.146518
0.146738
0.146959
0.147179
0.1474
0.14762
0.14784
0.14806
0.148279
0.148497
0.148715
0.148932
0.149148
0.149364
0.149579
0.149793
0.150006
0.150218
0.150429
0.150639
0.150848
0.151055
0.151262
0.151467
0.151672
0.151875
0.152077
0.152278
0.152478
0.152679
0.152863
0.153159
0.139026
0.139164
0.1393
0.139436
0.139572
0.139709
0.139845
0.13998
0.140116
0.140251
0.140386
0.140522
0.140657
0.140794
0.140931
0.141068
0.141207
0.141348
0.141489
0.141631
0.141775
0.141919
0.142065
0.142211
0.142358
0.142505
0.142653
0.1428
0.142948
0.143096
0.143244
0.143393
0.143541
0.14369
0.143839
0.143988
0.144138
0.144288
0.144439
0.14459
0.144742
0.144894
0.145046
0.145198
0.145351
0.145503
0.145655
0.145807
0.145958
0.146108
0.146257
0.146406
0.146552
0.146697
0.146841
0.146982
0.147122
0.147259
0.147394
0.147526
0.147656
0.147785
0.147911
0.148036
0.148159
0.148282
0.148406
0.14853
0.148657
0.148788
0.148925
0.149068
0.149224
0.149374
0.149656
0.139148
0.13926
0.139374
0.139493
0.139615
0.139741
0.139868
0.139997
0.140127
0.140258
0.140389
0.14052
0.140651
0.140782
0.140913
0.141045
0.141178
0.14131
0.141444
0.141577
0.141711
0.141846
0.14198
0.142115
0.142249
0.142383
0.142517
0.14265
0.142783
0.142916
0.143048
0.14318
0.143311
0.143442
0.143573
0.143703
0.143833
0.143961
0.144089
0.144216
0.144341
0.144464
0.144585
0.144703
0.144818
0.14493
0.145038
0.145142
0.145241
0.145336
0.145427
0.145515
0.145599
0.14568
0.145761
0.145841
0.145925
0.146013
0.146109
0.146216
0.14634
0.146483
0.146654
0.146856
0.147099
0.147389
0.147734
0.148146
0.148633
0.149206
0.149877
0.150655
0.151575
0.152503
0.154369
0.13952
0.13962
0.139721
0.139826
0.139935
0.140046
0.14016
0.140276
0.140393
0.140511
0.140629
0.140748
0.140868
0.140988
0.141109
0.14123
0.141353
0.141476
0.141599
0.141724
0.141849
0.141975
0.142101
0.142227
0.142352
0.142477
0.142602
0.142725
0.142847
0.142967
0.143084
0.143198
0.143309
0.143415
0.143517
0.143613
0.143703
0.143786
0.143863
0.143934
0.143998
0.144058
0.144113
0.144166
0.14422
0.144279
0.144347
0.144429
0.144533
0.144666
0.144838
0.14506
0.145344
0.145703
0.146154
0.146713
0.147398
0.14823
0.149229
0.150418
0.151821
0.153461
0.155362
0.157551
0.160049
0.162882
0.166072
0.169638
0.1736
0.177973
0.18277
0.187992
0.193705
0.199427
0.209047
0.139777
0.139882
0.139986
0.140092
0.1402
0.140311
0.140424
0.140537
0.140652
0.140767
0.140882
0.140997
0.141113
0.141229
0.141346
0.141463
0.14158
0.141698
0.141817
0.141935
0.142053
0.142169
0.142283
0.142393
0.142498
0.142596
0.142686
0.142767
0.142838
0.142899
0.142949
0.142991
0.143025
0.143057
0.14309
0.143132
0.143191
0.143278
0.143407
0.143593
0.143855
0.144214
0.144693
0.145318
0.14612
0.14713
0.148381
0.149909
0.151751
0.153945
0.156531
0.159544
0.163024
0.167004
0.171517
0.176591
0.182251
0.188515
0.195396
0.202901
0.21103
0.219777
0.229126
0.239058
0.249545
0.260555
0.272049
0.283985
0.296317
0.308994
0.321966
0.33518
0.348591
0.361971
0.37979
0.140165
0.140268
0.140371
0.140477
0.140587
0.1407
0.140815
0.140931
0.141049
0.141167
0.141285
0.141402
0.14152
0.141636
0.14175
0.14186
0.141965
0.142062
0.142148
0.142222
0.142281
0.142325
0.142355
0.142373
0.142386
0.142403
0.142436
0.142502
0.142624
0.142826
0.143142
0.143607
0.144262
0.145154
0.146333
0.147854
0.149773
0.152149
0.155042
0.158509
0.162608
0.167389
0.1729
0.179179
0.186258
0.194156
0.202885
0.212443
0.222818
0.233987
0.245915
0.258558
0.271864
0.285774
0.300222
0.31514
0.330458
0.346102
0.362005
0.378098
0.394316
0.410602
0.4269
0.443163
0.459347
0.475417
0.491341
0.507093
0.522652
0.537999
0.553121
0.568004
0.582644
0.597141
0.61329
0.1405
0.140612
0.140723
0.140835
0.14095
0.141068
0.141188
0.141309
0.14143
0.141551
0.141665
0.141769
0.141855
0.14192
0.141961
0.14198
0.141987
0.141996
0.142032
0.142131
0.142336
0.142703
0.143299
0.144197
0.145483
0.147247
0.149584
0.152591
0.156364
0.160995
0.166565
0.173148
0.180799
0.189559
0.199447
0.210465
0.22259
0.235782
0.249981
0.265111
0.281082
0.297793
0.315136
0.333
0.351276
0.369853
0.38863
0.407512
0.426415
0.445262
0.46399
0.482546
0.500887
0.51898
0.536801
0.554334
0.571568
0.588499
0.605126
0.621452
0.637481
0.65322
0.668675
0.683854
0.698762
0.713407
0.727794
0.741927
0.755811
0.769449
0.78284
0.795983
0.808868
0.821491
0.833912
0.140885
0.141013
0.141136
0.141259
0.141383
0.141507
0.141633
0.141738
0.141807
0.141842
0.141863
0.141915
0.142072
0.142433
0.143126
0.144298
0.146116
0.148755
0.152393
0.1572
0.163331
0.170917
0.180056
0.190808
0.203192
0.217182
0.232712
0.249677
0.26794
0.287339
0.307693
0.328814
0.350511
0.372599
0.394905
0.417272
0.439562
0.46166
0.483471
0.504922
0.525959
0.546547
0.566664
0.5863
0.605458
0.624145
0.642375
0.660163
0.677528
0.694488
0.711062
0.727267
0.74312
0.758635
0.773827
0.788707
0.803287
0.817579
0.831592
0.845335
0.858816
0.872046
0.88503
0.897777
0.910293
0.922586
0.93466
0.946522
0.958175
0.969621
0.980858
0.991871
1.0026
1.01287
1.02197
0.14119
0.141335
0.141482
0.141665
0.141807
0.141921
0.142126
0.142673
0.143895
0.146181
0.149936
0.155546
0.16334
0.173561
0.186352
0.201741
0.219652
0.239907
0.262245
0.286348
0.311857
0.3384
0.365613
0.393152
0.420714
0.448039
0.474918
0.50119
0.526741
0.551499
0.575428
0.59852
0.620785
0.642253
0.662961
0.682951
0.702268
0.720954
0.73905
0.756595
0.773623
0.790164
0.806247
0.821895
0.837133
0.851979
0.866454
0.880575
0.894359
0.907822
0.920979
0.933845
0.946431
0.958752
0.970819
0.982642
0.994234
1.0056
1.01676
1.0277
1.03846
1.04902
1.05939
1.06959
1.07962
1.08948
1.09918
1.10872
1.11811
1.12733
1.13639
1.14523
1.15376
1.16165
1.16802
0.141779
0.142182
0.142817
0.144494
0.148535
0.156208
0.168439
0.185681
0.207903
0.23466
0.26522
0.29868
0.334089
0.370534
0.407209
0.443447
0.478737
0.51272
0.545171
0.575979
0.605122
0.632641
0.658623
0.683174
0.706416
0.728466
0.749438
0.769432
0.78854
0.80684
0.824399
0.841276
0.857521
0.873179
0.888291
0.902892
0.917015
0.930692
0.94395
0.956815
0.969312
0.981463
0.993289
1.00481
1.01604
1.027
1.0377
1.04815
1.05837
1.06838
1.07817
1.08776
1.09716
1.10638
1.11543
1.12432
1.13304
1.14162
1.15004
1.15833
1.16649
1.17452
1.18243
1.19021
1.19789
1.20545
1.2129
1.22024
1.22748
1.23459
1.24155
1.24831
1.25471
1.26041
1.2646
0.148451
0.162234
0.18864
0.227491
0.275847
0.329834
0.385844
0.441079
0.493661
0.542522
0.587215
0.627723
0.664291
0.697306
0.727205
0.75442
0.779344
0.802316
0.82362
0.843486
0.862102
0.879615
0.89615
0.911808
0.926674
0.940824
0.954322
0.967226
0.979588
0.991455
1.00287
1.01386
1.02447
1.03472
1.04464
1.05426
1.06359
1.07265
1.08146
1.09003
1.09839
1.10654
1.1145
1.12227
1.12987
1.13731
1.14459
1.15173
1.15873
1.1656
1.17235
1.17898
1.1855
1.19191
1.19822
1.20443
1.21056
1.21659
1.22254
1.22841
1.2342
1.23992
1.24556
1.25114
1.25665
1.2621
1.26748
1.27279
1.27802
1.28316
1.28817
1.29297
1.2974
1.30117
1.30369
0.293705
0.402852
0.504241
0.59102
0.662223
0.719688
0.766048
0.803829
0.835129
0.861573
0.884361
0.904354
0.922162
0.938218
0.952838
0.966255
0.978653
0.990176
1.00094
1.01105
1.02059
1.02961
1.03819
1.04636
1.05417
1.06165
1.06882
1.07573
1.08238
1.08881
1.09502
1.10104
1.10688
1.11256
1.11808
1.12345
1.1287
1.13381
1.13882
1.14371
1.1485
1.1532
1.1578
1.16232
1.16677
1.17113
1.17543
1.17966
1.18383
1.18794
1.19199
1.19599
1.19994
1.20384
1.2077
1.21152
1.21529
1.21903
1.22273
1.2264
1.23003
1.23363
1.2372
1.24075
1.24426
1.24774
1.25119
1.25459
1.25795
1.26123
1.26439
1.26737
1.27004
1.27218
1.27345
0.805913
0.88797
0.933551
0.960425
0.977795
0.990169
0.999727
1.00755
1.01419
1.01999
1.02515
1.02981
1.03408
1.03803
1.0417
1.04515
1.04841
1.05148
1.05441
1.05721
1.05989
1.06246
1.06494
1.06733
1.06965
1.07189
1.07408
1.0762
1.07828
1.0803
1.08228
1.08422
1.08613
1.08799
1.08983
1.09163
1.09341
1.09517
1.0969
1.0986
1.10029
1.10196
1.10362
1.10525
1.10688
1.10848
1.11008
1.11167
1.11324
1.11481
1.11637
1.11792
1.11946
1.12099
1.12253
1.12405
1.12557
1.12709
1.12861
1.13012
1.13163
1.13313
1.13464
1.13614
1.13764
1.13913
1.14062
1.14209
1.14353
1.14493
1.14627
1.14748
1.14852
1.14928
1.14965
0.105361
0.103793
0.103026
0.102368
0.101729
0.101096
0.100467
0.0998413
0.0992178
0.0985959
0.0979748
0.0973537
0.0967317
0.0961079
0.095481
0.0948497
0.0942086
0.0935534
0.0928891
0.0922176
0.0915401
0.090858
0.0901725
0.089485
0.0887967
0.0881091
0.0874234
0.0867407
0.0860621
0.0853885
0.0847206
0.0840583
0.0834
0.0826419
0.081882
0.0811247
0.080368
0.0796135
0.0788632
0.0781192
0.0773837
0.0766586
0.0759457
0.0752464
0.074561
0.0738887
0.0732262
0.0725332
0.0716597
0.0707918
0.0699484
0.0691266
0.0683299
0.0675617
0.0668248
0.0661202
0.0654461
0.0647973
0.0641642
0.0633814
0.0623812
0.0614291
0.0605725
0.059797
0.0590879
0.0584235
0.0577773
0.0564669
0.0553144
0.054117
0.140675
0.140899
0.141138
0.141361
0.141565
0.141751
0.141919
0.142069
0.142202
0.142317
0.142415
0.142494
0.142555
0.142594
0.142609
0.142593
0.142538
0.142431
0.142278
0.142109
0.141925
0.141731
0.141529
0.141325
0.141125
0.140937
0.140785
0.140662
0.14055
0.140443
0.140336
0.140228
0.140118
0.139981
0.139842
0.139699
0.139551
0.139399
0.139242
0.139083
0.138921
0.138757
0.138592
0.138427
0.138262
0.138097
0.137931
0.137752
0.13751
0.137268
0.137027
0.136789
0.136552
0.136321
0.136096
0.135878
0.13567
0.135469
0.135273
0.135017
0.134674
0.134349
0.134058
0.133798
0.13357
0.133368
0.133181
0.13272
0.132357
0.131932
0.137701
0.137893
0.138084
0.138277
0.138473
0.138672
0.138873
0.139076
0.139281
0.139488
0.139696
0.139905
0.140116
0.140328
0.14054
0.140753
0.140965
0.141177
0.141388
0.141597
0.141802
0.142005
0.142204
0.142398
0.142588
0.142774
0.142955
0.143132
0.143305
0.143474
0.143639
0.1438
0.143958
0.144123
0.144291
0.144455
0.144614
0.144769
0.144918
0.145061
0.145199
0.14533
0.145454
0.145572
0.145683
0.145789
0.145891
0.145993
0.146104
0.146217
0.14632
0.146413
0.146496
0.146566
0.146624
0.146668
0.1467
0.146719
0.146731
0.146738
0.146731
0.146715
0.146692
0.146666
0.146639
0.146616
0.146601
0.146575
0.146549
0.146508
0.13426
0.134307
0.134357
0.134409
0.134463
0.134518
0.134575
0.134635
0.134696
0.134759
0.134824
0.134892
0.134962
0.135034
0.135108
0.135185
0.135266
0.135349
0.135435
0.135525
0.135618
0.135713
0.135812
0.135913
0.136015
0.13612
0.136227
0.136335
0.136444
0.136554
0.136664
0.136775
0.136887
0.137007
0.137133
0.13726
0.137388
0.137517
0.137646
0.137775
0.137904
0.138032
0.138159
0.138284
0.138408
0.13853
0.138651
0.138775
0.138917
0.139067
0.139213
0.139356
0.139495
0.139628
0.139757
0.139879
0.139996
0.140108
0.140217
0.140339
0.140487
0.140633
0.140763
0.140878
0.140977
0.141066
0.14115
0.141281
0.141391
0.141485
0.138311
0.138279
0.138248
0.138217
0.138186
0.138156
0.138126
0.138097
0.138067
0.138037
0.138008
0.137978
0.137947
0.137916
0.137884
0.137851
0.137818
0.137785
0.137751
0.137717
0.137683
0.137649
0.137616
0.137583
0.13755
0.137518
0.137488
0.137457
0.137428
0.1374
0.137373
0.137346
0.13732
0.137293
0.137267
0.137242
0.137218
0.137196
0.137175
0.137155
0.137137
0.13712
0.137105
0.137091
0.137078
0.137067
0.137058
0.13705
0.137045
0.137041
0.137039
0.137039
0.13704
0.137043
0.137048
0.137053
0.13706
0.137068
0.137078
0.137092
0.137113
0.137136
0.137158
0.137178
0.137198
0.137217
0.137238
0.137277
0.137316
0.137357
0.137185
0.137226
0.137266
0.137305
0.137343
0.13738
0.137417
0.137452
0.137487
0.137522
0.137556
0.137589
0.137621
0.137652
0.137682
0.137711
0.13774
0.137766
0.137792
0.137817
0.13784
0.137862
0.137882
0.137902
0.13792
0.137937
0.137952
0.137967
0.13798
0.137991
0.138002
0.138011
0.138019
0.138026
0.138032
0.138036
0.13804
0.138042
0.138043
0.138042
0.138041
0.138039
0.138036
0.138032
0.138027
0.138021
0.138015
0.138008
0.138
0.13799
0.137979
0.137969
0.137957
0.137945
0.137934
0.137921
0.13791
0.137898
0.137886
0.137874
0.137859
0.137843
0.137829
0.137814
0.137801
0.137789
0.137779
0.137765
0.137755
0.13775
0.138799
0.13879
0.138781
0.138774
0.138766
0.138759
0.138753
0.138746
0.138741
0.138735
0.13873
0.138724
0.138719
0.138714
0.138708
0.138703
0.138697
0.13869
0.138683
0.138676
0.138669
0.138661
0.138654
0.138645
0.138637
0.138629
0.13862
0.138611
0.138602
0.138594
0.138585
0.138576
0.138567
0.138559
0.13855
0.138541
0.138533
0.138525
0.138518
0.138511
0.138504
0.138498
0.138492
0.138487
0.138482
0.138477
0.138473
0.138468
0.138464
0.138459
0.138455
0.138451
0.138446
0.138442
0.138438
0.138434
0.13843
0.138426
0.138423
0.138418
0.138412
0.138406
0.1384
0.138394
0.138389
0.138386
0.138384
0.138381
0.138383
0.138384
0.138066
0.138081
0.138097
0.138113
0.138128
0.138144
0.138159
0.138174
0.138189
0.138204
0.138219
0.138234
0.138248
0.138262
0.138276
0.13829
0.138303
0.138316
0.138329
0.138341
0.138353
0.138364
0.138375
0.138386
0.138397
0.138407
0.138417
0.138427
0.138436
0.138446
0.138455
0.138464
0.138473
0.138482
0.138491
0.138501
0.13851
0.138519
0.138528
0.138537
0.138546
0.138555
0.138563
0.138572
0.138581
0.138589
0.138598
0.138607
0.138615
0.138625
0.138633
0.138642
0.138651
0.138659
0.138667
0.138675
0.138683
0.138691
0.138698
0.138705
0.138712
0.138719
0.138726
0.138733
0.138739
0.138745
0.138751
0.138756
0.138761
0.138764
0.139181
0.139163
0.139147
0.139131
0.139117
0.139104
0.139091
0.139079
0.139067
0.139056
0.139045
0.139034
0.139024
0.139013
0.139003
0.138993
0.138983
0.138973
0.138964
0.138954
0.138944
0.138935
0.138925
0.138916
0.138907
0.138899
0.138891
0.138883
0.138875
0.138868
0.138861
0.138855
0.138849
0.138844
0.138839
0.138834
0.13883
0.138827
0.138824
0.138822
0.13882
0.138819
0.138819
0.138819
0.13882
0.138821
0.138823
0.138825
0.138827
0.138829
0.138833
0.138836
0.13884
0.138844
0.138849
0.138854
0.138859
0.138864
0.13887
0.138875
0.13888
0.138886
0.138892
0.138899
0.138906
0.138915
0.138925
0.138936
0.138947
0.138954
0.139377
0.139368
0.13936
0.139353
0.139348
0.139342
0.139337
0.139332
0.139328
0.139323
0.139319
0.139315
0.139311
0.139307
0.139303
0.139298
0.139294
0.139289
0.139284
0.139279
0.139274
0.139269
0.139264
0.139259
0.139254
0.139248
0.139243
0.139238
0.139233
0.139228
0.139224
0.139219
0.139215
0.139211
0.139208
0.139204
0.1392
0.139197
0.139194
0.139191
0.139187
0.139184
0.139181
0.139179
0.139176
0.139173
0.139171
0.139168
0.139166
0.139163
0.13916
0.139157
0.139153
0.13915
0.139146
0.139142
0.139138
0.139134
0.13913
0.139126
0.139122
0.139116
0.139111
0.139106
0.1391
0.139096
0.139093
0.139091
0.13909
0.139091
0.139804
0.139792
0.139782
0.139772
0.139764
0.139756
0.139748
0.13974
0.139733
0.139726
0.139718
0.139711
0.139703
0.139696
0.139688
0.13968
0.139672
0.139664
0.139655
0.139647
0.139638
0.139629
0.139621
0.139612
0.139603
0.139594
0.139585
0.139576
0.139567
0.139559
0.13955
0.139542
0.139534
0.139526
0.139519
0.139511
0.139504
0.139497
0.13949
0.139484
0.139478
0.139472
0.139466
0.139461
0.139456
0.139452
0.139448
0.139444
0.13944
0.139437
0.139434
0.139431
0.139429
0.139427
0.139425
0.139425
0.139426
0.139427
0.13943
0.139432
0.139435
0.139438
0.139443
0.139449
0.139454
0.139458
0.139461
0.139462
0.139466
0.139469
0.140131
0.140125
0.14012
0.140116
0.140113
0.14011
0.140107
0.140104
0.1401
0.140096
0.140092
0.140088
0.140083
0.140077
0.140072
0.140066
0.140059
0.140052
0.140045
0.140037
0.14003
0.140021
0.140013
0.140004
0.139995
0.139985
0.139976
0.139966
0.139956
0.139946
0.139935
0.139925
0.139915
0.139905
0.139894
0.139884
0.139873
0.139863
0.139852
0.139841
0.139831
0.13982
0.13981
0.1398
0.13979
0.13978
0.139772
0.139763
0.139755
0.139747
0.139739
0.139732
0.139725
0.139718
0.139712
0.139706
0.139701
0.139698
0.139695
0.139694
0.139692
0.139692
0.139693
0.139695
0.1397
0.139704
0.139709
0.139713
0.139718
0.139722
0.140562
0.140555
0.140548
0.140542
0.140537
0.140532
0.140527
0.140522
0.140516
0.14051
0.140503
0.140496
0.140488
0.140479
0.14047
0.140461
0.140452
0.140441
0.140431
0.14042
0.140409
0.140398
0.140386
0.140374
0.140362
0.140349
0.140337
0.140324
0.140311
0.140299
0.140286
0.140273
0.140261
0.140249
0.140236
0.140224
0.140212
0.1402
0.140188
0.140177
0.140165
0.140155
0.140144
0.140134
0.140125
0.140117
0.140109
0.140102
0.140095
0.140089
0.140084
0.140079
0.140075
0.140073
0.140073
0.140074
0.140077
0.14008
0.140083
0.140085
0.140087
0.140091
0.140094
0.140097
0.1401
0.140103
0.140104
0.140104
0.140108
0.14011
0.141065
0.141056
0.141047
0.141038
0.14103
0.141022
0.141014
0.141005
0.140996
0.140986
0.140976
0.140965
0.140954
0.140942
0.140929
0.140916
0.140902
0.140888
0.140874
0.140859
0.140844
0.140828
0.140813
0.140797
0.140781
0.140765
0.140748
0.140732
0.140715
0.140698
0.140682
0.140666
0.14065
0.140634
0.140618
0.140603
0.140587
0.140572
0.140557
0.140543
0.140529
0.140515
0.140502
0.14049
0.140479
0.140468
0.140459
0.14045
0.140442
0.140434
0.140428
0.140422
0.140417
0.140414
0.140413
0.140413
0.140415
0.140417
0.140419
0.14042
0.140422
0.140424
0.140427
0.140429
0.140432
0.140433
0.140435
0.140435
0.140437
0.14044
0.141521
0.141508
0.141495
0.141482
0.141469
0.141456
0.141443
0.141429
0.141415
0.141401
0.141386
0.141371
0.141354
0.141338
0.141321
0.141303
0.141286
0.141268
0.141249
0.141231
0.141212
0.141193
0.141174
0.141155
0.141135
0.141116
0.141097
0.141078
0.141059
0.14104
0.141022
0.141004
0.140986
0.140969
0.140952
0.140936
0.14092
0.140904
0.140889
0.140875
0.140862
0.140849
0.140837
0.140826
0.140816
0.140807
0.1408
0.140793
0.140787
0.140783
0.140779
0.140778
0.140778
0.14078
0.140782
0.140784
0.140787
0.140789
0.140792
0.140794
0.140796
0.140799
0.140802
0.140805
0.140807
0.140809
0.14081
0.140811
0.140813
0.140817
0.141918
0.1419
0.141882
0.141864
0.141846
0.141827
0.141808
0.141789
0.141769
0.141749
0.141729
0.141708
0.141687
0.141665
0.141643
0.141621
0.141598
0.141576
0.141553
0.14153
0.141507
0.141484
0.141462
0.141439
0.141416
0.141394
0.141372
0.14135
0.141328
0.141307
0.141287
0.141267
0.141247
0.141229
0.14121
0.141193
0.141176
0.14116
0.141145
0.141131
0.141118
0.141106
0.141095
0.141085
0.141076
0.141069
0.141063
0.141059
0.141055
0.141054
0.141054
0.141056
0.141058
0.141061
0.141064
0.141068
0.141072
0.141076
0.14108
0.141083
0.141087
0.141091
0.141095
0.141099
0.141103
0.141106
0.141108
0.141109
0.141112
0.141116
0.142331
0.142308
0.142284
0.14226
0.142236
0.142211
0.142186
0.142161
0.142136
0.14211
0.142084
0.142058
0.142032
0.142006
0.141979
0.141953
0.141927
0.141902
0.141876
0.141851
0.141826
0.141802
0.141778
0.141755
0.141732
0.141709
0.141688
0.141667
0.141647
0.141627
0.141609
0.141592
0.141576
0.14156
0.141546
0.141533
0.141521
0.141511
0.141502
0.141495
0.141489
0.141485
0.141484
0.141484
0.141485
0.141487
0.14149
0.141494
0.141497
0.141502
0.141508
0.141514
0.141521
0.141528
0.141536
0.141544
0.141552
0.14156
0.141569
0.141576
0.141582
0.14159
0.141599
0.141607
0.141615
0.141621
0.141628
0.141627
0.141635
0.141641
0.1427
0.14268
0.14266
0.142641
0.142623
0.142605
0.142589
0.142573
0.142558
0.142545
0.142533
0.142522
0.142513
0.142506
0.1425
0.142497
0.142496
0.142496
0.142499
0.142504
0.142512
0.142523
0.142536
0.142553
0.142573
0.142597
0.142623
0.142653
0.142685
0.14272
0.142757
0.142797
0.14284
0.142875
0.142919
0.142965
0.143014
0.143064
0.143116
0.14317
0.143225
0.143283
0.143342
0.143403
0.143467
0.143532
0.143601
0.143667
0.143712
0.143779
0.143849
0.143921
0.143995
0.144071
0.144149
0.144229
0.144313
0.144401
0.144494
0.144565
0.144614
0.144706
0.144807
0.144914
0.145028
0.145154
0.145293
0.145318
0.145519
0.145676
0.148399
0.148921
0.149502
0.150133
0.150811
0.151536
0.152304
0.153115
0.153966
0.154854
0.155779
0.156737
0.157726
0.158744
0.159789
0.160859
0.161948
0.163052
0.164176
0.165317
0.166474
0.167643
0.168824
0.170015
0.171215
0.172423
0.173639
0.17486
0.176088
0.177321
0.178559
0.179801
0.181048
0.182189
0.183419
0.184651
0.185882
0.187111
0.188337
0.189561
0.190783
0.192003
0.193223
0.194442
0.195663
0.196888
0.198118
0.199317
0.200333
0.201546
0.202773
0.204008
0.205256
0.206521
0.20781
0.20913
0.21049
0.211903
0.213382
0.214754
0.216055
0.217786
0.219668
0.221718
0.223972
0.226472
0.229269
0.231682
0.235565
0.239449
0.348132
0.363108
0.377206
0.390488
0.403044
0.414946
0.426256
0.437025
0.447296
0.457107
0.46649
0.475474
0.484084
0.49234
0.500264
0.507872
0.515172
0.522171
0.528906
0.535385
0.541618
0.547616
0.553388
0.558945
0.564294
0.569444
0.574402
0.579177
0.583777
0.588208
0.592478
0.596595
0.600564
0.604121
0.607791
0.611339
0.61477
0.618092
0.621313
0.624444
0.627492
0.630467
0.63338
0.636241
0.63906
0.641849
0.64462
0.6473
0.649583
0.652339
0.65513
0.657965
0.66086
0.663828
0.666886
0.670049
0.673333
0.676754
0.680327
0.683714
0.687003
0.691159
0.695532
0.70013
0.704962
0.710041
0.715379
0.719718
0.726273
0.732268
0.130969
0.130582
0.13026
0.129956
0.12966
0.12936
0.129007
0.128521
0.12777
0.127262
0.128267
0.12819
0.128022
0.127835
0.127636
0.127426
0.127204
0.126973
0.126731
0.12648
0.126219
0.125949
0.125671
0.125384
0.125089
0.124784
0.12447
0.124142
0.123787
0.123329
0.123745
0.123826
0.123651
0.123444
0.123227
0.123002
0.122769
0.122528
0.12228
0.122025
0.121764
0.121496
0.121222
0.120942
0.120656
0.120365
0.120069
0.119768
0.119463
0.119153
0.118837
0.118516
0.11819
0.117859
0.117525
0.117187
0.116847
0.116507
0.116171
0.11584
0.115458
0.115614
0.115533
0.115291
0.11503
0.114769
0.114511
0.114261
0.114019
0.113789
0.113571
0.113367
0.113176
0.112998
0.112832
0.112678
0.112533
0.112398
0.11227
0.112149
0.112034
0.111925
0.111819
0.111718
0.11162
0.111524
0.111431
0.111339
0.111249
0.111161
0.111073
0.110985
0.110899
0.110813
0.110729
0.110652
0.110595
0.110603
0.110854
0.111834
0.140117
0.139988
0.139909
0.139854
0.139813
0.139785
0.139768
0.13976
0.139752
0.139741
0.139753
0.139754
0.139755
0.139758
0.13976
0.139762
0.139763
0.139762
0.139759
0.139753
0.139745
0.139734
0.13972
0.139701
0.139679
0.139653
0.139625
0.139594
0.139562
0.139524
0.139504
0.139482
0.139455
0.139425
0.139393
0.139358
0.139321
0.139282
0.139241
0.139198
0.139154
0.139108
0.139061
0.139013
0.138964
0.138915
0.138865
0.138817
0.13877
0.138728
0.138691
0.138661
0.138636
0.138617
0.138604
0.138596
0.138592
0.138593
0.138597
0.1386
0.138597
0.138603
0.138607
0.138612
0.138621
0.138634
0.13865
0.13867
0.138693
0.138719
0.138747
0.138779
0.138814
0.138851
0.138892
0.138935
0.13898
0.139028
0.139079
0.139132
0.139187
0.139244
0.139302
0.139362
0.139422
0.139482
0.139544
0.139606
0.139668
0.139731
0.139793
0.139855
0.139917
0.139979
0.140041
0.140104
0.140175
0.140268
0.140427
0.140773
0.138771
0.138765
0.138753
0.138736
0.138714
0.138687
0.138655
0.138621
0.138591
0.138566
0.138542
0.138519
0.138493
0.138463
0.138431
0.138395
0.138355
0.138312
0.138264
0.138212
0.138153
0.138086
0.138007
0.137914
0.137799
0.137658
0.137501
0.137343
0.137193
0.137054
0.136939
0.136829
0.136704
0.136573
0.136443
0.136312
0.136182
0.136053
0.135925
0.135798
0.135675
0.135555
0.135439
0.135326
0.135216
0.135111
0.135012
0.134927
0.134867
0.134831
0.134809
0.134797
0.134792
0.134792
0.134796
0.134804
0.134815
0.134828
0.134843
0.13486
0.134877
0.134892
0.134908
0.134927
0.134948
0.134972
0.134998
0.135026
0.135057
0.13509
0.135124
0.135162
0.135201
0.135243
0.135287
0.135334
0.135383
0.135435
0.13549
0.135547
0.135606
0.135669
0.135736
0.135805
0.135877
0.135951
0.136028
0.136109
0.136192
0.136278
0.136367
0.136459
0.136555
0.136655
0.136758
0.136864
0.136975
0.137091
0.137218
0.137379
0.13853
0.138451
0.138378
0.138313
0.138256
0.138203
0.138154
0.138107
0.138063
0.138026
0.137996
0.137969
0.137942
0.137915
0.137889
0.137861
0.137834
0.137805
0.137775
0.137743
0.137708
0.137671
0.13763
0.137587
0.13754
0.137491
0.13744
0.137387
0.137334
0.13728
0.13723
0.137181
0.137132
0.137081
0.13703
0.136977
0.136923
0.136869
0.136814
0.136759
0.136703
0.136647
0.13659
0.136533
0.136478
0.136422
0.136367
0.136313
0.136259
0.136206
0.136153
0.136101
0.136049
0.135999
0.135949
0.1359
0.135852
0.135804
0.135757
0.13571
0.135663
0.135617
0.135573
0.135529
0.135486
0.135443
0.135399
0.135355
0.135311
0.135267
0.135223
0.135178
0.135132
0.135086
0.13504
0.134993
0.134947
0.1349
0.134853
0.134807
0.134764
0.134725
0.134685
0.134638
0.134586
0.134531
0.134475
0.134418
0.13436
0.134303
0.134248
0.134197
0.134148
0.134106
0.134085
0.134086
0.134098
0.134119
0.134151
0.134205
0.139347
0.139363
0.13938
0.139397
0.139413
0.139425
0.139433
0.139437
0.139438
0.139438
0.139437
0.139432
0.139422
0.139406
0.139386
0.139362
0.139334
0.139301
0.139264
0.139222
0.139174
0.139116
0.139045
0.138962
0.138874
0.138789
0.138706
0.138626
0.138549
0.138475
0.138406
0.13834
0.138276
0.138212
0.13815
0.138088
0.138028
0.13797
0.137914
0.13786
0.137808
0.137757
0.137709
0.137666
0.137634
0.137617
0.13761
0.137609
0.137611
0.137615
0.137621
0.137628
0.137636
0.137644
0.137653
0.137663
0.137673
0.137683
0.137694
0.137705
0.137716
0.137727
0.137737
0.137749
0.137761
0.137774
0.137788
0.137803
0.137818
0.137835
0.137852
0.13787
0.13789
0.13791
0.137932
0.137954
0.137978
0.138004
0.13803
0.138059
0.138089
0.13812
0.138154
0.138189
0.138226
0.138264
0.138299
0.13833
0.138357
0.138381
0.1384
0.138414
0.138425
0.138432
0.138434
0.138433
0.138428
0.138419
0.138406
0.138382
0.139218
0.139247
0.139267
0.139281
0.139289
0.139292
0.139292
0.13929
0.139283
0.139268
0.139244
0.139215
0.139182
0.139146
0.139107
0.139067
0.139024
0.138981
0.138939
0.138899
0.138861
0.138824
0.138789
0.138755
0.138722
0.138688
0.138655
0.138621
0.138586
0.138551
0.138516
0.138482
0.138447
0.138412
0.138376
0.138341
0.138305
0.138268
0.138231
0.138195
0.138158
0.138121
0.138084
0.138048
0.138012
0.137977
0.137942
0.137909
0.137877
0.137846
0.137816
0.137786
0.137757
0.137728
0.1377
0.137672
0.137644
0.137617
0.13759
0.137563
0.137536
0.13751
0.137485
0.137459
0.137434
0.137409
0.137383
0.137357
0.137332
0.137306
0.13728
0.137254
0.137227
0.137201
0.137174
0.137147
0.13712
0.137093
0.137067
0.137044
0.137027
0.137016
0.13701
0.137009
0.137011
0.137008
0.13699
0.136963
0.136933
0.136904
0.136877
0.136856
0.13685
0.136865
0.13689
0.136921
0.136956
0.136996
0.137042
0.13711
0.139486
0.139463
0.139445
0.13943
0.139419
0.139409
0.139402
0.139395
0.13939
0.139387
0.139386
0.139386
0.139384
0.139382
0.13938
0.139377
0.139373
0.139367
0.13936
0.139351
0.139338
0.139321
0.139297
0.139264
0.139224
0.139182
0.13914
0.139098
0.139054
0.13901
0.138966
0.138922
0.138878
0.138834
0.138789
0.138744
0.138699
0.138656
0.138614
0.138572
0.138532
0.138493
0.138456
0.138422
0.138398
0.138384
0.138376
0.138373
0.138372
0.138372
0.138373
0.138374
0.138376
0.138378
0.138381
0.138384
0.138387
0.13839
0.138393
0.138397
0.138401
0.138405
0.138409
0.138414
0.138419
0.138424
0.138431
0.138437
0.138445
0.138453
0.138461
0.138471
0.138481
0.138492
0.138504
0.138517
0.138531
0.138546
0.138563
0.13858
0.138599
0.13862
0.138642
0.138666
0.138692
0.138718
0.138744
0.138767
0.138787
0.138804
0.138818
0.138829
0.138837
0.138843
0.138846
0.138846
0.138844
0.138841
0.138835
0.138822
0.139282
0.139276
0.139271
0.139269
0.139269
0.139272
0.139278
0.139286
0.139296
0.139306
0.139317
0.139328
0.139338
0.139347
0.139355
0.139362
0.139367
0.139371
0.139371
0.139369
0.139364
0.139353
0.139338
0.139319
0.139295
0.139265
0.13923
0.139191
0.139149
0.139104
0.13906
0.139017
0.138974
0.138932
0.138892
0.138852
0.138814
0.138777
0.13874
0.138706
0.138672
0.138641
0.138613
0.138586
0.138561
0.138537
0.138515
0.138493
0.138473
0.138454
0.138435
0.138417
0.138399
0.138382
0.138365
0.138348
0.138331
0.138315
0.138298
0.138281
0.138265
0.138248
0.138232
0.138215
0.138198
0.138181
0.138163
0.138145
0.138127
0.138108
0.138089
0.138069
0.138048
0.138027
0.138005
0.137982
0.137958
0.137934
0.137908
0.137882
0.137855
0.137827
0.137798
0.137768
0.137737
0.137708
0.137689
0.137687
0.137694
0.137707
0.137725
0.137746
0.137771
0.137799
0.13783
0.137863
0.137899
0.137937
0.137978
0.138029
0.139323
0.139317
0.139316
0.139321
0.13933
0.139344
0.13936
0.139379
0.139398
0.139419
0.139439
0.139457
0.139472
0.139484
0.139492
0.139497
0.139496
0.13949
0.139479
0.139461
0.139436
0.139404
0.139367
0.139329
0.139293
0.139257
0.139224
0.139191
0.13916
0.139129
0.139101
0.139073
0.139048
0.139024
0.139001
0.13898
0.138959
0.13894
0.138922
0.138909
0.138903
0.138903
0.138907
0.138914
0.138921
0.138929
0.138938
0.138947
0.138956
0.138965
0.138974
0.138982
0.138991
0.138999
0.139007
0.139014
0.139022
0.139029
0.139036
0.139043
0.13905
0.139056
0.139063
0.139069
0.139076
0.139083
0.139091
0.139099
0.139106
0.139115
0.139123
0.139132
0.139141
0.13915
0.13916
0.13917
0.13918
0.139191
0.139203
0.139215
0.139228
0.139241
0.139255
0.13927
0.139284
0.139295
0.139305
0.139311
0.139315
0.139316
0.139316
0.139312
0.139307
0.1393
0.139291
0.139281
0.139269
0.139256
0.139243
0.139225
0.139297
0.139323
0.139351
0.13938
0.139411
0.139442
0.139473
0.139502
0.139529
0.139552
0.13957
0.139582
0.139588
0.139587
0.139579
0.139565
0.139545
0.139519
0.139487
0.139457
0.139429
0.139405
0.139385
0.139368
0.139354
0.139342
0.139331
0.139322
0.139313
0.139305
0.139298
0.139291
0.139283
0.139276
0.139268
0.13926
0.139252
0.139243
0.139234
0.139224
0.139214
0.139204
0.139194
0.139186
0.13918
0.139176
0.139174
0.139173
0.139173
0.139174
0.139174
0.139175
0.139176
0.139176
0.139176
0.139176
0.139175
0.139174
0.139173
0.139172
0.139172
0.139171
0.139171
0.13917
0.13917
0.13917
0.13917
0.13917
0.13917
0.13917
0.13917
0.13917
0.13917
0.139169
0.139169
0.139168
0.139167
0.139166
0.139165
0.139163
0.139161
0.139158
0.139156
0.139155
0.139155
0.139159
0.139164
0.139172
0.139181
0.139193
0.139207
0.139222
0.139239
0.139258
0.139277
0.139298
0.13932
0.139342
0.139365
0.139391
0.13943
0.139469
0.139507
0.139543
0.139578
0.13961
0.139637
0.139659
0.139675
0.139685
0.139688
0.139686
0.139677
0.13966
0.139638
0.139619
0.139604
0.139594
0.139589
0.139589
0.139593
0.1396
0.139608
0.139617
0.139624
0.139631
0.139636
0.139641
0.139644
0.139645
0.13964
0.139632
0.139623
0.139612
0.1396
0.139588
0.139576
0.139563
0.13955
0.139538
0.139525
0.139513
0.139501
0.13949
0.13948
0.139471
0.139464
0.139458
0.139452
0.139448
0.139445
0.139443
0.139441
0.13944
0.139441
0.139441
0.139443
0.139445
0.139449
0.139452
0.139457
0.139462
0.139468
0.139475
0.139482
0.13949
0.139498
0.139508
0.139517
0.139528
0.139538
0.13955
0.139561
0.139574
0.139587
0.1396
0.139614
0.139628
0.139643
0.139658
0.139674
0.139689
0.139704
0.139718
0.139731
0.139743
0.139754
0.139763
0.139772
0.13978
0.139787
0.139793
0.139798
0.139803
0.139808
0.139812
0.139816
0.139821
0.139826
0.139832
0.139586
0.139628
0.139664
0.139694
0.139717
0.139736
0.139748
0.139753
0.139753
0.139751
0.139751
0.139752
0.139758
0.139769
0.139785
0.139804
0.139825
0.139846
0.139869
0.139895
0.139918
0.139937
0.13995
0.139957
0.139956
0.139949
0.139934
0.139914
0.139887
0.139858
0.139823
0.139784
0.139745
0.139707
0.139671
0.139636
0.139602
0.139571
0.139542
0.139517
0.139494
0.139476
0.139462
0.139452
0.139446
0.139444
0.139444
0.139447
0.139452
0.139458
0.139465
0.139473
0.139481
0.13949
0.1395
0.139509
0.139519
0.139529
0.13954
0.13955
0.139561
0.139572
0.139584
0.139595
0.139606
0.139618
0.13963
0.139641
0.139653
0.139664
0.139676
0.139687
0.139698
0.139709
0.13972
0.13973
0.13974
0.13975
0.13976
0.139771
0.139782
0.139794
0.139806
0.13982
0.139835
0.139851
0.139867
0.139885
0.139903
0.139922
0.139942
0.139962
0.139983
0.140004
0.140025
0.140047
0.140068
0.14009
0.140112
0.140141
0.139781
0.139811
0.139829
0.139836
0.139843
0.139852
0.139865
0.139879
0.139897
0.139916
0.139939
0.13997
0.140003
0.140036
0.140065
0.14009
0.140108
0.140119
0.140123
0.140119
0.140107
0.140089
0.140065
0.140036
0.140002
0.139964
0.139922
0.139881
0.139842
0.139806
0.139774
0.139745
0.139718
0.139695
0.139674
0.139657
0.139643
0.139633
0.139628
0.139629
0.139634
0.139643
0.139654
0.139666
0.13968
0.139695
0.13971
0.139725
0.139741
0.139757
0.139773
0.139789
0.139805
0.139822
0.139838
0.139855
0.139872
0.139889
0.139906
0.139924
0.139941
0.139959
0.139976
0.139994
0.140012
0.14003
0.140048
0.140066
0.140085
0.140103
0.140122
0.140141
0.140161
0.14018
0.140199
0.140219
0.140238
0.140257
0.140276
0.140294
0.140311
0.140328
0.140344
0.140359
0.140374
0.140388
0.140402
0.140415
0.140428
0.14044
0.140453
0.140465
0.140477
0.14049
0.140502
0.140515
0.140528
0.140541
0.140555
0.140579
0.139957
0.139969
0.139981
0.139996
0.140013
0.140041
0.140071
0.1401
0.140125
0.140146
0.140163
0.140174
0.14018
0.14018
0.140172
0.140158
0.140138
0.140113
0.140084
0.140049
0.140009
0.139972
0.139938
0.139908
0.139881
0.139859
0.139841
0.139825
0.139814
0.139805
0.1398
0.139798
0.139798
0.139801
0.139808
0.139819
0.139834
0.139851
0.139869
0.139887
0.139906
0.139925
0.139943
0.139962
0.13998
0.139998
0.140015
0.140033
0.14005
0.140067
0.140085
0.140102
0.140119
0.140137
0.140154
0.140171
0.140189
0.140206
0.140224
0.140241
0.140259
0.140277
0.140295
0.140313
0.140331
0.140348
0.140366
0.140384
0.140403
0.140421
0.140439
0.140457
0.140475
0.140494
0.140512
0.140532
0.140551
0.140571
0.140592
0.140613
0.140634
0.140656
0.140679
0.140702
0.140725
0.140748
0.140771
0.140795
0.140819
0.140842
0.140866
0.140889
0.140913
0.140936
0.140959
0.140981
0.141004
0.141025
0.141047
0.141083
0.140096
0.140108
0.14013
0.140153
0.140174
0.140191
0.140203
0.140209
0.140208
0.140202
0.140191
0.140177
0.140158
0.140134
0.140098
0.140062
0.140029
0.140001
0.139978
0.13996
0.139948
0.139941
0.139937
0.139937
0.139939
0.139944
0.13995
0.13996
0.139975
0.139993
0.140013
0.140034
0.140055
0.140075
0.140096
0.140115
0.140134
0.140153
0.140171
0.140188
0.140205
0.140221
0.140238
0.140254
0.140271
0.140288
0.140306
0.140324
0.140342
0.140361
0.14038
0.140399
0.140418
0.140437
0.140457
0.140477
0.140497
0.140518
0.140539
0.14056
0.140582
0.140604
0.140626
0.140649
0.140672
0.140696
0.140719
0.140743
0.140767
0.140791
0.140815
0.140839
0.140863
0.140887
0.140911
0.140934
0.140958
0.140981
0.141004
0.141028
0.141051
0.141074
0.141098
0.141121
0.141145
0.141169
0.141193
0.141217
0.141242
0.141267
0.141293
0.141318
0.141344
0.141371
0.141397
0.141424
0.141452
0.141479
0.141506
0.141545
0.140149
0.140163
0.140177
0.14019
0.140197
0.140198
0.140192
0.140179
0.140161
0.140143
0.140126
0.140111
0.14009
0.140065
0.140045
0.140031
0.140023
0.140024
0.140032
0.140044
0.140058
0.140074
0.140091
0.140108
0.140126
0.140145
0.140163
0.140181
0.1402
0.140219
0.140238
0.140256
0.140275
0.140293
0.14031
0.140328
0.140344
0.140361
0.140377
0.140394
0.140412
0.14043
0.14045
0.14047
0.140491
0.140514
0.140536
0.140559
0.140581
0.140604
0.140625
0.140647
0.140667
0.140687
0.140707
0.140727
0.140747
0.140767
0.140787
0.140808
0.140829
0.140851
0.140872
0.140894
0.140916
0.140938
0.14096
0.140982
0.141005
0.141028
0.141051
0.141075
0.141099
0.141124
0.141149
0.141175
0.141202
0.14123
0.141258
0.141287
0.141317
0.141347
0.141378
0.141409
0.14144
0.141472
0.141504
0.141537
0.141569
0.141602
0.141635
0.141669
0.141703
0.141737
0.141771
0.141806
0.141841
0.141876
0.14191
0.141955
0.140151
0.140159
0.140164
0.140161
0.140153
0.140145
0.140132
0.140112
0.140095
0.140088
0.140086
0.140084
0.140081
0.140078
0.14008
0.140088
0.140099
0.140111
0.140125
0.140139
0.140155
0.140172
0.14019
0.140208
0.140227
0.140248
0.140271
0.140296
0.140323
0.140352
0.140383
0.140414
0.140447
0.140479
0.140512
0.140546
0.140579
0.140614
0.14065
0.140688
0.140728
0.14077
0.140814
0.140858
0.140903
0.140948
0.140992
0.141034
0.141074
0.141112
0.141148
0.14118
0.141209
0.141235
0.141258
0.14128
0.1413
0.141319
0.141337
0.141353
0.14137
0.141386
0.141402
0.141418
0.141433
0.141449
0.141464
0.141479
0.141494
0.141508
0.141523
0.141538
0.141553
0.141568
0.141584
0.141601
0.141619
0.141638
0.141658
0.14168
0.141703
0.141727
0.141753
0.141781
0.14181
0.14184
0.141872
0.141904
0.141938
0.141974
0.14201
0.142047
0.142086
0.142126
0.142166
0.142208
0.14225
0.142294
0.142337
0.142389
0.140137
0.140137
0.140132
0.140114
0.140111
0.140114
0.140119
0.140123
0.140128
0.140132
0.140136
0.14014
0.140144
0.140143
0.140144
0.140148
0.140157
0.140169
0.140184
0.140201
0.14022
0.140241
0.140264
0.140288
0.140314
0.140346
0.140387
0.140432
0.140481
0.140533
0.140588
0.140647
0.140709
0.140775
0.140846
0.140921
0.140999
0.141082
0.141172
0.141266
0.141366
0.141471
0.141579
0.141688
0.141799
0.141911
0.142023
0.142137
0.14225
0.142364
0.142477
0.142588
0.142697
0.142803
0.142907
0.143005
0.143099
0.143187
0.143268
0.143343
0.143411
0.143471
0.143524
0.143569
0.143606
0.143636
0.143658
0.143673
0.143681
0.143682
0.143676
0.143664
0.143646
0.143622
0.143593
0.143558
0.143519
0.143475
0.143428
0.143378
0.143324
0.143269
0.143212
0.143154
0.143094
0.143035
0.142975
0.142913
0.142835
0.142771
0.142725
0.142693
0.142673
0.142661
0.142657
0.14266
0.142669
0.142685
0.142709
0.142762
0.140098
0.140104
0.140105
0.140103
0.1401
0.140094
0.140088
0.140086
0.140089
0.140097
0.140109
0.140125
0.140143
0.140163
0.140185
0.140208
0.140234
0.140261
0.14029
0.140321
0.140354
0.14039
0.14043
0.140473
0.140521
0.140574
0.140633
0.140699
0.140773
0.140856
0.140952
0.14106
0.141186
0.14133
0.1415
0.141702
0.141871
0.142
0.142132
0.142224
0.142307
0.142377
0.14243
0.142472
0.142506
0.142536
0.142564
0.142592
0.14262
0.14265
0.142681
0.142714
0.142749
0.142787
0.142828
0.142874
0.142924
0.142979
0.14304
0.143108
0.143181
0.143261
0.143345
0.143434
0.143527
0.143622
0.143718
0.143814
0.14391
0.144004
0.144095
0.144182
0.144264
0.144341
0.144411
0.144474
0.144527
0.144572
0.144607
0.144632
0.144646
0.14465
0.144643
0.144626
0.144599
0.144563
0.144517
0.144464
0.144401
0.144331
0.144255
0.144176
0.144094
0.144009
0.143905
0.143833
0.143787
0.143795
0.144114
0.146384
0.140027
0.140042
0.140044
0.140038
0.140028
0.140013
0.140003
0.140001
0.140004
0.140009
0.140015
0.140022
0.140029
0.140037
0.140045
0.140054
0.140064
0.140074
0.140086
0.1401
0.140116
0.140134
0.140154
0.140179
0.140208
0.140242
0.140282
0.140332
0.140392
0.140466
0.140559
0.140678
0.140835
0.141048
0.141358
0.141811
0.142249
0.142924
0.143776
0.144326
0.144879
0.14527
0.145487
0.145526
0.145455
0.145324
0.145164
0.145
0.144849
0.144725
0.144633
0.144577
0.144556
0.144567
0.144601
0.144651
0.144705
0.144754
0.144789
0.144804
0.144793
0.144756
0.144693
0.144591
0.144505
0.144438
0.144393
0.144371
0.144372
0.144396
0.144439
0.1445
0.144575
0.144661
0.144756
0.144859
0.144966
0.145077
0.145191
0.145307
0.145423
0.145539
0.145653
0.145765
0.145874
0.145978
0.146078
0.146173
0.146262
0.146345
0.146422
0.146494
0.146561
0.146624
0.146686
0.146765
0.147057
0.149741
0.171723
0.258684
)
;

boundaryField
{
    airfoil
    {
        type            calculated;
        value           uniform 0;
    }
    farBoundaries
    {
        type            calculated;
        value           uniform 1;
    }
    inlet
    {
        type            freestream;
        freestreamValue uniform 0.14;
        value           nonuniform List<scalar> 
200
(
0.14
0.14
0.14
0.14
0.14
0.14
0.14
0.14
0.14
0.14
0.14
0.14
0.14
0.14
0.14
0.14
0.14
0.14
0.14
0.14
0.14
0.14
0.14
0.14
0.14
0.14
0.14
0.14
0.14
0.14
0.14
0.14
0.14
0.14
0.14
0.14
0.14
0.14
0.143776
0.144326
0.144879
0.14527
0.145487
0.145526
0.145455
0.145324
0.145164
0.145
0.144849
0.144725
0.144633
0.144577
0.144556
0.144567
0.144601
0.144651
0.144705
0.144754
0.144789
0.144804
0.144793
0.144756
0.144693
0.144591
0.144505
0.144438
0.144393
0.144371
0.144372
0.144396
0.144439
0.1445
0.144575
0.144661
0.144756
0.144859
0.144966
0.145077
0.145191
0.145307
0.145423
0.145539
0.145653
0.145765
0.145874
0.145978
0.146078
0.146173
0.146262
0.146345
0.146422
0.146494
0.146561
0.146624
0.146686
0.146765
0.147057
0.149741
0.171723
0.258684
0.14
0.14
0.14
0.14
0.14
0.14
0.14
0.14
0.14
0.14
0.14
0.14
0.14
0.14
0.14
0.14
0.14
0.14
0.14
0.14
0.14
0.14
0.14
0.14
0.14
0.14
0.14
0.14
0.14
0.14
0.14
0.14
0.14
0.14
0.14
0.14
0.14
0.14
0.14
0.14
0.14
0.14
0.14
0.14
0.14
0.14
0.14
0.14
0.14
0.14
0.14
0.14
0.14
0.14
0.14
0.14
0.14
0.14
0.14
0.14
0.14
0.14
0.14
0.14
0.14
0.14
0.14
0.14
0.14
0.14
0.14
0.144129
0.14
0.145354
0.145644
0.145889
0.146054
0.146167
0.146228
0.146248
0.146238
0.146212
0.146182
0.146162
0.146157
0.146173
0.146206
0.14625
0.146295
0.14633
0.146345
0.14633
0.146283
0.146196
0.146098
0.146023
0.145995
0.145973
0.146334
0.184812
)
;
    }
    outlet
    {
        type            freestream;
        freestreamValue uniform 0.14;
        value           nonuniform List<scalar> 
40
(
0.192232
0.232447
0.224768
0.189885
0.180836
0.172278
0.160897
0.153159
0.149656
0.154369
0.209047
0.37979
0.61329
0.833912
1.02197
1.16802
1.2646
1.30369
1.27345
1.14965
1.13637
1.26349
1.30976
1.29543
1.23044
1.12135
0.973838
0.79407
0.59029
0.37772
0.210077
0.145499
0.135597
0.134537
0.133481
0.13207
0.130501
0.130087
0.134343
0.150369
)
;
    }
    defaultFaces
    {
        type            empty;
    }
}


// ************************************************************************* //
