/*--------------------------------*- C++ -*----------------------------------*\
  =========                 |
  \\      /  F ield         | OpenFOAM: The Open Source CFD Toolbox
   \\    /   O peration     | Website:  https://openfoam.org
    \\  /    A nd           | Version:  6.0
     \\/     M anipulation  |
\*---------------------------------------------------------------------------*/
FoamFile
{
    version     2.0;
    format      ascii;
    class       volScalarField;
    location    "350";
    object      p;
}
// * * * * * * * * * * * * * * * * * * * * * * * * * * * * * * * * * * * * * //

dimensions      [0 2 -2 0 0 0 0];

internalField   nonuniform List<scalar> 
9800
(
124.059
122.235
120.937
119.955
119.153
118.45
117.798
117.171
116.553
115.937
115.298
114.639
113.962
113.265
112.548
111.813
111.063
110.303
109.544
108.803
108.111
107.517
107.123
107.154
107.613
108.279
109.045
109.861
110.696
111.533
112.359
113.163
113.946
114.705
115.439
116.146
116.825
117.477
118.1
118.695
119.26
119.796
120.302
120.777
121.22
121.632
122.009
122.352
122.658
122.925
123.151
123.333
123.468
123.553
123.584
123.557
123.469
123.314
123.092
122.802
122.453
122.056
121.648
121.29
121.091
121.243
122.054
124.068
128.015
135.42
146.783
165.558
183.469
198.842
205.444
210.325
216.16
221.916
226.998
231.718
236.345
240.817
244.999
248.895
252.609
256.246
259.856
263.433
266.952
270.382
273.709
276.935
280.079
283.16
286.199
289.205
292.183
295.137
298.026
300.912
195.238
195.642
195.84
195.97
196.08
196.191
196.308
196.426
196.542
196.653
196.758
196.846
196.917
196.97
197.009
197.034
197.05
197.065
197.086
197.124
197.189
197.275
197.341
197.397
197.448
197.487
197.547
197.634
197.736
197.842
197.944
198.033
198.1
198.141
198.155
198.137
198.088
198.004
197.886
197.732
197.541
197.311
197.043
196.733
196.383
195.988
195.55
195.063
194.53
193.944
193.307
192.612
191.86
191.046
190.167
189.219
188.199
187.103
185.927
184.667
183.318
181.877
180.331
178.669
176.868
174.913
172.75
170.375
167.726
165.095
162.664
163.689
169.818
179.369
190.588
199.74
207.018
213.588
219.819
225.58
230.764
235.429
239.699
243.687
247.478
251.123
254.643
258.027
261.255
264.31
267.193
269.912
272.48
274.904
277.183
279.305
281.249
282.987
284.443
285.616
124.746
126.665
128.273
129.653
130.878
132.003
133.07
134.105
135.126
136.143
137.185
138.258
139.357
140.479
141.626
142.791
143.969
145.147
146.304
147.409
148.418
149.264
149.82
149.896
149.483
148.762
147.866
146.866
145.808
144.723
143.63
142.55
141.492
140.453
139.437
138.444
137.477
136.536
135.62
134.729
133.865
133.025
132.212
131.425
130.666
129.934
129.233
128.563
127.929
127.332
126.779
126.271
125.818
125.426
125.106
124.868
124.726
124.702
124.812
125.091
125.566
126.289
127.308
128.708
130.565
133.012
136.176
140.263
145.449
151.998
159.977
169.541
179.564
188.954
197.163
204.193
210.48
216.303
221.605
226.316
230.534
234.449
238.194
241.815
245.319
248.695
251.921
254.971
257.841
260.533
263.063
265.439
267.664
269.729
271.621
273.321
274.808
276.049
277.025
277.622
132.653
131.468
130.595
129.926
129.397
128.965
128.603
128.295
128.031
127.803
127.606
127.439
127.301
127.192
127.109
127.05
127.009
126.982
126.962
126.944
126.923
126.912
126.937
127.001
127.1
127.231
127.373
127.513
127.653
127.801
127.962
128.14
128.344
128.574
128.834
129.126
129.451
129.81
130.206
130.638
131.108
131.617
132.167
132.759
133.396
134.08
134.814
135.602
136.448
137.356
138.333
139.383
140.516
141.739
143.06
144.493
146.046
147.737
149.574
151.582
153.769
156.163
158.768
161.611
164.692
168.033
171.612
175.429
179.427
183.569
187.766
191.973
196.16
200.398
204.733
209.133
213.454
217.582
221.479
225.185
228.766
232.273
235.716
239.073
242.304
245.362
248.225
250.889
253.372
255.69
257.859
259.88
261.749
263.451
264.977
266.315
267.46
268.396
269.133
269.581
153.765
153.172
152.56
151.959
151.38
150.829
150.305
149.805
149.329
148.871
148.416
147.958
147.502
147.048
146.595
146.143
145.696
145.258
144.84
144.454
144.121
143.867
143.741
143.806
144.065
144.462
144.945
145.483
146.055
146.648
147.251
147.852
148.447
149.039
149.629
150.216
150.802
151.385
151.97
152.556
153.146
153.741
154.345
154.958
155.584
156.225
156.884
157.565
158.27
159.004
159.771
160.575
161.42
162.313
163.258
164.263
165.331
166.474
167.692
169.002
170.402
171.913
173.528
175.274
177.149
179.183
181.376
183.765
186.354
189.185
192.266
195.621
199.225
203.019
206.882
210.708
214.418
218.006
221.49
224.889
228.201
231.414
234.503
237.444
240.219
242.818
245.25
247.529
249.673
251.689
253.582
255.345
256.973
258.458
259.799
260.994
262.045
262.944
263.71
264.256
158.668
158.546
158.421
158.297
158.177
158.065
157.964
157.876
157.806
157.754
157.711
157.677
157.658
157.651
157.656
157.673
157.702
157.743
157.798
157.866
157.948
158.039
158.129
158.22
158.311
158.402
158.499
158.608
158.729
158.86
159.002
159.148
159.3
159.46
159.631
159.812
160.006
160.212
160.436
160.676
160.938
161.222
161.532
161.87
162.241
162.646
163.091
163.578
164.111
164.695
165.335
166.036
166.801
167.64
168.554
169.554
170.642
171.831
173.121
174.528
176.051
177.71
179.497
181.434
183.514
185.758
188.153
190.71
193.406
196.241
199.174
202.187
205.228
208.27
211.275
214.244
217.169
220.058
222.899
225.682
228.381
230.982
233.467
235.833
238.081
240.219
242.254
244.191
246.03
247.768
249.4
250.919
252.325
253.617
254.795
255.858
256.807
257.631
258.35
258.88
164.434
163.89
163.415
163.004
162.65
162.349
162.096
161.889
161.727
161.608
161.52
161.466
161.446
161.46
161.504
161.578
161.677
161.799
161.938
162.089
162.245
162.397
162.534
162.639
162.713
162.766
162.812
162.859
162.915
162.984
163.074
163.183
163.316
163.476
163.667
163.889
164.144
164.434
164.76
165.123
165.525
165.967
166.451
166.979
167.552
168.172
168.842
169.563
170.338
171.169
172.059
173.011
174.025
175.107
176.257
177.48
178.774
180.147
181.594
183.125
184.732
186.426
188.192
190.041
191.961
193.961
196.024
198.156
200.336
202.57
204.837
207.142
209.469
211.824
214.19
216.571
218.943
221.3
223.616
225.882
228.081
230.21
232.264
234.248
236.161
238.006
239.78
241.478
243.096
244.629
246.075
247.435
248.709
249.899
251.002
252.017
252.94
253.765
254.512
255.104
171.946
171.362
170.815
170.305
169.835
169.405
169.013
168.662
168.352
168.082
167.839
167.624
167.442
167.29
167.167
167.074
167.008
166.968
166.953
166.963
166.997
167.056
167.141
167.253
167.391
167.554
167.741
167.95
168.182
168.437
168.716
169.014
169.333
169.677
170.048
170.447
170.873
171.328
171.812
172.326
172.871
173.448
174.059
174.702
175.381
176.096
176.849
177.64
178.47
179.343
180.257
181.216
182.22
183.271
184.369
185.518
186.715
187.967
189.267
190.625
192.033
193.499
195.012
196.581
198.198
199.871
201.589
203.36
205.17
207.026
208.913
210.837
212.78
214.744
216.708
218.672
220.616
222.537
224.422
226.273
228.079
229.846
231.568
233.246
234.875
236.452
237.971
239.43
240.827
242.16
243.43
244.636
245.777
246.85
247.852
248.78
249.633
250.406
251.122
251.71
178.552
178.017
177.517
177.053
176.624
176.228
175.868
175.541
175.251
174.996
174.763
174.554
174.372
174.218
174.091
173.99
173.915
173.867
173.845
173.849
173.881
173.941
174.032
174.155
174.31
174.495
174.707
174.944
175.205
175.49
175.798
176.123
176.464
176.828
177.215
177.625
178.059
178.517
179
179.508
180.044
180.607
181.198
181.82
182.472
183.156
183.872
184.624
185.409
186.231
187.089
187.987
188.922
189.899
190.915
191.974
193.072
194.215
195.398
196.626
197.893
199.204
200.55
201.935
203.355
204.814
206.302
207.825
209.371
210.943
212.529
214.132
215.739
217.351
218.958
220.559
222.146
223.721
225.276
226.812
228.324
229.811
231.268
232.693
234.08
235.429
236.736
238
239.22
240.395
241.522
242.598
243.622
244.59
245.501
246.355
247.152
247.889
248.587
249.18
184.102
183.62
183.171
182.754
182.37
182.02
181.704
181.422
181.177
180.968
180.781
180.618
180.484
180.378
180.3
180.25
180.226
180.227
180.255
180.306
180.382
180.48
180.599
180.739
180.899
181.078
181.277
181.497
181.739
182.003
182.29
182.594
182.915
183.261
183.631
184.027
184.447
184.894
185.367
185.867
186.394
186.949
187.533
188.146
188.787
189.459
190.16
190.894
191.656
192.452
193.277
194.136
195.025
195.947
196.899
197.885
198.899
199.947
201.022
202.13
203.263
204.426
205.609
206.818
208.047
209.301
210.571
211.863
213.166
214.484
215.809
217.145
218.482
219.823
221.161
222.499
223.828
225.152
226.462
227.76
229.04
230.302
231.54
232.755
233.942
235.102
236.23
237.328
238.391
239.418
240.406
241.355
242.261
243.127
243.951
244.734
245.478
246.18
246.858
247.451
190.202
189.697
189.228
188.794
188.396
188.032
187.704
187.411
187.157
186.939
186.746
186.577
186.438
186.328
186.248
186.195
186.17
186.171
186.199
186.253
186.333
186.436
186.564
186.715
186.888
187.083
187.299
187.537
187.797
188.079
188.383
188.705
189.043
189.404
189.789
190.198
190.63
191.086
191.565
192.069
192.597
193.149
193.725
194.326
194.95
195.599
196.272
196.97
197.69
198.437
199.205
199.999
200.814
201.654
202.515
203.401
204.306
205.235
206.183
207.154
208.141
209.148
210.168
211.204
212.252
213.318
214.394
215.485
216.582
217.69
218.802
219.922
221.043
222.167
223.288
224.409
225.523
226.633
227.732
228.822
229.897
230.96
232.005
233.033
234.04
235.027
235.99
236.929
237.841
238.726
239.583
240.411
241.211
241.983
242.726
243.442
244.131
244.79
245.435
246.006
193.857
193.554
193.269
193.002
192.757
192.533
192.333
192.158
192.013
191.896
191.792
191.704
191.64
191.597
191.578
191.581
191.607
191.655
191.725
191.817
191.932
192.069
192.227
192.408
192.609
192.83
193.072
193.334
193.616
193.919
194.242
194.58
194.93
195.301
195.693
196.106
196.539
196.993
197.466
197.961
198.474
199.009
199.563
200.138
200.732
201.346
201.978
202.632
203.302
203.993
204.701
205.429
206.173
206.936
207.715
208.512
209.324
210.154
210.997
211.857
212.729
213.615
214.509
215.413
216.326
217.252
218.185
219.128
220.075
221.03
221.988
222.951
223.913
224.878
225.84
226.802
227.757
228.709
229.652
230.589
231.515
232.431
233.333
234.222
235.096
235.954
236.795
237.618
238.422
239.209
239.975
240.723
241.451
242.161
242.85
243.52
244.171
244.799
245.418
245.975
201.156
200.699
200.279
199.893
199.543
199.226
198.944
198.695
198.483
198.307
198.155
198.026
197.925
197.852
197.805
197.785
197.79
197.82
197.876
197.956
198.06
198.188
198.34
198.516
198.715
198.937
199.179
199.441
199.723
200.025
200.345
200.678
201.021
201.383
201.763
202.162
202.576
203.009
203.458
203.925
204.407
204.906
205.42
205.951
206.496
207.058
207.633
208.224
208.827
209.447
210.078
210.725
211.383
212.056
212.739
213.436
214.143
214.863
215.592
216.333
217.082
217.84
218.602
219.371
220.145
220.928
221.714
222.508
223.304
224.104
224.906
225.71
226.513
227.318
228.119
228.919
229.714
230.506
231.29
232.07
232.841
233.605
234.359
235.105
235.839
236.563
237.275
237.976
238.665
239.342
240.006
240.657
241.295
241.919
242.53
243.126
243.708
244.274
244.832
245.339
199.624
199.659
199.694
199.732
199.777
199.832
199.898
199.979
200.08
200.199
200.315
200.433
200.565
200.71
200.869
201.041
201.228
201.428
201.641
201.868
202.108
202.36
202.626
202.903
203.192
203.491
203.802
204.125
204.462
204.814
205.178
205.549
205.926
206.318
206.724
207.145
207.58
208.029
208.491
208.967
209.456
209.958
210.473
211.001
211.54
212.093
212.657
213.234
213.821
214.42
215.029
215.65
216.28
216.921
217.571
218.231
218.899
219.576
220.26
220.952
221.65
222.354
223.06
223.769
224.48
225.198
225.918
226.642
227.367
228.094
228.821
229.549
230.275
231.001
231.724
232.445
233.161
233.874
234.581
235.284
235.98
236.67
237.353
238.028
238.695
239.354
240.004
240.645
241.276
241.897
242.506
243.105
243.692
244.268
244.83
245.381
245.919
246.443
246.959
247.432
214.285
213.758
213.274
212.828
212.42
212.047
211.708
211.402
211.13
210.893
210.693
210.524
210.383
210.271
210.187
210.131
210.102
210.1
210.125
210.176
210.253
210.356
210.484
210.638
210.818
211.023
211.251
211.499
211.766
212.051
212.352
212.662
212.978
213.308
213.651
214.007
214.374
214.753
215.144
215.545
215.957
216.38
216.813
217.256
217.708
218.17
218.64
219.121
219.609
220.107
220.612
221.126
221.646
222.175
222.709
223.251
223.798
224.352
224.91
225.474
226.041
226.612
227.182
227.753
228.326
228.902
229.48
230.06
230.641
231.224
231.806
232.389
232.971
233.553
234.133
234.713
235.289
235.864
236.435
237.005
237.569
238.131
238.687
239.24
239.787
240.33
240.866
241.397
241.921
242.439
242.949
243.453
243.948
244.437
244.917
245.39
245.854
246.309
246.759
247.176
196.121
196.753
197.365
197.966
198.563
199.16
199.759
200.366
200.991
201.625
202.218
202.785
203.352
203.92
204.49
205.062
205.634
206.207
206.78
207.353
207.926
208.499
209.07
209.639
210.207
210.77
211.331
211.889
212.447
213.008
213.568
214.117
214.66
215.206
215.758
216.315
216.877
217.445
218.018
218.598
219.183
219.774
220.371
220.973
221.58
222.194
222.811
223.434
224.061
224.693
225.328
225.967
226.609
227.254
227.901
228.55
229.201
229.853
230.505
231.159
231.811
232.462
233.108
233.75
234.39
235.028
235.665
236.3
236.931
237.561
238.186
238.808
239.426
240.039
240.647
241.251
241.848
242.44
243.024
243.603
244.174
244.738
245.293
245.841
246.38
246.91
247.431
247.943
248.445
248.938
249.42
249.892
250.353
250.805
251.245
251.676
252.095
252.504
252.902
253.278
238.858
237.988
237.167
236.389
235.648
234.937
234.254
233.591
232.939
232.309
231.775
231.288
230.833
230.41
230.018
229.658
229.329
229.033
228.77
228.539
228.341
228.175
228.043
227.943
227.876
227.842
227.84
227.867
227.922
228.001
228.104
228.23
228.363
228.512
228.678
228.86
229.057
229.269
229.494
229.733
229.985
230.249
230.525
230.813
231.112
231.421
231.74
232.069
232.406
232.753
233.107
233.469
233.838
234.214
234.596
234.985
235.378
235.777
236.18
236.588
237
237.413
237.825
238.236
238.647
239.062
239.479
239.9
240.323
240.748
241.174
241.602
242.03
242.46
242.889
243.319
243.748
244.177
244.605
245.032
245.457
245.88
246.301
246.72
247.136
247.55
247.959
248.367
248.769
249.169
249.564
249.955
250.341
250.722
251.098
251.469
251.834
252.193
252.541
252.893
166.148
168.031
169.884
171.71
173.53
175.355
177.194
179.066
180.999
182.954
184.721
186.402
188.067
189.723
191.373
193.013
194.642
196.259
197.862
199.449
201.021
202.575
204.111
205.627
207.122
208.596
210.048
211.478
212.888
214.278
215.638
216.924
218.179
219.415
220.635
221.841
223.034
224.212
225.377
226.528
227.666
228.791
229.903
231.001
232.087
233.159
234.217
235.263
236.295
237.314
238.32
239.311
240.289
241.254
242.204
243.141
244.063
244.971
245.864
246.744
247.608
248.454
249.277
250.089
250.882
251.66
252.424
253.175
253.912
254.635
255.343
256.037
256.716
257.38
258.029
258.664
259.282
259.886
260.474
261.047
261.603
262.145
262.67
263.18
263.673
264.151
264.612
265.058
265.487
265.901
266.298
266.68
267.045
267.396
267.729
268.048
268.351
268.638
268.901
269.194
303.194
301.364
299.32
297.306
295.338
293.386
291.433
289.46
287.399
285.218
283.552
281.93
280.3
278.715
277.18
275.694
274.259
272.877
271.55
270.28
269.069
267.918
266.828
265.798
264.827
263.915
263.063
262.272
261.541
260.859
260.2
259.673
259.149
258.623
258.137
257.695
257.292
256.927
256.599
256.306
256.049
255.826
255.636
255.479
255.351
255.254
255.184
255.142
255.126
255.135
255.167
255.221
255.297
255.392
255.506
255.638
255.786
255.95
256.128
256.32
256.518
256.711
256.926
257.173
257.39
257.611
257.849
258.102
258.365
258.639
258.922
259.214
259.515
259.823
260.138
260.459
260.786
261.118
261.453
261.793
262.136
262.482
262.829
263.179
263.529
263.88
264.231
264.582
264.932
265.281
265.628
265.974
266.317
266.658
266.995
267.33
267.659
267.978
268.276
268.933
50.4065
58.7942
65.0291
72.172
79.8593
87.7968
96.0707
105.116
113.507
116.28
118.698
124.218
130.102
135.732
141.29
146.801
152.259
157.645
162.959
168.19
173.338
178.393
183.356
188.221
192.988
197.643
202.185
206.67
211.18
215.296
218.009
220.745
224.464
227.908
231.227
234.478
237.668
240.787
243.839
246.82
249.733
252.577
255.352
258.058
260.696
263.266
265.768
268.202
270.569
272.868
275.102
277.27
279.372
281.409
283.383
285.299
287.153
288.943
290.678
292.361
293.937
295.263
296.569
298.212
299.614
300.914
302.181
303.412
304.598
305.742
306.843
307.902
308.92
309.898
310.837
311.736
312.598
313.423
314.21
314.963
315.681
316.366
317.017
317.638
318.227
318.787
319.317
319.82
320.296
320.747
321.171
321.573
321.951
322.308
322.644
322.964
323.256
323.462
323.61
325.133
302.053
301.631
301.317
301.146
301.029
300.939
300.885
300.865
300.884
300.936
301.022
301.137
301.282
301.452
301.649
301.876
302.118
302.374
302.662
302.976
303.309
303.66
304.029
304.416
304.82
305.24
305.676
306.128
306.595
307.08
307.578
308.043
308.481
309.055
309.694
310.259
310.82
311.399
311.989
312.592
313.203
313.826
314.458
315.104
315.767
316.43
316.967
317.479
318.319
319.233
319.944
320.637
321.352
322.083
322.822
323.58
324.365
325.13
325.59
326.126
327.341
328.561
329.382
330.197
331.087
331.849
331.888
333.433
335.312
334.99
285.392
285.529
286.038
286.564
287.043
287.505
287.966
288.422
288.876
289.328
289.78
290.231
290.685
291.141
291.599
292.058
292.521
292.984
293.451
293.921
294.394
294.869
295.348
295.829
296.314
296.802
297.294
297.789
298.288
298.792
299.299
299.809
300.321
300.841
301.368
301.893
302.421
302.955
303.493
304.036
304.583
305.135
305.692
306.254
306.821
307.395
307.966
308.538
309.128
309.726
310.313
310.903
311.5
312.103
312.711
313.326
313.947
314.576
315.192
315.81
316.471
317.139
317.779
318.427
319.094
319.769
320.401
321.136
321.98
322.406
278.02
278.318
278.907
279.489
280.031
280.563
281.094
281.624
282.154
282.683
283.211
283.739
284.267
284.794
285.321
285.847
286.373
286.898
287.422
287.947
288.47
288.994
289.517
290.041
290.564
291.088
291.611
292.136
292.659
293.184
293.709
294.234
294.757
295.28
295.803
296.324
296.844
297.365
297.885
298.407
298.927
299.449
299.969
300.491
301.012
301.535
302.056
302.573
303.087
303.602
304.111
304.62
305.128
305.637
306.144
306.652
307.16
307.668
308.174
308.669
309.162
309.653
310.136
310.62
311.107
311.598
312.08
312.554
313.077
313.442
269.997
270.353
270.984
271.599
272.175
272.744
273.317
273.889
274.461
275.032
275.603
276.174
276.744
277.313
277.882
278.45
279.017
279.584
280.15
280.716
281.281
281.845
282.408
282.971
283.533
284.095
284.657
285.218
285.779
286.34
286.901
287.462
288.02
288.577
289.134
289.687
290.239
290.792
291.344
291.897
292.449
293.001
293.554
294.107
294.66
295.216
295.769
296.319
296.866
297.413
297.952
298.492
299.034
299.578
300.122
300.669
301.216
301.767
302.316
302.856
303.394
303.928
304.452
304.982
305.517
306.058
306.589
307.12
307.69
308.092
264.777
265.138
265.762
266.371
266.945
267.515
268.089
268.663
269.237
269.811
270.384
270.957
271.53
272.101
272.673
273.244
273.814
274.384
274.954
275.524
276.092
276.66
277.228
277.795
278.362
278.928
279.494
280.061
280.627
281.194
281.76
282.327
282.892
283.455
284.016
284.574
285.132
285.69
286.248
286.807
287.365
287.924
288.483
289.044
289.605
290.168
290.73
291.287
291.841
292.393
292.938
293.486
294.035
294.587
295.14
295.696
296.254
296.816
297.377
297.928
298.476
299.017
299.551
300.093
300.642
301.2
301.749
302.295
302.88
303.301
259.401
259.78
260.411
261.026
261.608
262.191
262.778
263.367
263.956
264.543
265.13
265.716
266.301
266.885
267.469
268.052
268.636
269.219
269.802
270.384
270.965
271.547
272.127
272.708
273.288
273.869
274.449
275.03
275.61
276.192
276.774
277.358
277.938
278.517
279.094
279.667
280.241
280.815
281.39
281.965
282.541
283.118
283.695
284.274
284.853
285.435
286.017
286.594
287.165
287.732
288.292
288.855
289.42
289.987
290.555
291.125
291.698
292.275
292.85
293.415
293.972
294.519
295.061
295.611
296.17
296.739
297.3
297.857
298.447
298.883
255.66
256.036
256.657
257.265
257.845
258.426
259.012
259.599
260.184
260.769
261.352
261.935
262.517
263.099
263.68
264.262
264.844
265.426
266.008
266.589
267.17
267.751
268.331
268.912
269.492
270.072
270.653
271.235
271.816
272.399
272.983
273.568
274.15
274.73
275.307
275.881
276.455
277.031
277.607
278.184
278.761
279.34
279.919
280.501
281.083
281.668
282.253
282.833
283.405
283.971
284.532
285.096
285.663
286.231
286.801
287.374
287.949
288.529
289.109
289.676
290.233
290.777
291.319
291.87
292.432
293.006
293.572
294.132
294.72
295.163
252.286
252.677
253.303
253.917
254.504
255.091
255.682
256.273
256.861
257.448
258.032
258.616
259.199
259.781
260.363
260.945
261.526
262.108
262.688
263.268
263.847
264.425
265.002
265.579
266.156
266.732
267.309
267.886
268.463
269.041
269.62
270.2
270.778
271.352
271.922
272.49
273.058
273.627
274.196
274.767
275.338
275.91
276.483
277.058
277.635
278.215
278.795
279.371
279.938
280.497
281.052
281.612
282.175
282.741
283.31
283.883
284.46
285.043
285.627
286.201
286.759
287.305
287.85
288.408
288.978
289.562
290.139
290.709
291.3
291.755
249.769
250.164
250.784
251.389
251.966
252.543
253.123
253.702
254.279
254.854
255.429
256.003
256.576
257.15
257.724
258.298
258.872
259.447
260.02
260.593
261.165
261.737
262.309
262.88
263.451
264.023
264.595
265.168
265.741
266.315
266.891
267.468
268.042
268.613
269.179
269.742
270.307
270.873
271.438
272.006
272.573
273.143
273.713
274.286
274.86
275.438
276.017
276.591
277.154
277.709
278.26
278.816
279.375
279.938
280.504
281.075
281.649
282.231
282.814
283.387
283.941
284.481
285.022
285.577
286.145
286.729
287.308
287.878
288.463
288.92
248.054
248.459
249.073
249.671
250.241
250.81
251.382
251.953
252.521
253.089
253.656
254.223
254.79
255.356
255.922
256.489
257.055
257.621
258.186
258.751
259.314
259.878
260.44
261.003
261.565
262.129
262.692
263.256
263.82
264.387
264.954
265.523
266.089
266.652
267.209
267.764
268.32
268.878
269.435
269.995
270.555
271.118
271.681
272.247
272.815
273.387
273.96
274.527
275.083
275.629
276.171
276.719
277.27
277.824
278.382
278.943
279.509
280.081
280.656
281.218
281.759
282.283
282.809
283.35
283.905
284.477
285.045
285.603
286.169
286.617
246.588
246.99
247.587
248.167
248.719
249.271
249.826
250.381
250.935
251.489
252.042
252.596
253.149
253.703
254.257
254.811
255.365
255.92
256.475
257.029
257.582
258.135
258.688
259.241
259.795
260.349
260.903
261.46
262.016
262.575
263.134
263.697
264.256
264.812
265.361
265.909
266.458
267.009
267.56
268.114
268.668
269.225
269.782
270.344
270.906
271.473
272.042
272.605
273.155
273.694
274.23
274.773
275.318
275.867
276.419
276.976
277.538
278.107
278.678
279.237
279.772
280.289
280.81
281.347
281.898
282.468
283.033
283.59
284.149
284.597
246.55
246.949
247.529
248.094
248.634
249.175
249.719
250.263
250.806
251.348
251.889
252.43
252.97
253.51
254.049
254.588
255.126
255.665
256.203
256.74
257.275
257.81
258.344
258.879
259.412
259.947
260.481
261.016
261.552
262.089
262.627
263.168
263.706
264.239
264.764
265.288
265.813
266.341
266.868
267.397
267.927
268.46
268.994
269.531
270.07
270.614
271.159
271.7
272.226
272.74
273.252
273.771
274.295
274.823
275.355
275.893
276.436
276.99
277.546
278.091
278.609
279.108
279.612
280.136
280.676
281.236
281.794
282.343
282.886
283.326
245.862
246.247
246.804
247.347
247.867
248.389
248.913
249.439
249.964
250.489
251.013
251.538
252.062
252.587
253.111
253.637
254.162
254.688
255.213
255.738
256.262
256.786
257.31
257.834
258.358
258.883
259.408
259.935
260.462
260.991
261.522
262.055
262.586
263.111
263.629
264.145
264.663
265.184
265.704
266.227
266.75
267.277
267.804
268.336
268.869
269.407
269.947
270.483
271.002
271.509
272.014
272.528
273.045
273.567
274.093
274.626
275.164
275.713
276.265
276.806
277.318
277.81
278.309
278.829
279.365
279.924
280.479
281.027
281.564
282.005
247.941
248.317
248.849
249.371
249.871
250.373
250.876
251.38
251.881
252.383
252.883
253.383
253.882
254.381
254.879
255.378
255.875
256.374
256.871
257.367
257.861
258.356
258.849
259.343
259.836
260.331
260.825
261.321
261.816
262.315
262.814
263.316
263.816
264.31
264.794
265.278
265.764
266.252
266.74
267.23
267.722
268.216
268.712
269.213
269.715
270.223
270.733
271.239
271.726
272.198
272.669
273.15
273.634
274.123
274.616
275.117
275.623
276.141
276.662
277.171
277.644
278.096
278.556
279.039
279.539
280.064
280.588
281.101
281.594
282
247.629
247.978
248.485
248.985
249.465
249.945
250.428
250.913
251.396
251.881
252.364
252.848
253.332
253.817
254.3
254.786
255.27
255.756
256.24
256.725
257.208
257.692
258.174
258.658
259.141
259.626
260.11
260.597
261.084
261.574
262.064
262.559
263.05
263.536
264.011
264.487
264.965
265.445
265.925
266.409
266.892
267.38
267.869
268.362
268.857
269.359
269.863
270.362
270.842
271.308
271.772
272.247
272.725
273.209
273.697
274.192
274.693
275.206
275.722
276.227
276.698
277.146
277.604
278.085
278.583
279.107
279.629
280.144
280.638
281.051
253.715
254.034
254.496
254.961
255.404
255.847
256.29
256.733
257.173
257.614
258.051
258.489
258.924
259.359
259.792
260.225
260.656
261.089
261.518
261.946
262.371
262.797
263.22
263.644
264.065
264.489
264.911
265.335
265.759
266.185
266.612
267.042
267.468
267.887
268.294
268.701
269.109
269.52
269.931
270.344
270.758
271.175
271.594
272.017
272.443
272.875
273.31
273.739
274.144
274.53
274.918
275.315
275.717
276.125
276.537
276.958
277.387
277.828
278.276
278.709
279.096
279.458
279.833
280.236
280.659
281.113
281.571
282.012
282.418
282.759
253.275
253.469
253.874
254.313
254.725
255.133
255.54
255.951
256.359
256.768
257.175
257.582
257.988
258.394
258.798
259.203
259.607
260.012
260.415
260.817
261.216
261.617
262.015
262.415
262.814
263.214
263.614
264.016
264.419
264.824
265.23
265.641
266.048
266.449
266.837
267.226
267.618
268.013
268.408
268.806
269.206
269.61
270.016
270.428
270.842
271.263
271.688
272.108
272.506
272.887
273.271
273.665
274.065
274.471
274.882
275.302
275.73
276.17
276.616
277.051
277.445
277.817
278.203
278.615
279.046
279.505
279.965
280.419
280.842
281.209
269.581
269.636
269.926
270.276
270.596
270.901
271.202
271.501
271.795
272.085
272.369
272.65
272.926
273.199
273.467
273.732
273.993
274.252
274.506
274.756
275
275.242
275.48
275.716
275.949
276.181
276.411
276.642
276.871
277.102
277.333
277.568
277.797
278.012
278.21
278.407
278.606
278.806
279.007
279.21
279.414
279.623
279.834
280.051
280.272
280.502
280.737
280.963
281.151
281.313
281.48
281.66
281.847
282.043
282.249
282.467
282.697
282.945
283.205
283.443
283.61
283.745
283.907
284.106
284.337
284.612
284.906
285.157
285.357
285.537
269.414
268.162
268.157
268.576
268.872
269.092
269.313
269.541
269.763
269.98
270.191
270.4
270.602
270.802
270.996
271.187
271.374
271.561
271.742
271.92
272.092
272.263
272.43
272.597
272.76
272.924
273.086
273.249
273.412
273.577
273.743
273.913
274.08
274.231
274.364
274.502
274.642
274.785
274.929
275.077
275.228
275.385
275.545
275.711
275.883
276.065
276.252
276.434
276.583
276.709
276.846
276.997
277.156
277.326
277.506
277.699
277.904
278.126
278.36
278.578
278.746
278.896
279.07
279.277
279.511
279.781
280.059
280.315
280.56
280.746
327.099
322.771
321.362
321.261
320.923
320.377
319.832
319.315
318.796
318.27
317.739
317.206
316.669
316.129
315.584
315.037
314.487
313.938
313.381
312.821
312.255
311.688
311.117
310.546
309.972
309.4
308.828
308.258
307.69
307.126
306.565
306.011
305.449
304.843
304.194
303.548
302.902
302.258
301.612
300.97
300.331
299.697
299.068
298.449
297.837
297.237
296.65
296.035
295.309
294.507
293.716
292.939
292.172
291.418
290.679
289.963
289.269
288.605
287.974
287.267
286.335
285.304
284.338
283.45
282.638
281.919
281.303
280.435
279.424
278.61
328.375
317.863
310.136
304.578
300.392
297.17
294.68
292.738
291.196
289.946
288.91
288.037
287.288
286.639
286.071
285.57
285.128
284.735
284.386
284.075
283.797
283.55
283.328
283.131
282.954
282.797
282.655
282.53
282.417
282.317
282.228
282.149
282.079
282.017
281.963
281.915
281.872
281.836
281.804
281.776
281.752
281.732
281.714
281.7
281.687
281.677
281.669
281.662
281.657
281.652
281.649
281.646
281.644
281.643
281.641
281.64
281.639
281.638
281.636
281.635
281.632
281.63
281.626
281.623
281.618
281.613
281.607
281.6
281.593
281.586
281.579
281.573
281.568
281.563
281.553
321.365
315.782
310.605
306.481
302.882
299.692
296.988
294.758
292.926
291.416
290.169
289.13
288.254
287.507
286.862
286.3
285.805
285.368
284.979
284.632
284.321
284.043
283.793
283.57
283.369
283.189
283.028
282.883
282.754
282.638
282.534
282.441
282.358
282.284
282.218
282.159
282.106
282.06
282.018
281.982
281.95
281.921
281.896
281.875
281.855
281.839
281.824
281.811
281.8
281.79
281.782
281.774
281.767
281.761
281.755
281.75
281.745
281.74
281.734
281.729
281.723
281.717
281.71
281.703
281.695
281.687
281.677
281.667
281.656
281.644
281.632
281.62
281.607
281.593
281.566
313.703
310.431
306.956
304.355
302.102
299.897
297.816
295.939
294.264
292.773
291.46
290.314
289.316
288.449
287.696
287.042
286.472
285.976
285.541
285.158
284.819
284.516
284.246
284.003
283.785
283.588
283.411
283.251
283.106
282.976
282.858
282.753
282.658
282.572
282.495
282.426
282.364
282.308
282.258
282.213
282.173
282.137
282.104
282.076
282.05
282.027
282.006
281.988
281.971
281.955
281.941
281.929
281.917
281.906
281.895
281.886
281.876
281.867
281.858
281.848
281.839
281.829
281.819
281.808
281.796
281.783
281.77
281.755
281.738
281.721
281.701
281.68
281.658
281.631
281.579
308.844
306.812
304.351
302.41
300.635
298.831
297.114
295.581
294.226
293.014
291.929
290.956
290.077
289.279
288.551
287.887
287.285
286.741
286.253
285.816
285.426
285.078
284.768
284.492
284.246
284.027
283.831
283.655
283.497
283.354
283.225
283.109
283.004
282.908
282.822
282.743
282.671
282.606
282.547
282.493
282.444
282.399
282.359
282.322
282.289
282.259
282.232
282.207
282.184
282.163
282.144
282.126
282.109
282.093
282.078
282.063
282.05
282.036
282.022
282.009
281.995
281.981
281.967
281.952
281.936
281.919
281.9
281.88
281.857
281.832
281.804
281.773
281.738
281.696
281.615
304.326
302.791
300.963
299.718
298.599
297.353
296.071
294.858
293.73
292.684
291.726
290.864
290.092
289.399
288.772
288.202
287.682
287.209
286.776
286.38
286.015
285.678
285.366
285.079
284.815
284.573
284.352
284.151
283.969
283.804
283.654
283.519
283.398
283.289
283.191
283.102
283.022
282.949
282.882
282.821
282.764
282.712
282.664
282.62
282.579
282.541
282.506
282.474
282.444
282.417
282.391
282.367
282.345
282.323
282.303
282.283
282.264
282.246
282.228
282.21
282.192
282.174
282.155
282.136
282.116
282.095
282.071
282.046
282.018
281.986
281.95
281.91
281.863
281.809
281.701
300.186
299.097
297.741
296.992
296.335
295.5
294.586
293.705
292.874
292.083
291.338
290.645
290.004
289.409
288.854
288.337
287.859
287.42
287.02
286.658
286.329
286.029
285.754
285.501
285.268
285.053
284.853
284.668
284.494
284.332
284.18
284.037
283.905
283.781
283.667
283.562
283.465
283.377
283.296
283.221
283.153
283.089
283.03
282.976
282.925
282.879
282.835
282.796
282.759
282.725
282.693
282.663
282.635
282.609
282.583
282.558
282.534
282.511
282.488
282.465
282.442
282.419
282.396
282.372
282.347
282.322
282.294
282.265
282.233
282.197
282.156
282.11
282.057
281.998
281.871
296.624
295.845
294.821
294.422
294.109
293.594
292.974
292.361
291.769
291.191
290.633
290.105
289.611
289.145
288.704
288.287
287.893
287.523
287.179
286.86
286.565
286.29
286.035
285.798
285.578
285.374
285.187
285.015
284.856
284.709
284.572
284.444
284.325
284.213
284.108
284.011
283.919
283.833
283.753
283.676
283.604
283.535
283.468
283.404
283.343
283.284
283.229
283.176
283.128
283.083
283.041
283.003
282.967
282.934
282.903
282.873
282.844
282.817
282.79
282.763
282.737
282.71
282.684
282.657
282.63
282.602
282.572
282.541
282.508
282.472
282.432
282.387
282.336
282.281
282.153
293.401
292.883
292.128
292.018
291.992
291.748
291.381
291.001
290.625
290.242
289.86
289.489
289.132
288.788
288.454
288.13
287.818
287.522
287.242
286.981
286.737
286.508
286.293
286.09
285.899
285.72
285.552
285.394
285.245
285.105
284.973
284.847
284.729
284.617
284.512
284.413
284.322
284.238
284.16
284.088
284.02
283.955
283.894
283.834
283.775
283.718
283.661
283.607
283.555
283.505
283.457
283.413
283.371
283.331
283.293
283.257
283.222
283.189
283.156
283.123
283.091
283.06
283.029
282.998
282.967
282.936
282.906
282.875
282.843
282.81
282.776
282.74
282.699
282.661
282.555
290.674
290.345
289.789
289.887
290.07
290.029
289.855
289.661
289.459
289.241
289.01
288.777
288.545
288.314
288.081
287.849
287.621
287.398
287.185
286.982
286.789
286.606
286.431
286.264
286.105
285.954
285.811
285.676
285.548
285.426
285.309
285.197
285.089
284.985
284.886
284.792
284.703
284.619
284.54
284.466
284.397
284.331
284.268
284.206
284.145
284.086
284.028
283.971
283.917
283.865
283.816
283.771
283.729
283.69
283.653
283.619
283.587
283.556
283.525
283.495
283.465
283.435
283.405
283.375
283.345
283.316
283.286
283.258
283.23
283.203
283.178
283.153
283.129
283.114
283.056
288.413
288.229
287.829
288.09
288.436
288.555
288.539
288.498
288.444
288.365
288.266
288.154
288.035
287.906
287.767
287.62
287.469
287.317
287.166
287.019
286.876
286.738
286.603
286.471
286.344
286.22
286.101
285.987
285.876
285.769
285.665
285.564
285.465
285.368
285.275
285.185
285.099
285.018
284.942
284.871
284.803
284.739
284.676
284.615
284.555
284.494
284.433
284.373
284.315
284.258
284.203
284.152
284.105
284.061
284.021
283.983
283.948
283.916
283.885
283.855
283.826
283.798
283.771
283.744
283.718
283.692
283.669
283.646
283.627
283.61
283.596
283.587
283.583
283.588
283.594
286.481
286.391
286.089
286.459
286.919
287.154
287.254
287.33
287.393
287.429
287.441
287.435
287.415
287.38
287.329
287.264
287.189
287.106
287.019
286.931
286.841
286.75
286.658
286.565
286.473
286.38
286.289
286.199
286.11
286.022
285.934
285.846
285.759
285.673
285.588
285.505
285.425
285.349
285.276
285.207
285.142
285.08
285.019
284.959
284.899
284.839
284.778
284.718
284.658
284.6
284.544
284.492
284.443
284.398
284.357
284.319
284.284
284.252
284.222
284.194
284.167
284.14
284.115
284.091
284.067
284.045
284.025
284.007
283.992
283.981
283.975
283.975
283.984
283.996
284.048
285.18
285.148
284.929
285.37
285.902
286.213
286.394
286.555
286.704
286.828
286.925
287.002
287.062
287.102
287.122
287.124
287.11
287.085
287.051
287.01
286.963
286.911
286.854
286.793
286.728
286.66
286.59
286.518
286.445
286.37
286.293
286.215
286.135
286.055
285.974
285.894
285.816
285.74
285.668
285.599
285.533
285.47
285.407
285.346
285.284
285.221
285.158
285.094
285.031
284.97
284.91
284.854
284.802
284.753
284.709
284.669
284.632
284.599
284.568
284.54
284.514
284.489
284.465
284.443
284.422
284.403
284.387
284.372
284.362
284.356
284.355
284.359
284.374
284.388
284.45
283.955
283.915
283.682
284.14
284.707
285.067
285.309
285.539
285.766
285.973
286.154
286.316
286.458
286.578
286.674
286.749
286.804
286.844
286.869
286.883
286.886
286.88
286.864
286.841
286.81
286.773
286.731
286.684
286.632
286.576
286.517
286.453
286.386
286.317
286.246
286.174
286.103
286.033
285.965
285.9
285.837
285.776
285.715
285.655
285.594
285.532
285.469
285.405
285.342
285.279
285.219
285.162
285.108
285.058
285.013
284.972
284.935
284.902
284.871
284.844
284.818
284.795
284.773
284.753
284.735
284.719
284.705
284.694
284.686
284.683
284.686
284.693
284.711
284.727
284.788
283.702
283.615
283.383
283.817
284.361
284.717
284.972
285.229
285.493
285.745
285.976
286.19
286.384
286.556
286.703
286.826
286.927
287.008
287.072
287.12
287.154
287.174
287.182
287.179
287.166
287.144
287.113
287.076
287.033
286.983
286.928
286.867
286.802
286.733
286.661
286.588
286.515
286.442
286.371
286.302
286.235
286.17
286.105
286.04
285.974
285.908
285.841
285.773
285.705
285.638
285.573
285.512
285.454
285.4
285.351
285.307
285.267
285.231
285.198
285.169
285.142
285.118
285.096
285.076
285.058
285.042
285.029
285.02
285.014
285.012
285.016
285.025
285.043
285.059
285.119
282.925
282.666
282.259
282.623
283.164
283.548
283.853
284.177
284.522
284.859
285.179
285.48
285.759
286.012
286.235
286.431
286.599
286.744
286.865
286.966
287.048
287.113
287.161
287.195
287.215
287.222
287.219
287.206
287.183
287.153
287.114
287.068
287.016
286.959
286.897
286.832
286.766
286.699
286.633
286.568
286.504
286.441
286.378
286.314
286.25
286.184
286.117
286.049
285.982
285.915
285.85
285.788
285.73
285.675
285.626
285.581
285.54
285.503
285.471
285.441
285.415
285.391
285.369
285.35
285.334
285.32
285.309
285.301
285.296
285.297
285.302
285.313
285.332
285.349
285.408
283.94
283.406
282.866
283.046
283.425
283.711
283.975
284.299
284.667
285.041
285.406
285.756
286.082
286.378
286.641
286.871
287.068
287.236
287.376
287.49
287.582
287.653
287.704
287.738
287.757
287.761
287.754
287.734
287.705
287.667
287.62
287.566
287.505
287.438
287.368
287.294
287.218
287.142
287.067
286.993
286.92
286.848
286.776
286.704
286.631
286.558
286.483
286.409
286.335
286.262
286.191
286.123
286.059
286
285.946
285.896
285.851
285.81
285.774
285.742
285.712
285.686
285.663
285.642
285.624
285.61
285.598
285.59
285.586
285.586
285.592
285.603
285.622
285.639
285.697
282.792
281.787
280.958
281.186
281.683
282.075
282.459
282.917
283.422
283.928
284.419
284.886
285.323
285.721
286.078
286.394
286.67
286.91
287.115
287.289
287.433
287.552
287.647
287.72
287.774
287.81
287.83
287.836
287.829
287.809
287.779
287.74
287.691
287.636
287.575
287.51
287.441
287.372
287.301
287.231
287.161
287.091
287.02
286.949
286.877
286.804
286.73
286.655
286.58
286.507
286.436
286.367
286.303
286.243
286.188
286.137
286.092
286.05
286.013
285.98
285.95
285.924
285.9
285.879
285.862
285.847
285.836
285.829
285.826
285.828
285.836
285.848
285.868
285.887
285.944
285.107
282.692
281.332
281.282
281.686
282.155
282.699
283.332
284.001
284.653
285.263
285.82
286.317
286.753
287.127
287.445
287.71
287.929
288.107
288.249
288.36
288.444
288.504
288.544
288.565
288.569
288.558
288.534
288.498
288.452
288.395
288.331
288.259
288.182
288.101
288.016
287.93
287.844
287.757
287.672
287.588
287.504
287.421
287.337
287.253
287.169
287.084
286.999
286.916
286.834
286.754
286.679
286.607
286.541
286.48
286.424
286.373
286.327
286.286
286.249
286.215
286.185
286.159
286.135
286.116
286.099
286.087
286.079
286.076
286.079
286.087
286.1
286.122
286.141
286.195
280.714
279.296
278.482
278.28
278.616
279.327
280.187
281.086
281.999
282.899
283.747
284.522
285.216
285.827
286.357
286.811
287.195
287.518
287.785
288.004
288.183
288.326
288.439
288.525
288.586
288.627
288.647
288.649
288.635
288.606
288.565
288.513
288.451
288.383
288.308
288.23
288.149
288.066
287.983
287.9
287.817
287.735
287.651
287.568
287.483
287.397
287.311
287.225
287.139
287.055
286.973
286.895
286.822
286.753
286.69
286.632
286.579
286.532
286.489
286.45
286.414
286.383
286.355
286.33
286.309
286.291
286.279
286.271
286.269
286.273
286.284
286.301
286.327
286.352
286.41
266.998
268.97
273.441
275.552
277.335
279.357
281.204
282.747
284.06
285.182
286.118
286.888
287.518
288.029
288.438
288.759
289.008
289.196
289.334
289.433
289.5
289.543
289.566
289.572
289.563
289.539
289.501
289.451
289.388
289.314
289.231
289.141
289.044
288.942
288.838
288.732
288.627
288.522
288.418
288.317
288.217
288.118
288.019
287.922
287.824
287.726
287.628
287.53
287.434
287.34
287.249
287.162
287.08
287.005
286.935
286.871
286.813
286.761
286.714
286.671
286.632
286.597
286.565
286.537
286.513
286.493
286.478
286.469
286.467
286.472
286.487
286.509
286.544
286.577
286.667
261.279
261.489
261.147
264.588
269.045
272.617
275.452
277.99
280.267
282.192
283.769
285.061
286.116
286.969
287.648
288.181
288.595
288.911
289.148
289.324
289.454
289.549
289.615
289.659
289.682
289.686
289.671
289.639
289.59
289.526
289.45
289.363
289.267
289.166
289.06
288.953
288.845
288.737
288.631
288.526
288.423
288.322
288.221
288.12
288.02
287.918
287.816
287.715
287.614
287.514
287.418
287.326
287.239
287.158
287.082
287.014
286.951
286.894
286.843
286.797
286.754
286.716
286.681
286.65
286.623
286.601
286.584
286.574
286.572
286.579
286.596
286.624
286.673
286.716
286.896
267.318
267.37
267.7
272.96
277.846
280.602
282.413
284.07
285.541
286.705
287.604
288.318
288.891
289.34
289.681
289.929
290.102
290.214
290.278
290.307
290.314
290.306
290.288
290.263
290.229
290.187
290.133
290.067
289.989
289.9
289.8
289.691
289.576
289.457
289.335
289.213
289.092
288.973
288.856
288.743
288.632
288.523
288.415
288.309
288.204
288.099
287.994
287.89
287.786
287.684
287.585
287.491
287.401
287.319
287.243
287.174
287.112
287.055
287.004
286.958
286.915
286.876
286.841
286.808
286.78
286.757
286.739
286.727
286.723
286.729
286.745
286.773
286.821
286.867
287.03
284.466
282.38
280.655
281.492
282.663
283.265
283.75
284.43
285.215
285.976
286.684
287.346
287.953
288.49
288.948
289.326
289.628
289.86
290.034
290.163
290.257
290.325
290.375
290.408
290.425
290.425
290.407
290.372
290.317
290.245
290.158
290.057
289.946
289.827
289.703
289.576
289.45
289.324
289.201
289.081
288.964
288.851
288.74
288.63
288.519
288.406
288.293
288.179
288.065
287.952
287.841
287.734
287.633
287.538
287.451
287.371
287.298
287.232
287.172
287.117
287.066
287.02
286.978
286.939
286.904
286.874
286.85
286.831
286.819
286.815
286.82
286.834
286.859
286.888
286.945
289.016
287.502
286.685
286.819
287.358
287.901
288.434
289.017
289.62
290.19
290.703
291.157
291.545
291.861
292.103
292.27
292.369
292.411
292.405
292.365
292.302
292.226
292.141
292.051
291.955
291.853
291.742
291.62
291.487
291.343
291.188
291.024
290.854
290.68
290.505
290.33
290.158
289.99
289.828
289.672
289.522
289.379
289.24
289.105
288.972
288.839
288.706
288.573
288.44
288.309
288.181
288.058
287.94
287.83
287.728
287.634
287.548
287.47
287.398
287.333
287.273
287.217
287.165
287.118
287.074
287.035
287.001
286.973
286.95
286.935
286.927
286.926
286.93
286.942
286.934
286.601
286.736
286.542
287.33
288.332
289.075
289.632
290.146
290.642
291.102
291.512
291.874
292.184
292.438
292.63
292.764
292.842
292.872
292.862
292.823
292.764
292.691
292.61
292.524
292.431
292.331
292.221
292.1
291.966
291.82
291.661
291.492
291.314
291.131
290.944
290.757
290.571
290.39
290.214
290.044
289.88
289.721
289.567
289.415
289.266
289.119
288.972
288.825
288.68
288.536
288.396
288.26
288.13
288.008
287.893
287.788
287.691
287.602
287.52
287.445
287.375
287.311
287.251
287.195
287.144
287.097
287.055
287.018
286.988
286.965
286.95
286.942
286.943
286.949
286.97
291.589
291.552
291.423
291.87
292.4
292.736
292.972
293.223
293.494
293.757
293.995
294.203
294.372
294.494
294.567
294.591
294.569
294.508
294.414
294.295
294.158
294.011
293.859
293.703
293.544
293.382
293.213
293.037
292.851
292.656
292.452
292.239
292.021
291.8
291.576
291.354
291.136
290.924
290.718
290.521
290.331
290.148
289.972
289.8
289.632
289.465
289.3
289.136
288.973
288.812
288.656
288.504
288.359
288.222
288.094
287.974
287.864
287.762
287.668
287.581
287.5
287.425
287.355
287.289
287.229
287.173
287.122
287.078
287.04
287.01
286.989
286.977
286.977
286.982
287.031
292.589
292.481
292.148
292.715
293.409
293.836
294.119
294.391
294.66
294.897
295.09
295.239
295.342
295.397
295.405
295.37
295.296
295.188
295.053
294.897
294.726
294.546
294.362
294.176
293.988
293.799
293.606
293.408
293.202
292.988
292.767
292.539
292.305
292.069
291.832
291.597
291.367
291.143
290.927
290.72
290.521
290.329
290.143
289.962
289.784
289.607
289.432
289.259
289.087
288.918
288.754
288.595
288.442
288.297
288.161
288.033
287.914
287.804
287.702
287.607
287.519
287.436
287.359
287.287
287.219
287.157
287.1
287.049
287.006
286.971
286.946
286.931
286.931
286.935
286.994
296.98
296.648
296.276
296.61
297.019
297.195
297.256
297.321
297.391
297.436
297.447
297.424
297.367
297.276
297.153
297.002
296.824
296.624
296.405
296.17
295.924
295.673
295.421
295.17
294.921
294.675
294.428
294.18
293.93
293.675
293.416
293.153
292.887
292.619
292.353
292.09
291.833
291.584
291.343
291.113
290.891
290.677
290.47
290.267
290.069
289.873
289.68
289.489
289.301
289.118
288.939
288.766
288.6
288.442
288.292
288.152
288.02
287.897
287.782
287.675
287.574
287.48
287.391
287.308
287.23
287.158
287.092
287.032
286.98
286.937
286.905
286.884
286.879
286.879
286.933
298.922
298.604
298.119
298.431
298.838
298.991
299.01
299.019
299.02
298.985
298.908
298.794
298.646
298.469
298.266
298.04
297.794
297.531
297.252
296.959
296.658
296.352
296.046
295.743
295.445
295.152
294.864
294.577
294.292
294.007
293.72
293.432
293.143
292.854
292.569
292.29
292.017
291.754
291.501
291.257
291.023
290.797
290.577
290.363
290.153
289.946
289.743
289.544
289.349
289.158
288.972
288.793
288.62
288.455
288.297
288.149
288.008
287.876
287.753
287.636
287.527
287.424
287.326
287.234
287.148
287.067
286.992
286.925
286.865
286.815
286.775
286.748
286.737
286.733
286.784
302.937
302.444
301.869
301.974
302.152
302.104
301.939
301.765
301.585
301.373
301.124
300.847
300.547
300.23
299.9
299.56
299.211
298.854
298.487
298.113
297.734
297.355
296.979
296.611
296.252
295.903
295.562
295.229
294.901
294.575
294.252
293.93
293.609
293.292
292.979
292.674
292.378
292.092
291.816
291.551
291.296
291.049
290.809
290.576
290.348
290.125
289.906
289.693
289.484
289.281
289.083
288.892
288.708
288.53
288.361
288.2
288.047
287.902
287.765
287.635
287.513
287.397
287.287
287.182
287.083
286.99
286.903
286.823
286.751
286.689
286.638
286.599
286.578
286.566
286.607
305.694
305.148
304.455
304.464
304.55
304.4
304.121
303.824
303.513
303.167
302.786
302.38
301.961
301.532
301.101
300.668
300.234
299.796
299.353
298.907
298.459
298.013
297.576
297.149
296.738
296.34
295.957
295.584
295.221
294.864
294.511
294.163
293.819
293.481
293.149
292.827
292.514
292.213
291.922
291.643
291.373
291.113
290.86
290.614
290.375
290.142
289.914
289.693
289.477
289.266
289.062
288.864
288.673
288.488
288.311
288.142
287.98
287.826
287.679
287.54
287.406
287.279
287.157
287.041
286.929
286.823
286.723
286.629
286.543
286.466
286.399
286.346
286.308
286.284
286.301
309.736
309.009
308.178
307.97
307.823
307.457
306.972
306.471
305.96
305.422
304.859
304.285
303.71
303.141
302.581
302.032
301.492
300.956
300.422
299.89
299.363
298.844
298.337
297.849
297.379
296.93
296.498
296.082
295.678
295.284
294.897
294.518
294.145
293.781
293.426
293.081
292.749
292.428
292.119
291.822
291.535
291.258
290.99
290.729
290.476
290.229
289.989
289.756
289.528
289.307
289.091
288.882
288.68
288.484
288.295
288.114
287.94
287.773
287.613
287.46
287.313
287.172
287.035
286.904
286.777
286.655
286.538
286.427
286.323
286.227
286.139
286.062
285.997
285.951
285.901
313.111
312.263
311.269
310.884
310.554
310.003
309.33
308.64
307.943
307.228
306.5
305.775
305.061
304.366
303.692
303.038
302.401
301.775
301.158
300.55
299.952
299.369
298.806
298.266
297.751
297.26
296.79
296.34
295.904
295.48
295.067
294.664
294.27
293.886
293.514
293.153
292.805
292.47
292.146
291.835
291.534
291.243
290.961
290.688
290.423
290.166
289.916
289.674
289.438
289.209
288.987
288.771
288.562
288.361
288.166
287.978
287.797
287.623
287.454
287.291
287.133
286.98
286.831
286.685
286.544
286.406
286.272
286.142
286.017
285.897
285.783
285.675
285.572
285.486
285.351
317.435
316.36
315.161
314.491
313.859
313.023
312.08
311.133
310.195
309.259
308.331
307.425
306.549
305.708
304.901
304.127
303.38
302.654
301.947
301.258
300.588
299.942
299.322
298.732
298.17
297.636
297.125
296.636
296.163
295.705
295.26
294.828
294.408
294.003
293.611
293.233
292.87
292.521
292.185
291.862
291.55
291.248
290.956
290.673
290.398
290.131
289.871
289.618
289.372
289.132
288.899
288.673
288.453
288.24
288.034
287.834
287.641
287.455
287.274
287.098
286.928
286.762
286.6
286.443
286.289
286.14
285.993
285.85
285.71
285.572
285.436
285.301
285.166
285.038
284.838
321.336
320.017
318.526
317.552
316.621
315.498
314.285
313.086
311.921
310.784
309.679
308.618
307.605
306.641
305.722
304.844
304
303.186
302.398
301.636
300.903
300.202
299.536
298.905
298.308
297.742
297.203
296.687
296.192
295.714
295.252
294.805
294.373
293.955
293.553
293.164
292.789
292.428
292.078
291.741
291.414
291.097
290.791
290.494
290.206
289.928
289.658
289.397
289.145
288.9
288.665
288.437
288.217
288.004
287.799
287.601
287.409
287.222
287.042
286.866
286.694
286.527
286.364
286.203
286.046
285.892
285.74
285.589
285.439
285.289
285.137
284.983
284.825
284.664
284.434
326.198
324.466
322.558
321.107
319.719
318.195
316.626
315.109
313.66
312.269
310.941
309.682
308.497
307.384
306.337
305.349
304.414
303.525
302.677
301.869
301.101
300.372
299.681
299.026
298.403
297.809
297.239
296.691
296.163
295.653
295.161
294.688
294.232
293.795
293.376
292.973
292.588
292.218
291.863
291.522
291.194
290.879
290.574
290.281
289.998
289.724
289.46
289.204
288.957
288.717
288.485
288.26
288.043
287.831
287.626
287.427
287.233
287.045
286.861
286.682
286.508
286.337
286.17
286.007
285.846
285.688
285.532
285.377
285.222
285.066
284.908
284.746
284.579
284.403
284.175
330.5
328.347
325.918
323.946
322.056
320.069
318.101
316.26
314.558
312.976
311.505
310.139
308.868
307.679
306.562
305.506
304.503
303.549
302.641
301.778
300.962
300.19
299.461
298.772
298.12
297.503
296.916
296.357
295.825
295.318
294.835
294.373
293.932
293.51
293.106
292.718
292.345
291.987
291.641
291.308
290.986
290.675
290.375
290.084
289.803
289.532
289.268
289.014
288.767
288.529
288.297
288.073
287.856
287.645
287.441
287.242
287.049
286.861
286.678
286.5
286.326
286.157
285.991
285.828
285.669
285.512
285.357
285.203
285.05
284.897
284.742
284.584
284.422
284.248
284.044
335.682
332.348
328.935
326.193
323.736
321.337
319.058
316.958
315.026
313.239
311.586
310.061
308.652
307.349
306.142
305.022
303.98
303.01
302.107
301.264
300.477
299.74
299.047
298.392
297.771
297.182
296.619
296.082
295.568
295.076
294.604
294.151
293.717
293.299
292.898
292.512
292.141
291.783
291.438
291.106
290.785
290.476
290.177
289.889
289.611
289.342
289.082
288.83
288.586
288.351
288.122
287.9
287.685
287.476
287.274
287.077
286.885
286.699
286.518
286.341
286.169
286.001
285.837
285.676
285.519
285.365
285.213
285.064
284.916
284.77
284.624
284.477
284.329
284.171
284.005
340.427
335.883
331.461
327.796
324.464
321.365
318.591
316.16
314.029
312.154
310.493
309.014
307.683
306.475
305.367
304.343
303.39
302.499
301.66
300.87
300.122
299.412
298.738
298.096
297.484
296.9
296.342
295.809
295.3
294.812
294.345
293.898
293.469
293.057
292.662
292.281
291.916
291.563
291.224
290.897
290.582
290.277
289.984
289.7
289.425
289.16
288.903
288.655
288.415
288.182
287.956
287.737
287.524
287.318
287.118
286.924
286.735
286.551
286.372
286.198
286.028
285.863
285.701
285.544
285.39
285.239
285.092
284.948
284.806
284.667
284.531
284.398
284.266
284.129
284.006
345.531
337.156
330.793
325.998
322.194
319.087
316.516
314.358
312.509
310.893
309.451
308.145
306.945
305.834
304.797
303.824
302.909
302.045
301.229
300.456
299.723
299.027
298.366
297.737
297.138
296.567
296.021
295.5
295.002
294.525
294.068
293.63
293.209
292.805
292.416
292.043
291.683
291.337
291.003
290.681
290.371
290.071
289.782
289.503
289.233
288.972
288.719
288.475
288.238
288.009
287.787
287.571
287.362
287.16
286.963
286.772
286.586
286.405
286.229
286.058
285.891
285.729
285.571
285.416
285.265
285.118
284.975
284.835
284.699
284.567
284.44
284.319
284.202
284.088
284.005
110.151
113.272
118.825
123.349
127.271
131.189
135.111
138.941
142.67
146.317
149.888
153.384
156.807
160.161
163.446
166.667
169.826
172.945
176.01
179.014
181.952
184.825
187.627
190.358
193.013
195.593
198.095
200.521
202.867
205.137
207.327
209.443
211.5
213.513
215.51
217.471
219.374
221.205
222.963
224.652
226.272
227.824
229.307
230.726
232.078
233.37
234.611
235.822
236.991
238.147
239.291
240.387
241.414
242.378
243.284
244.136
244.934
245.687
246.428
247.134
247.77
248.399
249.027
249.607
250.124
250.607
251.152
251.547
251.757
252.097
267.149
268.931
268.929
268.325
267.9
267.58
267.231
266.856
266.473
266.091
265.704
265.318
264.93
264.545
264.161
263.781
263.403
263.021
262.633
262.242
261.85
261.461
261.073
260.692
260.317
259.952
259.596
259.256
258.928
258.62
258.328
258.063
257.827
257.515
257.124
256.76
256.423
256.107
255.806
255.531
255.277
255.054
254.856
254.692
254.558
254.462
254.413
254.398
254.185
253.84
253.588
253.412
253.27
253.17
253.115
253.112
253.158
253.266
253.485
253.631
253.411
253.117
253.038
253.099
253.246
253.521
254.109
254.111
253.818
253.789
194.334
196.119
197.395
198.43
199.507
200.626
201.749
202.871
204
205.138
206.286
207.446
208.617
209.802
211.002
212.219
213.452
214.702
215.967
217.244
218.53
219.825
221.126
222.434
223.745
225.059
226.375
227.692
229.007
230.323
231.635
232.946
234.237
235.566
236.92
238.251
239.58
240.911
242.237
243.558
244.873
246.181
247.48
248.771
250.051
251.324
252.583
253.82
255.114
256.437
257.709
258.973
260.228
261.473
262.701
263.916
265.117
266.309
267.473
268.632
269.859
271.082
272.239
273.384
274.52
275.654
276.725
277.884
279.182
280.147
266.019
266.457
266.716
266.92
267.145
267.387
267.629
267.873
268.118
268.367
268.616
268.868
269.117
269.369
269.618
269.869
270.116
270.361
270.601
270.842
271.083
271.326
271.571
271.821
272.075
272.336
272.603
272.878
273.161
273.455
273.758
274.074
274.393
274.702
274.987
275.262
275.547
275.844
276.15
276.467
276.794
277.136
277.49
277.86
278.244
278.646
279.064
279.477
279.873
280.223
280.555
280.913
281.295
281.698
282.121
282.568
283.039
283.54
284.05
284.551
285.025
285.427
285.827
286.285
286.803
287.379
287.922
288.554
289.164
289.65
227.27
228.082
228.977
229.807
230.613
231.426
232.24
233.054
233.865
234.677
235.487
236.298
237.107
237.918
238.726
239.538
240.347
241.158
241.967
242.777
243.585
244.395
245.203
246.013
246.822
247.632
248.443
249.254
250.066
250.879
251.692
252.508
253.318
254.135
254.948
255.751
256.557
257.366
258.176
258.987
259.798
260.611
261.425
262.241
263.059
263.88
264.703
265.516
266.343
267.157
267.953
268.758
269.57
270.384
271.2
272.021
272.847
273.681
274.508
275.332
276.178
276.992
277.786
278.6
279.433
280.284
281.085
282.001
282.934
283.694
260.783
261.2
261.657
262.083
262.498
262.918
263.339
263.762
264.183
264.605
265.026
265.448
265.868
266.289
266.708
267.129
267.547
267.964
268.377
268.791
269.202
269.614
270.026
270.44
270.853
271.27
271.688
272.11
272.534
272.964
273.396
273.836
274.275
274.703
275.111
275.512
275.917
276.328
276.74
277.158
277.579
278.007
278.44
278.881
279.328
279.786
280.252
280.715
281.147
281.539
281.924
282.325
282.738
283.163
283.598
284.049
284.513
284.998
285.496
285.975
286.394
286.757
287.133
287.555
288.02
288.533
289.053
289.55
290.007
290.377
244.041
244.615
245.326
245.991
246.63
247.273
247.919
248.568
249.216
249.865
250.515
251.167
251.819
252.474
253.131
253.791
254.452
255.116
255.78
256.446
257.113
257.782
258.45
259.121
259.792
260.464
261.137
261.812
262.486
263.163
263.841
264.522
265.198
265.876
266.545
267.208
267.872
268.54
269.208
269.878
270.548
271.221
271.895
272.572
273.251
273.935
274.621
275.301
275.977
276.636
277.283
277.94
278.601
279.268
279.937
280.612
281.293
281.984
282.674
283.356
284.026
284.665
285.298
285.955
286.633
287.335
288.017
288.735
289.456
290.04
261.813
262.209
262.714
263.194
263.655
264.12
264.589
265.061
265.533
266.007
266.481
266.957
267.434
267.913
268.392
268.873
269.355
269.837
270.317
270.798
271.278
271.76
272.241
272.725
273.209
273.695
274.182
274.673
275.164
275.659
276.156
276.659
277.16
277.654
278.134
278.608
279.085
279.566
280.048
280.534
281.022
281.514
282.01
282.511
283.016
283.528
284.047
284.561
285.056
285.523
285.982
286.454
286.934
287.422
287.918
288.424
288.94
289.47
290.008
290.532
291.018
291.463
291.915
292.4
292.916
293.467
294.017
294.562
295.089
295.508
256.066
256.529
257.148
257.733
258.292
258.855
259.424
259.996
260.569
261.144
261.721
262.3
262.881
263.465
264.052
264.642
265.233
265.827
266.42
267.015
267.609
268.205
268.799
269.396
269.991
270.589
271.186
271.785
272.384
272.985
273.587
274.192
274.794
275.395
275.987
276.573
277.161
277.751
278.342
278.935
279.529
280.126
280.724
281.325
281.929
282.537
283.148
283.754
284.353
284.935
285.506
286.087
286.673
287.264
287.859
288.461
289.068
289.685
290.304
290.913
291.505
292.07
292.631
293.216
293.822
294.451
295.067
295.705
296.343
296.853
266.885
267.273
267.81
268.327
268.819
269.317
269.817
270.32
270.82
271.322
271.822
272.325
272.825
273.328
273.828
274.33
274.831
275.332
275.83
276.328
276.825
277.323
277.821
278.32
278.819
279.32
279.822
280.325
280.829
281.336
281.844
282.356
282.866
283.371
283.866
284.355
284.846
285.341
285.836
286.333
286.832
287.334
287.839
288.347
288.859
289.376
289.897
290.414
290.918
291.401
291.876
292.361
292.853
293.351
293.854
294.366
294.884
295.415
295.949
296.473
296.97
297.436
297.904
298.398
298.917
299.462
300.001
300.545
301.081
301.5
266.571
266.98
267.561
268.12
268.653
269.194
269.739
270.288
270.835
271.386
271.935
272.488
273.041
273.597
274.153
274.71
275.266
275.823
276.376
276.929
277.48
278.03
278.578
279.126
279.672
280.22
280.766
281.314
281.862
282.411
282.96
283.512
284.062
284.608
285.147
285.68
286.215
286.751
287.288
287.826
288.365
288.906
289.449
289.994
290.542
291.092
291.646
292.195
292.737
293.263
293.781
294.305
294.836
295.37
295.909
296.452
297.002
297.559
298.119
298.669
299.205
299.715
300.225
300.754
301.302
301.87
302.428
303.003
303.58
304.033
274.495
274.875
275.434
275.98
276.501
277.028
277.554
278.083
278.606
279.131
279.652
280.174
280.692
281.211
281.725
282.238
282.746
283.252
283.753
284.252
284.746
285.24
285.732
286.223
286.713
287.203
287.693
288.183
288.674
289.166
289.659
290.154
290.647
291.135
291.617
292.093
292.57
293.049
293.529
294.009
294.492
294.976
295.462
295.95
296.442
296.936
297.434
297.927
298.412
298.881
299.343
299.812
300.286
300.764
301.248
301.736
302.231
302.733
303.239
303.734
304.212
304.667
305.121
305.594
306.087
306.599
307.102
307.615
308.129
308.523
277.099
277.51
278.125
278.726
279.296
279.869
280.436
281.002
281.557
282.109
282.653
283.194
283.726
284.257
284.779
285.299
285.813
286.323
286.83
287.334
287.835
288.335
288.834
289.332
289.83
290.327
290.823
291.32
291.817
292.314
292.812
293.311
293.808
294.302
294.791
295.273
295.758
296.242
296.728
297.214
297.701
298.189
298.68
299.171
299.665
300.16
300.659
301.152
301.641
302.118
302.588
303.063
303.543
304.026
304.513
305.004
305.5
306.002
306.506
307.002
307.487
307.954
308.418
308.898
309.394
309.904
310.405
310.923
311.448
311.851
283.997
284.375
284.965
285.544
286.088
286.626
287.155
287.677
288.187
288.691
289.187
289.679
290.164
290.646
291.125
291.602
292.077
292.55
293.022
293.494
293.964
294.434
294.903
295.372
295.841
296.31
296.779
297.248
297.718
298.188
298.658
299.13
299.6
300.067
300.53
300.988
301.446
301.905
302.365
302.826
303.287
303.749
304.213
304.679
305.146
305.616
306.087
306.554
307.015
307.467
307.911
308.359
308.811
309.267
309.725
310.187
310.654
311.126
311.599
312.064
312.519
312.956
313.39
313.838
314.3
314.777
315.242
315.722
316.207
316.563
287.55
287.886
288.439
288.973
289.474
289.969
290.46
290.948
291.431
291.914
292.396
292.878
293.361
293.845
294.33
294.817
295.303
295.79
296.277
296.764
297.25
297.736
298.221
298.707
299.192
299.677
300.162
300.647
301.131
301.616
302.101
302.587
303.07
303.552
304.03
304.503
304.975
305.449
305.922
306.397
306.871
307.347
307.822
308.3
308.778
309.259
309.74
310.217
310.69
311.157
311.615
312.076
312.54
313.008
313.477
313.95
314.425
314.906
315.386
315.86
316.327
316.782
317.23
317.691
318.163
318.645
319.117
319.606
320.105
320.471
294.337
294.618
295.1
295.565
296.002
296.441
296.885
297.333
297.785
298.241
298.701
299.164
299.63
300.098
300.567
301.038
301.509
301.981
302.452
302.924
303.394
303.865
304.335
304.805
305.274
305.743
306.211
306.68
307.147
307.616
308.083
308.552
309.017
309.482
309.943
310.4
310.855
311.312
311.768
312.225
312.682
313.139
313.597
314.056
314.515
314.977
315.438
315.895
316.349
316.799
317.239
317.683
318.128
318.577
319.026
319.48
319.935
320.395
320.853
321.304
321.751
322.189
322.618
323.059
323.509
323.971
324.42
324.891
325.377
325.717
298.366
298.655
299.151
299.628
300.079
300.533
300.992
301.455
301.92
302.386
302.854
303.323
303.792
304.263
304.733
305.205
305.675
306.147
306.617
307.088
307.557
308.027
308.495
308.965
309.432
309.901
310.368
310.837
311.304
311.773
312.24
312.71
313.175
313.641
314.105
314.566
315.024
315.485
315.944
316.405
316.865
317.327
317.788
318.252
318.715
319.18
319.645
320.106
320.566
321.025
321.474
321.925
322.378
322.834
323.29
323.75
324.211
324.676
325.138
325.596
326.052
326.503
326.943
327.391
327.847
328.31
328.761
329.235
329.729
330.075
306.818
307.101
307.584
308.053
308.494
308.936
309.38
309.825
310.269
310.714
311.158
311.603
312.046
312.49
312.933
313.377
313.819
314.262
314.703
315.145
315.584
316.024
316.462
316.9
317.337
317.775
318.21
318.647
319.081
319.517
319.951
320.386
320.817
321.248
321.679
322.106
322.531
322.956
323.381
323.806
324.229
324.654
325.077
325.501
325.925
326.349
326.773
327.192
327.609
328.026
328.435
328.844
329.254
329.666
330.077
330.49
330.904
331.32
331.733
332.14
332.544
332.946
333.339
333.738
334.142
334.553
334.952
335.364
335.805
336.083
310.593
310.693
311.093
311.5
311.872
312.239
312.608
312.978
313.347
313.716
314.085
314.456
314.826
315.199
315.572
315.947
316.323
316.702
317.082
317.464
317.848
318.234
318.623
319.015
319.409
319.809
320.211
320.619
321.03
321.446
321.866
322.291
322.713
323.144
323.582
324.018
324.456
324.9
325.348
325.801
326.257
326.719
327.185
327.657
328.132
328.615
329.098
329.575
330.067
330.571
331.06
331.554
332.052
332.558
333.067
333.584
334.106
334.636
335.156
335.672
336.221
336.778
337.309
337.849
338.404
338.965
339.487
340.114
340.79
341.164
321.804
321.586
321.486
321.459
321.461
321.489
321.544
321.626
321.733
321.864
322.018
322.194
322.391
322.608
322.845
323.097
323.362
323.651
323.961
324.287
324.626
324.981
325.35
325.732
326.125
326.532
326.948
327.376
327.813
328.263
328.727
329.184
329.545
330.027
330.627
331.136
331.631
332.139
332.655
333.18
333.708
334.244
334.784
335.332
335.89
336.458
336.959
337.301
337.918
338.727
339.319
339.878
340.452
341.038
341.626
342.223
342.838
343.445
343.836
344.132
344.987
345.994
346.635
347.249
347.916
348.476
348.455
349.609
350.976
350.765
31.5326
26.6496
24.2969
20.2661
15.5098
10.9413
6.93519
3.83034
2.21431
3.46503
2.98333
-4.78542
-6.01558
-5.38875
-5.40617
-5.64103
-5.71107
-5.63883
-5.47877
-5.22926
-4.88138
-4.43186
-3.88045
-3.22539
-2.46541
-1.59848
-0.622729
0.453093
1.568
2.85406
5.05215
3.59399
3.00552
4.24488
5.60298
6.7569
7.92043
9.15714
10.4423
11.7632
13.1229
14.5218
15.9605
17.4369
18.9518
20.5035
22.0926
23.7174
25.3788
27.0749
28.7963
30.53
32.2772
34.0386
35.816
37.608
39.4162
41.241
43.0832
44.9025
46.571
49.0255
50.2737
51.5841
53.3542
55.1711
56.9344
58.6923
60.4653
62.2442
64.0263
65.8089
67.5936
69.3773
71.1609
72.9414
74.7201
76.4941
78.2646
80.0288
81.788
83.5394
85.2846
87.0212
88.7508
90.471
92.1834
93.8858
95.5796
97.2626
98.9366
100.599
102.252
103.893
105.524
107.143
108.733
110.288
112.154
116.057
305.508
306.497
307.077
307.788
308.559
309.267
309.842
310.225
310.436
310.578
310.36
310.123
310.202
310.274
310.243
310.133
309.96
309.725
309.427
309.067
308.647
308.167
307.63
307.037
306.39
305.691
304.94
304.139
303.292
302.51
301.68
300.854
300.242
299.711
299.137
298.52
297.876
297.21
296.52
295.809
295.077
294.327
293.559
292.775
291.976
291.164
290.34
289.505
288.661
287.809
286.959
286.125
285.307
284.504
283.717
282.946
282.192
281.455
280.736
280.035
279.407
278.743
278.012
277.423
276.932
276.45
275.971
275.508
275.063
274.636
274.225
273.832
273.458
273.101
272.763
272.443
272.143
271.862
271.6
271.358
271.136
270.929
270.73
270.539
270.354
270.174
269.999
269.825
269.652
269.478
269.303
269.125
268.942
268.753
268.558
268.356
268.145
267.933
267.724
267.012
164.647
163.815
163.11
162.346
161.578
160.865
160.228
159.687
159.264
158.949
158.665
158.39
158.107
157.867
157.676
157.527
157.415
157.343
157.309
157.313
157.352
157.428
157.538
157.683
157.859
158.068
158.306
158.575
158.872
159.201
159.51
159.807
160.103
160.418
160.76
161.124
161.508
161.913
162.336
162.778
163.237
163.713
164.204
164.711
165.232
165.766
166.313
166.872
167.441
168.021
168.61
169.208
169.813
170.424
171.04
171.66
172.283
172.908
173.534
174.159
174.789
175.398
176.001
176.611
177.221
177.827
178.427
179.021
179.608
180.187
180.756
181.315
181.863
182.398
182.919
183.427
183.919
184.395
184.854
185.295
185.718
186.127
186.526
186.918
187.308
187.699
188.091
188.484
188.881
189.28
189.683
190.091
190.505
190.924
191.349
191.781
192.222
192.673
193.126
193.101
239.653
240.148
240.594
241.074
241.565
242.043
242.496
242.915
243.288
243.623
243.953
244.308
244.673
245.023
245.354
245.674
245.982
246.278
246.561
246.832
247.091
247.339
247.574
247.799
248.012
248.214
248.406
248.587
248.757
248.92
249.094
249.293
249.507
249.719
249.92
250.116
250.307
250.494
250.677
250.856
251.031
251.204
251.373
251.541
251.705
251.869
252.03
252.191
252.35
252.51
252.669
252.828
252.988
253.149
253.311
253.475
253.64
253.808
253.978
254.151
254.327
254.514
254.709
254.917
255.13
255.346
255.565
255.789
256.018
256.252
256.491
256.737
256.988
257.246
257.511
257.783
258.062
258.349
258.644
258.947
259.259
259.581
259.913
260.254
260.6
260.949
261.301
261.652
262.001
262.348
262.693
263.035
263.375
263.711
264.045
264.376
264.703
265.027
265.351
265.626
195.622
195.377
195.174
194.956
194.743
194.554
194.393
194.266
194.177
194.125
194.085
194.054
194.031
194.029
194.047
194.085
194.14
194.214
194.306
194.416
194.544
194.689
194.85
195.029
195.224
195.435
195.661
195.903
196.159
196.432
196.704
196.98
197.26
197.553
197.857
198.174
198.501
198.84
199.188
199.547
199.914
200.292
200.677
201.072
201.474
201.884
202.3
202.725
203.154
203.591
204.033
204.481
204.932
205.39
205.85
206.316
206.784
207.256
207.73
208.207
208.686
209.162
209.64
210.12
210.6
211.081
211.561
212.042
212.522
213.001
213.479
213.956
214.43
214.902
215.371
215.839
216.302
216.763
217.22
217.673
218.122
218.567
219.006
219.441
219.87
220.293
220.712
221.134
221.561
221.994
222.43
222.873
223.321
223.776
224.237
224.706
225.183
225.667
226.163
226.55
214.791
215.183
215.565
215.961
216.368
216.781
217.195
217.612
218.026
218.439
218.855
219.278
219.707
220.14
220.575
221.014
221.457
221.903
222.352
222.805
223.26
223.718
224.178
224.641
225.105
225.572
226.04
226.51
226.982
227.454
227.932
228.417
228.908
229.401
229.895
230.391
230.888
231.388
231.889
232.392
232.895
233.401
233.906
234.413
234.92
235.429
235.937
236.447
236.955
237.465
237.973
238.483
238.991
239.499
240.006
240.513
241.019
241.524
242.027
242.53
243.03
243.531
244.03
244.531
245.03
245.527
246.022
246.515
247.006
247.496
247.982
248.467
248.95
249.43
249.908
250.384
250.857
251.328
251.796
252.262
252.725
253.186
253.644
254.101
254.555
255.007
255.454
255.895
256.325
256.747
257.158
257.56
257.951
258.332
258.701
259.059
259.404
259.736
260.059
260.328
199.62
199.714
199.83
199.943
200.063
200.2
200.355
200.53
200.726
200.943
201.17
201.401
201.642
201.899
202.17
202.455
202.753
203.065
203.389
203.728
204.078
204.441
204.816
205.203
205.601
206.012
206.433
206.865
207.307
207.76
208.217
208.677
209.141
209.615
210.097
210.587
211.084
211.589
212.1
212.618
213.141
213.671
214.205
214.746
215.289
215.838
216.39
216.946
217.504
218.066
218.629
219.195
219.762
220.331
220.901
221.471
222.041
222.612
223.181
223.751
224.319
224.883
225.444
226.005
226.562
227.117
227.669
228.219
228.764
229.307
229.845
230.38
230.91
231.436
231.957
232.473
232.984
233.49
233.99
234.485
234.973
235.457
235.933
236.404
236.867
237.325
237.776
238.226
238.674
239.12
239.565
240.008
240.45
240.892
241.333
241.774
242.214
242.654
243.1
243.473
201.597
201.989
202.384
202.789
203.206
203.639
204.083
204.542
205.014
205.499
205.992
206.489
206.997
207.519
208.052
208.597
209.153
209.72
210.298
210.888
211.486
212.096
212.714
213.343
213.98
214.626
215.28
215.943
216.613
217.29
217.973
218.66
219.353
220.054
220.759
221.471
222.188
222.91
223.635
224.366
225.099
225.837
226.575
227.318
228.061
228.806
229.552
230.299
231.045
231.792
232.537
233.282
234.024
234.766
235.504
236.241
236.974
237.705
238.431
239.153
239.87
240.583
241.289
241.992
242.688
243.378
244.062
244.74
245.41
246.075
246.731
247.38
248.021
248.654
249.278
249.895
250.502
251.101
251.69
252.27
252.84
253.401
253.951
254.492
255.023
255.543
256.051
256.545
257.026
257.493
257.947
258.386
258.811
259.221
259.617
259.999
260.366
260.717
261.06
261.338
194.147
194.457
194.783
195.114
195.456
195.818
196.197
196.596
197.014
197.453
197.903
198.359
198.827
199.314
199.816
200.334
200.867
201.416
201.979
202.557
203.149
203.757
204.377
205.011
205.658
206.318
206.99
207.674
208.369
209.076
209.789
210.507
211.23
211.964
212.706
213.457
214.215
214.981
215.752
216.53
217.312
218.1
218.891
219.687
220.484
221.284
222.085
222.888
223.69
224.493
225.294
226.095
226.893
227.689
228.481
229.27
230.054
230.834
231.608
232.378
233.14
233.896
234.643
235.384
236.117
236.842
237.559
238.268
238.968
239.659
240.339
241.011
241.672
242.323
242.964
243.594
244.213
244.822
245.419
246.005
246.58
247.143
247.694
248.235
248.764
249.283
249.792
250.293
250.785
251.267
251.741
252.205
252.661
253.108
253.547
253.977
254.398
254.81
255.222
255.565
190.679
191.12
191.573
192.037
192.518
193.02
193.542
194.085
194.648
195.234
195.832
196.44
197.063
197.708
198.37
199.051
199.75
200.468
201.202
201.956
202.725
203.512
204.315
205.135
205.969
206.819
207.683
208.562
209.453
210.358
211.272
212.193
213.122
214.063
215.014
215.975
216.944
217.922
218.906
219.898
220.895
221.897
222.903
223.913
224.924
225.938
226.951
227.966
228.979
229.992
231.001
232.008
233.011
234.01
235.004
235.992
236.972
237.946
238.911
239.868
240.815
241.751
242.675
243.589
244.492
245.384
246.264
247.133
247.988
248.831
249.66
250.476
251.276
252.063
252.834
253.59
254.329
255.054
255.762
256.454
257.129
257.788
258.428
259.052
259.656
260.242
260.809
261.357
261.885
262.395
262.885
263.356
263.807
264.24
264.653
265.047
265.424
265.78
266.129
266.403
184.553
184.986
185.436
185.897
186.377
186.88
187.406
187.957
188.533
189.136
189.755
190.386
191.036
191.711
192.408
193.127
193.867
194.63
195.415
196.221
197.049
197.898
198.767
199.658
200.567
201.497
202.445
203.412
204.396
205.398
206.412
207.435
208.469
209.519
210.58
211.655
212.74
213.835
214.939
216.052
217.17
218.295
219.424
220.558
221.692
222.829
223.964
225.099
226.23
227.359
228.482
229.6
230.711
231.815
232.911
234
235.078
236.148
237.205
238.252
239.286
240.305
241.307
242.297
243.269
244.227
245.168
246.094
247.003
247.896
248.772
249.632
250.473
251.297
252.101
252.888
253.655
254.403
255.131
255.841
256.532
257.204
257.856
258.492
259.108
259.707
260.286
260.848
261.391
261.915
262.421
262.909
263.377
263.828
264.261
264.675
265.071
265.447
265.815
266.106
179.053
179.519
180.005
180.506
181.031
181.582
182.159
182.766
183.402
184.068
184.758
185.465
186.197
186.959
187.749
188.568
189.414
190.29
191.193
192.125
193.084
194.072
195.086
196.129
197.197
198.293
199.413
200.56
201.728
202.922
204.133
205.359
206.602
207.865
209.144
210.441
211.751
213.075
214.409
215.755
217.107
218.469
219.834
221.205
222.578
223.954
225.329
226.704
228.074
229.441
230.799
232.151
233.491
234.822
236.138
237.443
238.733
240.01
241.271
242.519
243.751
244.965
246.16
247.339
248.497
249.636
250.752
251.848
252.921
253.972
255.001
256.009
256.993
257.957
258.896
259.813
260.706
261.574
262.416
263.234
264.026
264.792
265.531
266.246
266.933
267.594
268.229
268.837
269.418
269.974
270.501
271.002
271.475
271.923
272.344
272.739
273.109
273.452
273.781
274.025
172.486
172.976
173.481
174.001
174.541
175.108
175.699
176.319
176.969
177.65
178.356
179.08
179.832
180.617
181.433
182.282
183.163
184.079
185.028
186.013
187.031
188.086
189.176
190.303
191.464
192.662
193.894
195.163
196.465
197.802
199.168
200.559
201.975
203.422
204.895
206.393
207.911
209.45
211.003
212.57
214.144
215.727
217.311
218.898
220.482
222.065
223.642
225.215
226.779
228.338
229.885
231.422
232.945
234.452
235.941
237.41
238.856
240.281
241.681
243.059
244.414
245.746
247.054
248.342
249.606
250.848
252.065
253.257
254.421
255.558
256.666
257.747
258.799
259.826
260.824
261.797
262.742
263.662
264.553
265.418
266.253
267.061
267.84
268.59
269.311
270.005
270.668
271.305
271.911
272.489
273.037
273.558
274.047
274.508
274.94
275.344
275.718
276.064
276.394
276.631
164.968
165.47
165.993
166.531
167.095
167.689
168.315
168.973
169.667
170.397
171.157
171.942
172.76
173.617
174.512
175.445
176.417
177.43
178.483
179.579
180.716
181.896
183.118
184.383
185.691
187.043
188.437
189.876
191.355
192.877
194.436
196.029
197.656
199.324
201.028
202.768
204.539
206.344
208.175
210.033
211.91
213.805
215.708
217.617
219.523
221.423
223.311
225.186
227.045
228.889
230.715
232.526
234.318
236.093
237.845
239.576
241.279
242.954
244.596
246.205
247.778
249.316
250.82
252.293
253.735
255.15
256.535
257.892
259.218
260.514
261.775
263.004
264.199
265.359
266.485
267.578
268.638
269.666
270.662
271.625
272.554
273.451
274.312
275.139
275.93
276.686
277.406
278.092
278.742
279.358
279.938
280.483
280.993
281.468
281.908
282.314
282.685
283.021
283.336
283.547
158.781
158.955
159.189
159.464
159.781
160.142
160.548
161.002
161.503
162.054
162.651
163.289
163.976
164.716
165.51
166.36
167.268
168.236
169.267
170.362
171.523
172.753
174.052
175.423
176.867
178.385
179.977
181.645
183.386
185.2
187.08
189.021
191.018
193.074
195.179
197.33
199.514
201.727
203.959
206.207
208.46
210.721
212.981
215.241
217.49
219.725
221.933
224.113
226.255
228.36
230.423
232.45
234.44
236.398
238.326
240.227
242.099
243.943
245.754
247.532
249.27
250.966
252.619
254.23
255.799
257.329
258.823
260.283
261.709
263.103
264.464
265.791
267.081
268.334
269.549
270.727
271.866
272.968
274.034
275.064
276.058
277.017
277.938
278.822
279.666
280.472
281.237
281.962
282.645
283.287
283.886
284.442
284.955
285.424
285.847
286.225
286.556
286.838
287.083
287.212
154.255
154.566
154.871
155.211
155.575
155.952
156.347
156.762
157.202
157.668
158.157
158.664
159.199
159.767
160.371
161.013
161.696
162.424
163.201
164.031
164.917
165.865
166.878
167.964
169.126
170.372
171.708
173.142
174.679
176.331
178.099
179.99
182.009
184.169
186.467
188.907
191.476
194.17
196.965
199.842
202.762
205.697
208.616
211.513
214.382
217.225
220.03
222.792
225.494
228.128
230.683
233.158
235.547
237.856
240.09
242.258
244.368
246.43
248.447
250.423
252.356
254.245
256.086
257.878
259.617
261.305
262.942
264.535
266.085
267.597
269.073
270.515
271.921
273.291
274.623
275.914
277.165
278.375
279.543
280.672
281.762
282.813
283.825
284.798
285.731
286.622
287.47
288.274
289.033
289.746
290.412
291.03
291.598
292.117
292.583
292.995
293.352
293.648
293.898
294.027
133.986
135.064
136.004
136.85
137.664
138.474
139.282
140.098
140.933
141.795
142.682
143.592
144.539
145.529
146.567
147.656
148.801
150.007
151.277
152.616
154.029
155.519
157.09
158.746
160.489
162.323
164.248
166.268
168.379
170.586
172.877
175.25
177.7
180.238
182.849
185.538
188.291
191.115
193.993
196.945
199.972
203.066
206.175
209.257
212.281
215.263
218.216
221.156
224.078
226.973
229.824
232.612
235.32
237.937
240.457
242.881
245.213
247.467
249.655
251.789
253.875
255.914
257.907
259.85
261.74
263.573
265.348
267.064
268.727
270.339
271.907
273.435
274.926
276.38
277.796
279.173
280.51
281.803
283.055
284.263
285.431
286.557
287.643
288.688
289.693
290.654
291.572
292.442
293.264
294.034
294.751
295.412
296.013
296.551
297.022
297.422
297.745
297.982
298.141
298.148
122.76
121.835
121.172
120.504
119.865
119.301
118.806
118.37
117.983
117.647
117.37
117.155
116.999
116.901
116.866
116.898
117.003
117.188
117.462
117.834
118.318
118.925
119.674
120.583
121.675
122.975
124.515
126.325
128.446
130.92
133.794
137.123
140.955
145.356
150.367
156.04
162.38
169.391
176.706
183.885
190.48
196.37
201.656
206.51
210.998
215.119
218.89
222.391
225.705
228.889
231.971
234.964
237.862
240.652
243.325
245.881
248.331
250.685
252.954
255.151
257.291
259.381
261.428
263.434
265.397
267.314
269.181
270.995
272.756
274.466
276.129
277.748
279.329
280.874
282.384
283.858
285.297
286.696
288.056
289.377
290.658
291.899
293.104
294.271
295.401
296.493
297.548
298.561
299.533
300.46
301.341
302.172
302.951
303.674
304.336
304.932
305.457
305.898
306.261
306.464
194.705
193.715
192.784
192.087
191.464
190.835
190.204
189.582
188.956
188.323
187.675
187.008
186.319
185.609
184.872
184.111
183.319
182.501
181.649
180.766
179.847
178.891
177.895
176.856
175.77
174.632
173.437
172.178
170.848
169.44
167.946
166.36
164.684
162.949
161.22
159.648
158.543
158.76
162.065
168.556
176.827
185.16
192.225
198.31
203.997
209.39
214.352
218.848
222.97
226.824
230.464
233.91
237.188
240.324
243.33
246.206
248.95
251.564
254.057
256.44
258.727
260.933
263.071
265.15
267.176
269.151
271.076
272.948
274.767
276.533
278.247
279.913
281.534
283.116
284.661
286.171
287.648
289.09
290.497
291.868
293.204
294.504
295.771
297.003
298.204
299.373
300.509
301.611
302.679
303.71
304.701
305.651
306.555
307.41
308.212
308.952
309.624
310.217
310.704
310.938
126.213
126.866
127.137
127.466
127.778
128.009
128.175
128.306
128.406
128.478
128.513
128.529
128.514
128.474
128.405
128.313
128.193
128.05
127.88
127.69
127.479
127.257
127.028
126.81
126.616
126.477
126.427
126.519
126.827
127.451
128.525
130.242
132.854
136.699
142.216
149.962
160.201
173.092
181.774
190.905
195.106
198.403
202.864
208.155
213.254
217.888
222.238
226.383
230.234
233.735
236.94
239.953
242.849
245.665
248.412
251.092
253.699
256.226
258.669
261.027
263.305
265.513
267.662
269.76
271.815
273.83
275.804
277.736
279.624
281.463
283.255
284.999
286.698
288.357
289.978
291.564
293.116
294.636
296.122
297.574
298.994
300.381
301.738
303.065
304.368
305.645
306.9
308.133
309.347
310.541
311.718
312.877
314.02
315.148
316.261
317.36
318.444
319.504
320.512
321.555
)
;

boundaryField
{
    airfoil
    {
        type            zeroGradient;
    }
    farBoundaries
    {
        type            zeroGradient;
    }
    inlet
    {
        type            freestream;
        freestreamValue uniform 1;
        value           nonuniform List<scalar> 
200
(
1
1
1
1
1
1
1
1
1
1
1
1
1
1
1
1
1
1
1
1
1
1
1
1
1
1
1
1
1
1
1
1
1
1
1
1
1
79.8624
79.3592
174.746
194.951
198.4
202.864
208.155
213.254
217.888
222.238
226.383
230.234
233.735
236.94
239.953
242.849
245.665
248.412
251.092
253.699
256.226
258.669
261.027
263.305
265.513
267.662
269.76
271.815
273.83
275.804
277.736
279.624
281.463
283.255
284.999
286.698
288.357
289.978
291.564
293.116
294.636
296.122
297.574
298.994
300.381
301.738
303.065
304.368
305.645
306.9
308.133
309.347
310.541
311.718
312.877
314.02
315.148
316.261
317.36
318.444
319.504
320.512
321.555
1
1
1
1
1
1
1
1
1
1
1
1
1
1
1
1
1
1
1
1
1
1
1
1
1
1
1
1
1
1
1
1
1
1
1
1
1
1
1
1
1
1
1
1
1
1
1
1
1
1
1
1
1
1
1
1
1
1
1
1
1
1
1
1
1
1
1
1
1
1
1
67.4246
118.729
198.693
205.444
210.325
216.16
221.916
226.998
231.718
236.345
240.817
244.999
248.895
252.609
256.246
259.856
263.433
266.952
270.382
273.709
276.935
280.079
283.16
286.199
289.205
292.183
295.137
298.026
300.912
)
;
    }
    outlet
    {
        type            freestream;
        freestreamValue uniform 1;
        value           nonuniform List<scalar> 
40
(
286.896
287.03
286.945
286.934
286.97
287.031
286.994
286.933
286.784
286.607
286.301
285.901
285.351
284.838
284.434
284.175
284.044
284.005
284.006
284.005
281.553
281.566
281.579
281.615
281.701
281.871
282.153
282.555
283.056
283.594
284.048
284.45
284.788
285.119
285.408
285.697
285.944
286.195
286.41
286.667
)
;
    }
    defaultFaces
    {
        type            empty;
    }
}


// ************************************************************************* //
