/*--------------------------------*- C++ -*----------------------------------*\
  =========                 |
  \\      /  F ield         | OpenFOAM: The Open Source CFD Toolbox
   \\    /   O peration     | Website:  https://openfoam.org
    \\  /    A nd           | Version:  6.0
     \\/     M anipulation  |
\*---------------------------------------------------------------------------*/
FoamFile
{
    version     2.0;
    format      ascii;
    class       volScalarField;
    location    "250";
    object      nut;
}
// * * * * * * * * * * * * * * * * * * * * * * * * * * * * * * * * * * * * * //

dimensions      [0 2 -1 0 0 0 0];

internalField   nonuniform List<scalar> 
9800
(
0.14002
0.140006
0.140007
0.140007
0.140007
0.140007
0.140008
0.140008
0.140009
0.14001
0.140011
0.140011
0.140012
0.140013
0.140015
0.140017
0.140019
0.14002
0.14002
0.140018
0.140015
0.140012
0.140004
0.140005
0.140013
0.140016
0.140019
0.140021
0.140021
0.140021
0.140019
0.140017
0.140015
0.140014
0.140013
0.140012
0.140011
0.140011
0.14001
0.140009
0.140008
0.140007
0.140006
0.140005
0.140003
0.140002
0.14
0.139997
0.139994
0.139985
0.139975
0.139968
0.139971
0.139979
0.139987
0.139994
0.14
0.140005
0.14001
0.140016
0.140023
0.140031
0.140041
0.140053
0.140067
0.140085
0.140108
0.140136
0.140171
0.140218
0.140279
0.140361
0.140474
0.140648
0.140873
0.141406
0.141951
0.142888
0.143786
0.144122
0.144155
0.14415
0.144094
0.144024
0.143954
0.143894
0.143848
0.143819
0.143808
0.143814
0.143836
0.143868
0.143902
0.143932
0.143949
0.14395
0.143906
0.143867
0.144016
0.146115
0.140063
0.140053
0.140046
0.140043
0.140041
0.14004
0.140039
0.140037
0.140035
0.140034
0.140033
0.140032
0.14003
0.140028
0.140023
0.140013
0.139998
0.139994
0.139993
0.140002
0.140017
0.140016
0.139998
0.139999
0.140018
0.140021
0.140011
0.139999
0.139997
0.14
0.140014
0.140025
0.14003
0.140032
0.140033
0.140035
0.140036
0.140037
0.140038
0.140038
0.140038
0.140039
0.140039
0.14004
0.140041
0.140042
0.140043
0.140043
0.140044
0.140042
0.140038
0.140033
0.140032
0.140036
0.140045
0.140058
0.140074
0.14009
0.140108
0.140127
0.140147
0.14017
0.140195
0.140223
0.140256
0.140293
0.140336
0.140386
0.140443
0.140509
0.140588
0.140681
0.140792
0.14093
0.141088
0.141312
0.141538
0.141679
0.141756
0.141805
0.141838
0.141861
0.141876
0.141887
0.141898
0.141913
0.141929
0.141947
0.141967
0.141989
0.142014
0.142046
0.142085
0.142133
0.142191
0.142256
0.142326
0.142395
0.142463
0.142535
0.140079
0.14007
0.14006
0.140051
0.140041
0.140028
0.140015
0.140004
0.140001
0.139998
0.139996
0.139992
0.139988
0.139981
0.139972
0.13996
0.13995
0.139955
0.139979
0.14
0.140018
0.140016
0.139991
0.139978
0.140015
0.14002
0.140004
0.139971
0.139954
0.139952
0.139964
0.13998
0.139991
0.139997
0.14
0.140002
0.140005
0.140012
0.140019
0.140026
0.140032
0.140037
0.140041
0.140045
0.140048
0.140051
0.140054
0.140057
0.140059
0.140061
0.140062
0.140061
0.140059
0.140057
0.140058
0.140062
0.14007
0.14008
0.140093
0.140107
0.140122
0.140139
0.140156
0.140173
0.140182
0.140193
0.140208
0.140239
0.14028
0.140327
0.140379
0.140438
0.140503
0.140577
0.140658
0.140748
0.140848
0.140955
0.141067
0.141185
0.141309
0.141434
0.141561
0.141689
0.14182
0.141951
0.142081
0.142209
0.142334
0.142456
0.142573
0.142685
0.142791
0.142893
0.142989
0.14308
0.143167
0.143247
0.143327
0.143425
0.140049
0.140028
0.14
0.13999
0.139977
0.139966
0.139957
0.139951
0.139949
0.139948
0.139948
0.13995
0.139953
0.139952
0.139947
0.13994
0.139941
0.139956
0.139984
0.140008
0.140022
0.140015
0.139981
0.139949
0.140004
0.140018
0.140005
0.139973
0.139945
0.139926
0.139916
0.139922
0.139932
0.13994
0.139946
0.139949
0.139951
0.139954
0.139959
0.139965
0.139972
0.139978
0.139984
0.139988
0.139992
0.139994
0.139996
0.139998
0.140001
0.140006
0.140014
0.140023
0.140031
0.140037
0.140042
0.140047
0.140052
0.140058
0.140066
0.140076
0.140087
0.140099
0.140113
0.140126
0.140139
0.14015
0.140161
0.140173
0.14019
0.14021
0.140235
0.140262
0.140292
0.140323
0.140356
0.140389
0.140423
0.140459
0.140499
0.140543
0.14059
0.140638
0.140685
0.140731
0.140775
0.140815
0.140852
0.140884
0.140912
0.140935
0.140955
0.140975
0.140992
0.141009
0.141025
0.141041
0.141059
0.141078
0.141093
0.141094
0.140002
0.139972
0.139937
0.139913
0.1399
0.139892
0.139888
0.139886
0.139887
0.139889
0.139893
0.139897
0.1399
0.139899
0.139901
0.139911
0.139933
0.13996
0.13999
0.140013
0.140023
0.140008
0.13996
0.139918
0.139983
0.140008
0.14
0.139967
0.13992
0.139887
0.139867
0.13986
0.139863
0.13987
0.139877
0.139881
0.139885
0.139888
0.139891
0.139895
0.139899
0.139907
0.139919
0.139932
0.139946
0.139957
0.139967
0.139975
0.139981
0.139987
0.139994
0.140002
0.140011
0.14002
0.140028
0.140036
0.140043
0.140049
0.140056
0.140064
0.140072
0.140082
0.140092
0.140103
0.140114
0.140126
0.140137
0.140148
0.140159
0.14017
0.140182
0.140194
0.140207
0.14022
0.140234
0.140247
0.14026
0.140273
0.140286
0.1403
0.140315
0.140333
0.140352
0.140372
0.140393
0.140413
0.140434
0.140453
0.140472
0.14049
0.140508
0.140526
0.140543
0.140561
0.140579
0.140597
0.140614
0.140633
0.140648
0.140653
0.139881
0.139857
0.139834
0.13982
0.139814
0.139812
0.139812
0.139814
0.139816
0.139819
0.139823
0.139825
0.139828
0.139833
0.139849
0.13988
0.139922
0.13996
0.139991
0.140012
0.140016
0.139989
0.139916
0.139882
0.139952
0.139989
0.139986
0.139952
0.139891
0.139841
0.13981
0.139794
0.139789
0.139791
0.139796
0.1398
0.139805
0.139808
0.139811
0.139813
0.139816
0.13982
0.139827
0.139836
0.139847
0.139859
0.139871
0.139884
0.139897
0.139911
0.139925
0.139938
0.139952
0.139966
0.139979
0.139992
0.140003
0.140014
0.140024
0.140034
0.140043
0.140052
0.14006
0.140069
0.140077
0.140086
0.140095
0.140105
0.140114
0.140122
0.140131
0.14014
0.140148
0.140157
0.140166
0.140175
0.140184
0.140193
0.140203
0.140212
0.140222
0.140233
0.140245
0.140258
0.140272
0.140286
0.140302
0.140317
0.140333
0.140349
0.140366
0.140382
0.140399
0.140416
0.140433
0.14045
0.140467
0.140485
0.140502
0.140505
0.139751
0.139737
0.139729
0.139726
0.139725
0.139726
0.139728
0.139731
0.139736
0.139742
0.139752
0.139765
0.139783
0.139808
0.139842
0.139885
0.139928
0.139966
0.139995
0.14001
0.140001
0.139956
0.139863
0.139838
0.139913
0.139962
0.139971
0.139944
0.13989
0.139826
0.13977
0.139732
0.139713
0.139706
0.139706
0.139709
0.139712
0.139715
0.139717
0.139719
0.13972
0.139722
0.139724
0.139727
0.139732
0.139739
0.139747
0.139757
0.139767
0.139779
0.139791
0.139803
0.139815
0.139828
0.13984
0.139853
0.139865
0.139877
0.13989
0.139905
0.139923
0.139942
0.139961
0.139979
0.139996
0.140011
0.140025
0.140038
0.14005
0.140061
0.140072
0.140081
0.140091
0.1401
0.14011
0.140119
0.140128
0.140137
0.140146
0.140155
0.140164
0.140173
0.140183
0.140193
0.140203
0.140213
0.140224
0.140235
0.140247
0.140258
0.14027
0.140283
0.140295
0.140307
0.14032
0.140333
0.140346
0.140359
0.140372
0.140369
0.139646
0.139623
0.139624
0.139626
0.139631
0.139637
0.139647
0.139661
0.139679
0.1397
0.139728
0.139753
0.139782
0.139818
0.139859
0.139902
0.139942
0.139975
0.139996
0.14
0.139976
0.139911
0.139804
0.139785
0.13986
0.139926
0.139949
0.139936
0.139894
0.139835
0.139772
0.139709
0.13966
0.13963
0.139615
0.139609
0.139609
0.13961
0.139612
0.139613
0.139614
0.139614
0.139613
0.139613
0.139613
0.139614
0.139616
0.139619
0.139624
0.13963
0.139638
0.139646
0.139654
0.139663
0.139673
0.139682
0.139692
0.139701
0.139711
0.139721
0.139733
0.139745
0.139759
0.139774
0.139789
0.139808
0.139831
0.139855
0.139879
0.139901
0.139923
0.139942
0.13996
0.139976
0.139991
0.140004
0.140017
0.140028
0.140039
0.14005
0.14006
0.140069
0.140078
0.140088
0.140096
0.140105
0.140114
0.140123
0.140132
0.14014
0.140149
0.140158
0.140166
0.140175
0.140183
0.140192
0.1402
0.140209
0.140218
0.140209
0.139532
0.139506
0.139517
0.139531
0.13955
0.139572
0.139598
0.139627
0.139658
0.139691
0.139729
0.139761
0.139798
0.139839
0.13988
0.139919
0.139953
0.139978
0.139989
0.139978
0.139935
0.13985
0.139737
0.139717
0.139784
0.139872
0.139915
0.139918
0.139892
0.139845
0.139786
0.139718
0.139652
0.139594
0.139548
0.139519
0.139502
0.139495
0.139492
0.139492
0.139491
0.139491
0.13949
0.139488
0.139486
0.139483
0.139481
0.139479
0.139478
0.139478
0.139479
0.139481
0.139484
0.139487
0.139491
0.139495
0.139499
0.139504
0.13951
0.139515
0.13952
0.139526
0.139532
0.139539
0.139546
0.139554
0.139564
0.139576
0.139588
0.139602
0.139614
0.139628
0.139646
0.139668
0.139692
0.139716
0.139739
0.139761
0.139781
0.139798
0.139814
0.139829
0.139842
0.139854
0.139865
0.139875
0.139884
0.139893
0.139902
0.13991
0.139918
0.139926
0.139933
0.13994
0.139947
0.139953
0.139959
0.139965
0.139971
0.139957
0.139464
0.139454
0.139478
0.139505
0.139534
0.139567
0.139601
0.139636
0.139672
0.139709
0.139749
0.139786
0.139825
0.139865
0.139902
0.139935
0.13996
0.139974
0.139969
0.139939
0.139876
0.139772
0.139656
0.13963
0.139684
0.139792
0.139859
0.139884
0.139876
0.139845
0.139797
0.139736
0.13967
0.139602
0.139537
0.139479
0.139432
0.139398
0.139375
0.139361
0.139352
0.139348
0.139344
0.139342
0.139339
0.139335
0.139331
0.139326
0.139322
0.139317
0.139313
0.139309
0.139306
0.139304
0.139301
0.139299
0.139297
0.139296
0.139295
0.139293
0.139292
0.139291
0.139289
0.139288
0.139288
0.139287
0.139287
0.139287
0.139287
0.139288
0.139289
0.13929
0.139292
0.139295
0.139298
0.139303
0.139311
0.139325
0.139343
0.139363
0.139384
0.139404
0.139422
0.139439
0.139454
0.139467
0.13948
0.139491
0.139501
0.13951
0.139518
0.139525
0.139532
0.139538
0.139543
0.139548
0.139552
0.139555
0.139558
0.139531
0.139399
0.139399
0.139437
0.139478
0.139519
0.13956
0.139601
0.139642
0.139683
0.139724
0.139767
0.139806
0.139844
0.13988
0.139911
0.139935
0.139948
0.139946
0.139922
0.139869
0.139779
0.139652
0.139545
0.139518
0.139569
0.139689
0.139782
0.139831
0.139845
0.139832
0.1398
0.139751
0.139693
0.139629
0.139562
0.139495
0.139431
0.139373
0.139321
0.139279
0.139244
0.139218
0.139198
0.139184
0.139174
0.139166
0.139158
0.139151
0.139144
0.139137
0.139129
0.139121
0.139114
0.139106
0.139099
0.139091
0.139084
0.139077
0.13907
0.139062
0.139055
0.139047
0.139039
0.139031
0.139022
0.139013
0.139005
0.138996
0.138987
0.138979
0.13897
0.138962
0.138953
0.138944
0.138935
0.138926
0.138917
0.138909
0.138902
0.138896
0.138893
0.138896
0.138905
0.138918
0.138932
0.138946
0.13896
0.138972
0.138984
0.138995
0.139004
0.139013
0.13902
0.139027
0.139033
0.139038
0.139043
0.139047
0.13905
0.139022
0.139434
0.139451
0.139487
0.139527
0.139566
0.139606
0.139646
0.139686
0.139726
0.139766
0.139806
0.139841
0.139874
0.139901
0.139921
0.139932
0.139929
0.139907
0.139861
0.139783
0.139668
0.139521
0.139409
0.139374
0.139415
0.139517
0.139638
0.139719
0.13976
0.13977
0.139758
0.139726
0.139679
0.139623
0.139559
0.139489
0.139417
0.139343
0.13927
0.139201
0.139137
0.139081
0.139034
0.138997
0.138971
0.138951
0.138936
0.138925
0.138914
0.138905
0.138895
0.138886
0.138876
0.138866
0.138856
0.138846
0.138836
0.138825
0.138814
0.138803
0.13879
0.138778
0.138765
0.138752
0.138738
0.138724
0.138709
0.138694
0.138679
0.138663
0.138648
0.138632
0.138617
0.138602
0.138586
0.13857
0.138553
0.138536
0.138519
0.138501
0.138483
0.138466
0.138449
0.138433
0.138418
0.138409
0.138404
0.138405
0.138408
0.138413
0.138418
0.138423
0.138428
0.138431
0.138434
0.138436
0.138438
0.138438
0.138439
0.138403
0.139313
0.139306
0.139351
0.139406
0.139463
0.139519
0.139572
0.139622
0.139668
0.139713
0.13976
0.139795
0.139821
0.139839
0.139846
0.139838
0.139811
0.139759
0.139676
0.139557
0.13941
0.139283
0.139202
0.139182
0.139231
0.139345
0.139489
0.139601
0.139672
0.139709
0.139719
0.139706
0.139675
0.139632
0.139578
0.139516
0.139448
0.139374
0.139296
0.139216
0.139136
0.139057
0.138982
0.138914
0.138854
0.138801
0.138756
0.13872
0.13869
0.138665
0.138644
0.138625
0.138609
0.138594
0.138579
0.138565
0.138551
0.138537
0.138523
0.138508
0.138493
0.138477
0.138461
0.138444
0.138427
0.138409
0.138391
0.138372
0.138352
0.138331
0.13831
0.138288
0.138267
0.138244
0.138222
0.138199
0.138177
0.138154
0.13813
0.138107
0.138083
0.138059
0.138034
0.138008
0.137982
0.137956
0.13793
0.137906
0.137888
0.137877
0.137873
0.137871
0.137872
0.137874
0.137876
0.137878
0.137881
0.137883
0.137885
0.137849
0.139439
0.139462
0.139505
0.139553
0.139602
0.13965
0.139695
0.139737
0.139776
0.139811
0.139841
0.13986
0.139868
0.139865
0.139847
0.139811
0.139754
0.139672
0.139561
0.139422
0.139262
0.139101
0.138972
0.13892
0.13893
0.138993
0.139082
0.139172
0.139256
0.13933
0.139387
0.139407
0.1394
0.139368
0.139318
0.139255
0.139183
0.139106
0.139028
0.13895
0.138871
0.138793
0.138718
0.138645
0.138577
0.138515
0.138458
0.138407
0.138363
0.138324
0.138291
0.138261
0.138235
0.138212
0.13819
0.138169
0.13815
0.138132
0.138114
0.138095
0.138076
0.138056
0.138037
0.138018
0.137997
0.137977
0.137956
0.137934
0.137912
0.137888
0.137864
0.137839
0.137814
0.137789
0.137763
0.137738
0.137711
0.137685
0.137658
0.13763
0.137602
0.137574
0.137544
0.137514
0.137483
0.137452
0.137419
0.137386
0.137352
0.137318
0.137284
0.13725
0.137215
0.137181
0.137146
0.137113
0.137082
0.137052
0.137029
0.136986
0.139063
0.139075
0.139108
0.139146
0.139182
0.139216
0.139245
0.13927
0.13929
0.139303
0.139309
0.139305
0.139291
0.139263
0.139222
0.139166
0.139093
0.139004
0.1389
0.138787
0.138672
0.138572
0.138508
0.1385
0.138553
0.138674
0.13882
0.13895
0.139061
0.139154
0.139228
0.139275
0.139298
0.139298
0.139278
0.139243
0.139196
0.13914
0.139079
0.139014
0.138947
0.138878
0.138807
0.138736
0.138665
0.138595
0.138526
0.138458
0.138391
0.138326
0.138262
0.1382
0.138138
0.138076
0.138016
0.137959
0.137905
0.137854
0.137807
0.137763
0.137721
0.137682
0.137644
0.137608
0.137573
0.137538
0.137504
0.137471
0.137437
0.137404
0.13737
0.137337
0.137302
0.137268
0.137233
0.137198
0.137162
0.137126
0.137089
0.137051
0.137013
0.136975
0.136936
0.136897
0.136858
0.136818
0.136778
0.136737
0.136696
0.136654
0.136611
0.136567
0.136522
0.136477
0.136434
0.1364
0.136374
0.136355
0.136342
0.136296
0.139185
0.139184
0.139194
0.139208
0.13922
0.139228
0.139233
0.139232
0.139226
0.139212
0.13919
0.139158
0.139115
0.139061
0.138996
0.13892
0.138835
0.138741
0.138641
0.138537
0.138433
0.138333
0.138237
0.138144
0.138057
0.13802
0.138041
0.138089
0.138147
0.138206
0.13826
0.138307
0.13834
0.13836
0.138368
0.138363
0.138348
0.138323
0.13829
0.138251
0.138206
0.138157
0.138104
0.138049
0.137991
0.137931
0.13787
0.137808
0.137746
0.137682
0.137618
0.137554
0.137489
0.137424
0.137359
0.137295
0.137231
0.137169
0.137109
0.13705
0.136993
0.136937
0.136884
0.136832
0.136781
0.136732
0.136684
0.136637
0.136592
0.136547
0.136503
0.136461
0.136419
0.136378
0.136336
0.136295
0.136255
0.136214
0.136172
0.136131
0.136089
0.136047
0.136004
0.13596
0.135915
0.135869
0.135823
0.135775
0.135727
0.135677
0.135626
0.135574
0.13552
0.135464
0.135406
0.135346
0.135284
0.135221
0.135156
0.135094
0.138664
0.138776
0.13881
0.138807
0.138787
0.138763
0.138736
0.138706
0.13867
0.138623
0.138563
0.138504
0.138442
0.138375
0.138307
0.138238
0.138172
0.13811
0.138054
0.138004
0.13796
0.137923
0.137893
0.13787
0.137856
0.137858
0.137879
0.137913
0.137956
0.138002
0.138048
0.13809
0.138128
0.13816
0.138185
0.138202
0.138211
0.138213
0.138207
0.138194
0.138175
0.13815
0.13812
0.138086
0.138047
0.138005
0.13796
0.137913
0.137864
0.137812
0.137757
0.137701
0.137644
0.137584
0.137523
0.137461
0.137397
0.137331
0.137265
0.137197
0.13713
0.137063
0.136996
0.136926
0.136854
0.136777
0.136695
0.136608
0.136514
0.136412
0.136304
0.136192
0.136079
0.13597
0.135865
0.135763
0.135666
0.135572
0.13548
0.135391
0.135303
0.135218
0.135133
0.135049
0.134965
0.134881
0.134798
0.134714
0.13463
0.134545
0.134461
0.134377
0.134294
0.13421
0.134125
0.134039
0.133951
0.133862
0.133772
0.133687
0.138818
0.138805
0.138776
0.138736
0.138694
0.13865
0.138606
0.138561
0.138516
0.138469
0.138422
0.138376
0.138328
0.138278
0.138228
0.138179
0.138131
0.138085
0.138042
0.138001
0.137962
0.137926
0.137891
0.137858
0.137826
0.137795
0.137764
0.137734
0.137703
0.13767
0.137638
0.13761
0.13759
0.137573
0.137559
0.137544
0.137527
0.137507
0.137483
0.137458
0.13743
0.137398
0.137362
0.137322
0.137278
0.137231
0.137182
0.137131
0.137077
0.137019
0.136959
0.136896
0.13683
0.136762
0.136691
0.136619
0.136544
0.136468
0.136389
0.136308
0.136224
0.136137
0.136051
0.135967
0.135884
0.135797
0.13571
0.135621
0.135532
0.135444
0.135352
0.135259
0.135168
0.135075
0.13498
0.134884
0.134789
0.134695
0.1346
0.134505
0.13441
0.134313
0.134213
0.134111
0.134005
0.133896
0.133784
0.133669
0.13355
0.133428
0.133303
0.133175
0.133044
0.13291
0.132774
0.132634
0.132487
0.132337
0.132184
0.132036
0.139752
0.139977
0.14012
0.1402
0.140237
0.140246
0.140235
0.140209
0.140168
0.140111
0.140054
0.140001
0.139949
0.139899
0.139852
0.139807
0.139765
0.139726
0.13969
0.139657
0.139626
0.139598
0.139573
0.13955
0.139529
0.139508
0.139488
0.139467
0.139442
0.139411
0.139374
0.139347
0.139316
0.139287
0.139259
0.139232
0.139206
0.13918
0.139153
0.139125
0.139096
0.139066
0.139035
0.139003
0.13897
0.138934
0.138896
0.138856
0.138813
0.138768
0.138718
0.138665
0.138607
0.138546
0.13848
0.13841
0.138337
0.138259
0.138179
0.138097
0.138007
0.137915
0.137829
0.13773
0.137625
0.137514
0.137396
0.137273
0.137142
0.137002
0.136853
0.136692
0.136517
0.136327
0.136121
0.135894
0.13565
0.135381
0.13509
0.134784
0.134469
0.134155
0.133841
0.133531
0.133223
0.132917
0.132614
0.132312
0.132011
0.13171
0.131408
0.131106
0.130801
0.130493
0.130183
0.129869
0.129553
0.129238
0.128935
0.128672
0.135022
0.133944
0.133629
0.133652
0.133737
0.133739
0.133637
0.133435
0.133146
0.132819
0.132873
0.132223
0.131641
0.131179
0.130789
0.130439
0.130111
0.129792
0.129473
0.129151
0.128822
0.128484
0.128138
0.127783
0.127421
0.127052
0.126681
0.12631
0.125944
0.125599
0.125425
0.125876
0.125709
0.125475
0.125185
0.124848
0.124471
0.12406
0.12362
0.123153
0.122664
0.122155
0.121628
0.121086
0.12053
0.119964
0.11939
0.118809
0.118225
0.11764
0.117057
0.116478
0.115905
0.11534
0.114788
0.114252
0.113733
0.113227
0.112732
0.112243
0.111754
0.111455
0.11154
0.111214
0.110873
0.110526
0.110173
0.109816
0.109453
0.109085
0.108712
0.108334
0.107951
0.107562
0.107168
0.10677
0.106366
0.105958
0.105546
0.105131
0.104713
0.104294
0.103873
0.103451
0.103028
0.102605
0.102181
0.101757
0.101333
0.10091
0.10049
0.100075
0.0996691
0.0992793
0.0989177
0.0986053
0.098379
0.098303
0.098489
0.0991355
0.228115
0.245692
0.262571
0.278429
0.293382
0.307542
0.320999
0.333828
0.346091
0.35784
0.369118
0.379962
0.390403
0.400469
0.410185
0.419574
0.428674
0.437457
0.445961
0.45421
0.462216
0.469989
0.477541
0.484879
0.492011
0.498946
0.50569
0.512249
0.518628
0.524833
0.530868
0.536739
0.542366
0.547733
0.553129
0.558385
0.5635
0.568478
0.573324
0.578041
0.582637
0.587115
0.591482
0.595746
0.599913
0.603991
0.607991
0.611695
0.615237
0.619087
0.622914
0.626722
0.630529
0.634351
0.638207
0.642117
0.646103
0.650188
0.654396
0.658257
0.662329
0.667198
0.672301
0.677651
0.683274
0.689192
0.695432
0.700638
0.708434
0.715683
0.142829
0.142949
0.143097
0.143272
0.143474
0.143707
0.143969
0.144261
0.144578
0.144917
0.145278
0.145664
0.146076
0.146515
0.14698
0.147474
0.147999
0.148548
0.149125
0.149732
0.150369
0.151037
0.151736
0.152465
0.153226
0.154016
0.154837
0.155687
0.156567
0.157475
0.158413
0.159379
0.160346
0.161305
0.162348
0.163422
0.164523
0.165649
0.1668
0.167974
0.169172
0.170392
0.171634
0.172898
0.174183
0.17549
0.17682
0.178084
0.179328
0.18074
0.182184
0.183649
0.185135
0.186641
0.18817
0.189723
0.191303
0.192915
0.194563
0.196029
0.197567
0.199449
0.201416
0.203468
0.205631
0.207945
0.210461
0.212551
0.216191
0.219847
0.143346
0.143313
0.14328
0.14325
0.143224
0.143198
0.143173
0.143146
0.143117
0.143085
0.14305
0.14301
0.142967
0.142921
0.142872
0.14282
0.142766
0.142709
0.14265
0.142588
0.142524
0.142456
0.142386
0.142313
0.142238
0.14216
0.142079
0.141997
0.141912
0.141824
0.141735
0.141644
0.141548
0.141447
0.141347
0.141245
0.141142
0.141037
0.140932
0.140825
0.140717
0.140607
0.140497
0.140386
0.140273
0.14016
0.140044
0.139918
0.139783
0.139657
0.139532
0.139407
0.139282
0.139157
0.139033
0.138908
0.138784
0.138659
0.138534
0.138381
0.138222
0.138095
0.137974
0.13786
0.137753
0.137657
0.137577
0.137417
0.13745
0.137502
0.141099
0.1411
0.141097
0.141091
0.141082
0.141072
0.141062
0.141052
0.141043
0.141033
0.141022
0.141011
0.140999
0.140986
0.140974
0.140961
0.140949
0.140937
0.140925
0.140914
0.140903
0.140892
0.140881
0.14087
0.140858
0.140847
0.140836
0.140824
0.140812
0.1408
0.140788
0.140776
0.140764
0.140752
0.14074
0.140728
0.140716
0.140704
0.140692
0.140681
0.140669
0.140657
0.140646
0.140634
0.140622
0.14061
0.140597
0.140583
0.140568
0.140552
0.140536
0.140519
0.140501
0.140482
0.140463
0.140443
0.140421
0.140399
0.140375
0.140349
0.14032
0.140288
0.140256
0.140224
0.14019
0.140156
0.140119
0.140082
0.14004
0.140002
0.140645
0.14064
0.140633
0.140625
0.140615
0.140604
0.140592
0.14058
0.140569
0.140558
0.140547
0.140536
0.140524
0.140512
0.140499
0.140486
0.140473
0.14046
0.140447
0.140435
0.140424
0.140412
0.140401
0.140389
0.140378
0.140366
0.140355
0.140344
0.140333
0.140323
0.140314
0.140305
0.140297
0.140289
0.140282
0.140275
0.140269
0.140264
0.14026
0.140257
0.140254
0.140253
0.140254
0.140255
0.140257
0.14026
0.140263
0.140267
0.140271
0.140276
0.140282
0.140288
0.140294
0.140301
0.140309
0.140317
0.140326
0.140335
0.140344
0.140354
0.140365
0.140377
0.140389
0.140401
0.140414
0.140426
0.140437
0.140447
0.140454
0.140457
0.140496
0.14049
0.140483
0.140475
0.140466
0.140456
0.140444
0.140432
0.140419
0.140407
0.140395
0.140383
0.140371
0.140358
0.140345
0.140331
0.140318
0.140305
0.140292
0.140281
0.140269
0.140258
0.140246
0.140234
0.140223
0.140211
0.140199
0.140188
0.140177
0.140166
0.140156
0.140145
0.140135
0.140125
0.140115
0.140106
0.140096
0.140087
0.140078
0.14007
0.140062
0.140054
0.140047
0.140041
0.140036
0.140033
0.140031
0.14003
0.140031
0.140034
0.140037
0.140041
0.140046
0.140051
0.140057
0.140064
0.140071
0.140079
0.140087
0.140095
0.140105
0.140116
0.140128
0.14014
0.140153
0.140165
0.140177
0.140187
0.140196
0.140201
0.140356
0.14035
0.140341
0.140332
0.140321
0.14031
0.140297
0.140284
0.14027
0.140256
0.140242
0.140229
0.140215
0.1402
0.140185
0.140169
0.140153
0.140137
0.140121
0.140106
0.140092
0.140077
0.140062
0.140048
0.140032
0.140017
0.140002
0.139987
0.139973
0.139959
0.139945
0.139932
0.13992
0.139909
0.139899
0.139889
0.139881
0.139874
0.139867
0.139862
0.139858
0.139856
0.139854
0.139854
0.139856
0.139858
0.139861
0.139864
0.139868
0.139873
0.139878
0.139884
0.13989
0.139898
0.139905
0.139914
0.139923
0.139933
0.139943
0.139953
0.139965
0.139978
0.139992
0.140006
0.140021
0.140035
0.140049
0.140061
0.140072
0.140078
0.14019
0.140181
0.14017
0.140157
0.140144
0.14013
0.140115
0.140098
0.140081
0.140064
0.140047
0.140031
0.140014
0.139997
0.139978
0.139959
0.13994
0.139921
0.139902
0.139884
0.139866
0.139849
0.139831
0.139814
0.139797
0.13978
0.139764
0.139748
0.139732
0.139718
0.139704
0.139691
0.139679
0.139668
0.139658
0.139649
0.139641
0.139634
0.139629
0.139625
0.139622
0.13962
0.13962
0.139622
0.139625
0.139629
0.139634
0.139639
0.139645
0.139652
0.139659
0.139667
0.139675
0.139684
0.139694
0.139704
0.139715
0.139726
0.139738
0.13975
0.139763
0.139778
0.139793
0.139809
0.139826
0.139842
0.139857
0.13987
0.139883
0.139889
0.139932
0.139922
0.139908
0.139893
0.139877
0.139861
0.139843
0.139824
0.139804
0.139785
0.139766
0.139747
0.139729
0.13971
0.13969
0.139669
0.139648
0.139627
0.139607
0.139588
0.13957
0.139552
0.139534
0.139518
0.139501
0.139486
0.139471
0.139457
0.139444
0.139432
0.13942
0.139409
0.1394
0.139391
0.139384
0.139378
0.139373
0.139369
0.139367
0.139366
0.139367
0.139369
0.139373
0.139378
0.139385
0.139392
0.1394
0.139407
0.139415
0.139424
0.139433
0.139443
0.139454
0.139465
0.139476
0.139488
0.139501
0.139514
0.139527
0.13954
0.139554
0.13957
0.139587
0.139604
0.139622
0.139639
0.139655
0.139669
0.139682
0.139689
0.139509
0.139501
0.13949
0.139476
0.139461
0.139446
0.139429
0.139411
0.139392
0.139374
0.139356
0.13934
0.139323
0.139306
0.139288
0.139269
0.139251
0.139233
0.139216
0.1392
0.139185
0.13917
0.139156
0.139143
0.13913
0.139118
0.139107
0.139097
0.139087
0.139078
0.13907
0.139063
0.139056
0.139051
0.139047
0.139044
0.139042
0.139041
0.139042
0.139044
0.139048
0.139053
0.139059
0.139067
0.139076
0.139087
0.139098
0.13911
0.139121
0.139134
0.139146
0.139159
0.139172
0.139186
0.139199
0.139214
0.139228
0.139243
0.139257
0.139271
0.139286
0.139303
0.139321
0.139339
0.139358
0.139376
0.139392
0.139406
0.13942
0.139428
0.139008
0.139005
0.138999
0.13899
0.13898
0.138969
0.138957
0.138944
0.138931
0.138918
0.138906
0.138893
0.138881
0.138868
0.138855
0.138843
0.13883
0.138819
0.138807
0.138797
0.138787
0.138777
0.138768
0.13876
0.138752
0.138745
0.138738
0.138731
0.138725
0.13872
0.138715
0.138711
0.138708
0.138705
0.138703
0.138701
0.138701
0.138702
0.138704
0.138706
0.138711
0.138716
0.138723
0.138732
0.138741
0.138752
0.138764
0.138776
0.13879
0.138806
0.138823
0.138841
0.138859
0.138877
0.138895
0.138912
0.13893
0.138947
0.138963
0.138979
0.138995
0.139014
0.139033
0.139052
0.139071
0.139089
0.139106
0.13912
0.139135
0.139142
0.138393
0.138395
0.138394
0.138391
0.138386
0.13838
0.138374
0.138367
0.13836
0.138353
0.138346
0.138339
0.138332
0.138325
0.138317
0.13831
0.138303
0.138296
0.13829
0.138283
0.138278
0.138272
0.138268
0.138263
0.138259
0.138255
0.138251
0.138248
0.138245
0.138242
0.13824
0.138238
0.138237
0.138236
0.138235
0.138235
0.138236
0.138237
0.13824
0.138243
0.138247
0.138253
0.13826
0.138268
0.138278
0.138288
0.138299
0.138311
0.138324
0.138339
0.138356
0.138374
0.138394
0.138416
0.138439
0.138463
0.138487
0.13851
0.138531
0.138551
0.138571
0.138593
0.138615
0.138638
0.13866
0.13868
0.138698
0.138714
0.13873
0.138738
0.137845
0.13785
0.137853
0.137853
0.137852
0.13785
0.137848
0.137846
0.137843
0.13784
0.137838
0.137836
0.137834
0.137832
0.13783
0.137829
0.137828
0.137827
0.137826
0.137825
0.137825
0.137825
0.137824
0.137824
0.137825
0.137825
0.137825
0.137825
0.137825
0.137826
0.137826
0.137826
0.137825
0.137825
0.137824
0.137823
0.137823
0.137823
0.137822
0.137822
0.137823
0.137823
0.137825
0.137826
0.137829
0.137832
0.137835
0.137839
0.137842
0.137848
0.137855
0.137863
0.137873
0.137885
0.137898
0.137913
0.13793
0.137948
0.137965
0.137982
0.138002
0.138025
0.138052
0.138081
0.138111
0.13814
0.138167
0.138191
0.138214
0.138224
0.136968
0.13697
0.13697
0.13697
0.136971
0.136973
0.136974
0.136976
0.136978
0.13698
0.136981
0.136982
0.136984
0.136985
0.136985
0.136986
0.136987
0.136988
0.136989
0.13699
0.136992
0.136993
0.136995
0.136997
0.136999
0.137001
0.137004
0.137006
0.137009
0.137011
0.137014
0.137016
0.137018
0.13702
0.137022
0.137024
0.137026
0.137028
0.13703
0.137032
0.137035
0.137038
0.13704
0.137044
0.137047
0.137051
0.137054
0.137057
0.13706
0.137064
0.137068
0.137074
0.13708
0.137088
0.137096
0.137106
0.137116
0.137127
0.137138
0.137148
0.137159
0.137174
0.137192
0.137212
0.137234
0.137255
0.137275
0.137292
0.137312
0.137323
0.136267
0.136267
0.136269
0.13627
0.136272
0.136273
0.136275
0.136277
0.136279
0.136282
0.136285
0.136288
0.136292
0.136296
0.136301
0.136306
0.136311
0.136317
0.136323
0.13633
0.136338
0.136345
0.136354
0.136363
0.136373
0.136384
0.136396
0.136408
0.136421
0.136435
0.13645
0.136464
0.136478
0.136492
0.136507
0.136522
0.136537
0.136552
0.136568
0.136584
0.1366
0.136616
0.136633
0.136649
0.136665
0.136679
0.13669
0.136699
0.136706
0.136712
0.136718
0.136724
0.136729
0.136735
0.136741
0.136747
0.136751
0.136753
0.136751
0.136746
0.13674
0.136735
0.136732
0.13673
0.136729
0.136726
0.136721
0.136711
0.136705
0.136697
0.135046
0.135044
0.135043
0.135043
0.135042
0.135042
0.135041
0.135041
0.135041
0.135041
0.135041
0.135042
0.135043
0.135044
0.135045
0.135047
0.135049
0.135051
0.135054
0.135057
0.13506
0.135063
0.135068
0.135072
0.135077
0.135083
0.135089
0.135096
0.135103
0.135111
0.135119
0.135127
0.135135
0.135143
0.135151
0.13516
0.13517
0.13518
0.135191
0.135203
0.135215
0.135227
0.13524
0.135254
0.135268
0.135282
0.135295
0.135306
0.135317
0.135329
0.135342
0.135355
0.135369
0.135384
0.135399
0.135414
0.135429
0.135443
0.135455
0.135464
0.135472
0.135482
0.135494
0.135506
0.135518
0.135529
0.135536
0.135536
0.135538
0.135532
0.133606
0.133591
0.133579
0.133568
0.133557
0.133546
0.133536
0.133526
0.133516
0.133507
0.133498
0.13349
0.133483
0.133476
0.133469
0.133464
0.133459
0.133454
0.13345
0.133447
0.133444
0.133441
0.13344
0.133439
0.13344
0.133442
0.133445
0.133449
0.133455
0.133462
0.133471
0.13348
0.133489
0.133499
0.13351
0.133523
0.133538
0.133555
0.133575
0.133596
0.13362
0.133647
0.133675
0.133706
0.133739
0.133772
0.133804
0.133833
0.133862
0.133896
0.133932
0.133971
0.134013
0.134059
0.134107
0.134157
0.134209
0.134259
0.134304
0.13434
0.134378
0.134426
0.134479
0.134539
0.1346
0.134655
0.134693
0.134714
0.134741
0.134741
0.131828
0.131755
0.131688
0.131623
0.13156
0.131497
0.131436
0.131377
0.131318
0.131262
0.131206
0.131153
0.131101
0.13105
0.131001
0.130953
0.130907
0.130861
0.130818
0.130775
0.130734
0.130694
0.130655
0.130618
0.130582
0.130548
0.130516
0.130485
0.130455
0.130427
0.1304
0.130375
0.130349
0.130321
0.130296
0.130272
0.13025
0.130229
0.130211
0.130194
0.130179
0.130166
0.130155
0.130146
0.130139
0.130133
0.130128
0.130118
0.130106
0.130099
0.130095
0.130094
0.130096
0.130102
0.130111
0.130123
0.130138
0.130153
0.130167
0.130169
0.130173
0.130187
0.130209
0.130237
0.130268
0.1303
0.130325
0.130322
0.130344
0.130343
0.127597
0.127326
0.127114
0.12691
0.126707
0.126506
0.126308
0.126112
0.125919
0.125729
0.125542
0.125359
0.125178
0.125002
0.124828
0.124659
0.124493
0.124332
0.124173
0.124017
0.123865
0.123717
0.123572
0.123432
0.123294
0.123159
0.123028
0.122901
0.122777
0.122658
0.122544
0.122434
0.122324
0.122208
0.1221
0.121997
0.121897
0.121802
0.121712
0.121627
0.121547
0.121471
0.121401
0.121338
0.12128
0.121227
0.121178
0.121115
0.121043
0.120989
0.120945
0.120909
0.120882
0.120864
0.120857
0.120859
0.12087
0.120885
0.120901
0.120876
0.120853
0.120872
0.120914
0.120975
0.121052
0.121134
0.121205
0.121167
0.121261
0.121284
0.0917139
0.0902559
0.0894893
0.0888138
0.0881662
0.0875391
0.0869306
0.0863398
0.0857658
0.0852077
0.0846649
0.0841365
0.083622
0.0831207
0.0826321
0.0821558
0.0816962
0.0812449
0.080801
0.0803657
0.0799396
0.0795232
0.0791167
0.0787206
0.078335
0.0779604
0.077597
0.077245
0.0769047
0.0765762
0.0762596
0.0759547
0.0756392
0.0752935
0.074969
0.074657
0.0743552
0.0740634
0.0737818
0.0735109
0.0732507
0.0730015
0.0727637
0.0725373
0.0723226
0.0721195
0.0719277
0.0716846
0.0713937
0.0711441
0.0709149
0.0707009
0.0705016
0.0703171
0.0701479
0.0699943
0.0698567
0.0697351
0.0696294
0.0693981
0.069128
0.0689353
0.0687859
0.0686715
0.0685926
0.0685518
0.0685525
0.068207
0.0683075
0.0685019
0.798415
0.897915
0.954667
0.986997
1.00644
1.01935
1.02897
1.03681
1.04354
1.04949
1.05482
1.05964
1.06405
1.06812
1.0719
1.07545
1.07879
1.08196
1.08499
1.08788
1.09066
1.09333
1.09592
1.09844
1.10088
1.10327
1.1056
1.10788
1.11012
1.11232
1.11448
1.11662
1.11873
1.12081
1.12287
1.12491
1.12694
1.12895
1.13095
1.13293
1.13491
1.13687
1.13883
1.14079
1.14274
1.14468
1.14662
1.14856
1.1505
1.15244
1.15438
1.15632
1.15827
1.16021
1.16216
1.16412
1.16608
1.16804
1.17001
1.17199
1.17397
1.17596
1.17796
1.17996
1.18197
1.18399
1.186
1.188
1.18999
1.19194
1.19382
1.19557
1.19709
1.19822
1.19876
0.26543
0.365909
0.468755
0.564078
0.647111
0.716929
0.774614
0.822034
0.861186
0.893882
0.921618
0.945557
0.966561
0.985259
1.0021
1.01742
1.03146
1.04442
1.05644
1.06766
1.07817
1.08807
1.09743
1.10632
1.11477
1.12285
1.13059
1.13801
1.14516
1.15205
1.15871
1.16516
1.17141
1.17749
1.18341
1.18917
1.1948
1.20031
1.20569
1.21097
1.21615
1.22123
1.22623
1.23115
1.23599
1.24076
1.24547
1.25012
1.25472
1.25926
1.26375
1.2682
1.27261
1.27698
1.28132
1.28562
1.28989
1.29413
1.29835
1.30254
1.30671
1.31085
1.31498
1.31909
1.32318
1.32725
1.3313
1.33532
1.3393
1.34322
1.34703
1.35066
1.35394
1.35659
1.35814
0.138556
0.148133
0.169449
0.203928
0.249958
0.304371
0.363622
0.424488
0.48441
0.541585
0.594918
0.643886
0.688398
0.728648
0.764997
0.797884
0.827759
0.855043
0.880106
0.903262
0.924771
0.944843
0.963653
0.981342
0.998032
1.01382
1.02881
1.04306
1.05664
1.06963
1.08207
1.09401
1.10549
1.11655
1.12723
1.13755
1.14754
1.15723
1.16663
1.17577
1.18467
1.19334
1.20179
1.21005
1.21813
1.22603
1.23377
1.24135
1.2488
1.25611
1.2633
1.27037
1.27732
1.28418
1.29093
1.29759
1.30417
1.31066
1.31707
1.32341
1.32969
1.33589
1.34203
1.34812
1.35414
1.36011
1.36603
1.37189
1.37769
1.38341
1.38901
1.39443
1.39948
1.40384
1.40678
0.139606
0.138377
0.137074
0.136787
0.13897
0.145061
0.15615
0.173027
0.195859
0.224316
0.257687
0.295006
0.335182
0.377111
0.419765
0.462255
0.503863
0.544058
0.582479
0.618923
0.653312
0.685662
0.716058
0.744625
0.771506
0.796854
0.820811
0.843512
0.865075
0.885606
0.905194
0.92392
0.941852
0.959052
0.975574
0.991469
1.00678
1.02155
1.03582
1.04962
1.06299
1.07595
1.08852
1.10075
1.11264
1.12422
1.1355
1.14652
1.15727
1.16778
1.17806
1.18812
1.19798
1.20764
1.21713
1.22643
1.23558
1.24457
1.25341
1.26211
1.27068
1.27913
1.28745
1.29566
1.30376
1.31176
1.31965
1.32744
1.33514
1.34273
1.3502
1.35748
1.36444
1.37074
1.3755
0.140448
0.140371
0.14012
0.139583
0.138728
0.137657
0.136614
0.135981
0.136236
0.137907
0.141519
0.147544
0.156389
0.168381
0.183676
0.202274
0.224032
0.248683
0.275854
0.305105
0.335953
0.367905
0.400488
0.433269
0.465869
0.497976
0.529345
0.559801
0.589224
0.617551
0.644759
0.670858
0.695884
0.719885
0.742918
0.765046
0.786329
0.806825
0.826588
0.845667
0.864107
0.881948
0.899227
0.915977
0.93223
0.948012
0.963351
0.978271
0.992796
1.00695
1.02075
1.03421
1.04736
1.06021
1.07278
1.08507
1.09712
1.10892
1.12048
1.13183
1.14297
1.15391
1.16466
1.17523
1.18562
1.19584
1.2059
1.21581
1.22557
1.23518
1.24463
1.2539
1.2629
1.27135
1.2784
0.140206
0.140224
0.140248
0.140264
0.14024
0.140132
0.139896
0.139495
0.138917
0.138187
0.137368
0.136568
0.135932
0.135643
0.135916
0.13698
0.139077
0.142442
0.147303
0.153808
0.162224
0.172661
0.185179
0.199785
0.216429
0.235006
0.255357
0.277287
0.300565
0.324943
0.350165
0.375976
0.402132
0.428413
0.454621
0.48059
0.506181
0.531289
0.555835
0.579765
0.603048
0.625672
0.647639
0.668961
0.689657
0.709753
0.729276
0.748254
0.766716
0.784689
0.802197
0.819264
0.835913
0.852164
0.868034
0.883542
0.898703
0.913532
0.928044
0.942253
0.956171
0.96981
0.983181
0.996297
1.00917
1.0218
1.0342
1.04639
1.05836
1.07013
1.08169
1.09304
1.10415
1.1149
1.12477
0.140091
0.140119
0.140152
0.140188
0.140229
0.140272
0.140314
0.140345
0.14035
0.14031
0.140207
0.140021
0.139741
0.139361
0.138886
0.138335
0.137739
0.137146
0.136618
0.136227
0.136067
0.13624
0.136862
0.138051
0.139932
0.142631
0.146267
0.150954
0.156794
0.163873
0.172279
0.182067
0.193257
0.205841
0.219783
0.23502
0.251466
0.269013
0.287539
0.306908
0.326977
0.347603
0.368642
0.389957
0.411422
0.432921
0.454352
0.475629
0.496677
0.51744
0.537872
0.557941
0.577624
0.596911
0.615795
0.634277
0.652364
0.670064
0.687389
0.704349
0.72096
0.737232
0.75318
0.768814
0.784146
0.799185
0.813942
0.828423
0.842637
0.856589
0.870284
0.883724
0.896914
0.909906
0.923147
0.139908
0.139945
0.139985
0.140026
0.140069
0.140114
0.140161
0.140212
0.140267
0.140324
0.140381
0.140435
0.14048
0.140509
0.140514
0.140485
0.140415
0.140296
0.140122
0.139892
0.139606
0.139269
0.138891
0.138487
0.138078
0.137692
0.137363
0.137129
0.137035
0.137133
0.137479
0.138133
0.139164
0.140638
0.142627
0.145199
0.148423
0.152364
0.157081
0.162625
0.169043
0.176356
0.184617
0.193848
0.204044
0.215185
0.227241
0.240171
0.25392
0.268426
0.283617
0.299415
0.315739
0.332506
0.34963
0.367032
0.38463
0.402353
0.420131
0.437903
0.455615
0.473219
0.490675
0.507949
0.525014
0.541849
0.558437
0.574768
0.590833
0.606625
0.622142
0.637381
0.652342
0.667131
0.684081
0.139706
0.139738
0.139773
0.139811
0.139852
0.139895
0.13994
0.139987
0.140036
0.140088
0.140142
0.140198
0.140257
0.140318
0.140381
0.140445
0.140508
0.140568
0.140622
0.140667
0.140699
0.140715
0.14071
0.140681
0.140625
0.140539
0.140422
0.140274
0.140097
0.139892
0.139666
0.139424
0.139177
0.138936
0.138714
0.138531
0.138404
0.138358
0.138417
0.138609
0.138965
0.139516
0.140298
0.14135
0.14271
0.144419
0.146518
0.149046
0.152042
0.155544
0.159587
0.164202
0.169418
0.175255
0.181731
0.188858
0.196631
0.205074
0.214186
0.223946
0.23433
0.245309
0.256848
0.268908
0.281444
0.294408
0.30775
0.321417
0.335356
0.349514
0.363837
0.378274
0.392789
0.40708
0.426308
0.139446
0.13948
0.139515
0.139553
0.139592
0.139634
0.139678
0.139723
0.13977
0.139818
0.139867
0.139917
0.139969
0.140022
0.140077
0.140133
0.140191
0.140251
0.140313
0.140376
0.140441
0.140507
0.140572
0.140638
0.140701
0.140761
0.140817
0.140867
0.14091
0.140942
0.140965
0.140974
0.14097
0.14095
0.140915
0.140863
0.140795
0.140712
0.140616
0.140507
0.14039
0.140268
0.140147
0.140032
0.139931
0.139851
0.139803
0.139797
0.139846
0.139963
0.140162
0.14046
0.140874
0.141421
0.142123
0.142998
0.144068
0.145356
0.146885
0.148678
0.150759
0.153151
0.155877
0.158958
0.162413
0.166262
0.17052
0.175199
0.180309
0.185857
0.191846
0.198261
0.205185
0.211965
0.223351
0.139152
0.139171
0.139192
0.139216
0.139243
0.139274
0.139307
0.139343
0.139383
0.139425
0.13947
0.139516
0.139565
0.139615
0.139666
0.139718
0.139772
0.139826
0.139882
0.139938
0.139996
0.140055
0.140115
0.140176
0.140238
0.140302
0.140367
0.140433
0.140501
0.140569
0.140637
0.140705
0.140773
0.140839
0.140903
0.140965
0.141023
0.141077
0.141126
0.141169
0.141206
0.141236
0.141259
0.141274
0.141281
0.14128
0.141272
0.141256
0.141234
0.141207
0.141176
0.141142
0.141108
0.141077
0.14105
0.141033
0.141027
0.141039
0.141072
0.141132
0.141226
0.141359
0.141539
0.141773
0.142071
0.14244
0.142891
0.143432
0.144075
0.144831
0.14571
0.146718
0.147902
0.149064
0.15141
0.138747
0.138763
0.13878
0.138797
0.138816
0.138838
0.138862
0.13889
0.138921
0.138956
0.138994
0.139034
0.139076
0.139121
0.139167
0.139214
0.139263
0.139313
0.139363
0.139415
0.139467
0.13952
0.139574
0.139628
0.139684
0.13974
0.139798
0.139857
0.139916
0.139977
0.140039
0.140102
0.140166
0.140231
0.140297
0.140363
0.14043
0.140497
0.140565
0.140632
0.140699
0.140765
0.140831
0.140895
0.140958
0.141019
0.141078
0.141136
0.14119
0.141243
0.141292
0.141339
0.141382
0.141422
0.141459
0.141494
0.141525
0.141553
0.141578
0.141602
0.141624
0.141644
0.141665
0.141686
0.141708
0.141733
0.141763
0.141798
0.141841
0.141893
0.141957
0.142034
0.142133
0.142227
0.142453
0.138172
0.138063
0.137978
0.137926
0.137901
0.137897
0.137908
0.13793
0.137961
0.137998
0.13804
0.138085
0.138134
0.138184
0.138237
0.13829
0.138345
0.1384
0.138456
0.138512
0.138569
0.138626
0.138683
0.138741
0.138799
0.138857
0.138917
0.138976
0.139036
0.139097
0.139158
0.139219
0.139281
0.139344
0.139407
0.13947
0.139534
0.139597
0.139661
0.139725
0.139789
0.139853
0.139917
0.139981
0.140044
0.140108
0.140171
0.140234
0.140297
0.140359
0.140421
0.140483
0.140544
0.140604
0.140664
0.140723
0.140782
0.140839
0.140896
0.140952
0.141007
0.14106
0.141113
0.141164
0.141215
0.141264
0.141312
0.141359
0.141406
0.141451
0.141496
0.141541
0.141587
0.141625
0.141697
0.137308
0.137263
0.137216
0.137174
0.13714
0.137116
0.1371
0.137092
0.137092
0.137098
0.137109
0.137126
0.137147
0.137171
0.137198
0.137229
0.137262
0.137298
0.137336
0.137376
0.137419
0.137463
0.137509
0.137556
0.137604
0.137654
0.137705
0.137757
0.13781
0.137864
0.137918
0.137974
0.138031
0.138088
0.138146
0.138205
0.138264
0.138323
0.138382
0.138442
0.138501
0.13856
0.13862
0.138679
0.138738
0.138797
0.138855
0.138914
0.138972
0.13903
0.139088
0.139145
0.139203
0.139261
0.139318
0.139375
0.139432
0.139489
0.139546
0.139602
0.139659
0.139715
0.139771
0.139826
0.139882
0.139936
0.139991
0.140045
0.140098
0.140151
0.140204
0.140255
0.140308
0.140352
0.140429
0.13652
0.136192
0.135883
0.135594
0.13533
0.135093
0.134886
0.13471
0.134563
0.134445
0.134353
0.134284
0.134236
0.134206
0.134189
0.134204
0.134255
0.134328
0.13441
0.134497
0.134587
0.134678
0.134768
0.134859
0.134949
0.135039
0.135127
0.135215
0.135303
0.13539
0.135476
0.135561
0.135645
0.135729
0.135812
0.135894
0.135974
0.136054
0.136133
0.13621
0.136286
0.136361
0.136435
0.136508
0.136579
0.136649
0.136719
0.136787
0.136854
0.13692
0.136985
0.137049
0.137113
0.137175
0.137237
0.137299
0.13736
0.13742
0.13748
0.137539
0.137597
0.137655
0.137713
0.137769
0.137826
0.137882
0.137937
0.137992
0.138046
0.138099
0.138152
0.138204
0.138258
0.138303
0.138379
0.135315
0.134893
0.134483
0.134099
0.133751
0.133449
0.133211
0.133049
0.132949
0.132893
0.132864
0.132852
0.132851
0.132858
0.132869
0.132883
0.132902
0.132925
0.132952
0.132982
0.133016
0.133052
0.133092
0.133134
0.133179
0.133226
0.133275
0.133326
0.133379
0.133433
0.133488
0.133545
0.133603
0.133661
0.13372
0.133779
0.133838
0.133897
0.133956
0.134015
0.134072
0.13413
0.134186
0.134242
0.134297
0.134351
0.134405
0.134459
0.134512
0.134564
0.134615
0.134667
0.134717
0.134768
0.134818
0.134867
0.134916
0.134965
0.135013
0.135062
0.135109
0.135157
0.135204
0.135251
0.135297
0.135343
0.135389
0.135435
0.13548
0.135525
0.13557
0.135614
0.135659
0.135698
0.135764
0.134311
0.13352
0.132794
0.13215
0.131591
0.131117
0.130729
0.130449
0.130275
0.130178
0.130132
0.13012
0.130131
0.130158
0.130195
0.130238
0.130284
0.130333
0.130382
0.13043
0.130478
0.130524
0.130569
0.130612
0.130654
0.130695
0.130734
0.130772
0.130808
0.130844
0.130878
0.130912
0.130944
0.130976
0.131006
0.131035
0.131061
0.13108
0.131098
0.131115
0.131133
0.131152
0.131173
0.131197
0.131228
0.131264
0.131301
0.131339
0.131378
0.131418
0.131458
0.131499
0.131541
0.131583
0.131626
0.131669
0.131713
0.131757
0.131803
0.131849
0.131895
0.131943
0.131991
0.13204
0.13209
0.132141
0.132192
0.132244
0.132297
0.132352
0.132406
0.132462
0.13252
0.132571
0.132661
0.129606
0.128237
0.127033
0.12605
0.125281
0.124719
0.124435
0.124321
0.124293
0.12431
0.124353
0.124413
0.124484
0.124563
0.124649
0.124739
0.124831
0.124926
0.125021
0.125117
0.125212
0.125305
0.125398
0.125488
0.125578
0.125665
0.125752
0.125837
0.125921
0.126004
0.126087
0.12617
0.126252
0.126334
0.126417
0.1265
0.126584
0.126668
0.126753
0.126838
0.126924
0.127011
0.127099
0.127188
0.127279
0.127372
0.127466
0.127562
0.12766
0.127759
0.127861
0.127966
0.128072
0.12818
0.128291
0.128404
0.128519
0.128637
0.128757
0.12888
0.129005
0.129133
0.129262
0.129395
0.12953
0.129667
0.129807
0.129949
0.130094
0.130241
0.13039
0.130541
0.130698
0.130838
0.131081
0.118662
0.114815
0.112141
0.111088
0.110784
0.110799
0.110968
0.111224
0.111531
0.111871
0.112228
0.112596
0.112969
0.113343
0.113716
0.114088
0.114456
0.114822
0.115184
0.115543
0.115898
0.11625
0.116599
0.116945
0.117288
0.117629
0.117969
0.118307
0.118644
0.11898
0.119316
0.119653
0.119989
0.120326
0.120664
0.121002
0.121342
0.121682
0.122024
0.122367
0.122711
0.123057
0.123404
0.123752
0.124102
0.124453
0.124805
0.125159
0.125515
0.125872
0.12623
0.126591
0.126952
0.127315
0.12768
0.128046
0.128413
0.128781
0.129151
0.129522
0.129894
0.130267
0.130641
0.131016
0.131392
0.131769
0.132146
0.132524
0.132902
0.133279
0.133657
0.134033
0.134416
0.134759
0.135332
0.0676891
0.0680798
0.0694434
0.0712368
0.073287
0.0754784
0.0777352
0.080008
0.0822618
0.0844712
0.0866195
0.0886966
0.090697
0.0926189
0.0944625
0.0962298
0.0979235
0.0995471
0.101104
0.1026
0.104036
0.105419
0.10675
0.108036
0.109278
0.11048
0.111647
0.112781
0.113885
0.114962
0.116015
0.117045
0.118056
0.119048
0.120023
0.120983
0.121928
0.12286
0.123779
0.124687
0.125584
0.12647
0.127347
0.128214
0.129072
0.129922
0.130763
0.131596
0.13242
0.133237
0.134047
0.134848
0.135642
0.136428
0.137206
0.137977
0.13874
0.139495
0.140243
0.140984
0.141718
0.142446
0.143166
0.143879
0.144584
0.145281
0.14597
0.146651
0.147325
0.14799
0.148647
0.149293
0.149942
0.150521
0.151456
0.0650356
0.0631094
0.0651175
0.0679918
0.0711007
0.0742486
0.0773573
0.0804021
0.0833793
0.0862895
0.0891342
0.0919152
0.0946353
0.0972974
0.0999044
0.102459
0.104965
0.107425
0.10984
0.112215
0.114549
0.116846
0.119107
0.121341
0.123549
0.125732
0.127887
0.130013
0.132108
0.134171
0.136202
0.138198
0.140159
0.142085
0.143974
0.145827
0.147643
0.149422
0.151164
0.152869
0.154538
0.15617
0.157767
0.159328
0.160854
0.162346
0.163803
0.165227
0.166618
0.167975
0.1693
0.170593
0.171855
0.173085
0.174284
0.175453
0.176591
0.1777
0.178778
0.179826
0.180843
0.181831
0.18279
0.18372
0.184621
0.185496
0.186343
0.187164
0.187958
0.188727
0.189472
0.19019
0.190892
0.191521
0.192475
0.139344
0.14162
0.144006
0.146479
0.149002
0.151559
0.154125
0.156674
0.159187
0.16165
0.164051
0.16638
0.168633
0.170807
0.172899
0.174911
0.176844
0.178699
0.180479
0.182187
0.183827
0.185401
0.186912
0.188358
0.189741
0.191057
0.192305
0.193489
0.194611
0.195674
0.196681
0.197637
0.198542
0.199401
0.200216
0.200989
0.201724
0.202421
0.203084
0.203715
0.204315
0.204886
0.20543
0.205948
0.206442
0.206914
0.207364
0.207794
0.208205
0.208598
0.208973
0.209331
0.209674
0.210002
0.210316
0.210616
0.210903
0.211178
0.21144
0.211691
0.21193
0.212158
0.212376
0.212584
0.212782
0.21297
0.213149
0.213319
0.21348
0.213633
0.213778
0.213914
0.214045
0.214156
0.214344
0.14202
0.141907
0.142204
0.142679
0.143254
0.143896
0.144586
0.145313
0.146071
0.146855
0.147663
0.148491
0.149335
0.150195
0.151066
0.151947
0.152835
0.153728
0.154623
0.155519
0.156413
0.157303
0.158188
0.159067
0.159937
0.160802
0.161664
0.162523
0.163377
0.164226
0.165068
0.165902
0.166726
0.167541
0.168345
0.169137
0.169917
0.170683
0.171437
0.172176
0.172902
0.173612
0.174308
0.174988
0.175654
0.176304
0.176938
0.177557
0.17816
0.178748
0.179321
0.179879
0.180422
0.180951
0.181464
0.181964
0.18245
0.182922
0.183381
0.183826
0.184259
0.18468
0.185088
0.185484
0.185869
0.186243
0.186606
0.186958
0.1873
0.187631
0.187953
0.188265
0.188573
0.188843
0.189284
0.138212
0.138897
0.13953
0.140129
0.140704
0.141261
0.141803
0.14233
0.142845
0.14335
0.143844
0.144328
0.144805
0.145273
0.145735
0.14619
0.14664
0.147085
0.147525
0.147961
0.148392
0.14882
0.149243
0.149663
0.150079
0.150491
0.150899
0.151304
0.151706
0.152104
0.1525
0.152892
0.15328
0.153666
0.154048
0.154428
0.154803
0.155176
0.155545
0.15591
0.156272
0.156631
0.156985
0.157336
0.157683
0.158026
0.158365
0.1587
0.159031
0.159358
0.159681
0.159999
0.160313
0.160623
0.160929
0.16123
0.161527
0.161819
0.162107
0.162391
0.16267
0.162944
0.163215
0.163481
0.163742
0.163999
0.164252
0.164501
0.164745
0.164985
0.165221
0.165452
0.165683
0.165887
0.166223
0.136687
0.137176
0.137683
0.138204
0.138734
0.139269
0.139805
0.140342
0.140876
0.141406
0.14193
0.142449
0.14296
0.143463
0.143958
0.144445
0.144924
0.145394
0.145857
0.146311
0.146758
0.147197
0.147628
0.148052
0.148467
0.148874
0.149274
0.149665
0.150046
0.150419
0.150784
0.151139
0.151487
0.151826
0.152158
0.152482
0.152799
0.153108
0.15341
0.153705
0.153994
0.154276
0.154552
0.154822
0.155086
0.155344
0.155597
0.155844
0.156086
0.156323
0.156555
0.156783
0.157006
0.157224
0.157438
0.157648
0.157854
0.158056
0.158254
0.158448
0.158639
0.158826
0.15901
0.159191
0.159368
0.159543
0.159714
0.159882
0.160048
0.16021
0.16037
0.160527
0.160684
0.160823
0.161052
0.137645
0.137728
0.13784
0.13798
0.138144
0.138332
0.13854
0.138764
0.139002
0.139252
0.139511
0.139777
0.140049
0.140326
0.140605
0.140887
0.14117
0.141453
0.141737
0.14202
0.142302
0.142584
0.142865
0.143145
0.143424
0.143702
0.143979
0.144255
0.144529
0.144802
0.145072
0.145341
0.145607
0.145871
0.146133
0.146392
0.146649
0.146903
0.147154
0.147403
0.14765
0.147893
0.148134
0.148372
0.148608
0.148841
0.149071
0.149298
0.149523
0.149745
0.149964
0.150181
0.150396
0.150608
0.150817
0.151025
0.15123
0.151433
0.151633
0.151831
0.152028
0.152222
0.152414
0.152604
0.152792
0.152978
0.153163
0.153345
0.153525
0.153704
0.153881
0.154056
0.154232
0.154389
0.154648
0.13849
0.138599
0.138708
0.138819
0.138935
0.139055
0.139181
0.139312
0.139448
0.13959
0.139735
0.139884
0.140037
0.140192
0.14035
0.140509
0.140671
0.140834
0.140999
0.141165
0.141333
0.141501
0.14167
0.141839
0.142009
0.14218
0.14235
0.142521
0.142693
0.142864
0.143035
0.143207
0.143378
0.143549
0.14372
0.143891
0.144061
0.144232
0.144401
0.144571
0.14474
0.144908
0.145077
0.145244
0.145411
0.145578
0.145743
0.145909
0.146074
0.146238
0.146401
0.146565
0.146727
0.146889
0.147051
0.147212
0.147372
0.147532
0.147692
0.147851
0.148009
0.148167
0.148325
0.148482
0.148638
0.148794
0.148949
0.149104
0.149259
0.149413
0.149566
0.149719
0.149873
0.150012
0.150241
0.138927
0.139011
0.139096
0.139185
0.139277
0.139375
0.139476
0.13958
0.139688
0.139798
0.13991
0.140025
0.14014
0.140257
0.140375
0.140494
0.140614
0.140734
0.140856
0.140979
0.141103
0.141228
0.141353
0.14148
0.141608
0.141737
0.141867
0.141997
0.142128
0.14226
0.142392
0.142525
0.142658
0.142792
0.142926
0.14306
0.143194
0.143329
0.143463
0.143598
0.143733
0.143867
0.144002
0.144136
0.14427
0.144404
0.144538
0.144672
0.144806
0.144939
0.145073
0.145206
0.145339
0.145471
0.145604
0.145736
0.145868
0.146
0.146131
0.146263
0.146394
0.146524
0.146654
0.146784
0.146913
0.147041
0.147169
0.147296
0.147423
0.147548
0.147673
0.147797
0.147922
0.148035
0.148217
0.139197
0.139309
0.139418
0.139528
0.139639
0.139751
0.139864
0.139979
0.140095
0.140212
0.14033
0.140448
0.140566
0.140685
0.140803
0.140922
0.14104
0.141157
0.141275
0.141392
0.141509
0.141626
0.141742
0.141859
0.141975
0.142092
0.142209
0.142326
0.142443
0.14256
0.142677
0.142794
0.142911
0.143028
0.143145
0.143262
0.14338
0.143497
0.143614
0.143732
0.143849
0.143966
0.144083
0.1442
0.144317
0.144434
0.14455
0.144667
0.144782
0.144898
0.145012
0.145127
0.14524
0.145352
0.145464
0.145574
0.145683
0.14579
0.145896
0.146
0.146103
0.146203
0.146301
0.146396
0.14649
0.146581
0.14667
0.146757
0.146841
0.146924
0.147006
0.147086
0.147167
0.147241
0.147362
0.139428
0.139525
0.139621
0.139718
0.139817
0.139919
0.140023
0.140129
0.140237
0.140347
0.140459
0.140571
0.140683
0.140796
0.140908
0.141021
0.141133
0.141246
0.141358
0.141471
0.141583
0.141696
0.14181
0.141924
0.142038
0.142152
0.142268
0.142383
0.142499
0.142616
0.142733
0.14285
0.142967
0.143085
0.143202
0.14332
0.143438
0.143555
0.143672
0.143788
0.143903
0.144017
0.14413
0.144241
0.144349
0.144455
0.144558
0.144658
0.144753
0.144845
0.144933
0.145015
0.145093
0.145166
0.145234
0.145297
0.145355
0.145409
0.145459
0.145506
0.145551
0.145595
0.145641
0.145688
0.145741
0.1458
0.14587
0.145953
0.146052
0.146171
0.146316
0.146488
0.146701
0.146916
0.147389
0.139635
0.139742
0.139847
0.139953
0.140061
0.140169
0.140279
0.140391
0.140504
0.140618
0.140733
0.140848
0.140963
0.141079
0.141194
0.141308
0.141422
0.141536
0.14165
0.141765
0.141879
0.141994
0.142109
0.142225
0.142342
0.142459
0.142576
0.142694
0.142812
0.142929
0.143045
0.143159
0.143272
0.143381
0.143487
0.143589
0.143685
0.143775
0.143858
0.143934
0.144002
0.144061
0.14411
0.144151
0.144183
0.144207
0.144223
0.144233
0.144239
0.144244
0.14425
0.144262
0.144283
0.14432
0.144378
0.144464
0.144586
0.144754
0.144976
0.145263
0.145626
0.146079
0.146633
0.147304
0.148105
0.149052
0.150159
0.151444
0.152922
0.154608
0.156519
0.158662
0.161106
0.163509
0.168083
0.139792
0.139901
0.140009
0.140117
0.140227
0.140337
0.140449
0.140562
0.140676
0.140792
0.14091
0.141028
0.141147
0.141266
0.141386
0.141507
0.141628
0.14175
0.141872
0.141995
0.142117
0.142238
0.142357
0.142474
0.142587
0.142694
0.142794
0.142885
0.142965
0.143033
0.143088
0.143128
0.143153
0.143162
0.143157
0.143139
0.143109
0.143073
0.143034
0.143
0.142977
0.142975
0.143005
0.14308
0.143215
0.143426
0.143732
0.144153
0.14471
0.145429
0.146334
0.147453
0.148812
0.150441
0.152369
0.154627
0.157242
0.160244
0.16366
0.167516
0.171834
0.176636
0.181938
0.187753
0.194091
0.200956
0.208348
0.21626
0.224683
0.2336
0.242993
0.252826
0.263137
0.273295
0.288945
0.140052
0.140172
0.14029
0.140408
0.140527
0.140647
0.140768
0.140892
0.141017
0.141144
0.141273
0.141403
0.141534
0.141665
0.141794
0.141919
0.142039
0.142149
0.142248
0.142331
0.142395
0.142438
0.142456
0.14245
0.142417
0.142361
0.142285
0.142195
0.1421
0.142012
0.141947
0.141923
0.141962
0.142091
0.14234
0.142742
0.143334
0.144157
0.145252
0.146667
0.148448
0.150645
0.153305
0.156477
0.160208
0.164542
0.16952
0.175176
0.18154
0.188635
0.196477
0.205073
0.214421
0.224512
0.235327
0.246839
0.259015
0.271814
0.285187
0.299083
0.313444
0.328214
0.343329
0.35873
0.374356
0.390148
0.40605
0.422006
0.437968
0.453889
0.469725
0.485438
0.500993
0.516342
0.535361
0.140301
0.140433
0.140564
0.140696
0.140828
0.140962
0.141097
0.141234
0.14137
0.141503
0.141626
0.141732
0.141815
0.141865
0.141878
0.141847
0.141773
0.141659
0.141513
0.141351
0.141195
0.141074
0.141025
0.141094
0.141334
0.141804
0.142572
0.143712
0.145299
0.147416
0.150143
0.153563
0.157754
0.162788
0.168732
0.17564
0.183556
0.192511
0.202519
0.213579
0.225676
0.238776
0.252831
0.267781
0.283552
0.300063
0.317224
0.334939
0.353113
0.371649
0.390453
0.409436
0.428512
0.447607
0.46665
0.485583
0.504352
0.522917
0.541241
0.559297
0.577067
0.594535
0.611692
0.628534
0.64506
0.661271
0.677171
0.692764
0.708054
0.723048
0.737748
0.75216
0.766291
0.780251
0.795222
0.14061
0.140768
0.140923
0.141077
0.141224
0.141355
0.141454
0.141501
0.141479
0.141377
0.141197
0.140958
0.140696
0.140468
0.140349
0.140434
0.140835
0.141678
0.1431
0.145248
0.148268
0.152305
0.157495
0.163962
0.171807
0.181108
0.191915
0.204243
0.218079
0.233374
0.250052
0.268006
0.28711
0.307219
0.328175
0.349815
0.371975
0.394495
0.417224
0.440023
0.462767
0.485349
0.507677
0.529679
0.551298
0.572492
0.593232
0.613503
0.633299
0.65262
0.671475
0.689875
0.707836
0.725374
0.742506
0.75925
0.775622
0.791638
0.807312
0.822659
0.837691
0.852418
0.866851
0.881
0.894873
0.908478
0.921823
0.934914
0.947756
0.960356
0.972716
0.984834
0.996699
1.00826
1.01932
0.140872
0.141035
0.141145
0.141142
0.14098
0.140658
0.140248
0.139895
0.139812
0.140269
0.141567
0.144026
0.14796
0.153656
0.161358
0.171255
0.183465
0.198034
0.21493
0.234048
0.255221
0.278222
0.302786
0.328618
0.355414
0.382867
0.410688
0.438611
0.466399
0.493856
0.520819
0.547166
0.572808
0.59769
0.621781
0.645076
0.667585
0.689331
0.710347
0.730668
0.750334
0.769384
0.787856
0.805786
0.823206
0.840146
0.856632
0.872689
0.888338
0.9036
0.918491
0.933029
0.94723
0.961107
0.974676
0.987949
1.00094
1.01366
1.02612
1.03832
1.05029
1.06203
1.07355
1.08486
1.09596
1.10686
1.11757
1.12809
1.13843
1.14859
1.15857
1.16835
1.17786
1.18689
1.1947
0.141185
0.140809
0.140205
0.13997
0.141013
0.144335
0.150842
0.161217
0.175852
0.194845
0.218018
0.24497
0.275136
0.307849
0.342402
0.378095
0.414279
0.450385
0.485938
0.520566
0.553999
0.586062
0.616657
0.645755
0.67338
0.69959
0.724467
0.748108
0.770612
0.792077
0.812594
0.832247
0.85111
0.869247
0.886716
0.903565
0.919836
0.935569
0.950798
0.965552
0.979861
0.99375
1.00724
1.02037
1.03314
1.04558
1.05771
1.06954
1.0811
1.09238
1.10342
1.11422
1.12479
1.13515
1.1453
1.15525
1.16501
1.17459
1.184
1.19325
1.20233
1.21127
1.22005
1.2287
1.23721
1.24559
1.25384
1.26197
1.26997
1.27785
1.28558
1.29313
1.30038
1.30701
1.31222
0.142777
0.148621
0.163972
0.190286
0.226783
0.271315
0.321216
0.373889
0.427111
0.479169
0.52887
0.57548
0.618641
0.658279
0.694519
0.727607
0.757855
0.785597
0.811155
0.834825
0.856862
0.877485
0.896875
0.915179
0.932516
0.948987
0.964673
0.979646
0.993966
1.00769
1.02086
1.03353
1.04573
1.0575
1.06887
1.07988
1.09054
1.10089
1.11094
1.12072
1.13023
1.1395
1.14854
1.15737
1.16599
1.17442
1.18267
1.19075
1.19867
1.20643
1.21405
1.22153
1.22888
1.2361
1.24321
1.2502
1.25709
1.26387
1.27055
1.27714
1.28363
1.29004
1.29637
1.30262
1.30879
1.31488
1.3209
1.32685
1.33271
1.33848
1.34413
1.34959
1.35473
1.35923
1.36242
0.241468
0.334293
0.43235
0.524741
0.606057
0.674982
0.73232
0.779721
0.819022
0.851929
0.879887
0.904045
0.925281
0.944242
0.961397
0.977083
0.991543
1.00496
1.01748
1.02922
1.04026
1.0507
1.06059
1.07
1.07899
1.08759
1.09583
1.10377
1.11141
1.11878
1.12591
1.13282
1.13952
1.14602
1.15235
1.15851
1.16452
1.17038
1.17611
1.18172
1.1872
1.19258
1.19786
1.20304
1.20813
1.21313
1.21806
1.2229
1.22768
1.23239
1.23703
1.24161
1.24614
1.25061
1.25503
1.25941
1.26373
1.26801
1.27226
1.27646
1.28062
1.28475
1.28884
1.2929
1.29693
1.30092
1.30487
1.30879
1.31265
1.31645
1.32013
1.32364
1.32684
1.32949
1.33116
0.757274
0.865837
0.927122
0.962505
0.984286
0.999011
1.01002
1.01893
1.02654
1.03322
1.03919
1.04459
1.04952
1.05408
1.05832
1.0623
1.06606
1.06962
1.07302
1.07627
1.07939
1.08239
1.08528
1.08808
1.09079
1.09343
1.09599
1.09849
1.10094
1.10333
1.10567
1.10797
1.11023
1.11245
1.11464
1.11679
1.11891
1.12101
1.12309
1.12514
1.12717
1.12918
1.13117
1.13315
1.13511
1.13706
1.139
1.14092
1.14284
1.14475
1.14664
1.14853
1.15042
1.1523
1.15417
1.15604
1.15791
1.15977
1.16163
1.16349
1.16534
1.1672
1.16905
1.1709
1.17275
1.1746
1.17643
1.17825
1.18005
1.18181
1.1835
1.18506
1.18642
1.18745
1.18799
0.117442
0.115824
0.115013
0.114319
0.113647
0.112985
0.11233
0.111682
0.11104
0.110403
0.109771
0.109143
0.108518
0.107895
0.107274
0.106653
0.106026
0.105391
0.104751
0.104108
0.103465
0.102821
0.102179
0.101539
0.100903
0.100272
0.0996477
0.0990308
0.0984226
0.0978242
0.0972357
0.096657
0.0960856
0.0954167
0.0947563
0.0941034
0.093456
0.0928153
0.0921834
0.0915622
0.0909535
0.090359
0.0897803
0.0892181
0.088672
0.0881398
0.0876164
0.0870594
0.0863233
0.0856104
0.0849242
0.0842604
0.0836212
0.0830092
0.0824259
0.0818711
0.0813419
0.0808317
0.0803301
0.0796702
0.0788032
0.0780014
0.0772859
0.0766392
0.0760448
0.075481
0.0749228
0.0736576
0.0725098
0.0712082
0.138922
0.139247
0.139567
0.139866
0.140143
0.140398
0.140631
0.140843
0.141033
0.1412
0.141339
0.141444
0.141507
0.141526
0.141526
0.141514
0.141492
0.141459
0.141418
0.141373
0.141324
0.141275
0.141238
0.141234
0.141247
0.141266
0.141285
0.141302
0.141316
0.141327
0.141334
0.141338
0.14134
0.141328
0.141319
0.141306
0.141288
0.141265
0.141238
0.141207
0.141172
0.141133
0.141092
0.141049
0.141005
0.140958
0.140912
0.14086
0.140775
0.140697
0.140618
0.140537
0.140455
0.140372
0.140289
0.140209
0.14013
0.140054
0.139982
0.139873
0.139718
0.13958
0.139454
0.139338
0.139233
0.139138
0.139053
0.138783
0.138574
0.138299
0.137077
0.137165
0.137254
0.137347
0.137442
0.13754
0.13764
0.137742
0.137847
0.137952
0.138059
0.138167
0.138275
0.138383
0.138491
0.138598
0.138706
0.138814
0.138921
0.139028
0.139134
0.139239
0.139342
0.139444
0.139545
0.139644
0.139741
0.139836
0.139929
0.140019
0.140108
0.140194
0.140282
0.14038
0.140481
0.140579
0.140676
0.14077
0.14086
0.140947
0.14103
0.141107
0.14118
0.141248
0.14131
0.14137
0.141428
0.141493
0.141574
0.141652
0.141715
0.141758
0.141782
0.1418
0.141813
0.141823
0.141832
0.141842
0.141859
0.141895
0.141958
0.142032
0.142121
0.142208
0.142288
0.142359
0.142427
0.142526
0.142588
0.142599
0.13517
0.135194
0.13522
0.135246
0.135273
0.135299
0.135325
0.135352
0.135379
0.135406
0.135433
0.135461
0.135489
0.135518
0.135548
0.135578
0.135609
0.13564
0.135673
0.135706
0.13574
0.135775
0.13581
0.135845
0.13588
0.135916
0.135952
0.135987
0.136023
0.136058
0.136093
0.136128
0.136164
0.136203
0.136245
0.136286
0.136328
0.13637
0.136411
0.136452
0.136493
0.136533
0.136572
0.136609
0.136646
0.136683
0.13672
0.13676
0.13681
0.136863
0.136914
0.136964
0.137011
0.137055
0.137096
0.137134
0.13717
0.137205
0.137241
0.137286
0.137348
0.137409
0.137463
0.137511
0.137553
0.137592
0.137632
0.137704
0.137764
0.13782
0.138673
0.138629
0.138581
0.138533
0.138486
0.13844
0.138394
0.138349
0.138303
0.138257
0.138211
0.138164
0.138117
0.13807
0.138022
0.137974
0.137926
0.137878
0.137831
0.137784
0.137737
0.13769
0.137643
0.137597
0.137552
0.137507
0.137462
0.137418
0.137374
0.137331
0.137289
0.137247
0.137206
0.137163
0.137119
0.137076
0.137033
0.136991
0.136949
0.136909
0.136869
0.13683
0.136793
0.136757
0.136722
0.136689
0.136658
0.136631
0.136606
0.136583
0.136562
0.136542
0.136524
0.136508
0.136492
0.136479
0.136467
0.136456
0.136448
0.136441
0.136434
0.136428
0.136423
0.13642
0.136418
0.136418
0.136419
0.136425
0.136435
0.136448
0.137761
0.137786
0.137811
0.137835
0.137858
0.137881
0.137903
0.137925
0.137946
0.137966
0.137986
0.138004
0.138021
0.138037
0.138052
0.138065
0.138078
0.138089
0.1381
0.138109
0.138117
0.138124
0.138129
0.138133
0.138136
0.138137
0.138137
0.138136
0.138134
0.138131
0.138126
0.138121
0.138115
0.138108
0.1381
0.138091
0.138081
0.13807
0.138058
0.138046
0.138033
0.138019
0.138005
0.13799
0.137975
0.13796
0.137946
0.137931
0.137915
0.137897
0.13788
0.137863
0.137845
0.137828
0.137811
0.137795
0.137779
0.137764
0.137751
0.137736
0.137719
0.137703
0.137688
0.137675
0.137663
0.137654
0.137646
0.137632
0.137623
0.137615
0.139077
0.139066
0.139058
0.139054
0.139051
0.139048
0.139044
0.139041
0.139037
0.139034
0.139031
0.139029
0.139028
0.139027
0.139026
0.139026
0.139026
0.139026
0.139026
0.139026
0.139025
0.139024
0.139023
0.139022
0.13902
0.139018
0.139016
0.139013
0.13901
0.139006
0.139002
0.138997
0.138992
0.138986
0.138979
0.138972
0.138964
0.138956
0.138947
0.138938
0.138929
0.138919
0.138909
0.138898
0.138886
0.138874
0.138862
0.138849
0.138835
0.138819
0.138803
0.138787
0.13877
0.138753
0.138735
0.138717
0.138698
0.138678
0.138657
0.138634
0.138607
0.13858
0.138555
0.138533
0.138511
0.138491
0.138473
0.138452
0.138439
0.138434
0.138237
0.138256
0.138275
0.138293
0.138312
0.13833
0.138348
0.138367
0.138385
0.138403
0.13842
0.138437
0.138453
0.138469
0.138485
0.1385
0.138515
0.13853
0.138544
0.138557
0.13857
0.138583
0.138595
0.138607
0.138619
0.138629
0.138639
0.138649
0.138658
0.138667
0.138675
0.138683
0.138691
0.138699
0.138706
0.138713
0.13872
0.138727
0.138733
0.138739
0.138745
0.13875
0.138755
0.13876
0.138765
0.13877
0.138775
0.13878
0.138786
0.138791
0.138796
0.138801
0.138806
0.13881
0.138815
0.138819
0.138823
0.138827
0.138832
0.138836
0.13884
0.138845
0.13885
0.138855
0.13886
0.138866
0.138871
0.138876
0.138881
0.138883
0.139216
0.139212
0.139211
0.139212
0.139213
0.139215
0.139216
0.139217
0.139218
0.139219
0.13922
0.139222
0.139223
0.139225
0.139227
0.139229
0.139231
0.139233
0.139235
0.139237
0.139239
0.139241
0.139243
0.139245
0.139246
0.139248
0.139249
0.139251
0.139252
0.139253
0.139253
0.139254
0.139254
0.139253
0.139253
0.139252
0.139251
0.139249
0.139248
0.139247
0.139245
0.139243
0.139241
0.139239
0.139236
0.139233
0.13923
0.139227
0.139223
0.139218
0.139214
0.139209
0.139205
0.1392
0.139196
0.139191
0.139186
0.139182
0.139177
0.139172
0.139166
0.139161
0.139156
0.139152
0.139148
0.139145
0.139142
0.139137
0.139137
0.139139
0.139099
0.139102
0.139104
0.139105
0.139107
0.139109
0.139111
0.139113
0.139116
0.139117
0.139119
0.139119
0.139119
0.139118
0.139116
0.139114
0.139111
0.139108
0.139104
0.1391
0.139096
0.139093
0.139091
0.13909
0.139089
0.13909
0.139091
0.139093
0.139096
0.1391
0.139105
0.139109
0.139113
0.139116
0.13912
0.139123
0.139127
0.139132
0.139137
0.139142
0.139146
0.13915
0.139154
0.139158
0.139161
0.139164
0.139166
0.139167
0.139167
0.139168
0.13917
0.139173
0.139178
0.139185
0.139192
0.1392
0.139209
0.139218
0.139226
0.139234
0.139244
0.139256
0.13927
0.139286
0.139302
0.13932
0.139337
0.139353
0.139369
0.139377
0.139594
0.139591
0.139588
0.139586
0.139585
0.139584
0.139582
0.139581
0.139579
0.139578
0.139577
0.139576
0.139575
0.139574
0.139573
0.139573
0.139572
0.139571
0.139571
0.13957
0.13957
0.139569
0.139569
0.139568
0.139568
0.139568
0.139568
0.139568
0.139568
0.139568
0.139568
0.139568
0.139568
0.139567
0.139567
0.139567
0.139566
0.139565
0.139565
0.139564
0.139563
0.139562
0.139561
0.13956
0.139559
0.139558
0.139557
0.139555
0.139553
0.139551
0.139549
0.139547
0.139546
0.139545
0.139544
0.139544
0.139544
0.139544
0.139544
0.139544
0.139545
0.139546
0.139549
0.139552
0.139557
0.139561
0.139565
0.139569
0.139574
0.139578
0.13979
0.139784
0.139776
0.139769
0.139764
0.139759
0.139755
0.139751
0.139747
0.139743
0.13974
0.139737
0.139734
0.139731
0.139729
0.139727
0.139726
0.139724
0.139723
0.139722
0.139721
0.13972
0.139719
0.139718
0.139717
0.139717
0.139716
0.139716
0.139716
0.139715
0.139715
0.139714
0.139714
0.139713
0.139712
0.139711
0.13971
0.139709
0.139708
0.139707
0.139706
0.139705
0.139703
0.139702
0.1397
0.139698
0.139696
0.139694
0.139691
0.139689
0.139687
0.139685
0.139684
0.139682
0.139681
0.139681
0.139681
0.139681
0.139681
0.139682
0.139683
0.139686
0.13969
0.139695
0.139702
0.139708
0.139715
0.13972
0.139728
0.139734
0.140151
0.140143
0.140136
0.14013
0.140125
0.14012
0.140115
0.14011
0.140105
0.140101
0.140097
0.140093
0.140089
0.140086
0.140083
0.14008
0.140077
0.140075
0.140072
0.14007
0.140068
0.140066
0.140064
0.140062
0.140061
0.140059
0.140057
0.140056
0.140055
0.140053
0.140051
0.14005
0.140048
0.140046
0.140044
0.140042
0.14004
0.140038
0.140036
0.140033
0.140031
0.140028
0.140025
0.140022
0.140018
0.140015
0.140011
0.140007
0.140003
0.139998
0.139994
0.13999
0.139986
0.139983
0.139979
0.139976
0.139973
0.139971
0.139968
0.139966
0.139965
0.139965
0.139966
0.139968
0.139971
0.139974
0.139977
0.13998
0.139985
0.139989
0.140459
0.140449
0.14044
0.140431
0.140423
0.140415
0.140408
0.140401
0.140394
0.140388
0.140381
0.140376
0.14037
0.140365
0.14036
0.140356
0.140352
0.140348
0.140344
0.140341
0.140338
0.140334
0.140331
0.140329
0.140326
0.140323
0.140321
0.140318
0.140316
0.140314
0.140311
0.140309
0.140307
0.140304
0.140301
0.140299
0.140296
0.140293
0.14029
0.140287
0.140284
0.14028
0.140277
0.140273
0.140269
0.140265
0.140261
0.140256
0.140251
0.140247
0.140242
0.140237
0.140233
0.140229
0.140225
0.140221
0.140218
0.140215
0.140213
0.140211
0.140209
0.140209
0.14021
0.140212
0.140214
0.140218
0.140221
0.140224
0.140228
0.140232
0.140775
0.140766
0.140756
0.140747
0.140739
0.140731
0.140724
0.140716
0.14071
0.140703
0.140697
0.140692
0.140686
0.140682
0.140677
0.140673
0.14067
0.140666
0.140663
0.14066
0.140657
0.140655
0.140652
0.14065
0.140648
0.140646
0.140644
0.140642
0.14064
0.140638
0.140637
0.140635
0.140632
0.14063
0.140628
0.140626
0.140623
0.14062
0.140617
0.140614
0.140611
0.140607
0.140604
0.140599
0.140595
0.14059
0.140585
0.14058
0.140574
0.140569
0.140563
0.140557
0.140552
0.140546
0.140541
0.140536
0.140531
0.140527
0.140523
0.140519
0.140516
0.140515
0.140514
0.140514
0.140515
0.140517
0.140518
0.14052
0.140523
0.140527
0.140998
0.140987
0.140977
0.140966
0.140956
0.140946
0.140938
0.140929
0.140922
0.140915
0.140908
0.140903
0.140897
0.140893
0.140889
0.140885
0.140882
0.140879
0.140877
0.140875
0.140873
0.140872
0.140871
0.14087
0.14087
0.140869
0.140869
0.140869
0.140869
0.140869
0.140869
0.140868
0.140868
0.140867
0.140867
0.140866
0.140865
0.140864
0.140863
0.140861
0.140859
0.140857
0.140854
0.140851
0.140848
0.140844
0.14084
0.140835
0.14083
0.140825
0.14082
0.140815
0.140809
0.140804
0.140799
0.140794
0.140789
0.140784
0.14078
0.140776
0.140773
0.140771
0.14077
0.14077
0.140771
0.140772
0.140773
0.140773
0.140776
0.140781
0.141362
0.141352
0.141342
0.141332
0.141323
0.141315
0.141307
0.1413
0.141294
0.141289
0.141284
0.14128
0.141277
0.141275
0.141273
0.141272
0.141271
0.141271
0.141271
0.141272
0.141273
0.141275
0.141277
0.141279
0.141282
0.141285
0.141287
0.14129
0.141293
0.141296
0.141299
0.141302
0.141305
0.141307
0.141309
0.14131
0.141312
0.141313
0.141314
0.141314
0.141314
0.141313
0.141312
0.14131
0.141308
0.141305
0.141301
0.141297
0.141291
0.141286
0.141281
0.141275
0.14127
0.141264
0.141258
0.141252
0.141246
0.14124
0.141234
0.141229
0.141223
0.141219
0.141216
0.141213
0.141211
0.141209
0.141207
0.141202
0.1412
0.141198
0.14215
0.142154
0.142157
0.142161
0.142164
0.142168
0.142173
0.142178
0.142183
0.14219
0.142197
0.142206
0.142215
0.142224
0.142235
0.142246
0.142258
0.14227
0.142283
0.142296
0.14231
0.142324
0.142339
0.142354
0.14237
0.142386
0.142402
0.142419
0.142436
0.142453
0.14247
0.142488
0.142506
0.142517
0.142533
0.142549
0.142565
0.142581
0.142596
0.142611
0.142626
0.14264
0.142654
0.142668
0.142681
0.142695
0.142709
0.142721
0.142717
0.142726
0.142736
0.142744
0.142753
0.14276
0.142767
0.142773
0.142778
0.142782
0.142788
0.14278
0.142756
0.142754
0.14275
0.142742
0.142733
0.142726
0.142727
0.142659
0.142682
0.142671
0.14469
0.144978
0.14531
0.145677
0.146077
0.14651
0.146974
0.147467
0.147986
0.14853
0.149093
0.149676
0.150278
0.150899
0.151538
0.152197
0.152872
0.153561
0.154267
0.154989
0.155726
0.156477
0.157241
0.158017
0.158804
0.159601
0.160407
0.16122
0.162042
0.16287
0.163705
0.164546
0.165395
0.166147
0.166977
0.167812
0.168645
0.169475
0.170303
0.171127
0.171947
0.172764
0.173577
0.174387
0.175195
0.176003
0.176814
0.177594
0.178201
0.17897
0.179745
0.180519
0.181293
0.182071
0.182856
0.183653
0.184468
0.18531
0.186188
0.186941
0.187583
0.188554
0.18962
0.19079
0.192094
0.193571
0.195272
0.196575
0.199178
0.201848
0.282039
0.298907
0.314761
0.329597
0.343534
0.356672
0.36909
0.380855
0.392021
0.402636
0.412738
0.422362
0.431536
0.440286
0.448635
0.456602
0.464197
0.471431
0.478342
0.484942
0.491243
0.497258
0.502997
0.508474
0.513697
0.518677
0.523423
0.527945
0.532251
0.536351
0.540253
0.543965
0.547494
0.550558
0.553714
0.556715
0.559567
0.562278
0.564856
0.567313
0.569658
0.571902
0.574056
0.576132
0.578143
0.580104
0.582028
0.583839
0.585206
0.587069
0.58897
0.590921
0.592944
0.595064
0.597306
0.599698
0.602267
0.605045
0.60806
0.610955
0.613836
0.617782
0.622105
0.626825
0.631971
0.637571
0.643655
0.64885
0.656714
0.664184
0.133897
0.133616
0.133361
0.133011
0.132656
0.132303
0.131912
0.13141
0.130671
0.130199
0.131148
0.131078
0.130911
0.130732
0.130548
0.130361
0.130169
0.129975
0.129777
0.129576
0.129372
0.129166
0.128958
0.12875
0.128545
0.128349
0.128167
0.128003
0.127819
0.127469
0.127964
0.128204
0.128212
0.128186
0.128149
0.128104
0.12805
0.12799
0.127922
0.127847
0.127766
0.127677
0.127582
0.127481
0.127374
0.127261
0.127143
0.127019
0.126892
0.126761
0.12663
0.1265
0.126372
0.126246
0.126123
0.126002
0.125885
0.125772
0.12566
0.12553
0.125311
0.125609
0.12572
0.125683
0.125627
0.125567
0.125503
0.125436
0.125367
0.125295
0.12522
0.125143
0.125063
0.12498
0.124895
0.124807
0.124717
0.124625
0.12453
0.124433
0.124335
0.124234
0.124131
0.124027
0.123921
0.123813
0.123704
0.123594
0.123482
0.12337
0.123257
0.123144
0.123031
0.12292
0.122812
0.122715
0.122644
0.122644
0.122855
0.123879
0.139481
0.139337
0.139245
0.139175
0.139117
0.13907
0.139035
0.139011
0.138991
0.138968
0.138961
0.138948
0.138935
0.138924
0.138912
0.138899
0.138886
0.13887
0.138854
0.138835
0.138813
0.13879
0.138763
0.138734
0.138702
0.138667
0.13863
0.138592
0.138554
0.138512
0.138485
0.138457
0.138424
0.13839
0.138352
0.138311
0.138268
0.138223
0.138175
0.138125
0.138072
0.138018
0.137962
0.137904
0.137845
0.137784
0.137722
0.137658
0.137593
0.137528
0.137464
0.137404
0.13735
0.137302
0.13726
0.137225
0.137195
0.13717
0.13715
0.137132
0.137109
0.137083
0.137057
0.137036
0.13702
0.137009
0.137003
0.137002
0.137005
0.137013
0.137026
0.137042
0.137063
0.137088
0.137116
0.137147
0.137181
0.137218
0.137258
0.137301
0.137346
0.137393
0.137443
0.137495
0.137549
0.137604
0.13766
0.137717
0.137775
0.137834
0.137893
0.137952
0.13801
0.138069
0.138127
0.138185
0.138247
0.138322
0.138446
0.13874
0.13882
0.138816
0.138807
0.138794
0.138777
0.138756
0.13873
0.138703
0.138678
0.138659
0.138643
0.138627
0.138609
0.138589
0.138567
0.138542
0.138515
0.138485
0.138453
0.138418
0.13838
0.138339
0.138293
0.138241
0.138181
0.138111
0.138025
0.137924
0.137823
0.137747
0.137701
0.13766
0.137607
0.137536
0.137441
0.137334
0.137225
0.137116
0.137007
0.136898
0.136791
0.136684
0.136579
0.136476
0.136376
0.136278
0.136183
0.13609
0.136
0.135914
0.135839
0.135785
0.135748
0.135724
0.135709
0.1357
0.135696
0.135695
0.135697
0.1357
0.135704
0.135706
0.135709
0.135714
0.135722
0.135732
0.135743
0.135757
0.135772
0.13579
0.135808
0.135829
0.135851
0.135875
0.1359
0.135927
0.135956
0.135986
0.136019
0.136053
0.136088
0.136125
0.136164
0.136203
0.136243
0.136283
0.136324
0.136365
0.136407
0.136449
0.136491
0.136535
0.13658
0.136625
0.136672
0.13672
0.136769
0.136818
0.136869
0.136926
0.138565
0.138488
0.138419
0.138359
0.138307
0.138261
0.138219
0.13818
0.138144
0.138114
0.138093
0.138074
0.138057
0.13804
0.138023
0.138006
0.137989
0.137972
0.137954
0.137935
0.137914
0.137892
0.137869
0.137843
0.137815
0.137784
0.137751
0.137715
0.137678
0.13764
0.137605
0.137571
0.137535
0.137498
0.13746
0.137421
0.137382
0.137341
0.137299
0.137257
0.137214
0.13717
0.137126
0.137082
0.137038
0.136993
0.136947
0.136903
0.136858
0.136815
0.136772
0.13673
0.136689
0.136648
0.136608
0.136568
0.136529
0.136491
0.136452
0.136414
0.136375
0.136339
0.136303
0.136267
0.136231
0.136196
0.13616
0.136124
0.136088
0.136052
0.136016
0.135979
0.135942
0.135904
0.135867
0.135829
0.135793
0.135759
0.135729
0.135705
0.135685
0.13567
0.135658
0.135645
0.135627
0.1356
0.135559
0.135512
0.135464
0.135414
0.135364
0.135315
0.135267
0.135221
0.135178
0.13514
0.135119
0.135115
0.135123
0.135155
0.139199
0.139217
0.139239
0.139263
0.139286
0.139306
0.139324
0.139339
0.139352
0.139366
0.13938
0.139391
0.139398
0.139402
0.139402
0.1394
0.139394
0.139385
0.139372
0.139357
0.139337
0.139314
0.139284
0.139247
0.1392
0.13914
0.139075
0.13901
0.138947
0.138887
0.138832
0.138779
0.138728
0.138677
0.138627
0.138578
0.138529
0.138481
0.138433
0.138387
0.138343
0.1383
0.138259
0.138219
0.138181
0.138145
0.138116
0.138099
0.138093
0.138092
0.138095
0.138099
0.138106
0.138113
0.138121
0.138129
0.138138
0.138147
0.138156
0.138166
0.138175
0.138183
0.138192
0.138201
0.13821
0.13822
0.138231
0.138242
0.138253
0.138266
0.138279
0.138292
0.138307
0.138322
0.138338
0.138355
0.138374
0.138393
0.138413
0.138435
0.138458
0.138482
0.138508
0.138535
0.138564
0.138594
0.138625
0.138655
0.138682
0.138706
0.138727
0.138744
0.138758
0.138769
0.138776
0.13878
0.138781
0.138779
0.138772
0.138751
0.139109
0.13915
0.139184
0.139212
0.139233
0.13925
0.139264
0.139274
0.139282
0.139282
0.139273
0.139261
0.139248
0.139233
0.139218
0.139203
0.139186
0.139169
0.139151
0.139133
0.139115
0.139097
0.139078
0.13906
0.139042
0.139024
0.139005
0.138984
0.138963
0.138939
0.138914
0.13889
0.138866
0.138841
0.138816
0.138791
0.138765
0.138739
0.138712
0.138684
0.138656
0.138628
0.1386
0.138571
0.138541
0.138512
0.138482
0.138452
0.138422
0.138393
0.138364
0.138336
0.138309
0.138282
0.138255
0.13823
0.138204
0.138179
0.138155
0.13813
0.138106
0.138083
0.13806
0.138037
0.138015
0.137992
0.13797
0.137947
0.137925
0.137903
0.137881
0.137859
0.137838
0.13782
0.137804
0.13779
0.137779
0.137771
0.137766
0.137762
0.137761
0.137761
0.137762
0.137765
0.137768
0.137772
0.137776
0.137777
0.137772
0.137748
0.137719
0.137689
0.13766
0.137635
0.137615
0.137616
0.137629
0.137649
0.137674
0.137716
0.139435
0.139438
0.139443
0.139449
0.139456
0.139463
0.13947
0.139476
0.139481
0.139487
0.139494
0.139501
0.139507
0.139513
0.139517
0.139521
0.139525
0.139528
0.13953
0.139531
0.139531
0.13953
0.139526
0.13952
0.13951
0.139493
0.13947
0.139442
0.139413
0.139383
0.139354
0.139325
0.139295
0.139263
0.13923
0.139196
0.139161
0.139125
0.139088
0.13905
0.139013
0.138976
0.13894
0.138904
0.138868
0.138833
0.138799
0.13877
0.138749
0.138735
0.138724
0.138716
0.13871
0.138705
0.138701
0.138698
0.138696
0.138694
0.138693
0.138692
0.138692
0.138692
0.138693
0.138694
0.138695
0.138697
0.1387
0.138704
0.138708
0.138714
0.13872
0.138726
0.138734
0.138742
0.138751
0.138761
0.138772
0.138784
0.138797
0.13881
0.138825
0.138842
0.138859
0.138878
0.138899
0.138921
0.138944
0.138969
0.138992
0.139014
0.139033
0.13905
0.139065
0.139078
0.139088
0.139095
0.139101
0.139105
0.139107
0.139099
0.139334
0.139352
0.139369
0.139383
0.139397
0.139409
0.139421
0.139433
0.139444
0.139455
0.139466
0.139475
0.139485
0.139495
0.139504
0.139512
0.139521
0.139529
0.139535
0.139541
0.139546
0.139549
0.13955
0.13955
0.139546
0.139539
0.139527
0.139512
0.139493
0.139467
0.139436
0.139401
0.139363
0.139323
0.139283
0.139243
0.139203
0.139163
0.139124
0.139085
0.139046
0.139008
0.138971
0.138935
0.1389
0.138865
0.138832
0.138799
0.138767
0.138736
0.138707
0.138679
0.138652
0.138626
0.138602
0.138579
0.138557
0.138536
0.138516
0.138497
0.138478
0.13846
0.138443
0.138426
0.138409
0.138393
0.138378
0.138362
0.138347
0.138332
0.138317
0.138302
0.138287
0.138271
0.138255
0.138239
0.138223
0.138206
0.138189
0.138171
0.138154
0.138135
0.138117
0.138098
0.138078
0.138058
0.138038
0.138017
0.137996
0.137979
0.137972
0.137978
0.137992
0.138011
0.138033
0.138059
0.138087
0.138118
0.138151
0.138194
0.139433
0.139437
0.139443
0.139452
0.139463
0.139475
0.139488
0.139501
0.139516
0.139531
0.139546
0.139561
0.139576
0.139589
0.139601
0.139612
0.139621
0.139627
0.139631
0.139631
0.139628
0.139621
0.139609
0.139592
0.139568
0.139536
0.139499
0.13946
0.13942
0.13938
0.13934
0.139301
0.139264
0.139227
0.139191
0.139156
0.139123
0.139091
0.13906
0.139032
0.139004
0.138978
0.138954
0.138931
0.138909
0.138888
0.138868
0.13885
0.138838
0.138831
0.138828
0.138827
0.138828
0.138829
0.138832
0.138835
0.138838
0.138842
0.138847
0.138851
0.138856
0.138861
0.138866
0.138872
0.138878
0.138884
0.138891
0.138898
0.138905
0.138913
0.138921
0.13893
0.13894
0.13895
0.138961
0.138973
0.138986
0.138999
0.139013
0.139027
0.139042
0.139058
0.139075
0.139093
0.139111
0.13913
0.139149
0.139168
0.139185
0.139199
0.139211
0.139221
0.139229
0.139234
0.139238
0.13924
0.13924
0.139238
0.139236
0.13923
0.139416
0.139434
0.139454
0.139475
0.139496
0.139518
0.13954
0.139561
0.139581
0.139601
0.139618
0.139634
0.139646
0.139656
0.139661
0.139663
0.13966
0.139652
0.139639
0.139622
0.1396
0.139573
0.139541
0.139506
0.13947
0.139434
0.1394
0.139368
0.139337
0.139309
0.139282
0.139257
0.139235
0.139214
0.139196
0.139178
0.139162
0.139148
0.139134
0.139121
0.139109
0.139097
0.139085
0.139073
0.139062
0.13905
0.139039
0.139027
0.139015
0.139002
0.13899
0.138977
0.138965
0.138953
0.138941
0.138929
0.138918
0.138907
0.138896
0.138886
0.138876
0.138866
0.138857
0.138848
0.138839
0.138831
0.138823
0.138815
0.13881
0.138806
0.138804
0.138804
0.138804
0.138806
0.138809
0.138812
0.138816
0.138821
0.138825
0.138829
0.138834
0.138837
0.13884
0.138843
0.138845
0.138846
0.13885
0.138856
0.138865
0.138876
0.13889
0.138905
0.138923
0.138942
0.138962
0.138984
0.139007
0.139031
0.139056
0.139085
0.139489
0.139515
0.139542
0.13957
0.139597
0.139622
0.139646
0.139667
0.139685
0.139699
0.139708
0.139712
0.13971
0.139702
0.139688
0.139669
0.139645
0.139616
0.139582
0.139549
0.139517
0.139489
0.139463
0.13944
0.139421
0.139404
0.13939
0.139378
0.139369
0.139361
0.139356
0.139352
0.139348
0.139346
0.139344
0.139341
0.139338
0.139335
0.139331
0.139326
0.13932
0.139314
0.139306
0.139299
0.13929
0.139281
0.139271
0.13926
0.139249
0.139238
0.139227
0.13922
0.139217
0.139216
0.139216
0.139217
0.139219
0.139222
0.139226
0.13923
0.139235
0.139241
0.139248
0.139255
0.139263
0.139271
0.13928
0.139289
0.139299
0.139309
0.139319
0.13933
0.139341
0.139352
0.139364
0.139375
0.139388
0.1394
0.139413
0.139426
0.13944
0.139454
0.139468
0.139483
0.139498
0.139512
0.139526
0.139538
0.13955
0.13956
0.139568
0.139576
0.139583
0.139589
0.139594
0.139598
0.139601
0.139604
0.139608
0.139607
0.13957
0.139604
0.139638
0.139669
0.139696
0.13972
0.139738
0.139749
0.139753
0.13975
0.139741
0.139726
0.139704
0.139676
0.139649
0.139623
0.139601
0.139581
0.139566
0.139553
0.139545
0.139539
0.139537
0.139537
0.13954
0.139544
0.139549
0.139555
0.13956
0.139565
0.13957
0.139573
0.139575
0.139574
0.139572
0.139569
0.139563
0.139555
0.139547
0.139536
0.139525
0.139513
0.139499
0.139485
0.139471
0.139456
0.139441
0.139426
0.139413
0.1394
0.139388
0.139377
0.139367
0.139357
0.139349
0.139343
0.139342
0.139344
0.139348
0.139354
0.139361
0.139369
0.139377
0.139386
0.139395
0.139405
0.139415
0.139424
0.139434
0.139444
0.139454
0.139464
0.139473
0.139482
0.139492
0.139501
0.13951
0.139519
0.139528
0.139536
0.139545
0.139553
0.139561
0.139569
0.139577
0.139587
0.139597
0.139609
0.139621
0.139634
0.139648
0.139663
0.139678
0.139694
0.139711
0.139728
0.139745
0.139763
0.139781
0.139799
0.139683
0.139716
0.139747
0.139773
0.139791
0.139801
0.139803
0.139797
0.13978
0.13976
0.139743
0.139727
0.139713
0.139702
0.139693
0.139688
0.139686
0.139687
0.139692
0.1397
0.13971
0.139722
0.139733
0.139744
0.139754
0.139761
0.139765
0.139766
0.139765
0.139761
0.139755
0.139747
0.139737
0.139725
0.139712
0.139698
0.139684
0.139669
0.139654
0.139639
0.139625
0.139612
0.1396
0.139589
0.13958
0.139571
0.139566
0.139567
0.139572
0.139579
0.139587
0.139596
0.139607
0.139617
0.139629
0.139641
0.139653
0.139665
0.139677
0.13969
0.139702
0.139715
0.139727
0.139739
0.139752
0.139764
0.139777
0.139789
0.139802
0.139814
0.139827
0.13984
0.139852
0.139865
0.139879
0.139892
0.139905
0.139919
0.139933
0.139947
0.139961
0.139976
0.13999
0.140004
0.140017
0.14003
0.140042
0.140053
0.140065
0.140076
0.140086
0.140096
0.140106
0.140116
0.140125
0.140135
0.140144
0.140153
0.140162
0.140169
0.139788
0.139818
0.139841
0.139854
0.139856
0.139849
0.139841
0.139833
0.139826
0.139821
0.139816
0.139813
0.139812
0.139815
0.139822
0.139832
0.139844
0.139857
0.139873
0.139888
0.139902
0.139912
0.139917
0.139916
0.13991
0.139898
0.139883
0.139867
0.139851
0.139835
0.139819
0.139805
0.139791
0.139778
0.139767
0.139759
0.139752
0.139747
0.139743
0.139741
0.139739
0.139742
0.139749
0.139758
0.139769
0.13978
0.139792
0.139804
0.139816
0.139828
0.13984
0.139852
0.139864
0.139876
0.139887
0.139899
0.13991
0.139922
0.139933
0.139944
0.139955
0.139966
0.139977
0.139989
0.14
0.140011
0.140022
0.140034
0.140045
0.140056
0.140068
0.140079
0.14009
0.140102
0.140113
0.140125
0.140136
0.140148
0.14016
0.140172
0.140184
0.140197
0.14021
0.140224
0.140238
0.140253
0.140268
0.140283
0.140299
0.140315
0.140332
0.140348
0.140365
0.140382
0.140399
0.140416
0.140434
0.140451
0.140467
0.14048
0.1399
0.139911
0.139918
0.139921
0.139924
0.139926
0.139926
0.139925
0.139922
0.13992
0.13992
0.139924
0.139933
0.13995
0.139968
0.139983
0.139993
0.139997
0.139996
0.13999
0.13998
0.139966
0.139948
0.13993
0.139914
0.1399
0.13989
0.139882
0.139876
0.139873
0.139872
0.139872
0.139874
0.139878
0.139887
0.139899
0.139913
0.139926
0.13994
0.139954
0.139967
0.13998
0.139993
0.140005
0.140017
0.140028
0.140039
0.14005
0.14006
0.140071
0.140081
0.140091
0.140101
0.140111
0.140122
0.140132
0.140143
0.140153
0.140165
0.140176
0.140188
0.140199
0.140212
0.140224
0.140237
0.14025
0.140264
0.140277
0.140292
0.140306
0.140321
0.140335
0.140351
0.140366
0.140382
0.140398
0.140414
0.14043
0.140446
0.140462
0.140478
0.140494
0.14051
0.140526
0.140543
0.140559
0.140575
0.140592
0.140609
0.140625
0.140642
0.14066
0.140677
0.140695
0.140713
0.140731
0.140749
0.140768
0.140787
0.140796
0.140003
0.140005
0.140008
0.140011
0.140013
0.140014
0.140008
0.140005
0.140005
0.140008
0.140016
0.140029
0.140041
0.140048
0.140045
0.140032
0.140015
0.139995
0.139977
0.139961
0.139948
0.139939
0.139938
0.139943
0.139951
0.139961
0.139971
0.139982
0.139994
0.140005
0.140017
0.14003
0.140042
0.140055
0.140067
0.14008
0.140093
0.140105
0.140118
0.14013
0.140142
0.140153
0.140164
0.140174
0.140184
0.140193
0.140203
0.140212
0.140222
0.140233
0.140243
0.140255
0.140266
0.140277
0.140288
0.1403
0.140311
0.140323
0.140335
0.140348
0.14036
0.140373
0.140386
0.140398
0.140411
0.140424
0.140437
0.14045
0.140463
0.140476
0.140489
0.140501
0.140514
0.140528
0.140542
0.140556
0.140571
0.140586
0.140602
0.140619
0.140636
0.140653
0.140671
0.140689
0.140708
0.140727
0.140747
0.140766
0.140787
0.140808
0.140829
0.14085
0.140872
0.140895
0.140917
0.14094
0.140964
0.140987
0.141012
0.141023
0.140051
0.140047
0.140037
0.140028
0.140024
0.140034
0.140049
0.140063
0.140075
0.140084
0.140088
0.140088
0.140083
0.140073
0.140053
0.140032
0.140014
0.139999
0.139993
0.139995
0.139999
0.140005
0.140012
0.14002
0.140028
0.140037
0.140047
0.140058
0.140071
0.140085
0.1401
0.140116
0.140132
0.14015
0.140168
0.140187
0.140207
0.140227
0.140248
0.140269
0.14029
0.140311
0.140333
0.140354
0.140375
0.140396
0.140419
0.140444
0.140471
0.140499
0.140527
0.140554
0.14058
0.140606
0.14063
0.140654
0.140678
0.140701
0.140723
0.140745
0.140765
0.140785
0.140802
0.140819
0.140835
0.14085
0.140864
0.140877
0.14089
0.140902
0.140913
0.140924
0.140935
0.140945
0.140955
0.140966
0.140976
0.140987
0.140998
0.141009
0.141021
0.141033
0.141047
0.14106
0.141075
0.14109
0.141107
0.141124
0.141142
0.141161
0.141181
0.141201
0.141223
0.141246
0.14127
0.141294
0.14132
0.141346
0.141375
0.141391
0.140079
0.140064
0.140064
0.140069
0.140075
0.14008
0.140082
0.140082
0.14008
0.140076
0.140069
0.140061
0.140053
0.140046
0.140036
0.140028
0.140025
0.140025
0.140028
0.140032
0.140038
0.140045
0.140053
0.140062
0.140072
0.140083
0.140098
0.140117
0.140138
0.140159
0.140181
0.140205
0.140229
0.140254
0.140281
0.140309
0.14034
0.140372
0.140406
0.140443
0.140483
0.140525
0.14057
0.140617
0.140668
0.140723
0.14078
0.140838
0.140901
0.14097
0.141044
0.141122
0.141203
0.141284
0.141367
0.141448
0.141529
0.14161
0.141688
0.141765
0.141839
0.141911
0.141981
0.142048
0.142111
0.142171
0.142227
0.14228
0.142328
0.142371
0.142411
0.142445
0.142475
0.1425
0.142521
0.142536
0.142547
0.142554
0.142556
0.142554
0.142549
0.14254
0.142527
0.142512
0.142494
0.142474
0.142452
0.142429
0.142404
0.142379
0.142353
0.142326
0.1423
0.142274
0.142248
0.142223
0.142198
0.142174
0.142146
0.142145
0.140069
0.14007
0.140066
0.140061
0.140056
0.140052
0.140049
0.140046
0.140041
0.140035
0.14003
0.140028
0.14003
0.140036
0.140044
0.140054
0.140065
0.140076
0.140088
0.1401
0.140112
0.140125
0.140138
0.140153
0.140168
0.140184
0.140201
0.14022
0.140241
0.140263
0.140288
0.140315
0.140345
0.140378
0.140415
0.140457
0.140503
0.140556
0.140616
0.140683
0.14076
0.140848
0.140949
0.14106
0.141199
0.141326
0.14138
0.141431
0.141488
0.141553
0.141617
0.141679
0.141737
0.141789
0.141836
0.141878
0.141916
0.141952
0.141987
0.142023
0.142061
0.142101
0.142145
0.142191
0.14224
0.142293
0.142347
0.142404
0.142461
0.14252
0.142579
0.142639
0.142699
0.142758
0.142817
0.142874
0.14293
0.142984
0.143035
0.143084
0.143129
0.14317
0.143206
0.143238
0.143265
0.143287
0.143303
0.143314
0.14332
0.14332
0.143315
0.143304
0.143289
0.143268
0.143243
0.143214
0.143175
0.143147
0.143154
0.143818
0.140034
0.14004
0.140039
0.140035
0.140028
0.140021
0.140014
0.140007
0.139993
0.139982
0.139975
0.139978
0.139984
0.13999
0.139995
0.139999
0.140003
0.140007
0.14001
0.140014
0.140018
0.140022
0.140027
0.140033
0.140039
0.140046
0.140054
0.140064
0.140075
0.140087
0.140101
0.140118
0.140138
0.140162
0.14019
0.140223
0.140264
0.140315
0.140377
0.140456
0.140557
0.140691
0.140874
0.141115
0.141559
0.141962
0.142547
0.142793
0.14296
0.142943
0.142928
0.142932
0.142975
0.143069
0.143197
0.14333
0.143445
0.143526
0.143566
0.143565
0.143527
0.143458
0.143371
0.14328
0.143204
0.143152
0.14312
0.143101
0.143094
0.143095
0.143103
0.143116
0.143134
0.143157
0.143186
0.143221
0.143264
0.143313
0.143371
0.143437
0.14351
0.14359
0.143675
0.143766
0.143861
0.143959
0.144059
0.144162
0.144266
0.144371
0.144479
0.144589
0.144702
0.144819
0.144942
0.145074
0.14522
0.145467
0.149475
0.195223
)
;

boundaryField
{
    airfoil
    {
        type            calculated;
        value           uniform 0;
    }
    farBoundaries
    {
        type            calculated;
        value           uniform 1;
    }
    inlet
    {
        type            freestream;
        freestreamValue uniform 0.14;
        value           nonuniform List<scalar> 
200
(
0.14
0.14
0.14
0.14
0.14
0.14
0.14
0.14
0.14
0.14
0.14
0.14
0.14
0.14
0.14
0.14
0.14
0.14
0.14
0.14
0.14
0.14
0.14
0.14
0.14
0.14
0.14
0.14
0.14
0.14
0.14
0.14
0.14
0.14
0.14
0.14
0.14
0.14
0.14
0.14
0.14
0.14
0.14
0.14
0.14
0.14
0.142547
0.14
0.14296
0.142943
0.142928
0.142932
0.142975
0.143069
0.143197
0.14333
0.143445
0.143526
0.143566
0.143565
0.143527
0.143458
0.143371
0.14328
0.143204
0.143152
0.14312
0.143101
0.143094
0.143095
0.143103
0.143116
0.143134
0.143157
0.143186
0.143221
0.143264
0.143313
0.143371
0.143437
0.14351
0.14359
0.143675
0.143766
0.143861
0.143959
0.144059
0.144162
0.144266
0.144371
0.144479
0.144589
0.144702
0.144819
0.144942
0.145074
0.14522
0.145467
0.149475
0.195223
0.14
0.14
0.14
0.14
0.14
0.14
0.14
0.14
0.14
0.14
0.14
0.14
0.14
0.14
0.14
0.14
0.14
0.14
0.14
0.14
0.14
0.14
0.14
0.14
0.14
0.14
0.14
0.14
0.14
0.14
0.14
0.14
0.14
0.14
0.14
0.14
0.14
0.14
0.14
0.14
0.14
0.14
0.14
0.14
0.14
0.14
0.14
0.14
0.14
0.14
0.14
0.14
0.14
0.14
0.14
0.14
0.14
0.14
0.14
0.14
0.14
0.14
0.14
0.14
0.14
0.14
0.14
0.14
0.14
0.14
0.14
0.14
0.14
0.14
0.14
0.14
0.14
0.142888
0.143786
0.144122
0.144155
0.14415
0.144094
0.144024
0.143954
0.143894
0.143848
0.143819
0.143808
0.143814
0.143836
0.143868
0.143902
0.143932
0.143949
0.14395
0.143906
0.143867
0.144016
0.146115
)
;
    }
    outlet
    {
        type            freestream;
        freestreamValue uniform 0.14;
        value           nonuniform List<scalar> 
40
(
0.192475
0.214344
0.189284
0.166223
0.161052
0.154648
0.150241
0.148217
0.147362
0.147389
0.168083
0.288945
0.535361
0.795222
1.01932
1.1947
1.31222
1.36242
1.33116
1.18799
1.19876
1.35814
1.40678
1.3755
1.2784
1.12477
0.923147
0.684081
0.426308
0.223351
0.15141
0.142453
0.141697
0.140429
0.138379
0.135764
0.132661
0.131081
0.135332
0.151456
)
;
    }
    defaultFaces
    {
        type            empty;
    }
}


// ************************************************************************* //
