/*--------------------------------*- C++ -*----------------------------------*\
  =========                 |
  \\      /  F ield         | OpenFOAM: The Open Source CFD Toolbox
   \\    /   O peration     | Website:  https://openfoam.org
    \\  /    A nd           | Version:  6.0
     \\/     M anipulation  |
\*---------------------------------------------------------------------------*/
FoamFile
{
    version     2.0;
    format      ascii;
    class       volScalarField;
    location    "250";
    object      p;
}
// * * * * * * * * * * * * * * * * * * * * * * * * * * * * * * * * * * * * * //

dimensions      [0 2 -2 0 0 0 0];

internalField   nonuniform List<scalar> 
9800
(
99.427
97.9781
96.9401
96.1486
95.4996
94.9316
94.4082
93.9073
93.4177
92.9329
92.4341
91.9224
91.3995
90.8643
90.3165
89.757
89.1881
88.6142
88.0431
87.4886
86.9734
86.5355
86.2542
86.2991
86.6732
87.2078
87.8222
88.4768
89.1486
89.8236
90.4934
91.1478
91.7885
92.4134
93.021
93.6105
94.1812
94.733
95.2657
95.7792
96.2736
96.7487
97.2046
97.641
98.0579
98.455
98.8319
99.1884
99.5237
99.8374
100.129
100.397
100.641
100.859
101.051
101.214
101.347
101.447
101.514
101.544
101.535
101.484
101.389
101.251
101.07
100.849
100.602
100.351
100.138
100.034
100.162
100.72
102.027
104.604
109.163
117.046
128.829
147.204
164.823
180.239
187.764
193.826
200.804
207.573
213.49
218.924
224.3
229.643
234.804
239.701
244.381
248.928
253.424
257.924
262.458
267.028
271.625
276.224
280.799
285.358
158.253
158.493
158.578
158.616
158.645
158.682
158.73
158.786
158.846
158.91
158.974
159.029
159.077
159.116
159.146
159.171
159.192
159.214
159.245
159.29
159.36
159.449
159.529
159.61
159.697
159.781
159.886
160.013
160.155
160.301
160.447
160.585
160.708
160.815
160.903
160.971
161.017
161.041
161.042
161.02
160.974
160.904
160.81
160.691
160.546
160.376
160.18
159.957
159.706
159.427
159.119
158.782
158.413
158.013
157.58
157.113
156.611
156.073
155.498
154.886
154.235
153.547
152.82
152.053
151.247
150.407
149.534
148.633
147.704
146.751
145.768
144.754
143.69
142.588
141.446
140.529
140.081
142.673
149.77
159.964
171.625
181.337
189.176
196.226
202.939
209.249
215.059
220.378
225.277
229.815
234.054
238.051
241.858
245.49
248.94
252.165
255.109
257.703
259.828
261.443
101.678
103.232
104.528
105.636
106.617
107.517
108.37
109.198
110.014
110.828
111.662
112.522
113.403
114.303
115.224
116.16
117.107
118.056
118.99
119.885
120.707
121.403
121.872
121.963
121.669
121.133
120.461
119.709
118.911
118.093
117.269
116.455
115.658
114.876
114.11
113.363
112.635
111.927
111.237
110.567
109.915
109.282
108.668
108.072
107.495
106.938
106.4
105.882
105.386
104.912
104.462
104.039
103.643
103.278
102.947
102.656
102.406
102.208
102.064
101.985
101.981
102.065
102.25
102.56
103.013
103.64
104.47
105.552
106.934
108.69
110.898
113.676
117.149
121.493
126.881
133.533
141.527
150.96
160.873
170.243
178.499
185.617
192.065
198.17
203.898
209.108
213.805
218.103
222.115
225.898
229.492
232.923
236.196
239.281
242.143
244.733
247.015
248.935
250.477
251.458
105.698
104.884
104.308
103.885
103.564
103.312
103.109
102.944
102.81
102.702
102.616
102.552
102.511
102.491
102.492
102.51
102.541
102.582
102.626
102.669
102.705
102.743
102.802
102.883
102.981
103.098
103.216
103.327
103.436
103.548
103.668
103.801
103.952
104.123
104.316
104.532
104.773
105.04
105.332
105.651
105.997
106.37
106.771
107.2
107.659
108.149
108.67
109.225
109.815
110.443
111.109
111.82
112.576
113.383
114.243
115.164
116.149
117.206
118.342
119.567
120.887
122.317
123.864
125.544
127.37
129.364
131.537
133.912
136.503
139.333
142.409
145.748
149.339
153.18
157.23
161.447
165.757
170.1
174.444
178.837
183.338
187.935
192.516
196.952
201.162
205.126
208.871
212.433
215.85
219.138
222.296
225.294
228.096
230.664
232.968
234.983
236.697
238.089
239.185
239.84
123.256
122.79
122.317
121.859
121.424
121.014
120.628
120.262
119.917
119.589
119.262
118.934
118.609
118.286
117.964
117.644
117.329
117.022
116.73
116.464
116.239
116.077
116.015
116.101
116.34
116.687
117.102
117.561
118.047
118.55
119.062
119.573
120.079
120.585
121.089
121.591
122.092
122.592
123.091
123.592
124.095
124.601
125.111
125.628
126.151
126.685
127.228
127.785
128.355
128.944
129.551
130.182
130.837
131.522
132.238
132.991
133.783
134.622
135.51
136.455
137.46
138.537
139.684
140.916
142.236
143.659
145.189
146.842
148.621
150.544
152.616
154.855
157.269
159.88
162.697
165.746
169.036
172.581
176.363
180.329
184.375
188.389
192.284
196.026
199.616
203.062
206.376
209.561
212.62
215.543
218.313
220.903
223.294
225.471
227.432
229.175
230.709
232.026
233.171
234.009
127.77
127.735
127.689
127.638
127.585
127.534
127.489
127.453
127.43
127.421
127.417
127.419
127.432
127.455
127.487
127.528
127.579
127.641
127.714
127.8
127.899
128.006
128.117
128.231
128.351
128.474
128.605
128.748
128.901
129.066
129.238
129.415
129.595
129.782
129.975
130.176
130.385
130.603
130.831
131.071
131.324
131.592
131.876
132.18
132.503
132.85
133.22
133.619
134.046
134.508
135.003
135.539
136.115
136.739
137.41
138.138
138.92
139.768
140.681
141.67
142.735
143.888
145.127
146.466
147.906
149.462
151.134
152.935
154.865
156.936
159.146
161.506
164.008
166.656
169.436
172.34
175.34
178.412
181.514
184.611
187.67
190.674
193.615
196.494
199.311
202.059
204.731
207.312
209.787
212.14
214.355
216.422
218.338
220.1
221.711
223.17
224.479
225.624
226.636
227.392
132.365
132.015
131.717
131.467
131.26
131.092
130.959
130.861
130.796
130.764
130.754
130.769
130.81
130.876
130.965
131.077
131.208
131.357
131.519
131.69
131.865
132.038
132.197
132.332
132.442
132.536
132.623
132.713
132.809
132.917
133.039
133.177
133.33
133.506
133.703
133.924
134.17
134.441
134.737
135.062
135.414
135.795
136.206
136.65
137.124
137.634
138.178
138.76
139.378
140.039
140.739
141.486
142.276
143.116
144.005
144.948
145.944
147
148.113
149.291
150.531
151.841
153.216
154.664
156.182
157.779
159.451
161.203
163.028
164.934
166.911
168.964
171.08
173.262
175.496
177.781
180.102
182.456
184.831
187.224
189.623
192.026
194.419
196.793
199.134
201.428
203.659
205.814
207.882
209.854
211.727
213.499
215.169
216.738
218.202
219.556
220.799
221.914
222.935
223.754
138.73
138.32
137.941
137.594
137.279
136.998
136.749
136.533
136.35
136.2
136.071
135.964
135.883
135.826
135.792
135.781
135.791
135.823
135.873
135.943
136.032
136.14
136.269
136.419
136.588
136.778
136.987
137.213
137.457
137.719
138
138.296
138.607
138.939
139.291
139.665
140.061
140.479
140.919
141.383
141.871
142.384
142.921
143.486
144.076
144.696
145.343
146.021
146.729
147.47
148.242
149.051
149.893
150.774
151.692
152.651
153.649
154.691
155.775
156.907
158.083
159.309
160.58
161.903
163.274
164.701
166.179
167.713
169.297
170.936
172.624
174.364
176.148
177.979
179.848
181.756
183.693
185.657
187.639
189.635
191.632
193.624
195.599
197.549
199.461
201.33
203.147
204.906
206.603
208.236
209.803
211.302
212.728
214.079
215.349
216.535
217.635
218.641
219.588
220.377
144.577
144.201
143.854
143.537
143.249
142.991
142.761
142.56
142.39
142.25
142.127
142.024
141.943
141.886
141.85
141.836
141.843
141.871
141.921
141.992
142.086
142.203
142.344
142.513
142.709
142.93
143.173
143.438
143.722
144.026
144.348
144.685
145.033
145.4
145.786
146.191
146.614
147.057
147.52
148.004
148.509
149.037
149.586
150.161
150.758
151.382
152.031
152.709
153.412
154.147
154.909
155.704
156.528
157.387
158.277
159.204
160.164
161.162
162.194
163.267
164.375
165.524
166.707
167.929
169.189
170.49
171.828
173.208
174.621
176.073
177.556
179.074
180.619
182.192
183.787
185.403
187.033
188.677
190.324
191.976
193.621
195.258
196.879
198.482
200.058
201.607
203.122
204.603
206.044
207.444
208.798
210.102
211.352
212.546
213.681
214.755
215.771
216.722
217.64
218.432
149.499
149.172
148.871
148.6
148.357
148.143
147.958
147.802
147.678
147.585
147.51
147.455
147.425
147.418
147.435
147.474
147.536
147.619
147.722
147.846
147.989
148.15
148.329
148.524
148.736
148.964
149.209
149.472
149.752
150.052
150.37
150.703
151.049
151.417
151.804
152.214
152.643
153.095
153.568
154.065
154.582
155.125
155.689
156.278
156.891
157.529
158.191
158.88
159.593
160.334
161.1
161.894
162.713
163.562
164.437
165.341
166.272
167.232
168.219
169.237
170.28
171.354
172.45
173.573
174.721
175.899
177.101
178.33
179.58
180.856
182.151
183.468
184.8
186.151
187.512
188.887
190.268
191.656
193.045
194.434
195.816
197.193
198.557
199.908
201.241
202.556
203.846
205.11
206.345
207.549
208.717
209.849
210.942
211.997
213.012
213.989
214.93
215.827
216.709
217.488
155.156
154.788
154.452
154.151
153.882
153.647
153.444
153.274
153.138
153.037
152.957
152.899
152.867
152.862
152.883
152.928
152.997
153.09
153.205
153.343
153.502
153.681
153.879
154.097
154.333
154.588
154.861
155.153
155.463
155.794
156.144
156.508
156.886
157.284
157.702
158.142
158.601
159.081
159.58
160.102
160.642
161.204
161.785
162.388
163.01
163.655
164.318
165.003
165.708
166.435
167.181
167.95
168.737
169.548
170.377
171.23
172.101
172.995
173.908
174.844
175.798
176.773
177.764
178.773
179.799
180.846
181.909
182.992
184.088
185.201
186.326
187.466
188.614
189.773
190.938
192.111
193.285
194.462
195.637
196.811
197.979
199.142
200.294
201.437
202.565
203.679
204.775
205.853
206.909
207.943
208.953
209.94
210.902
211.838
212.749
213.634
214.492
215.319
216.135
216.864
158.312
158.156
158.012
157.885
157.776
157.686
157.617
157.57
157.549
157.554
157.568
157.597
157.645
157.714
157.802
157.911
158.039
158.187
158.354
158.541
158.746
158.971
159.214
159.475
159.754
160.051
160.366
160.699
161.05
161.42
161.807
162.207
162.617
163.046
163.492
163.957
164.439
164.939
165.455
165.99
166.541
167.11
167.696
168.299
168.919
169.556
170.21
170.882
171.569
172.275
172.996
173.736
174.491
175.264
176.053
176.86
177.682
178.522
179.376
180.249
181.135
182.037
182.949
183.875
184.812
185.764
186.727
187.704
188.69
189.687
190.691
191.704
192.722
193.747
194.774
195.806
196.837
197.869
198.898
199.926
200.948
201.965
202.974
203.975
204.965
205.945
206.911
207.865
208.803
209.726
210.633
211.523
212.395
213.249
214.084
214.899
215.694
216.465
217.231
217.923
165.615
165.267
164.957
164.684
164.447
164.245
164.076
163.941
163.841
163.776
163.735
163.717
163.724
163.759
163.818
163.903
164.012
164.145
164.301
164.481
164.683
164.908
165.154
165.424
165.715
166.027
166.359
166.71
167.078
167.466
167.869
168.284
168.706
169.145
169.599
170.069
170.554
171.054
171.568
172.097
172.639
173.196
173.767
174.352
174.95
175.563
176.188
176.828
177.48
178.146
178.825
179.518
180.223
180.942
181.673
182.417
183.172
183.94
184.718
185.509
186.309
187.12
187.936
188.759
189.59
190.43
191.277
192.132
192.992
193.859
194.729
195.605
196.482
197.362
198.242
199.124
200.004
200.884
201.759
202.633
203.5
204.364
205.22
206.07
206.912
207.746
208.57
209.384
210.188
210.981
211.762
212.531
213.287
214.03
214.759
215.475
216.177
216.861
217.543
218.164
163.054
163.27
163.481
163.693
163.909
164.133
164.364
164.608
164.869
165.145
165.414
165.682
165.96
166.249
166.549
166.861
167.183
167.517
167.861
168.217
168.583
168.96
169.346
169.743
170.147
170.56
170.983
171.417
171.862
172.32
172.79
173.264
173.741
174.231
174.734
175.251
175.778
176.319
176.872
177.437
178.014
178.604
179.206
179.82
180.445
181.083
181.732
182.394
183.066
183.75
184.445
185.151
185.867
186.594
187.33
188.076
188.831
189.596
190.367
191.148
191.935
192.729
193.524
194.322
195.125
195.934
196.746
197.563
198.381
199.204
200.027
200.852
201.677
202.502
203.325
204.148
204.967
205.785
206.597
207.406
208.21
209.009
209.8
210.586
211.364
212.134
212.895
213.648
214.391
215.124
215.845
216.556
217.255
217.943
218.618
219.28
219.93
220.564
221.195
221.773
179.256
178.78
178.353
177.973
177.635
177.339
177.08
176.859
176.673
176.526
176.423
176.352
176.313
176.304
176.326
176.377
176.456
176.564
176.7
176.864
177.054
177.271
177.515
177.785
178.082
178.405
178.753
179.122
179.51
179.916
180.337
180.767
181.201
181.647
182.106
182.578
183.06
183.554
184.058
184.573
185.097
185.633
186.178
186.733
187.297
187.871
188.454
189.046
189.646
190.255
190.87
191.495
192.126
192.765
193.409
194.06
194.716
195.378
196.044
196.716
197.39
198.068
198.744
199.42
200.097
200.777
201.459
202.143
202.827
203.513
204.199
204.886
205.571
206.256
206.939
207.621
208.301
208.979
209.653
210.324
210.992
211.656
212.315
212.969
213.618
214.262
214.9
215.532
216.157
216.775
217.386
217.989
218.584
219.17
219.749
220.318
220.878
221.426
221.97
222.476
156.961
157.906
158.821
159.721
160.611
161.497
162.381
163.27
164.173
165.082
165.94
166.762
167.58
168.396
169.209
170.021
170.829
171.634
172.435
173.233
174.025
174.813
175.595
176.372
177.141
177.903
178.656
179.403
180.147
180.89
181.631
182.357
183.072
183.789
184.512
185.239
185.97
186.707
187.448
188.196
188.948
189.707
190.47
191.239
192.012
192.791
193.573
194.36
195.151
195.945
196.742
197.543
198.344
199.149
199.954
200.76
201.567
202.374
203.18
203.986
204.79
205.591
206.384
207.173
207.957
208.739
209.518
210.294
211.066
211.835
212.598
213.357
214.11
214.858
215.6
216.335
217.062
217.783
218.495
219.199
219.894
220.58
221.257
221.924
222.58
223.225
223.86
224.483
225.094
225.694
226.28
226.855
227.416
227.965
228.5
229.022
229.531
230.026
230.508
230.964
207.415
206.481
205.608
204.791
204.019
203.285
202.583
201.907
201.24
200.6
200.08
199.615
199.19
198.803
198.453
198.141
197.867
197.632
197.436
197.279
197.161
197.082
197.041
197.04
197.078
197.155
197.271
197.424
197.609
197.824
198.067
198.336
198.611
198.904
199.217
199.547
199.894
200.256
200.633
201.024
201.428
201.846
202.275
202.716
203.167
203.629
204.1
204.581
205.07
205.567
206.071
206.583
207.1
207.624
208.153
208.688
209.226
209.769
210.315
210.865
211.417
211.969
212.517
213.062
213.606
214.152
214.7
215.25
215.801
216.353
216.906
217.459
218.011
218.563
219.113
219.662
220.21
220.755
221.298
221.838
222.375
222.908
223.438
223.963
224.484
225
225.511
226.017
226.517
227.01
227.498
227.979
228.452
228.919
229.377
229.828
230.27
230.702
231.122
231.545
117.762
120.333
122.851
125.334
127.804
130.274
132.758
135.276
137.863
140.467
142.842
145.101
147.334
149.554
151.762
153.953
156.127
158.281
160.415
162.525
164.612
166.673
168.707
170.713
172.691
174.637
176.553
178.436
180.291
182.117
183.902
185.593
187.241
188.862
190.461
192.041
193.601
195.142
196.663
198.166
199.651
201.117
202.565
203.995
205.406
206.8
208.176
209.533
210.873
212.194
213.497
214.783
216.049
217.298
218.528
219.739
220.932
222.106
223.261
224.398
225.514
226.607
227.67
228.717
229.74
230.743
231.729
232.697
233.647
234.579
235.491
236.386
237.261
238.117
238.953
239.77
240.567
241.345
242.102
242.84
243.557
244.254
244.93
245.586
246.222
246.836
247.43
248.004
248.556
249.088
249.599
250.09
250.559
251.009
251.438
251.847
252.235
252.602
252.94
253.323
286.123
283.923
281.498
279.136
276.838
274.562
272.287
269.988
267.572
265.012
263.079
261.209
259.341
257.532
255.786
254.102
252.482
250.931
249.45
248.041
246.707
245.448
244.266
243.162
242.135
241.184
240.307
239.504
238.776
238.11
237.478
236.984
236.501
236.02
235.587
235.206
234.873
234.585
234.341
234.14
233.981
233.862
233.783
233.74
233.734
233.762
233.823
233.916
234.038
234.188
234.365
234.567
234.793
235.041
235.309
235.596
235.902
236.224
236.561
236.912
237.27
237.617
237.984
238.387
238.752
239.118
239.504
239.904
240.315
240.736
241.166
241.605
242.05
242.503
242.96
243.423
243.889
244.359
244.831
245.304
245.779
246.253
246.727
247.2
247.671
248.14
248.606
249.068
249.526
249.98
250.428
250.87
251.306
251.735
252.157
252.571
252.976
253.365
253.722
254.44
-34.5908
-23.9541
-15.3941
-5.73661
4.56188
15.1613
26.1714
38.1132
49.2099
53.4758
57.2011
64.4992
72.3432
79.9042
87.361
94.7401
102.036
109.228
116.314
123.28
130.125
136.836
143.416
149.856
156.158
162.304
168.292
174.183
180.075
185.498
189.297
192.987
197.797
202.331
206.702
210.974
215.157
219.241
223.229
227.118
230.913
234.609
238.21
241.714
245.124
248.438
251.659
254.785
257.819
260.761
263.612
266.371
269.042
271.628
274.135
276.56
278.903
281.163
283.351
285.471
287.473
289.194
290.857
292.927
294.716
296.374
297.991
299.559
301.073
302.531
303.935
305.286
306.586
307.833
309.032
310.181
311.283
312.338
313.348
314.313
315.235
316.116
316.956
317.757
318.52
319.246
319.938
320.595
321.22
321.813
322.377
322.911
323.419
323.9
324.357
324.793
325.202
325.523
325.748
327.384
287.399
286.815
286.272
285.944
285.707
285.508
285.366
285.28
285.257
285.285
285.362
285.481
285.644
285.843
286.083
286.364
286.67
286.998
287.372
287.782
288.221
288.687
289.18
289.698
290.242
290.81
291.402
292.016
292.653
293.316
293.998
294.644
295.262
296.054
296.93
297.71
298.488
299.29
300.11
300.945
301.794
302.657
303.533
304.425
305.341
306.256
307.016
307.749
308.896
310.128
311.095
312.035
313.002
313.985
314.976
315.984
317.023
318.034
318.667
319.398
320.979
322.551
323.605
324.642
325.774
326.751
326.825
328.802
331.209
330.823
261.476
261.795
262.616
263.444
264.202
264.935
265.666
266.39
267.112
267.831
268.554
269.275
269.997
270.717
271.436
272.154
272.871
273.586
274.303
275.019
275.737
276.454
277.174
277.893
278.616
279.339
280.064
280.792
281.522
282.254
282.99
283.727
284.465
285.21
285.962
286.709
287.458
288.211
288.968
289.728
290.492
291.26
292.033
292.809
293.591
294.377
295.161
295.944
296.747
297.558
298.352
299.147
299.948
300.755
301.567
302.383
303.206
304.034
304.849
305.664
306.529
307.394
308.221
309.053
309.904
310.766
311.579
312.504
313.559
314.144
252.065
252.475
253.313
254.15
254.926
255.686
256.452
257.219
257.989
258.759
259.531
260.302
261.072
261.84
262.606
263.371
264.134
264.895
265.654
266.412
267.169
267.925
268.68
269.433
270.187
270.939
271.692
272.443
273.194
273.945
274.695
275.445
276.193
276.938
277.684
278.425
279.165
279.905
280.645
281.383
282.122
282.859
283.597
284.333
285.07
285.806
286.541
287.27
287.995
288.719
289.436
290.151
290.867
291.582
292.296
293.009
293.723
294.436
295.148
295.846
296.54
297.23
297.913
298.596
299.284
299.977
300.663
301.333
302.066
302.603
240.4
240.897
241.8
242.681
243.502
244.315
245.138
245.964
246.793
247.621
248.45
249.277
250.104
250.927
251.749
252.568
253.386
254.2
255.014
255.824
256.634
257.442
258.249
259.053
259.858
260.661
261.464
262.266
263.067
263.867
264.669
265.468
266.266
267.06
267.853
268.641
269.428
270.215
271.002
271.787
272.574
273.359
274.146
274.932
275.72
276.507
277.295
278.076
278.854
279.627
280.393
281.159
281.929
282.698
283.47
284.242
285.018
285.796
286.573
287.338
288.098
288.849
289.591
290.339
291.097
291.863
292.622
293.373
294.173
294.771
234.744
235.223
236.079
236.923
237.718
238.51
239.311
240.116
240.922
241.727
242.532
243.336
244.139
244.941
245.742
246.54
247.338
248.134
248.929
249.722
250.514
251.304
252.095
252.884
253.673
254.461
255.25
256.037
256.825
257.612
258.401
259.188
259.974
260.756
261.536
262.311
263.086
263.861
264.638
265.413
266.19
266.966
267.743
268.521
269.301
270.081
270.864
271.638
272.408
273.171
273.929
274.688
275.452
276.216
276.985
277.754
278.529
279.306
280.086
280.851
281.608
282.354
283.095
283.845
284.609
285.383
286.152
286.91
287.714
288.324
228.104
228.61
229.48
230.337
231.147
231.956
232.772
233.588
234.401
235.212
236.022
236.831
237.638
238.445
239.25
240.054
240.856
241.657
242.457
243.254
244.051
244.846
245.641
246.435
247.229
248.021
248.814
249.606
250.399
251.191
251.985
252.777
253.569
254.355
255.138
255.916
256.695
257.474
258.254
259.032
259.813
260.592
261.374
262.155
262.939
263.724
264.51
265.289
266.06
266.822
267.579
268.338
269.101
269.865
270.633
271.401
272.175
272.951
273.731
274.496
275.249
275.986
276.722
277.469
278.23
279.004
279.776
280.536
281.332
281.954
224.519
225.014
225.854
226.685
227.473
228.257
229.047
229.835
230.621
231.405
232.189
232.971
233.753
234.535
235.315
236.095
236.874
237.651
238.428
239.203
239.978
240.75
241.524
242.296
243.068
243.839
244.612
245.383
246.156
246.928
247.702
248.476
249.249
250.015
250.778
251.537
252.297
253.057
253.818
254.579
255.342
256.104
256.869
257.633
258.401
259.17
259.941
260.705
261.459
262.202
262.941
263.684
264.431
265.179
265.931
266.684
267.444
268.207
268.974
269.725
270.461
271.178
271.897
272.629
273.377
274.14
274.902
275.649
276.425
277.04
221.164
221.676
222.506
223.321
224.091
224.856
225.625
226.391
227.155
227.918
228.679
229.44
230.201
230.961
231.721
232.479
233.237
233.993
234.75
235.503
236.257
237.009
237.761
238.512
239.263
240.014
240.765
241.516
242.269
243.02
243.774
244.528
245.281
246.028
246.77
247.508
248.248
248.988
249.73
250.471
251.215
251.958
252.705
253.451
254.202
254.954
255.709
256.457
257.195
257.92
258.643
259.37
260.103
260.837
261.577
262.319
263.068
263.821
264.58
265.324
266.048
266.752
267.46
268.183
268.923
269.678
270.434
271.175
271.933
272.545
219.214
219.713
220.509
221.287
222.023
222.755
223.492
224.227
224.961
225.693
226.425
227.156
227.888
228.619
229.351
230.081
230.812
231.541
232.27
232.997
233.725
234.45
235.176
235.901
236.628
237.353
238.08
238.806
239.535
240.263
240.994
241.724
242.455
243.178
243.897
244.611
245.329
246.046
246.766
247.485
248.207
248.929
249.655
250.381
251.111
251.843
252.579
253.307
254.024
254.726
255.428
256.134
256.847
257.561
258.281
259.005
259.735
260.472
261.214
261.941
262.645
263.328
264.016
264.722
265.445
266.187
266.929
267.656
268.393
268.993
218.263
218.758
219.527
220.281
220.996
221.708
222.424
223.138
223.85
224.56
225.269
225.978
226.688
227.396
228.105
228.813
229.521
230.228
230.934
231.638
232.342
233.044
233.747
234.448
235.151
235.852
236.555
237.257
237.961
238.665
239.371
240.078
240.783
241.482
242.174
242.862
243.554
244.246
244.939
245.632
246.328
247.024
247.723
248.422
249.125
249.831
250.54
251.242
251.931
252.602
253.274
253.951
254.634
255.318
256.008
256.7
257.4
258.106
258.818
259.514
260.185
260.831
261.485
262.158
262.85
263.56
264.273
264.971
265.671
266.248
217.581
218.055
218.786
219.502
220.183
220.862
221.546
222.228
222.909
223.588
224.268
224.946
225.627
226.306
226.986
227.665
228.345
229.024
229.703
230.38
231.057
231.733
232.409
233.085
233.761
234.438
235.115
235.793
236.473
237.153
237.836
238.519
239.202
239.878
240.547
241.212
241.882
242.551
243.223
243.895
244.569
245.244
245.922
246.602
247.285
247.971
248.661
249.344
250.013
250.664
251.315
251.973
252.636
253.301
253.972
254.647
255.328
256.017
256.712
257.392
258.043
258.669
259.305
259.96
260.634
261.329
262.026
262.71
263.389
263.954
218.615
219.076
219.772
220.455
221.106
221.754
222.406
223.056
223.705
224.353
225
225.647
226.295
226.942
227.59
228.236
228.883
229.529
230.175
230.818
231.461
232.103
232.745
233.386
234.029
234.67
235.314
235.957
236.602
237.247
237.895
238.544
239.193
239.833
240.466
241.096
241.73
242.364
243
243.637
244.276
244.916
245.56
246.205
246.854
247.506
248.163
248.813
249.448
250.063
250.68
251.304
251.935
252.568
253.208
253.852
254.504
255.165
255.832
256.485
257.106
257.699
258.304
258.93
259.577
260.246
260.919
261.577
262.22
262.759
218.792
219.234
219.899
220.552
221.175
221.797
222.423
223.049
223.673
224.296
224.92
225.543
226.167
226.79
227.414
228.038
228.662
229.285
229.908
230.53
231.151
231.771
232.391
233.011
233.632
234.253
234.875
235.497
236.122
236.747
237.374
238.004
238.632
239.253
239.865
240.475
241.088
241.703
242.319
242.935
243.555
244.175
244.799
245.425
246.054
246.688
247.326
247.957
248.571
249.167
249.763
250.368
250.979
251.593
252.213
252.838
253.472
254.114
254.764
255.4
256.001
256.576
257.162
257.772
258.402
259.056
259.713
260.36
260.984
261.514
222.381
222.806
223.436
224.059
224.653
225.245
225.84
226.433
227.025
227.615
228.205
228.795
229.384
229.973
230.561
231.148
231.735
232.322
232.907
233.491
234.073
234.653
235.234
235.814
236.394
236.974
237.555
238.136
238.718
239.301
239.887
240.474
241.06
241.636
242.203
242.767
243.335
243.904
244.474
245.045
245.618
246.192
246.769
247.349
247.932
248.519
249.111
249.695
250.259
250.802
251.346
251.899
252.458
253.021
253.589
254.163
254.745
255.337
255.937
256.521
257.065
257.578
258.106
258.659
259.235
259.838
260.446
261.039
261.601
262.08
223.006
223.392
223.984
224.577
225.143
225.706
226.274
226.841
227.406
227.971
228.535
229.099
229.663
230.227
230.79
231.353
231.917
232.48
233.042
233.603
234.162
234.721
235.28
235.838
236.397
236.957
237.517
238.078
238.641
239.204
239.771
240.34
240.907
241.466
242.014
242.561
243.112
243.664
244.217
244.772
245.329
245.888
246.45
247.015
247.584
248.158
248.736
249.307
249.859
250.389
250.921
251.462
252.01
252.561
253.118
253.681
254.253
254.834
255.423
255.998
256.534
257.04
257.56
258.106
258.674
259.269
259.867
260.457
261.012
261.494
231.474
231.816
232.355
232.905
233.427
233.944
234.461
234.978
235.491
236.003
236.513
237.023
237.53
238.036
238.541
239.044
239.546
240.047
240.546
241.041
241.535
242.026
242.516
243.005
243.494
243.982
244.47
244.958
245.447
245.937
246.428
246.922
247.413
247.893
248.359
248.823
249.291
249.759
250.229
250.699
251.172
251.646
252.124
252.604
253.089
253.578
254.073
254.56
255.019
255.451
255.887
256.333
256.786
257.244
257.709
258.182
258.664
259.159
259.664
260.15
260.581
260.976
261.392
261.839
262.313
262.82
263.34
263.835
264.278
264.667
231.987
232.159
232.616
233.125
233.601
234.065
234.533
235
235.467
235.932
236.396
236.86
237.323
237.785
238.246
238.706
239.167
239.627
240.086
240.543
240.998
241.453
241.907
242.361
242.815
243.27
243.726
244.183
244.641
245.102
245.566
246.033
246.499
246.954
247.395
247.836
248.282
248.731
249.181
249.634
250.09
250.55
251.014
251.482
251.955
252.436
252.922
253.402
253.856
254.285
254.72
255.168
255.623
256.084
256.553
257.031
257.519
258.021
258.532
259.028
259.475
259.89
260.326
260.792
261.284
261.807
262.336
262.858
263.328
263.751
253.78
253.757
254.09
254.52
254.906
255.265
255.621
255.973
256.319
256.658
256.992
257.319
257.641
257.957
258.268
258.572
258.873
259.17
259.461
259.745
260.023
260.296
260.565
260.829
261.091
261.35
261.608
261.864
262.12
262.377
262.635
262.895
263.151
263.385
263.597
263.807
264.02
264.234
264.449
264.666
264.886
265.11
265.339
265.573
265.814
266.064
266.324
266.57
266.765
266.92
267.085
267.267
267.459
267.662
267.878
268.109
268.358
268.628
268.917
269.175
269.332
269.443
269.595
269.797
270.043
270.345
270.682
270.953
271.141
271.336
255.081
253.508
253.445
253.93
254.263
254.495
254.728
254.97
255.206
255.434
255.656
255.872
256.083
256.289
256.489
256.684
256.875
257.065
257.248
257.426
257.599
257.768
257.934
258.097
258.258
258.418
258.577
258.735
258.895
259.056
259.219
259.385
259.549
259.693
259.815
259.94
260.071
260.203
260.338
260.477
260.62
260.769
260.924
261.085
261.255
261.433
261.622
261.803
261.942
262.05
262.171
262.31
262.462
262.625
262.803
262.995
263.205
263.435
263.682
263.909
264.067
264.195
264.358
264.565
264.81
265.101
265.408
265.685
265.924
266.13
329.915
324.632
322.798
322.637
322.196
321.48
320.765
320.087
319.407
318.718
318.024
317.327
316.627
315.923
315.216
314.504
313.792
313.081
312.363
311.64
310.911
310.18
309.447
308.713
307.98
307.249
306.521
305.797
305.078
304.366
303.661
302.966
302.262
301.498
300.678
299.861
299.05
298.241
297.434
296.633
295.838
295.054
294.279
293.518
292.771
292.042
291.333
290.589
289.699
288.708
287.732
286.781
285.846
284.931
284.041
283.182
282.357
281.574
280.836
280.006
278.886
277.636
276.473
275.417
274.466
273.638
272.941
271.945
270.761
269.848
321.931
307.264
296.345
288.525
282.66
278.142
274.655
271.955
269.835
268.139
266.751
265.59
264.596
263.731
262.967
262.286
261.675
261.127
260.632
260.185
259.782
259.417
259.087
258.788
258.517
258.272
258.049
257.847
257.663
257.496
257.343
257.204
257.076
256.96
256.853
256.754
256.664
256.581
256.504
256.433
256.368
256.308
256.252
256.201
256.153
256.108
256.067
256.027
255.99
255.955
255.921
255.889
255.858
255.827
255.797
255.768
255.738
255.709
255.68
255.65
255.621
255.59
255.559
255.528
255.495
255.462
255.428
255.394
255.358
255.323
255.289
255.257
255.227
255.199
255.169
313.168
305.147
297.654
291.974
287.097
282.69
278.884
275.699
273.041
270.82
268.97
267.429
266.138
265.049
264.118
263.314
262.614
261.997
261.451
260.964
260.527
260.131
259.772
259.445
259.145
258.871
258.619
258.388
258.176
257.983
257.806
257.644
257.497
257.362
257.239
257.126
257.022
256.926
256.838
256.756
256.68
256.609
256.543
256.482
256.424
256.371
256.32
256.273
256.228
256.185
256.144
256.105
256.068
256.031
255.995
255.96
255.925
255.89
255.856
255.822
255.787
255.752
255.716
255.68
255.643
255.605
255.566
255.526
255.485
255.442
255.398
255.353
255.308
255.259
255.19
303.13
298.027
292.666
288.856
285.688
282.62
279.766
277.239
274.995
272.98
271.173
269.566
268.139
266.871
265.744
264.743
263.858
263.078
262.396
261.801
261.282
260.83
260.431
260.076
259.756
259.465
259.197
258.949
258.72
258.507
258.31
258.128
257.96
257.806
257.665
257.536
257.417
257.308
257.207
257.113
257.025
256.944
256.867
256.796
256.728
256.665
256.605
256.549
256.496
256.446
256.398
256.352
256.308
256.265
256.223
256.182
256.142
256.102
256.062
256.022
255.982
255.942
255.901
255.859
255.817
255.773
255.728
255.68
255.63
255.578
255.522
255.461
255.397
255.323
255.206
296.099
292.838
289.021
286.27
283.843
281.322
278.896
276.74
274.842
273.145
271.625
270.27
269.057
267.962
266.962
266.04
265.187
264.4
263.677
263.02
262.427
261.896
261.422
260.996
260.613
260.265
259.946
259.654
259.383
259.133
258.903
258.691
258.497
258.32
258.16
258.014
257.881
257.761
257.65
257.548
257.453
257.363
257.278
257.197
257.12
257.046
256.975
256.908
256.844
256.782
256.724
256.669
256.616
256.565
256.516
256.469
256.423
256.377
256.332
256.287
256.242
256.196
256.15
256.103
256.055
256.005
255.952
255.897
255.838
255.774
255.703
255.626
255.539
255.44
255.267
289.938
287.422
284.496
282.649
281.076
279.319
277.527
275.865
274.332
272.894
271.551
270.317
269.194
268.174
267.244
266.392
265.609
264.889
264.231
263.634
263.098
262.619
262.192
261.809
261.46
261.137
260.833
260.541
260.26
259.987
259.724
259.472
259.234
259.01
258.803
258.614
258.443
258.29
258.153
258.031
257.92
257.819
257.726
257.638
257.555
257.475
257.398
257.323
257.251
257.181
257.114
257.05
256.988
256.929
256.872
256.817
256.764
256.713
256.662
256.612
256.561
256.51
256.459
256.406
256.352
256.296
256.237
256.175
256.108
256.035
255.954
255.864
255.761
255.646
255.428
283.991
282.21
280.024
278.906
277.997
276.823
275.537
274.318
273.176
272.081
271.036
270.055
269.14
268.286
267.483
266.723
266.001
265.318
264.676
264.082
263.542
263.059
262.632
262.258
261.928
261.633
261.365
261.115
260.876
260.644
260.416
260.191
259.97
259.755
259.547
259.35
259.166
258.995
258.838
258.695
258.564
258.444
258.332
258.228
258.128
258.031
257.937
257.845
257.756
257.67
257.586
257.506
257.43
257.357
257.289
257.225
257.164
257.107
257.052
256.998
256.945
256.893
256.84
256.785
256.729
256.671
256.609
256.544
256.475
256.399
256.316
256.223
256.116
256.003
255.762
279.212
277.924
276.257
275.619
275.165
274.419
273.527
272.662
271.833
271.016
270.212
269.438
268.704
268.005
267.337
266.695
266.076
265.481
264.915
264.383
263.891
263.446
263.047
262.693
262.377
262.095
261.835
261.593
261.36
261.133
260.909
260.686
260.466
260.249
260.039
259.839
259.652
259.48
259.324
259.185
259.061
258.951
258.852
258.76
258.673
258.588
258.504
258.418
258.33
258.241
258.151
258.061
257.972
257.885
257.801
257.721
257.645
257.574
257.507
257.444
257.383
257.326
257.269
257.212
257.155
257.097
257.037
256.974
256.908
256.838
256.764
256.684
256.594
256.506
256.291
274.901
274.003
272.733
272.487
272.415
272.035
271.485
270.931
270.386
269.826
269.254
268.688
268.136
267.597
267.067
266.544
266.027
265.52
265.029
264.561
264.125
263.726
263.368
263.051
262.77
262.519
262.291
262.079
261.874
261.672
261.468
261.261
261.05
260.836
260.623
260.414
260.214
260.025
259.851
259.694
259.554
259.431
259.322
259.224
259.135
259.052
258.971
258.891
258.809
258.727
258.643
258.558
258.473
258.389
258.306
258.227
258.151
258.08
258.014
257.953
257.895
257.841
257.789
257.738
257.686
257.634
257.58
257.524
257.467
257.408
257.348
257.289
257.226
257.177
257.039
271.43
270.812
269.842
269.87
270.06
269.937
269.632
269.308
268.979
268.62
268.234
267.837
267.438
267.035
266.627
266.213
265.794
265.374
264.96
264.562
264.186
263.84
263.528
263.25
263.004
262.785
262.586
262.4
262.22
262.039
261.855
261.665
261.468
261.266
261.06
260.857
260.658
260.47
260.296
260.137
259.995
259.87
259.76
259.663
259.574
259.491
259.411
259.331
259.25
259.166
259.08
258.991
258.9
258.81
258.72
258.633
258.55
258.473
258.402
258.339
258.282
258.232
258.188
258.147
258.11
258.074
258.039
258.004
257.969
257.935
257.905
257.879
257.859
257.854
257.847
268.678
268.256
267.508
267.735
268.116
268.187
268.074
267.935
267.783
267.592
267.364
267.115
266.851
266.572
266.276
265.963
265.635
265.299
264.96
264.628
264.311
264.017
263.751
263.513
263.302
263.113
262.942
262.781
262.623
262.464
262.297
262.122
261.936
261.743
261.543
261.342
261.144
260.954
260.777
260.615
260.469
260.341
260.228
260.128
260.039
259.957
259.878
259.801
259.723
259.642
259.559
259.472
259.382
259.291
259.2
259.11
259.024
258.942
258.868
258.801
258.742
258.691
258.648
258.611
258.578
258.55
258.524
258.499
258.477
258.458
258.444
258.437
258.443
258.452
258.539
266.437
266.137
265.52
265.866
266.365
266.56
266.574
266.561
266.535
266.469
266.363
266.232
266.08
265.907
265.71
265.49
265.248
264.991
264.727
264.463
264.208
263.971
263.755
263.562
263.391
263.239
263.101
262.969
262.839
262.703
262.559
262.402
262.233
262.053
261.865
261.673
261.482
261.297
261.124
260.964
260.82
260.693
260.581
260.483
260.395
260.314
260.237
260.162
260.086
260.007
259.925
259.84
259.751
259.659
259.567
259.476
259.389
259.306
259.23
259.163
259.106
259.058
259.019
258.989
258.965
258.947
258.933
258.922
258.914
258.91
258.911
258.917
258.939
258.957
259.063
265.127
264.896
264.379
264.787
265.342
265.606
265.697
265.766
265.823
265.844
265.826
265.782
265.715
265.622
265.501
265.352
265.178
264.985
264.778
264.569
264.363
264.17
263.993
263.834
263.694
263.568
263.453
263.343
263.231
263.112
262.982
262.838
262.679
262.507
262.325
262.137
261.949
261.766
261.591
261.43
261.284
261.154
261.038
260.936
260.845
260.761
260.681
260.604
260.525
260.445
260.362
260.274
260.184
260.091
259.996
259.903
259.812
259.727
259.649
259.58
259.521
259.473
259.435
259.407
259.387
259.373
259.365
259.36
259.36
259.363
259.371
259.384
259.412
259.434
259.538
263.952
263.695
263.14
263.522
264.07
264.346
264.468
264.581
264.696
264.785
264.844
264.882
264.898
264.889
264.85
264.782
264.685
264.565
264.429
264.285
264.14
264.003
263.876
263.763
263.664
263.576
263.494
263.415
263.331
263.238
263.131
263.008
262.869
262.714
262.546
262.371
262.194
262.02
261.853
261.698
261.557
261.43
261.317
261.217
261.127
261.045
260.967
260.891
260.814
260.736
260.655
260.569
260.481
260.39
260.297
260.205
260.115
260.031
259.954
259.886
259.828
259.782
259.747
259.722
259.706
259.698
259.695
259.697
259.704
259.714
259.728
259.748
259.78
259.807
259.91
264.158
263.836
263.27
263.579
264.047
264.27
264.36
264.458
264.572
264.675
264.759
264.829
264.882
264.914
264.918
264.893
264.839
264.761
264.665
264.559
264.449
264.342
264.242
264.153
264.073
264.002
263.935
263.867
263.794
263.709
263.61
263.493
263.358
263.206
263.041
262.866
262.688
262.512
262.343
262.184
262.037
261.905
261.786
261.679
261.582
261.493
261.408
261.326
261.244
261.16
261.074
260.985
260.892
260.797
260.701
260.606
260.513
260.426
260.346
260.275
260.215
260.166
260.129
260.103
260.087
260.078
260.077
260.08
260.088
260.1
260.117
260.138
260.171
260.197
260.298
263.753
263.163
262.297
262.417
262.783
262.957
263.038
263.158
263.319
263.487
263.648
263.802
263.942
264.06
264.149
264.207
264.233
264.231
264.206
264.167
264.119
264.068
264.019
263.976
263.937
263.903
263.869
263.832
263.786
263.728
263.652
263.556
263.441
263.308
263.159
262.999
262.834
262.67
262.51
262.36
262.22
262.094
261.98
261.878
261.784
261.698
261.615
261.535
261.455
261.374
261.29
261.203
261.112
261.02
260.927
260.834
260.743
260.658
260.58
260.511
260.453
260.406
260.371
260.347
260.333
260.328
260.33
260.337
260.349
260.365
260.386
260.411
260.446
260.476
260.577
265.995
264.996
263.883
263.668
263.715
263.648
263.563
263.575
263.672
263.809
263.963
264.127
264.29
264.437
264.558
264.649
264.708
264.738
264.742
264.728
264.701
264.668
264.632
264.597
264.563
264.531
264.496
264.456
264.405
264.341
264.258
264.155
264.033
263.891
263.733
263.565
263.391
263.217
263.048
262.888
262.739
262.603
262.479
262.366
262.262
262.166
262.073
261.983
261.894
261.803
261.71
261.614
261.516
261.416
261.315
261.215
261.119
261.028
260.944
260.87
260.807
260.756
260.717
260.689
260.672
260.664
260.664
260.669
260.68
260.695
260.714
260.738
260.772
260.799
260.896
265.573
263.723
261.968
261.614
261.693
261.68
261.676
261.8
262.023
262.289
262.569
262.853
263.129
263.383
263.605
263.791
263.94
264.054
264.138
264.197
264.239
264.268
264.289
264.305
264.317
264.325
264.327
264.319
264.297
264.258
264.199
264.117
264.013
263.888
263.747
263.593
263.433
263.271
263.114
262.964
262.825
262.698
262.583
262.477
262.381
262.29
262.203
262.118
262.032
261.944
261.854
261.76
261.664
261.566
261.466
261.368
261.273
261.184
261.102
261.03
260.969
260.92
260.884
260.859
260.845
260.84
260.843
260.851
260.865
260.883
260.906
260.933
260.97
260.999
261.097
270.387
266.511
263.731
262.588
262.139
261.895
261.854
262.033
262.355
262.739
263.14
263.534
263.902
264.229
264.508
264.736
264.913
265.046
265.14
265.203
265.241
265.263
265.271
265.272
265.265
265.252
265.23
265.197
265.15
265.083
264.996
264.887
264.755
264.603
264.436
264.257
264.073
263.89
263.711
263.543
263.386
263.242
263.111
262.991
262.88
262.776
262.676
262.578
262.479
262.379
262.276
262.169
262.06
261.949
261.837
261.727
261.621
261.522
261.431
261.35
261.282
261.227
261.185
261.156
261.137
261.128
261.126
261.131
261.141
261.156
261.175
261.199
261.232
261.259
261.345
266.037
262.808
260.528
259.437
258.99
258.931
259.143
259.548
260.075
260.66
261.254
261.827
262.36
262.84
263.257
263.612
263.907
264.148
264.341
264.497
264.62
264.72
264.799
264.864
264.916
264.955
264.98
264.988
264.976
264.94
264.879
264.791
264.677
264.54
264.384
264.217
264.043
263.869
263.701
263.542
263.395
263.261
263.139
263.029
262.928
262.833
262.741
262.65
262.558
262.463
262.364
262.26
262.153
262.042
261.93
261.82
261.713
261.613
261.522
261.443
261.376
261.323
261.284
261.258
261.243
261.238
261.24
261.249
261.262
261.281
261.304
261.332
261.371
261.405
261.497
255.086
251.754
252.879
253.771
255.011
256.514
257.994
259.385
260.663
261.783
262.734
263.533
264.195
264.732
265.155
265.479
265.72
265.893
266.012
266.09
266.138
266.164
266.175
266.176
266.168
266.151
266.124
266.083
266.023
265.941
265.833
265.699
265.539
265.357
265.159
264.949
264.736
264.525
264.323
264.133
263.959
263.8
263.656
263.526
263.406
263.294
263.186
263.081
262.974
262.864
262.751
262.632
262.509
262.382
262.254
262.128
262.007
261.893
261.791
261.701
261.625
261.564
261.517
261.484
261.463
261.451
261.447
261.448
261.455
261.468
261.487
261.513
261.554
261.588
261.72
244.795
243.956
240.853
243.5
247.411
250.132
252.215
254.309
256.349
258.135
259.634
260.897
261.958
262.829
263.529
264.081
264.51
264.84
265.09
265.278
265.419
265.525
265.604
265.665
265.711
265.745
265.764
265.765
265.743
265.693
265.613
265.501
265.359
265.191
265.002
264.801
264.594
264.389
264.193
264.01
263.842
263.691
263.556
263.435
263.325
263.224
263.127
263.031
262.934
262.833
262.727
262.614
262.494
262.37
262.242
262.115
261.991
261.875
261.77
261.679
261.604
261.546
261.503
261.475
261.458
261.451
261.451
261.457
261.469
261.485
261.509
261.54
261.593
261.633
261.848
239.297
242.575
242.508
247.47
252.653
255.653
257.558
259.339
261.006
262.385
263.478
264.361
265.074
265.629
266.043
266.339
266.54
266.668
266.741
266.775
266.783
266.777
266.763
266.746
266.726
266.702
266.671
266.629
266.567
266.481
266.367
266.222
266.047
265.845
265.623
265.388
265.149
264.913
264.687
264.477
264.283
264.11
263.954
263.815
263.689
263.573
263.464
263.357
263.25
263.14
263.023
262.9
262.769
262.633
262.493
262.353
262.217
262.088
261.972
261.87
261.785
261.717
261.666
261.63
261.606
261.591
261.584
261.582
261.584
261.59
261.601
261.618
261.646
261.674
261.76
253.362
253.397
252.449
254.066
256.168
257.524
258.493
259.511
260.576
261.566
262.443
263.217
263.889
264.455
264.913
265.272
265.548
265.754
265.906
266.016
266.096
266.157
266.204
266.244
266.277
266.305
266.322
266.326
266.307
266.26
266.181
266.066
265.917
265.737
265.533
265.311
265.081
264.851
264.629
264.421
264.229
264.057
263.902
263.765
263.642
263.53
263.426
263.324
263.223
263.117
263.006
262.886
262.759
262.624
262.484
262.342
262.204
262.072
261.951
261.845
261.756
261.684
261.629
261.59
261.563
261.547
261.537
261.532
261.53
261.531
261.534
261.54
261.55
261.564
261.563
258.066
257.861
257.878
258.79
260.029
261.122
262.081
263.027
263.963
264.83
265.595
266.252
266.798
267.23
267.552
267.773
267.908
267.975
267.99
267.969
267.924
267.867
267.805
267.745
267.688
267.633
267.576
267.511
267.43
267.325
267.193
267.028
266.832
266.606
266.357
266.091
265.817
265.545
265.281
265.031
264.8
264.59
264.401
264.231
264.078
263.939
263.81
263.686
263.564
263.44
263.31
263.174
263.03
262.88
262.724
262.566
262.411
262.263
262.126
262.004
261.899
261.811
261.742
261.689
261.649
261.62
261.598
261.582
261.57
261.56
261.553
261.549
261.548
261.552
261.55
258.527
258.912
258.767
259.916
261.35
262.449
263.308
264.107
264.872
265.568
266.175
266.69
267.114
267.443
267.679
267.83
267.908
267.928
267.905
267.854
267.785
267.711
267.636
267.565
267.499
267.438
267.375
267.307
267.226
267.125
266.999
266.842
266.654
266.437
266.195
265.937
265.669
265.401
265.14
264.893
264.663
264.454
264.265
264.096
263.945
263.807
263.68
263.558
263.439
263.318
263.192
263.059
262.918
262.77
262.616
262.46
262.305
262.157
262.018
261.894
261.786
261.695
261.621
261.564
261.52
261.488
261.464
261.445
261.432
261.422
261.416
261.414
261.421
261.427
261.477
264.898
264.778
264.525
265.203
266.054
266.642
267.089
267.543
268.008
268.44
268.82
269.141
269.396
269.577
269.68
269.712
269.681
269.601
269.487
269.352
269.207
269.063
268.924
268.795
268.673
268.558
268.444
268.326
268.196
268.047
267.875
267.674
267.445
267.188
266.909
266.614
266.311
266.008
265.713
265.432
265.17
264.929
264.709
264.511
264.331
264.167
264.014
263.868
263.726
263.583
263.437
263.285
263.126
262.961
262.792
262.621
262.452
262.29
262.137
261.998
261.875
261.769
261.681
261.609
261.551
261.505
261.468
261.438
261.415
261.397
261.385
261.379
261.384
261.389
261.45
267.422
266.977
266.244
266.86
267.739
268.29
268.655
269.014
269.377
269.7
269.968
270.179
270.328
270.407
270.416
270.359
270.246
270.091
269.907
269.707
269.503
269.303
269.113
268.936
268.771
268.616
268.465
268.314
268.154
267.981
267.788
267.571
267.329
267.063
266.778
266.479
266.174
265.87
265.573
265.291
265.027
264.784
264.562
264.361
264.178
264.011
263.855
263.706
263.561
263.415
263.267
263.113
262.953
262.789
262.62
262.45
262.282
262.121
261.968
261.828
261.703
261.594
261.502
261.424
261.361
261.309
261.267
261.234
261.208
261.188
261.176
261.171
261.178
261.187
261.257
272.863
272.137
271.34
271.656
272.165
272.371
272.42
272.482
272.566
272.632
272.664
272.662
272.619
272.525
272.379
272.184
271.949
271.687
271.409
271.125
270.842
270.568
270.306
270.059
269.825
269.603
269.388
269.175
268.958
268.73
268.488
268.226
267.945
267.644
267.326
266.998
266.666
266.336
266.014
265.707
265.418
265.15
264.902
264.676
264.468
264.275
264.094
263.921
263.752
263.584
263.415
263.242
263.066
262.886
262.704
262.522
262.343
262.17
262.006
261.855
261.717
261.594
261.486
261.393
261.314
261.247
261.191
261.144
261.106
261.076
261.055
261.043
261.045
261.048
261.113
275.785
274.973
273.957
274.152
274.56
274.642
274.55
274.464
274.401
274.323
274.218
274.083
273.914
273.702
273.445
273.145
272.813
272.459
272.095
271.731
271.374
271.03
270.702
270.391
270.096
269.816
269.548
269.286
269.025
268.76
268.485
268.198
267.896
267.579
267.25
266.914
266.574
266.239
265.912
265.599
265.304
265.03
264.775
264.54
264.323
264.121
263.93
263.748
263.57
263.393
263.217
263.038
262.858
262.675
262.492
262.31
262.131
261.958
261.794
261.64
261.498
261.369
261.255
261.153
261.065
260.989
260.924
260.869
260.824
260.787
260.76
260.743
260.742
260.743
260.809
280.624
279.637
278.541
278.487
278.598
278.405
278.054
277.718
277.412
277.106
276.787
276.456
276.106
275.731
275.326
274.893
274.44
273.976
273.508
273.047
272.596
272.164
271.749
271.356
270.981
270.627
270.288
269.961
269.641
269.323
269.001
268.672
268.335
267.986
267.631
267.27
266.909
266.552
266.205
265.872
265.556
265.26
264.984
264.727
264.487
264.263
264.049
263.845
263.645
263.449
263.255
263.06
262.865
262.67
262.477
262.286
262.098
261.917
261.743
261.578
261.424
261.282
261.152
261.035
260.93
260.838
260.756
260.684
260.622
260.571
260.529
260.499
260.485
260.476
260.533
284.116
283.016
281.735
281.508
281.442
281.065
280.525
279.995
279.501
279.012
278.521
278.027
277.526
277.011
276.477
275.927
275.368
274.805
274.247
273.7
273.172
272.662
272.178
271.716
271.28
270.866
270.475
270.099
269.736
269.38
269.027
268.671
268.311
267.945
267.574
267.202
266.83
266.464
266.109
265.768
265.444
265.138
264.852
264.584
264.334
264.097
263.871
263.654
263.444
263.237
263.033
262.831
262.63
262.431
262.234
262.041
261.851
261.667
261.489
261.32
261.16
261.01
260.872
260.744
260.627
260.521
260.425
260.338
260.26
260.191
260.133
260.085
260.054
260.033
260.071
288.921
287.616
286.191
285.692
285.322
284.661
283.854
283.067
282.325
281.605
280.9
280.211
279.53
278.851
278.166
277.477
276.789
276.107
275.437
274.787
274.161
273.562
272.992
272.452
271.943
271.462
271.007
270.575
270.16
269.757
269.361
268.967
268.573
268.177
267.78
267.384
266.993
266.609
266.237
265.881
265.542
265.222
264.921
264.638
264.371
264.117
263.875
263.641
263.414
263.192
262.974
262.758
262.545
262.335
262.128
261.924
261.725
261.531
261.343
261.163
260.992
260.829
260.676
260.533
260.399
260.274
260.158
260.048
259.946
259.852
259.766
259.69
259.626
259.581
259.549
292.892
291.379
289.694
288.929
288.295
287.382
286.332
285.311
284.346
283.419
282.522
281.659
280.821
279.999
279.185
278.379
277.584
276.805
276.047
275.316
274.616
273.949
273.318
272.722
272.161
271.633
271.134
270.662
270.21
269.772
269.345
268.924
268.505
268.088
267.674
267.264
266.861
266.468
266.089
265.726
265.38
265.053
264.743
264.451
264.173
263.908
263.652
263.406
263.166
262.932
262.703
262.478
262.257
262.039
261.826
261.618
261.415
261.218
261.027
260.843
260.667
260.499
260.338
260.185
260.039
259.898
259.762
259.631
259.503
259.379
259.26
259.146
259.036
258.947
258.793
297.926
296.132
294.21
293.088
292.073
290.809
289.436
288.112
286.866
285.681
284.551
283.474
282.443
281.445
280.473
279.524
278.6
277.705
276.845
276.023
275.242
274.505
273.81
273.158
272.544
271.968
271.423
270.906
270.41
269.931
269.463
269.004
268.552
268.105
267.666
267.235
266.817
266.413
266.025
265.656
265.306
264.975
264.66
264.361
264.076
263.801
263.536
263.279
263.027
262.781
262.539
262.301
262.068
261.839
261.614
261.394
261.179
260.971
260.769
260.573
260.385
260.202
260.026
259.856
259.691
259.529
259.371
259.215
259.062
258.909
258.757
258.606
258.451
258.307
258.058
302.04
299.941
297.659
296.172
294.812
293.232
291.568
289.979
288.493
287.096
285.778
284.537
283.359
282.23
281.141
280.087
279.069
278.091
277.156
276.268
275.428
274.639
273.897
273.203
272.552
271.94
271.362
270.813
270.288
269.781
269.289
268.809
268.339
267.88
267.432
266.996
266.576
266.172
265.784
265.413
265.059
264.72
264.395
264.083
263.781
263.489
263.205
262.929
262.66
262.398
262.143
261.895
261.653
261.419
261.192
260.972
260.76
260.555
260.357
260.166
259.982
259.803
259.629
259.459
259.293
259.128
258.966
258.803
258.641
258.476
258.309
258.137
257.957
257.775
257.487
307.378
304.836
302.117
300.072
298.163
296.109
294.038
292.089
290.285
288.605
287.038
285.573
284.197
282.896
281.658
280.481
279.365
278.31
277.318
276.39
275.522
274.712
273.955
273.246
272.578
271.946
271.342
270.762
270.201
269.656
269.125
268.606
268.102
267.612
267.139
266.685
266.249
265.834
265.439
265.062
264.704
264.362
264.035
263.722
263.421
263.131
262.85
262.579
262.316
262.061
261.814
261.575
261.343
261.118
260.899
260.687
260.482
260.282
260.088
259.899
259.715
259.535
259.358
259.184
259.012
258.843
258.674
258.506
258.337
258.166
257.99
257.809
257.618
257.418
257.134
311.348
308.474
305.257
302.682
300.272
297.77
295.311
293.039
290.979
289.104
287.389
285.813
284.35
282.98
281.687
280.464
279.307
278.215
277.186
276.219
275.31
274.455
273.651
272.893
272.176
271.496
270.849
270.233
269.644
269.08
268.541
268.025
267.533
267.065
266.618
266.194
265.789
265.404
265.037
264.685
264.347
264.021
263.707
263.404
263.11
262.825
262.548
262.28
262.02
261.768
261.524
261.287
261.057
260.835
260.619
260.41
260.206
260.009
259.816
259.629
259.446
259.267
259.091
258.919
258.75
258.583
258.418
258.253
258.089
257.923
257.753
257.579
257.398
257.204
256.958
316.761
312.777
308.565
305.054
301.914
298.905
296.092
293.548
291.256
289.176
287.272
285.522
283.902
282.396
280.995
279.692
278.484
277.367
276.334
275.38
274.498
273.679
272.916
272.203
271.531
270.895
270.29
269.714
269.162
268.633
268.127
267.641
267.175
266.728
266.3
265.89
265.496
265.118
264.754
264.404
264.066
263.741
263.426
263.123
262.829
262.546
262.272
262.008
261.752
261.504
261.265
261.034
260.809
260.592
260.381
260.176
259.976
259.782
259.593
259.408
259.228
259.052
258.88
258.711
258.545
258.383
258.223
258.064
257.907
257.751
257.594
257.435
257.273
257.1
256.906
321.552
316.344
310.972
306.478
302.431
298.667
295.289
292.339
289.772
287.531
285.563
283.827
282.283
280.897
279.643
278.5
277.45
276.478
275.572
274.724
273.925
273.169
272.451
271.767
271.115
270.491
269.895
269.324
268.779
268.257
267.757
267.279
266.822
266.385
265.966
265.564
265.178
264.808
264.451
264.108
263.778
263.459
263.152
262.855
262.569
262.292
262.025
261.766
261.517
261.275
261.041
260.814
260.594
260.381
260.173
259.972
259.776
259.585
259.399
259.218
259.042
258.869
258.701
258.537
258.376
258.218
258.064
257.912
257.764
257.617
257.473
257.331
257.19
257.045
256.907
329.566
318.376
310.017
303.773
298.916
295.04
291.906
289.341
287.201
285.376
283.784
282.365
281.078
279.893
278.79
277.758
276.785
275.866
274.996
274.172
273.389
272.646
271.939
271.267
270.627
270.018
269.437
268.884
268.355
267.851
267.368
266.906
266.464
266.04
265.632
265.241
264.865
264.503
264.154
263.818
263.494
263.182
262.882
262.591
262.311
262.041
261.779
261.527
261.282
261.046
260.817
260.595
260.38
260.171
259.968
259.771
259.579
259.393
259.211
259.035
258.862
258.694
258.53
258.37
258.213
258.06
257.911
257.765
257.624
257.486
257.353
257.227
257.106
256.989
256.901
14.595
19.3683
26.6362
32.3748
37.4236
42.525
47.6352
52.6297
57.505
62.2869
66.9828
71.5963
76.1288
80.5874
84.9738
89.2947
93.5551
97.782
101.958
106.069
110.111
114.083
117.978
121.794
125.528
129.177
132.741
136.217
139.606
142.905
146.116
149.241
152.3
155.317
158.333
161.31
164.23
167.069
169.828
172.507
175.108
177.628
180.071
182.434
184.721
186.932
189.085
191.201
193.292
195.385
197.469
199.503
201.454
203.324
205.123
206.849
208.506
210.103
211.682
213.223
214.717
216.219
217.715
219.144
220.482
221.762
223.102
224.311
225.278
226.381
227.477
229.763
229.804
229.018
228.468
228.062
227.625
227.149
226.67
226.194
225.725
225.257
224.801
224.351
223.916
223.489
223.075
222.664
222.258
221.856
221.463
221.077
220.702
220.339
219.988
219.653
219.335
219.037
218.759
218.504
218.274
218.074
217.911
217.68
217.386
217.123
216.894
216.69
216.507
216.353
216.228
216.135
216.073
216.048
216.056
216.105
216.205
216.343
216.302
216.148
216.09
216.109
216.165
216.262
216.405
216.599
216.843
217.147
217.562
217.917
217.935
217.895
218.07
218.379
218.768
219.272
220.09
220.35
220.283
220.497
140.94
143.109
144.696
145.978
147.311
148.703
150.102
151.504
152.913
154.335
155.768
157.215
158.675
160.151
161.643
163.152
164.678
166.223
167.781
169.351
170.929
172.515
174.106
175.702
177.301
178.902
180.504
182.105
183.705
185.301
186.893
188.481
190.048
191.658
193.302
194.92
196.536
198.153
199.764
201.369
202.966
204.553
206.129
207.694
209.245
210.784
212.305
213.805
215.384
217.009
218.58
220.138
221.685
223.214
224.724
226.212
227.679
229.126
230.539
231.958
233.497
235.054
236.526
237.966
239.381
240.769
242.075
243.533
245.159
246.4
229.859
230.368
230.641
230.843
231.078
231.336
231.598
231.862
232.129
232.401
232.676
232.954
233.233
233.515
233.798
234.084
234.37
234.654
234.937
235.222
235.508
235.8
236.095
236.396
236.704
237.019
237.341
237.674
238.016
238.369
238.734
239.115
239.501
239.872
240.215
240.547
240.89
241.246
241.614
241.993
242.386
242.794
243.216
243.656
244.112
244.589
245.085
245.578
246.043
246.454
246.846
247.267
247.716
248.187
248.681
249.201
249.749
250.328
250.923
251.505
252.046
252.506
252.968
253.497
254.094
254.757
255.406
256.113
256.775
257.318
183.982
184.958
186.026
187.011
187.973
188.948
189.929
190.912
191.894
192.879
193.867
194.859
195.855
196.857
197.862
198.873
199.887
200.905
201.924
202.944
203.964
204.985
206.006
207.029
208.051
209.074
210.098
211.122
212.147
213.173
214.2
215.23
216.254
217.285
218.31
219.321
220.337
221.357
222.378
223.399
224.422
225.446
226.473
227.501
228.532
229.566
230.603
231.629
232.67
233.691
234.69
235.7
236.719
237.74
238.766
239.795
240.831
241.875
242.916
243.952
245.005
246.016
247.006
248.022
249.066
250.135
251.159
252.292
253.434
254.371
226.083
226.596
227.153
227.676
228.186
228.702
229.218
229.734
230.247
230.76
231.27
231.782
232.291
232.802
233.311
233.822
234.331
234.839
235.344
235.85
236.355
236.862
237.369
237.879
238.39
238.903
239.42
239.94
240.465
240.994
241.529
242.072
242.617
243.147
243.654
244.151
244.655
245.165
245.68
246.199
246.725
247.258
247.8
248.349
248.909
249.48
250.065
250.644
251.189
251.684
252.17
252.676
253.199
253.735
254.286
254.854
255.441
256.051
256.68
257.286
257.823
258.29
258.774
259.315
259.91
260.565
261.235
261.872
262.458
262.944
206.566
207.316
208.237
209.111
209.954
210.806
211.659
212.515
213.364
214.214
215.06
215.91
216.757
217.608
218.454
219.304
220.149
220.995
221.836
222.674
223.508
224.341
225.172
226.003
226.832
227.662
228.492
229.323
230.155
230.987
231.822
232.659
233.493
234.326
235.149
235.961
236.778
237.598
238.419
239.241
240.067
240.893
241.724
242.556
243.392
244.233
245.079
245.917
246.751
247.559
248.354
249.16
249.976
250.795
251.621
252.452
253.292
254.142
254.997
255.839
256.665
257.449
258.229
259.039
259.88
260.75
261.605
262.495
263.379
264.106
228.632
229.175
229.867
230.534
231.172
231.812
232.449
233.083
233.708
234.331
234.947
235.561
236.169
236.775
237.378
237.979
238.577
239.173
239.766
240.359
240.95
241.543
242.135
242.729
243.322
243.918
244.515
245.114
245.715
246.32
246.928
247.541
248.155
248.759
249.346
249.925
250.509
251.097
251.688
252.282
252.881
253.484
254.093
254.707
255.328
255.957
256.594
257.227
257.838
258.412
258.978
259.559
260.152
260.754
261.367
261.991
262.629
263.283
263.949
264.598
265.201
265.752
266.312
266.914
267.557
268.241
268.93
269.608
270.26
270.793
221.923
222.558
223.408
224.227
225.012
225.802
226.589
227.375
228.151
228.926
229.692
230.46
231.222
231.984
232.74
233.496
234.246
234.995
235.738
236.478
237.215
237.952
238.687
239.422
240.158
240.894
241.63
242.367
243.105
243.845
244.586
245.33
246.071
246.809
247.536
248.254
248.976
249.701
250.426
251.153
251.882
252.614
253.348
254.085
254.825
255.571
256.321
257.064
257.799
258.51
259.209
259.92
260.638
261.361
262.09
262.826
263.57
264.325
265.084
265.831
266.557
267.245
267.932
268.649
269.392
270.164
270.926
271.708
272.485
273.121
235.097
235.613
236.337
237.041
237.71
238.377
239.039
239.697
240.346
240.991
241.63
242.267
242.9
243.532
244.162
244.791
245.418
246.044
246.668
247.292
247.915
248.54
249.163
249.788
250.412
251.039
251.664
252.293
252.922
253.553
254.186
254.824
255.46
256.09
256.706
257.316
257.928
258.545
259.161
259.781
260.403
261.029
261.657
262.291
262.927
263.571
264.22
264.864
265.492
266.093
266.685
267.289
267.901
268.521
269.147
269.782
270.427
271.084
271.748
272.4
273.018
273.596
274.178
274.793
275.438
276.115
276.79
277.467
278.131
278.667
234.766
235.315
236.107
236.88
237.617
238.355
239.087
239.815
240.532
241.244
241.948
242.651
243.349
244.045
244.735
245.425
246.11
246.793
247.472
248.15
248.826
249.503
250.179
250.856
251.534
252.213
252.892
253.574
254.255
254.938
255.622
256.31
256.995
257.677
258.348
259.014
259.68
260.351
261.021
261.693
262.366
263.043
263.721
264.403
265.087
265.776
266.468
267.156
267.832
268.491
269.138
269.795
270.457
271.126
271.799
272.479
273.165
273.863
274.562
275.252
275.919
276.557
277.191
277.852
278.533
279.239
279.94
280.652
281.364
281.942
244.367
244.85
245.576
246.289
246.964
247.633
248.295
248.949
249.592
250.231
250.863
251.492
252.116
252.739
253.357
253.975
254.59
255.204
255.816
256.429
257.041
257.656
258.27
258.887
259.503
260.122
260.739
261.36
261.98
262.603
263.227
263.855
264.479
265.101
265.712
266.319
266.926
267.537
268.147
268.761
269.375
269.994
270.612
271.237
271.862
272.494
273.127
273.759
274.376
274.977
275.565
276.165
276.769
277.381
277.996
278.62
279.249
279.891
280.534
281.169
281.778
282.358
282.936
283.542
284.169
284.824
285.468
286.124
286.773
287.282
247.303
247.762
248.482
249.183
249.846
250.501
251.15
251.792
252.425
253.054
253.679
254.305
254.929
255.556
256.182
256.811
257.441
258.074
258.707
259.343
259.979
260.618
261.255
261.896
262.535
263.178
263.818
264.462
265.105
265.751
266.396
267.046
267.691
268.337
268.972
269.605
270.235
270.871
271.504
272.142
272.778
273.42
274.059
274.705
275.35
276.002
276.653
277.302
277.941
278.568
279.181
279.805
280.431
281.064
281.698
282.34
282.985
283.641
284.295
284.942
285.57
286.178
286.777
287.4
288.038
288.695
289.346
290.009
290.676
291.204
255.921
256.298
256.929
257.54
258.112
258.671
259.23
259.783
260.337
260.893
261.455
262.023
262.597
263.177
263.763
264.354
264.949
265.548
266.147
266.75
267.352
267.958
268.561
269.168
269.772
270.381
270.986
271.597
272.203
272.815
273.424
274.039
274.647
275.257
275.856
276.453
277.046
277.646
278.241
278.842
279.438
280.042
280.642
281.249
281.853
282.465
283.074
283.684
284.281
284.87
285.444
286.029
286.615
287.209
287.802
288.405
289.009
289.625
290.237
290.845
291.434
292.005
292.567
293.153
293.753
294.378
294.99
295.619
296.247
296.724
260.239
260.57
261.15
261.703
262.222
262.735
263.258
263.786
264.324
264.871
265.431
266.001
266.581
267.169
267.761
268.36
268.959
269.563
270.165
270.772
271.376
271.984
272.59
273.2
273.807
274.419
275.027
275.64
276.25
276.865
277.476
278.095
278.705
279.319
279.924
280.528
281.126
281.732
282.333
282.94
283.542
284.151
284.756
285.368
285.976
286.593
287.205
287.818
288.421
289.019
289.602
290.194
290.784
291.384
291.981
292.587
293.193
293.809
294.42
295.027
295.62
296.201
296.769
297.355
297.951
298.565
299.165
299.784
300.41
300.883
269.934
270.231
270.757
271.272
271.761
272.258
272.767
273.289
273.819
274.36
274.905
275.457
276.009
276.566
277.121
277.679
278.233
278.79
279.342
279.898
280.449
281.004
281.554
282.108
282.657
283.21
283.759
284.312
284.861
285.414
285.964
286.518
287.066
287.616
288.159
288.7
289.237
289.779
290.317
290.859
291.398
291.941
292.481
293.027
293.569
294.118
294.663
295.207
295.743
296.277
296.796
297.322
297.847
298.379
298.908
299.445
299.981
300.525
301.065
301.601
302.128
302.645
303.151
303.672
304.204
304.75
305.286
305.843
306.413
306.828
274.967
275.306
275.886
276.452
276.986
277.526
278.068
278.616
279.158
279.703
280.243
280.786
281.323
281.864
282.399
282.936
283.468
284.003
284.532
285.064
285.591
286.12
286.645
287.173
287.697
288.223
288.746
289.272
289.795
290.322
290.845
291.373
291.894
292.418
292.939
293.456
293.97
294.488
295.003
295.522
296.038
296.558
297.076
297.598
298.118
298.643
299.165
299.685
300.202
300.719
301.222
301.728
302.235
302.747
303.257
303.773
304.288
304.808
305.325
305.836
306.345
306.847
307.334
307.83
308.334
308.847
309.345
309.871
310.416
310.813
288.271
288.541
289.045
289.548
290.02
290.492
290.962
291.433
291.897
292.362
292.821
293.283
293.739
294.197
294.65
295.105
295.554
296.005
296.451
296.898
297.34
297.784
298.223
298.664
299.1
299.538
299.972
300.407
300.839
301.273
301.703
302.135
302.561
302.988
303.412
303.834
304.251
304.67
305.086
305.504
305.918
306.335
306.748
307.164
307.576
307.993
308.405
308.815
309.219
309.627
310.022
310.42
310.816
311.215
311.612
312.012
312.41
312.812
313.209
313.602
313.99
314.377
314.75
315.131
315.517
315.91
316.292
316.684
317.098
317.357
292.856
292.937
293.354
293.782
294.166
294.544
294.92
295.295
295.663
296.031
296.394
296.761
297.126
297.495
297.861
298.232
298.6
298.973
299.345
299.722
300.097
300.477
300.857
301.242
301.627
302.018
302.409
302.807
303.205
303.61
304.016
304.429
304.836
305.255
305.681
306.104
306.524
306.953
307.383
307.82
308.258
308.704
309.151
309.606
310.062
310.526
310.988
311.444
311.918
312.41
312.875
313.344
313.815
314.295
314.775
315.262
315.751
316.247
316.725
317.199
317.716
318.24
318.717
319.197
319.686
320.176
320.612
321.166
321.765
322.095
316.72
316.26
315.839
315.543
315.306
315.107
314.944
314.819
314.728
314.671
314.644
314.647
314.674
314.73
314.807
314.906
315.019
315.164
315.333
315.524
315.728
315.955
316.194
316.454
316.725
317.015
317.316
317.634
317.961
318.308
318.668
319.024
319.261
319.649
320.182
320.605
321.006
321.428
321.856
322.297
322.741
323.195
323.652
324.12
324.597
325.088
325.497
325.717
326.264
327.047
327.563
328.037
328.526
329.028
329.529
330.039
330.565
331.08
331.338
331.481
332.279
333.263
333.801
334.299
334.853
335.285
335.018
336.123
337.488
337.017
-58.9809
-66.5607
-70.2384
-75.808
-82.3597
-88.6677
-94.1994
-98.5184
-100.987
-100.045
-100.947
-110.963
-113.079
-112.82
-113.342
-114.138
-114.718
-115.104
-115.37
-115.513
-115.523
-115.394
-115.126
-114.718
-114.168
-113.473
-112.631
-111.649
-110.603
-109.42
-107.005
-109.169
-110.329
-109.194
-107.887
-106.834
-105.764
-104.591
-103.349
-102.055
-100.704
-99.2952
-97.8287
-96.3068
-94.7284
-93.0959
-91.408
-89.6676
-87.8731
-86.0277
-84.1295
-82.1863
-80.2082
-78.207
-76.178
-74.1226
-72.0368
-69.9225
-67.7765
-65.6494
-63.719
-60.7528
-59.3417
-57.8643
-55.7859
-53.6362
-51.5465
-49.4569
-47.3382
-45.2044
-43.0575
-40.903
-38.737
-36.566
-34.3865
-32.205
-30.0178
-27.8311
-25.6412
-23.4543
-21.2666
-19.0843
-16.9033
-14.7296
-12.5585
-10.3959
-8.23732
-6.08835
-3.94453
-1.81148
0.315416
2.43049
4.53844
6.63467
8.72389
10.8003
12.8484
14.8625
17.2503
22.0482
288.796
289.866
290.406
291.121
291.919
292.631
293.167
293.449
293.479
293.396
292.94
292.449
292.359
292.262
292.028
291.692
291.274
290.778
290.2
289.543
288.808
287.998
287.114
286.16
285.137
284.049
282.896
281.679
280.403
279.186
277.962
276.747
275.798
274.955
274.06
273.109
272.124
271.114
270.076
269.013
267.925
266.816
265.687
264.54
263.376
262.198
261.007
259.806
258.595
257.378
256.154
254.932
253.722
252.537
251.374
250.235
249.118
248.027
246.959
245.916
244.956
243.986
242.931
242.045
241.286
240.544
239.806
239.09
238.4
237.736
237.096
236.482
235.894
235.333
234.799
234.293
233.815
233.365
232.945
232.553
232.192
231.86
231.552
231.261
230.987
230.728
230.484
230.251
230.031
229.819
229.617
229.42
229.231
229.046
228.866
228.686
228.511
228.335
228.192
227.551
115.705
114.471
113.391
112.24
111.08
109.986
108.985
108.1
107.36
106.754
106.183
105.631
105.071
104.565
104.117
103.72
103.37
103.067
102.812
102.603
102.44
102.321
102.244
102.211
102.218
102.265
102.35
102.474
102.634
102.836
103.017
103.187
103.361
103.562
103.796
104.06
104.351
104.668
105.011
105.379
105.772
106.187
106.625
107.084
107.563
108.062
108.579
109.113
109.665
110.232
110.815
111.412
112.022
112.643
113.276
113.918
114.568
115.225
115.888
116.554
117.232
117.891
118.549
119.219
119.897
120.572
121.247
121.918
122.586
123.249
123.906
124.554
125.195
125.825
126.445
127.051
127.646
128.224
128.789
129.336
129.866
130.378
130.879
131.371
131.86
132.348
132.842
133.34
133.844
134.353
134.87
135.393
135.927
136.468
137.021
137.583
138.159
138.747
139.358
139.465
208.268
208.753
209.176
209.644
210.126
210.591
211.022
211.41
211.738
212.015
212.287
212.592
212.914
213.214
213.491
213.752
213.997
214.226
214.439
214.636
214.818
214.985
215.136
215.273
215.395
215.504
215.598
215.679
215.747
215.804
215.876
215.982
216.112
216.237
216.35
216.455
216.555
216.651
216.741
216.828
216.91
216.989
217.065
217.139
217.21
217.279
217.347
217.415
217.481
217.549
217.616
217.685
217.756
217.828
217.903
217.98
218.061
218.146
218.235
218.328
218.427
218.54
218.667
218.811
218.964
219.121
219.284
219.453
219.631
219.816
220.009
220.211
220.423
220.644
220.875
221.117
221.369
221.632
221.908
222.195
222.495
222.809
223.136
223.479
223.835
224.2
224.571
224.949
225.329
225.711
226.092
226.473
226.853
227.233
227.612
227.989
228.364
228.736
229.111
229.428
156.197
155.748
155.35
154.933
154.521
154.136
153.782
153.466
153.195
152.966
152.754
152.554
152.365
152.198
152.057
151.937
151.839
151.762
151.707
151.673
151.661
151.669
151.699
151.748
151.817
151.907
152.016
152.143
152.291
152.457
152.627
152.803
152.988
153.188
153.404
153.636
153.883
154.144
154.42
154.709
155.012
155.328
155.657
155.998
156.351
156.715
157.091
157.477
157.874
158.28
158.696
159.121
159.555
159.998
160.448
160.906
161.371
161.842
162.32
162.804
163.294
163.784
164.28
164.782
165.287
165.796
166.307
166.821
167.337
167.856
168.375
168.895
169.415
169.937
170.456
170.976
171.494
172.012
172.526
173.039
173.547
174.055
174.556
175.056
175.549
176.039
176.521
176.999
177.478
177.966
178.459
178.961
179.468
179.983
180.505
181.036
181.576
182.123
182.69
183.125
179.723
180.064
180.392
180.738
181.099
181.464
181.831
182.197
182.559
182.916
183.278
183.65
184.032
184.415
184.801
185.191
185.585
185.982
186.383
186.787
187.194
187.604
188.017
188.433
188.852
189.273
189.697
190.123
190.552
190.982
191.42
191.87
192.329
192.791
193.256
193.723
194.193
194.667
195.144
195.624
196.107
196.592
197.081
197.571
198.065
198.561
199.059
199.559
200.061
200.565
201.071
201.578
202.087
202.598
203.11
203.623
204.136
204.651
205.167
205.683
206.199
206.718
207.239
207.763
208.288
208.812
209.335
209.858
210.381
210.904
211.425
211.947
212.467
212.987
213.506
214.025
214.541
215.058
215.572
216.086
216.598
217.111
217.621
218.132
218.64
219.15
219.657
220.165
220.668
221.164
221.65
222.128
222.595
223.054
223.502
223.941
224.367
224.78
225.187
225.528
162.892
162.857
162.847
162.832
162.827
162.84
162.872
162.925
163.001
163.099
163.21
163.326
163.454
163.598
163.759
163.934
164.124
164.329
164.549
164.784
165.034
165.297
165.576
165.869
166.176
166.497
166.831
167.18
167.542
167.917
168.299
168.687
169.084
169.492
169.912
170.342
170.784
171.236
171.699
172.171
172.653
173.143
173.644
174.152
174.669
175.194
175.726
176.265
176.811
177.364
177.922
178.486
179.055
179.63
180.208
180.791
181.377
181.967
182.56
183.155
183.753
184.349
184.947
185.547
186.147
186.747
187.347
187.947
188.546
189.145
189.742
190.339
190.933
191.526
192.116
192.705
193.29
193.872
194.451
195.027
195.598
196.166
196.729
197.288
197.842
198.392
198.935
199.474
200.008
200.543
201.077
201.613
202.146
202.681
203.213
203.749
204.284
204.82
205.369
205.831
165.962
166.265
166.573
166.892
167.227
167.576
167.94
168.317
168.709
169.113
169.528
169.949
170.383
170.831
171.292
171.764
172.25
172.748
173.258
173.779
174.314
174.859
175.416
175.984
176.563
177.153
177.754
178.365
178.986
179.617
180.257
180.904
181.562
182.229
182.905
183.589
184.283
184.984
185.693
186.41
187.134
187.864
188.602
189.345
190.094
190.848
191.607
192.371
193.138
193.909
194.684
195.46
196.24
197.021
197.804
198.587
199.371
200.155
200.939
201.722
202.504
203.283
204.06
204.835
205.608
206.377
207.142
207.903
208.66
209.411
210.158
210.899
211.634
212.363
213.084
213.8
214.507
215.208
215.899
216.584
217.258
217.925
218.582
219.231
219.869
220.499
221.118
221.729
222.327
222.914
223.486
224.047
224.593
225.128
225.649
226.158
226.652
227.128
227.602
227.992
158.473
158.668
158.881
159.097
159.326
159.573
159.839
160.124
160.43
160.756
161.096
161.441
161.802
162.181
162.578
162.99
163.42
163.865
164.328
164.806
165.301
165.811
166.338
166.879
167.438
168.01
168.599
169.202
169.82
170.452
171.096
171.746
172.408
173.082
173.77
174.469
175.182
175.904
176.639
177.383
178.139
178.903
179.677
180.459
181.25
182.047
182.852
183.662
184.478
185.299
186.125
186.954
187.788
188.622
189.46
190.298
191.137
191.975
192.814
193.65
194.485
195.315
196.142
196.965
197.785
198.599
199.409
200.213
201.012
201.803
202.588
203.365
204.134
204.896
205.647
206.391
207.125
207.85
208.564
209.269
209.964
210.649
211.323
211.987
212.64
213.283
213.913
214.534
215.144
215.748
216.341
216.927
217.503
218.07
218.627
219.178
219.718
220.25
220.788
221.236
155.513
155.845
156.189
156.543
156.914
157.304
157.714
158.143
158.594
159.064
159.549
160.043
160.555
161.086
161.638
162.208
162.798
163.406
164.034
164.68
165.346
166.03
166.734
167.455
168.195
168.952
169.728
170.521
171.332
172.159
173.002
173.854
174.723
175.606
176.507
177.421
178.351
179.294
180.252
181.222
182.205
183.199
184.204
185.219
186.244
187.277
188.319
189.366
190.421
191.48
192.545
193.613
194.685
195.758
196.833
197.907
198.982
200.054
201.125
202.191
203.254
204.309
205.358
206.399
207.434
208.459
209.476
210.484
211.482
212.469
213.445
214.41
215.362
216.301
217.226
218.136
219.03
219.909
220.77
221.616
222.443
223.253
224.045
224.82
225.575
226.313
227.031
227.731
228.408
229.067
229.703
230.321
230.916
231.492
232.047
232.583
233.099
233.589
234.076
234.462
149.812
150.122
150.449
150.786
151.14
151.515
151.912
152.331
152.774
153.239
153.721
154.213
154.725
155.259
155.816
156.393
156.993
157.615
158.259
158.925
159.615
160.325
161.059
161.814
162.593
163.393
164.216
165.059
165.926
166.812
167.718
168.637
169.575
170.532
171.511
172.508
173.525
174.558
175.611
176.678
177.764
178.862
179.977
181.102
182.242
183.391
184.551
185.719
186.895
188.076
189.263
190.452
191.646
192.839
194.034
195.227
196.42
197.608
198.794
199.973
201.147
202.311
203.467
204.611
205.746
206.867
207.976
209.07
210.15
211.215
212.264
213.296
214.312
215.311
216.293
217.257
218.202
219.128
220.034
220.919
221.783
222.626
223.446
224.245
225.021
225.778
226.513
227.229
227.924
228.6
229.254
229.888
230.5
231.091
231.661
232.21
232.737
233.242
233.741
234.137
144.935
145.272
145.627
145.995
146.384
146.797
147.234
147.696
148.184
148.697
149.231
149.778
150.349
150.946
151.569
152.216
152.891
153.591
154.32
155.074
155.858
156.669
157.509
158.376
159.272
160.196
161.15
162.131
163.142
164.179
165.244
166.327
167.436
168.572
169.737
170.926
172.142
173.38
174.645
175.93
177.24
178.568
179.918
181.284
182.669
184.068
185.483
186.908
188.347
189.793
191.249
192.707
194.172
195.636
197.101
198.563
200.022
201.474
202.922
204.36
205.791
207.209
208.616
210.011
211.394
212.761
214.114
215.447
216.762
218.054
219.325
220.571
221.794
222.991
224.163
225.31
226.431
227.525
228.593
229.632
230.644
231.625
232.575
233.493
234.379
235.233
236.053
236.841
237.596
238.319
239.01
239.669
240.297
240.894
241.459
241.994
242.498
242.967
243.423
243.766
139.112
139.462
139.825
140.199
140.592
141.007
141.444
141.905
142.391
142.902
143.434
143.98
144.549
145.144
145.766
146.415
147.091
147.796
148.531
149.295
150.092
150.919
151.781
152.674
153.603
154.565
155.564
156.597
157.667
158.772
159.913
161.081
162.285
163.524
164.803
166.116
167.466
168.85
170.27
171.721
173.205
174.718
176.261
177.828
179.421
181.033
182.667
184.316
185.98
187.654
189.34
191.029
192.725
194.42
196.115
197.802
199.484
201.152
202.808
204.446
206.068
207.667
209.247
210.804
212.344
213.862
215.361
216.837
218.293
219.722
221.126
222.5
223.844
225.155
226.435
227.679
228.89
230.067
231.212
232.322
233.4
234.443
235.453
236.426
237.364
238.264
239.126
239.949
240.733
241.477
242.183
242.85
243.479
244.07
244.625
245.142
245.623
246.063
246.483
246.78
132.715
133.051
133.403
133.768
134.154
134.564
135.001
135.464
135.957
136.478
137.024
137.589
138.182
138.805
139.459
140.144
140.861
141.61
142.395
143.213
144.069
144.961
145.891
146.859
147.869
148.917
150.008
151.14
152.316
153.533
154.793
156.088
157.427
158.809
160.24
161.713
163.234
164.799
166.411
168.065
169.766
171.508
173.293
175.115
176.978
178.872
180.801
182.755
184.736
186.735
188.752
190.779
192.819
194.861
196.908
198.952
200.995
203.026
205.047
207.046
209.024
210.969
212.884
214.763
216.61
218.419
220.197
221.939
223.651
225.329
226.977
228.589
230.167
231.705
233.204
234.658
236.069
237.433
238.752
240.025
241.253
242.436
243.577
244.671
245.722
246.725
247.681
248.587
249.444
250.249
251.004
251.705
252.357
252.958
253.51
254.011
254.466
254.865
255.236
255.474
127.795
127.871
127.99
128.141
128.322
128.535
128.782
129.063
129.379
129.729
130.112
130.523
130.969
131.451
131.971
132.529
133.128
133.767
134.451
135.178
135.954
136.777
137.653
138.58
139.564
140.603
141.704
142.864
144.089
145.378
146.733
148.148
149.63
151.182
152.807
154.501
156.268
158.102
160.008
161.978
164.014
166.109
168.263
170.466
172.718
175.006
177.329
179.673
182.036
184.403
186.774
189.137
191.493
193.833
196.16
198.468
200.764
203.042
205.308
207.554
209.783
211.982
214.151
216.281
218.372
220.415
222.413
224.361
226.265
228.122
229.939
231.714
233.452
235.149
236.805
238.416
239.982
241.496
242.958
244.365
245.717
247.011
248.252
249.436
250.566
251.64
252.658
253.616
254.516
255.352
256.125
256.83
257.469
258.038
258.539
258.969
259.333
259.619
259.856
259.946
123.646
123.889
124.121
124.375
124.644
124.921
125.208
125.507
125.821
126.152
126.496
126.849
127.22
127.612
128.026
128.463
128.926
129.416
129.937
130.488
131.075
131.699
132.363
133.07
133.824
134.626
135.484
136.397
137.374
138.414
139.526
140.705
141.965
143.309
144.749
146.284
147.925
149.675
151.542
153.53
155.646
157.891
160.272
162.786
165.437
168.215
171.117
174.123
177.215
180.356
183.518
186.666
189.788
192.862
195.882
198.83
201.71
204.515
207.258
209.939
212.573
215.154
217.691
220.179
222.619
225
227.321
229.573
231.759
233.874
235.927
237.917
239.853
241.735
243.573
245.363
247.109
248.804
250.449
252.038
253.568
255.036
256.443
257.785
259.065
260.281
261.435
262.524
263.549
264.504
265.389
266.198
266.93
267.579
268.146
268.625
269.019
269.319
269.549
269.621
106.637
107.408
108.071
108.653
109.207
109.753
110.293
110.835
111.385
111.951
112.528
113.118
113.728
114.363
115.027
115.719
116.445
117.204
118.002
118.838
119.719
120.644
121.62
122.647
123.731
124.874
126.081
127.354
128.701
130.121
131.62
133.193
134.852
136.601
138.448
140.392
142.437
144.582
146.83
149.177
151.623
154.159
156.783
159.482
162.254
165.085
167.983
170.948
174.015
177.195
180.487
183.85
187.251
190.653
194.04
197.381
200.657
203.84
206.933
209.929
212.85
215.698
218.495
221.243
223.948
226.601
229.206
231.748
234.225
236.623
238.945
241.184
243.351
245.446
247.479
249.453
251.374
253.24
255.054
256.81
258.507
260.137
261.699
263.189
264.606
265.947
267.214
268.403
269.512
270.538
271.477
272.322
273.066
273.702
274.223
274.62
274.888
275.016
275.018
274.808
100.057
99.2488
98.6496
98.0592
97.4972
96.9941
96.5449
96.1383
95.7672
95.429
95.1304
94.8727
94.6507
94.4615
94.3063
94.1852
94.1
94.0509
94.0413
94.072
94.1477
94.27
94.4453
94.6759
94.9703
95.332
95.7719
96.2953
96.9165
97.6427
98.4942
99.4831
100.633
101.961
103.499
105.271
107.316
109.671
112.381
115.493
119.059
123.129
127.748
132.951
138.751
145.099
151.931
158.798
165.293
171.169
176.453
181.339
186.024
190.551
194.915
199.093
203.102
206.928
210.576
214.042
217.345
220.49
223.51
226.423
229.264
232.042
234.769
237.44
240.058
242.611
245.1
247.513
249.855
252.122
254.325
256.463
258.549
260.583
262.571
264.512
266.405
268.246
270.033
271.759
273.425
275.024
276.559
278.024
279.419
280.741
281.985
283.144
284.211
285.175
286.026
286.75
287.334
287.759
288.026
288.029
157.902
157.182
156.521
156.053
155.651
155.251
154.859
154.482
154.11
153.738
153.365
152.985
152.599
152.205
151.803
151.391
150.971
150.54
150.099
149.647
149.186
148.712
148.228
147.731
147.223
146.702
146.169
145.621
145.059
144.481
143.888
143.272
142.63
141.96
141.256
140.515
139.73
138.898
138.016
137.086
136.124
135.16
134.269
133.583
133.386
134.075
136.928
142.772
150.64
159.411
167.202
173.66
179.4
184.846
190.059
194.977
199.646
204.127
208.45
212.577
216.499
220.211
223.734
227.079
230.273
233.335
236.295
239.166
241.967
244.698
247.362
249.953
252.472
254.91
257.275
259.566
261.794
263.96
266.075
268.14
270.161
272.133
274.058
275.929
277.745
279.501
281.195
282.823
284.383
285.869
287.276
288.594
289.812
290.915
291.883
292.693
293.314
293.713
293.834
293.588
101.114
101.658
101.916
102.218
102.51
102.746
102.94
103.112
103.269
103.409
103.528
103.638
103.734
103.816
103.885
103.943
103.987
104.019
104.037
104.042
104.032
104.008
103.97
103.917
103.85
103.769
103.677
103.576
103.47
103.365
103.265
103.186
103.143
103.158
103.262
103.499
103.925
104.617
105.674
107.233
109.458
112.576
116.856
122.607
130.294
139.771
151.568
161.799
170.467
175.483
180.437
186.244
191.946
196.861
201.149
205.16
209.093
212.949
216.745
220.482
224.166
227.752
231.212
234.521
237.692
240.738
243.689
246.561
249.376
252.14
254.86
257.527
260.144
262.697
265.192
267.624
270.002
272.329
274.616
276.865
279.087
281.278
283.444
285.581
287.693
289.775
291.832
293.863
295.873
297.863
299.837
301.796
303.741
305.671
307.584
309.474
311.336
313.162
314.906
316.599
)
;

boundaryField
{
    airfoil
    {
        type            zeroGradient;
    }
    farBoundaries
    {
        type            zeroGradient;
    }
    inlet
    {
        type            freestream;
        freestreamValue uniform 1;
        value           nonuniform List<scalar> 
200
(
1
1
1
1
1
1
1
1
1
1
1
1
1
1
1
1
1
1
1
1
1
1
1
1
1
1
1
1
1
1
1
1
1
1
1
1
1
1
1
1
1
1
1
1
1
1
59.4549
99.9063
168.022
175.46
180.436
186.244
191.946
196.861
201.149
205.16
209.093
212.949
216.745
220.482
224.166
227.752
231.212
234.521
237.692
240.738
243.689
246.561
249.376
252.14
254.86
257.527
260.144
262.697
265.192
267.624
270.002
272.329
274.616
276.865
279.087
281.278
283.444
285.581
287.693
289.775
291.832
293.863
295.873
297.863
299.837
301.796
303.741
305.671
307.584
309.474
311.336
313.162
314.906
316.599
1
1
1
1
1
1
1
1
1
1
1
1
1
1
1
1
1
1
1
1
1
1
1
1
1
1
1
1
1
1
1
1
1
1
1
1
1
1
1
1
1
1
1
1
1
1
1
1
1
1
1
1
1
1
1
1
1
1
1
1
1
1
1
1
1
1
1
1
1
1
1
1
1
1
1
1
1
59.9219
106.337
179.967
187.763
193.826
200.804
207.573
213.49
218.924
224.3
229.643
234.804
239.701
244.381
248.928
253.424
257.924
262.458
267.028
271.625
276.224
280.799
285.358
)
;
    }
    outlet
    {
        type            freestream;
        freestreamValue uniform 1;
        value           nonuniform List<scalar> 
40
(
261.848
261.76
261.563
261.55
261.477
261.45
261.257
261.113
260.809
260.533
260.071
259.549
258.793
258.058
257.487
257.134
256.958
256.906
256.907
256.901
255.169
255.19
255.206
255.267
255.428
255.762
256.291
257.039
257.847
258.539
259.063
259.538
259.91
260.298
260.577
260.896
261.097
261.345
261.497
261.72
)
;
    }
    defaultFaces
    {
        type            empty;
    }
}


// ************************************************************************* //
