/*--------------------------------*- C++ -*----------------------------------*\
  =========                 |
  \\      /  F ield         | OpenFOAM: The Open Source CFD Toolbox
   \\    /   O peration     | Website:  https://openfoam.org
    \\  /    A nd           | Version:  6.0
     \\/     M anipulation  |
\*---------------------------------------------------------------------------*/
FoamFile
{
    version     2.0;
    format      ascii;
    class       volScalarField;
    location    "100";
    object      nuTilda;
}
// * * * * * * * * * * * * * * * * * * * * * * * * * * * * * * * * * * * * * //

dimensions      [0 2 -1 0 0 0 0];

internalField   nonuniform List<scalar> 
9800
(
0.140014
0.140007
0.140007
0.140006
0.140006
0.140006
0.140007
0.140008
0.140008
0.140008
0.140009
0.140009
0.140009
0.140009
0.140009
0.140009
0.140009
0.140009
0.140008
0.140008
0.140007
0.140004
0.139991
0.139986
0.140003
0.140006
0.140007
0.140008
0.140008
0.140008
0.140008
0.140008
0.140008
0.140008
0.140008
0.140008
0.140008
0.140008
0.140007
0.140007
0.140007
0.140006
0.140005
0.140004
0.140004
0.140003
0.140002
0.140002
0.140001
0.140001
0.140001
0.14
0.14
0.139999
0.139998
0.139998
0.139997
0.139996
0.139995
0.139993
0.13999
0.139984
0.139978
0.139973
0.13997
0.139967
0.139966
0.139965
0.139969
0.139976
0.139983
0.139989
0.139994
0.139999
0.140004
0.140009
0.140014
0.14002
0.140027
0.140036
0.140046
0.140058
0.140073
0.140093
0.140119
0.140154
0.140202
0.140275
0.140356
0.140513
0.140811
0.141295
0.141396
0.141487
0.141545
0.141544
0.141576
0.141392
0.142638
0.135242
0.140021
0.14002
0.140015
0.140012
0.140009
0.140004
0.139999
0.139991
0.139984
0.139983
0.139983
0.139983
0.139983
0.139983
0.139983
0.139982
0.139982
0.139983
0.139983
0.139982
0.139981
0.139975
0.139959
0.139955
0.13998
0.139983
0.139983
0.139983
0.139983
0.139983
0.139982
0.139982
0.139981
0.139981
0.139981
0.139981
0.139981
0.139981
0.139981
0.139981
0.139981
0.139985
0.139991
0.139996
0.14
0.140003
0.140005
0.140006
0.140007
0.140008
0.140009
0.140009
0.14001
0.14001
0.140011
0.140011
0.140012
0.140012
0.140012
0.140012
0.140011
0.140008
0.140004
0.139999
0.139994
0.13999
0.139987
0.139985
0.139986
0.139989
0.139995
0.140002
0.14001
0.140019
0.140028
0.140038
0.140049
0.14006
0.140072
0.140085
0.1401
0.140116
0.140134
0.140154
0.140178
0.140204
0.140235
0.140271
0.140308
0.140346
0.140393
0.140432
0.140465
0.140499
0.14053
0.140555
0.140577
0.140587
0.140598
0.140705
0.139984
0.139982
0.139977
0.139973
0.139969
0.139964
0.139957
0.139949
0.139944
0.139943
0.139943
0.139943
0.139943
0.139943
0.139943
0.139942
0.139942
0.139942
0.139942
0.139942
0.13994
0.139934
0.139919
0.139918
0.139944
0.139949
0.139946
0.139944
0.139943
0.139943
0.139943
0.139942
0.139942
0.139941
0.139941
0.139941
0.139941
0.139941
0.139941
0.13994
0.13994
0.139943
0.139948
0.139954
0.139959
0.139963
0.139966
0.139968
0.13997
0.139971
0.139971
0.139972
0.139973
0.139973
0.139973
0.139974
0.139974
0.139975
0.139976
0.139978
0.139981
0.139984
0.139987
0.139989
0.139991
0.139992
0.139992
0.139993
0.139994
0.139996
0.139998
0.140002
0.140007
0.140014
0.140021
0.14003
0.140039
0.14005
0.140061
0.140074
0.140087
0.140102
0.140118
0.140135
0.140154
0.140174
0.140196
0.14022
0.140246
0.140274
0.140304
0.140333
0.140365
0.1404
0.140438
0.140476
0.140514
0.140553
0.140581
0.140649
0.139942
0.139927
0.139925
0.139921
0.139917
0.139914
0.139911
0.139909
0.139907
0.139905
0.139904
0.139906
0.139907
0.139909
0.139911
0.139912
0.139913
0.139915
0.139918
0.139919
0.139916
0.139904
0.139876
0.139876
0.139908
0.139921
0.139921
0.139918
0.139914
0.139911
0.139906
0.139903
0.139902
0.139901
0.139901
0.1399
0.139899
0.139898
0.139897
0.139896
0.139895
0.139896
0.139898
0.139902
0.139907
0.139911
0.139914
0.139916
0.139918
0.13992
0.139921
0.139921
0.139922
0.139922
0.139922
0.139922
0.139921
0.139921
0.139921
0.139921
0.139922
0.139923
0.139926
0.139928
0.139931
0.139933
0.139935
0.139936
0.139937
0.139937
0.139937
0.139937
0.139937
0.139938
0.139938
0.13994
0.139941
0.139943
0.139945
0.139948
0.139951
0.139954
0.139957
0.139961
0.139965
0.139968
0.139972
0.139976
0.139979
0.139981
0.139988
0.139998
0.140011
0.140024
0.140037
0.140049
0.14006
0.140068
0.140077
0.140089
0.139875
0.139862
0.13986
0.139857
0.139854
0.139852
0.13985
0.139849
0.139849
0.139849
0.13985
0.139852
0.139855
0.139858
0.139862
0.139866
0.139871
0.139877
0.139884
0.139888
0.139885
0.139867
0.139829
0.139829
0.139864
0.139884
0.139886
0.139879
0.139871
0.139863
0.139857
0.139851
0.139849
0.139847
0.139846
0.139845
0.139844
0.139843
0.139841
0.13984
0.139839
0.139838
0.139838
0.13984
0.139842
0.139844
0.139847
0.139849
0.139851
0.139853
0.139854
0.139855
0.139856
0.139856
0.139856
0.139855
0.139854
0.139854
0.139853
0.139852
0.139851
0.13985
0.13985
0.13985
0.139851
0.139852
0.139852
0.139852
0.139852
0.139852
0.139851
0.139849
0.139847
0.139845
0.139842
0.139839
0.139836
0.139832
0.139829
0.139825
0.139821
0.139817
0.139813
0.139808
0.139804
0.139799
0.139793
0.139787
0.139781
0.139774
0.139766
0.139758
0.139749
0.139741
0.139732
0.139729
0.139729
0.139728
0.139734
0.139742
0.139811
0.139789
0.139789
0.139787
0.139786
0.139785
0.139784
0.139784
0.139784
0.139785
0.139788
0.13979
0.139794
0.139798
0.139803
0.139809
0.139818
0.139828
0.139838
0.139845
0.139841
0.139817
0.139775
0.139774
0.139811
0.139836
0.139839
0.139831
0.139819
0.139808
0.139799
0.139792
0.139788
0.139785
0.139784
0.139783
0.139781
0.13978
0.139778
0.139777
0.139776
0.139774
0.139773
0.139773
0.139773
0.139774
0.139775
0.139776
0.139777
0.139778
0.139779
0.13978
0.139781
0.139781
0.139781
0.139781
0.13978
0.139779
0.139778
0.139777
0.139775
0.139773
0.139771
0.13977
0.139768
0.139766
0.139765
0.139763
0.139761
0.139759
0.139757
0.139754
0.139751
0.139747
0.139743
0.139738
0.139733
0.139728
0.139722
0.139715
0.139709
0.139701
0.139694
0.139685
0.139677
0.139668
0.139659
0.139649
0.139639
0.139629
0.139619
0.139614
0.139611
0.139609
0.139608
0.139607
0.139607
0.139607
0.139611
0.139615
0.139741
0.139715
0.139721
0.139723
0.139725
0.139726
0.139726
0.139727
0.139728
0.139731
0.139737
0.13974
0.139744
0.139748
0.139754
0.139762
0.139771
0.139782
0.139792
0.139798
0.13979
0.139759
0.139712
0.13971
0.139753
0.139784
0.139791
0.139784
0.139773
0.13976
0.139752
0.139743
0.139736
0.13973
0.139726
0.139722
0.139719
0.139717
0.139715
0.139713
0.139711
0.139708
0.139706
0.139704
0.139703
0.139702
0.139701
0.1397
0.139699
0.139699
0.139699
0.139699
0.139699
0.139699
0.139699
0.139698
0.139697
0.139696
0.139694
0.139692
0.13969
0.139687
0.139685
0.139682
0.139678
0.139675
0.139671
0.139668
0.139664
0.13966
0.139655
0.139651
0.139646
0.139641
0.139636
0.13963
0.139624
0.139617
0.13961
0.139602
0.139594
0.139585
0.139577
0.139567
0.139558
0.139547
0.139537
0.139526
0.139515
0.139504
0.139497
0.139492
0.139489
0.139487
0.139485
0.139484
0.139484
0.139484
0.139488
0.139494
0.139681
0.139662
0.13967
0.139673
0.139675
0.139676
0.139677
0.139678
0.139681
0.139686
0.139692
0.139695
0.139699
0.139704
0.13971
0.139718
0.139728
0.139738
0.139746
0.139747
0.139733
0.139694
0.139639
0.139637
0.139685
0.139724
0.139738
0.139736
0.139726
0.139715
0.139705
0.139695
0.139686
0.139679
0.139672
0.139666
0.139661
0.139657
0.139654
0.139651
0.139648
0.139645
0.139642
0.139638
0.139634
0.13963
0.139627
0.139624
0.13962
0.139617
0.139614
0.139612
0.139609
0.139607
0.139605
0.139603
0.139601
0.139598
0.139596
0.139593
0.13959
0.139587
0.139583
0.139579
0.139575
0.139571
0.139566
0.139561
0.139556
0.139551
0.139545
0.139539
0.139533
0.139526
0.139519
0.139512
0.139505
0.139497
0.139488
0.139479
0.13947
0.13946
0.13945
0.13944
0.139429
0.139417
0.139406
0.139394
0.139382
0.139369
0.139358
0.139351
0.139346
0.139343
0.139341
0.139339
0.139339
0.139337
0.139341
0.139346
0.139635
0.139621
0.139628
0.139631
0.139633
0.139634
0.139636
0.139639
0.139643
0.139648
0.139653
0.139655
0.139659
0.139664
0.13967
0.139678
0.139686
0.139693
0.139696
0.139689
0.139665
0.139615
0.139555
0.139551
0.139602
0.139652
0.139676
0.139682
0.139676
0.139666
0.139657
0.139646
0.139636
0.139627
0.139618
0.13961
0.139603
0.139598
0.139593
0.13959
0.139586
0.139582
0.139577
0.139573
0.139568
0.139562
0.139557
0.139551
0.139545
0.139538
0.139532
0.139526
0.13952
0.139514
0.139508
0.139503
0.139497
0.139492
0.139487
0.139482
0.139478
0.139473
0.139468
0.139463
0.139457
0.139452
0.139446
0.13944
0.139434
0.139428
0.139421
0.139413
0.139406
0.139398
0.139389
0.139381
0.139372
0.139362
0.139352
0.139342
0.139331
0.13932
0.139308
0.139296
0.139284
0.139271
0.139258
0.139245
0.139231
0.139218
0.139206
0.139198
0.139193
0.13919
0.139188
0.139186
0.139185
0.139184
0.139187
0.139193
0.139606
0.139595
0.1396
0.139603
0.139606
0.139609
0.139613
0.139617
0.139621
0.139625
0.139629
0.139631
0.139634
0.139638
0.139643
0.139648
0.139651
0.139652
0.139645
0.139625
0.139585
0.13952
0.139454
0.139447
0.139493
0.13956
0.1396
0.139618
0.139622
0.139618
0.139611
0.139601
0.139591
0.139581
0.13957
0.13956
0.139551
0.139545
0.139539
0.139534
0.139529
0.139524
0.139518
0.139513
0.139506
0.139499
0.139492
0.139483
0.139474
0.139465
0.139455
0.139445
0.139435
0.139424
0.139413
0.139403
0.139393
0.139384
0.139375
0.139367
0.139358
0.13935
0.139342
0.139334
0.139326
0.139318
0.13931
0.139303
0.139295
0.139286
0.139278
0.139269
0.13926
0.13925
0.13924
0.13923
0.139219
0.139208
0.139196
0.139184
0.139171
0.139158
0.139145
0.139131
0.139117
0.139102
0.139088
0.139073
0.139057
0.139041
0.139026
0.139011
0.138999
0.138991
0.138986
0.138981
0.138978
0.138974
0.138975
0.13898
0.139563
0.139551
0.139558
0.139565
0.139572
0.139579
0.139585
0.139592
0.139597
0.139602
0.139608
0.139612
0.139615
0.139618
0.13962
0.139619
0.139615
0.139604
0.139581
0.139543
0.139482
0.139399
0.139332
0.139323
0.139367
0.139452
0.139512
0.139548
0.139566
0.139572
0.139572
0.139567
0.139558
0.139548
0.139538
0.139528
0.139517
0.139508
0.139499
0.139491
0.139483
0.139475
0.139468
0.139461
0.139453
0.139445
0.139435
0.139425
0.139414
0.139401
0.139388
0.139374
0.13936
0.139344
0.139328
0.139313
0.139298
0.139283
0.139268
0.139254
0.13924
0.139227
0.139214
0.139201
0.139189
0.139177
0.139165
0.139153
0.139141
0.139129
0.139117
0.139106
0.139094
0.139082
0.139069
0.139056
0.139043
0.139029
0.139015
0.139001
0.138986
0.138971
0.138955
0.138939
0.138923
0.138907
0.13889
0.138873
0.138856
0.138839
0.138822
0.138809
0.1388
0.138794
0.13879
0.138786
0.138784
0.138782
0.138785
0.138788
0.139541
0.139532
0.139539
0.139547
0.139555
0.139563
0.139571
0.139578
0.139585
0.139592
0.139599
0.139604
0.139607
0.139607
0.139604
0.139597
0.139582
0.139556
0.139515
0.139455
0.139371
0.139267
0.139191
0.139176
0.139216
0.139306
0.139387
0.139444
0.13948
0.139502
0.139514
0.139516
0.139513
0.139505
0.139494
0.139483
0.139471
0.139457
0.139444
0.139431
0.139419
0.139406
0.139393
0.139381
0.139369
0.139358
0.139345
0.139331
0.139316
0.1393
0.139283
0.139265
0.139246
0.139227
0.139209
0.139191
0.139173
0.139155
0.139137
0.13912
0.139102
0.139085
0.139068
0.139052
0.139035
0.139019
0.139003
0.138987
0.138971
0.138955
0.138939
0.138923
0.138908
0.138892
0.138876
0.13886
0.138843
0.138826
0.138809
0.138791
0.138773
0.138754
0.138736
0.138717
0.138697
0.138678
0.138658
0.138638
0.138617
0.138597
0.138576
0.138554
0.138533
0.138514
0.138498
0.138485
0.138475
0.138465
0.138462
0.138462
0.139425
0.139404
0.139413
0.139428
0.139443
0.139457
0.13947
0.139482
0.139493
0.139505
0.13952
0.139528
0.139532
0.13953
0.139522
0.139505
0.139476
0.139431
0.139367
0.13928
0.139175
0.139066
0.139006
0.138997
0.139041
0.139143
0.139246
0.139327
0.139386
0.139427
0.139454
0.139467
0.13947
0.139467
0.139458
0.139447
0.139435
0.139421
0.139405
0.139389
0.139373
0.139355
0.139338
0.13932
0.139302
0.139284
0.139265
0.139248
0.139229
0.139208
0.139186
0.139162
0.139137
0.139111
0.139085
0.13906
0.139035
0.139012
0.138989
0.138966
0.138943
0.138921
0.138899
0.138878
0.138857
0.138837
0.138816
0.138795
0.138775
0.138754
0.138734
0.138714
0.138693
0.138673
0.138653
0.138632
0.13861
0.138588
0.138566
0.138544
0.138522
0.1385
0.138478
0.138455
0.138432
0.138409
0.138386
0.138363
0.138339
0.138316
0.138295
0.138278
0.138266
0.138258
0.138251
0.138246
0.138243
0.13824
0.138244
0.138216
0.139446
0.139436
0.139443
0.139455
0.139466
0.139478
0.139489
0.139499
0.139509
0.13952
0.139529
0.139532
0.139528
0.139515
0.139492
0.139457
0.139405
0.139334
0.139244
0.139135
0.13901
0.138882
0.138791
0.138761
0.138783
0.138843
0.13892
0.139004
0.139082
0.139148
0.139203
0.139237
0.139253
0.139255
0.139248
0.139235
0.139217
0.139197
0.139176
0.139155
0.139132
0.139108
0.139085
0.139063
0.139041
0.139021
0.139001
0.138983
0.138964
0.138946
0.138928
0.13891
0.13889
0.138869
0.138848
0.138826
0.138803
0.138781
0.138757
0.138733
0.138708
0.138684
0.138659
0.138635
0.13861
0.138586
0.138562
0.138538
0.138513
0.138488
0.138463
0.138438
0.138413
0.138388
0.138362
0.138336
0.13831
0.138283
0.138257
0.13823
0.138203
0.138176
0.138149
0.138121
0.138094
0.138066
0.138038
0.138009
0.137981
0.137952
0.137923
0.137893
0.137863
0.137832
0.137802
0.137772
0.137745
0.137719
0.137705
0.137667
0.139081
0.139035
0.139035
0.139044
0.139053
0.139061
0.139069
0.139074
0.139078
0.13908
0.139078
0.139071
0.139056
0.139031
0.138995
0.138946
0.138883
0.138808
0.138721
0.138629
0.138538
0.138461
0.138415
0.138414
0.138456
0.138548
0.138667
0.138777
0.138875
0.13896
0.139034
0.139088
0.139124
0.139144
0.139152
0.139149
0.139139
0.139123
0.139103
0.13908
0.139053
0.139025
0.138994
0.138962
0.138928
0.138893
0.138857
0.138819
0.13878
0.138741
0.138703
0.138665
0.138629
0.138593
0.13856
0.138528
0.138498
0.138468
0.138439
0.13841
0.138382
0.138354
0.138325
0.138296
0.138267
0.138238
0.138209
0.13818
0.13815
0.13812
0.13809
0.138059
0.138028
0.137997
0.137965
0.137932
0.1379
0.137867
0.137835
0.137803
0.137771
0.137739
0.137706
0.137674
0.137642
0.137609
0.137576
0.137543
0.13751
0.137478
0.137452
0.137433
0.137419
0.137408
0.137401
0.137395
0.137391
0.137388
0.137386
0.13735
0.139132
0.139112
0.139107
0.139107
0.139108
0.139107
0.139104
0.139099
0.139091
0.139079
0.139063
0.13904
0.139007
0.138963
0.138909
0.138844
0.138767
0.138679
0.138581
0.138475
0.138361
0.138239
0.138113
0.138001
0.13796
0.137968
0.138011
0.138072
0.13814
0.138206
0.138268
0.138321
0.138363
0.138395
0.138416
0.138429
0.138434
0.138431
0.138424
0.138411
0.138394
0.138374
0.138352
0.138326
0.138299
0.138271
0.138241
0.138209
0.138177
0.138144
0.13811
0.138076
0.138042
0.138009
0.137975
0.137941
0.137907
0.137874
0.137842
0.13781
0.137778
0.137746
0.137714
0.137682
0.13765
0.137617
0.137584
0.137551
0.137517
0.137483
0.137448
0.137414
0.137379
0.137344
0.137309
0.137274
0.137238
0.137202
0.137166
0.137129
0.137093
0.137056
0.137018
0.13698
0.136942
0.136903
0.136863
0.136822
0.136781
0.13674
0.136698
0.136655
0.136612
0.136567
0.136522
0.136476
0.136429
0.136381
0.136329
0.136286
0.138018
0.138021
0.138018
0.138011
0.138002
0.13799
0.137975
0.137955
0.13793
0.137897
0.137859
0.137816
0.137768
0.137714
0.137653
0.137587
0.137517
0.137443
0.137368
0.137294
0.137228
0.137175
0.137149
0.137171
0.137265
0.137402
0.137535
0.137656
0.137766
0.137864
0.137949
0.138018
0.138074
0.138117
0.138149
0.138173
0.138186
0.138191
0.138188
0.138177
0.138159
0.138135
0.138105
0.138068
0.138026
0.137977
0.137922
0.137862
0.137795
0.137721
0.13764
0.137556
0.137471
0.137388
0.13731
0.137236
0.137168
0.137103
0.137042
0.136984
0.136929
0.136877
0.136828
0.13678
0.136733
0.136686
0.136639
0.136592
0.136546
0.136499
0.136453
0.136406
0.136359
0.136312
0.136265
0.136217
0.13617
0.136123
0.136077
0.13603
0.135984
0.135938
0.135892
0.135846
0.135799
0.135752
0.135704
0.135655
0.135607
0.135559
0.135518
0.135487
0.135467
0.135455
0.135447
0.135442
0.135439
0.135437
0.135438
0.135454
0.138221
0.138193
0.138168
0.138145
0.138123
0.1381
0.138075
0.138048
0.138017
0.137983
0.137951
0.137916
0.137875
0.137827
0.137775
0.137719
0.137661
0.137601
0.137541
0.137482
0.137426
0.137374
0.137326
0.137281
0.137233
0.137173
0.137087
0.136969
0.13682
0.136671
0.136574
0.136525
0.1365
0.136489
0.136487
0.136488
0.136489
0.136486
0.13648
0.136472
0.13646
0.136442
0.136418
0.136388
0.136352
0.136311
0.136264
0.136213
0.136157
0.136095
0.136029
0.135958
0.135884
0.135807
0.13573
0.135653
0.135576
0.1355
0.135425
0.135351
0.135279
0.135211
0.135147
0.135084
0.135022
0.13496
0.134897
0.134836
0.134775
0.134714
0.134653
0.134592
0.134532
0.134471
0.13441
0.134348
0.134285
0.134222
0.134159
0.134095
0.13403
0.133964
0.133897
0.133828
0.133758
0.133687
0.133614
0.133539
0.133463
0.133385
0.133305
0.133223
0.13314
0.133056
0.132971
0.132884
0.132795
0.132705
0.132625
0.132632
0.13547
0.135686
0.135768
0.135767
0.135715
0.135631
0.135524
0.135395
0.135245
0.135071
0.13489
0.134718
0.134549
0.134385
0.134223
0.134066
0.133913
0.133765
0.133626
0.133497
0.13338
0.133277
0.133193
0.13313
0.133089
0.13307
0.133068
0.133075
0.133075
0.133064
0.133031
0.132972
0.132878
0.132765
0.132637
0.132496
0.132345
0.132186
0.132026
0.131861
0.131703
0.13156
0.131434
0.131326
0.131234
0.131151
0.131074
0.131001
0.130933
0.130864
0.130795
0.130724
0.130651
0.130577
0.130501
0.130423
0.130344
0.130265
0.130185
0.130106
0.130025
0.129947
0.129882
0.129806
0.12973
0.129652
0.129572
0.129493
0.129414
0.129335
0.12926
0.129186
0.129113
0.129041
0.128972
0.128902
0.128833
0.128765
0.128695
0.128625
0.128554
0.128484
0.128412
0.128339
0.128265
0.128191
0.128118
0.12805
0.127994
0.12796
0.127956
0.12798
0.128027
0.12809
0.128167
0.128255
0.128354
0.12847
0.128623
0.128883
0.137635
0.136835
0.136475
0.136364
0.136286
0.136148
0.135922
0.135604
0.135202
0.134755
0.134639
0.133873
0.133155
0.132534
0.131976
0.131456
0.130957
0.130469
0.129984
0.129497
0.129005
0.128506
0.127998
0.127481
0.126954
0.126417
0.125871
0.125317
0.124756
0.124196
0.123776
0.124104
0.123915
0.123704
0.123462
0.123189
0.122885
0.122552
0.122193
0.12181
0.121406
0.120984
0.120555
0.12013
0.119715
0.119315
0.118929
0.11856
0.118206
0.117867
0.117542
0.11723
0.116931
0.116644
0.116369
0.116106
0.115854
0.115615
0.115384
0.115149
0.114864
0.114684
0.114877
0.114775
0.114657
0.114539
0.11442
0.114303
0.114187
0.114073
0.113961
0.113853
0.113748
0.113648
0.113553
0.113464
0.113382
0.113307
0.113242
0.113185
0.11314
0.113106
0.113083
0.113074
0.113077
0.113094
0.113124
0.113167
0.113222
0.11329
0.113372
0.113465
0.11357
0.113685
0.113809
0.113946
0.114108
0.114346
0.114854
0.116096
0.169113
0.18074
0.192892
0.204817
0.216444
0.227771
0.238802
0.24954
0.259989
0.270151
0.280027
0.289621
0.298932
0.307963
0.316714
0.325187
0.333402
0.341312
0.348939
0.356296
0.363386
0.370209
0.376768
0.383067
0.389108
0.394895
0.400434
0.405728
0.410782
0.415602
0.420192
0.42456
0.428613
0.432325
0.436027
0.439537
0.44285
0.445971
0.448906
0.451661
0.45424
0.456651
0.458901
0.460997
0.462948
0.464762
0.466449
0.467747
0.46879
0.470136
0.471408
0.472603
0.473737
0.474828
0.475898
0.476974
0.47809
0.479284
0.480605
0.481489
0.482619
0.484798
0.487435
0.49062
0.494494
0.499212
0.504957
0.510149
0.519509
0.529287
0.140144
0.139917
0.139662
0.139397
0.139129
0.138862
0.138598
0.138341
0.138094
0.13786
0.137641
0.137441
0.137262
0.137106
0.136973
0.136864
0.136783
0.136722
0.136685
0.136671
0.136682
0.136718
0.136778
0.136862
0.136969
0.137099
0.13725
0.137422
0.137613
0.137821
0.138045
0.138284
0.138515
0.138723
0.138976
0.139236
0.139497
0.139756
0.140009
0.140255
0.140489
0.14071
0.140916
0.141105
0.141275
0.141428
0.141567
0.141623
0.141616
0.141681
0.141735
0.141767
0.141777
0.141764
0.141731
0.141679
0.141611
0.141535
0.141464
0.141235
0.140984
0.14091
0.140859
0.14082
0.140806
0.140842
0.140984
0.140736
0.141534
0.142698
0.140628
0.14061
0.140587
0.140563
0.140536
0.140506
0.140471
0.140432
0.140387
0.140338
0.140282
0.140222
0.140158
0.140088
0.140015
0.139938
0.139856
0.139771
0.139681
0.139588
0.13949
0.139389
0.139284
0.139175
0.139063
0.138947
0.138828
0.138706
0.138582
0.138456
0.138327
0.138196
0.138063
0.137926
0.137787
0.137646
0.137505
0.137363
0.13722
0.137076
0.136931
0.136785
0.136638
0.136489
0.136339
0.136187
0.136031
0.13587
0.1357
0.135526
0.135348
0.135166
0.13498
0.13479
0.134595
0.134395
0.134189
0.133977
0.133757
0.133524
0.133274
0.133014
0.132747
0.132473
0.132193
0.131905
0.131609
0.131295
0.130981
0.130701
0.140094
0.140097
0.140102
0.140108
0.140116
0.140126
0.140137
0.140148
0.14016
0.140171
0.140182
0.140193
0.140205
0.140216
0.140228
0.14024
0.140253
0.140265
0.140279
0.140292
0.140306
0.14032
0.140334
0.140348
0.140362
0.140376
0.140389
0.140404
0.140418
0.140432
0.140447
0.140463
0.14048
0.140497
0.140516
0.140537
0.14056
0.140584
0.140611
0.140641
0.140674
0.14071
0.140749
0.140791
0.140837
0.140886
0.140937
0.140992
0.14105
0.141109
0.141172
0.141237
0.141304
0.141374
0.141444
0.141516
0.141587
0.141657
0.141724
0.14179
0.141853
0.14191
0.141962
0.142009
0.14205
0.142083
0.142104
0.142128
0.142114
0.142086
0.139761
0.139772
0.139784
0.139798
0.139813
0.13983
0.139847
0.139866
0.139885
0.139904
0.139924
0.139944
0.139965
0.139986
0.140008
0.14003
0.140053
0.140077
0.1401
0.140125
0.140149
0.140174
0.1402
0.140225
0.140251
0.140276
0.140303
0.140329
0.140356
0.140383
0.140411
0.140439
0.140468
0.140498
0.140529
0.140562
0.140596
0.140632
0.14067
0.140711
0.140754
0.140799
0.140847
0.140898
0.140952
0.141009
0.141068
0.141129
0.141194
0.141264
0.141336
0.141411
0.141489
0.14157
0.141654
0.141739
0.141825
0.141911
0.141995
0.142078
0.142163
0.142248
0.142331
0.142411
0.142486
0.142555
0.142615
0.142669
0.142709
0.14273
0.139638
0.13965
0.139663
0.139677
0.139691
0.139707
0.139723
0.13974
0.139758
0.139775
0.139793
0.139812
0.139831
0.13985
0.13987
0.139891
0.139912
0.139934
0.139955
0.139978
0.14
0.140023
0.140047
0.14007
0.140094
0.140119
0.140143
0.140168
0.140194
0.14022
0.140247
0.140274
0.140302
0.140332
0.140362
0.140394
0.140428
0.140463
0.1405
0.140539
0.14058
0.140624
0.14067
0.140718
0.140769
0.140822
0.140876
0.140932
0.140991
0.141053
0.141118
0.141185
0.141254
0.141326
0.141399
0.141473
0.141548
0.141622
0.141694
0.141764
0.141835
0.141906
0.141976
0.142044
0.142107
0.142164
0.142212
0.142254
0.142285
0.142299
0.139518
0.13953
0.139544
0.139558
0.139573
0.139589
0.139605
0.139622
0.139639
0.139656
0.139674
0.139692
0.13971
0.139728
0.139748
0.139767
0.139787
0.139808
0.139828
0.13985
0.139871
0.139893
0.139915
0.139938
0.13996
0.139984
0.140007
0.140031
0.140056
0.140081
0.140107
0.140133
0.14016
0.140188
0.140217
0.140248
0.140281
0.140315
0.140351
0.140389
0.140429
0.140471
0.140516
0.140563
0.140613
0.140664
0.140717
0.140771
0.140828
0.140888
0.140951
0.141016
0.141084
0.141154
0.141225
0.141298
0.141371
0.141444
0.141514
0.141581
0.14165
0.14172
0.141789
0.141856
0.141918
0.141974
0.142022
0.142062
0.142093
0.142105
0.139369
0.139381
0.139394
0.139408
0.139422
0.139437
0.139453
0.139469
0.139485
0.139501
0.139518
0.139535
0.139552
0.13957
0.139588
0.139607
0.139626
0.139646
0.139666
0.139686
0.139707
0.139729
0.139751
0.139773
0.139796
0.139819
0.139843
0.139868
0.139894
0.13992
0.139948
0.139976
0.140005
0.140035
0.140068
0.140101
0.140137
0.140174
0.140213
0.140255
0.140298
0.140344
0.140392
0.140443
0.140495
0.140549
0.140604
0.140659
0.140717
0.140779
0.140842
0.140907
0.140974
0.141043
0.141113
0.141184
0.141255
0.141325
0.141391
0.141455
0.141521
0.141587
0.141653
0.141716
0.141776
0.14183
0.141875
0.141914
0.141942
0.141954
0.139214
0.139225
0.139238
0.139251
0.139264
0.139278
0.139293
0.139308
0.139323
0.139339
0.139354
0.13937
0.139386
0.139403
0.13942
0.139438
0.139456
0.139475
0.139494
0.139514
0.139534
0.139555
0.139576
0.139598
0.139621
0.139645
0.13967
0.139695
0.139722
0.13975
0.139779
0.139809
0.13984
0.139872
0.139907
0.139943
0.139982
0.140022
0.140064
0.140109
0.140156
0.140205
0.140256
0.14031
0.140365
0.140422
0.140479
0.140537
0.140597
0.14066
0.140725
0.140792
0.14086
0.14093
0.141002
0.141074
0.141146
0.141216
0.141283
0.141347
0.141412
0.14148
0.141546
0.141611
0.141671
0.141726
0.141771
0.141811
0.14184
0.141851
0.138999
0.13901
0.139022
0.139035
0.139049
0.139063
0.139077
0.139092
0.139107
0.139122
0.139138
0.139154
0.139171
0.139188
0.139206
0.139224
0.139243
0.139263
0.139283
0.139305
0.139327
0.139349
0.139373
0.139398
0.139424
0.139451
0.139479
0.139509
0.139541
0.139574
0.139608
0.139643
0.13968
0.139719
0.13976
0.139803
0.139847
0.139894
0.139943
0.139994
0.140047
0.140102
0.140159
0.140217
0.140277
0.140337
0.140397
0.140457
0.140518
0.140582
0.140647
0.140714
0.140781
0.14085
0.14092
0.14099
0.141059
0.141127
0.14119
0.141251
0.141313
0.141378
0.141441
0.141503
0.141562
0.141614
0.141657
0.141696
0.141725
0.141735
0.138802
0.138812
0.138824
0.138836
0.138848
0.138862
0.138875
0.138889
0.138904
0.138919
0.138934
0.138949
0.138966
0.138982
0.139
0.139018
0.139038
0.139058
0.139079
0.139101
0.139124
0.139148
0.139173
0.1392
0.139228
0.139258
0.139289
0.139322
0.139357
0.139393
0.139431
0.13947
0.13951
0.139552
0.139596
0.139642
0.139689
0.139738
0.139789
0.139842
0.139896
0.139951
0.140008
0.140067
0.140126
0.140186
0.140245
0.140303
0.140363
0.140426
0.140491
0.140557
0.140625
0.140695
0.140767
0.14084
0.140913
0.140986
0.141054
0.14112
0.141189
0.141262
0.141335
0.141407
0.141477
0.141541
0.141595
0.141643
0.141683
0.141699
0.138473
0.138482
0.138493
0.138505
0.138519
0.138533
0.138549
0.138564
0.13858
0.138597
0.138613
0.138631
0.138649
0.138669
0.138689
0.138711
0.138733
0.138757
0.138782
0.138808
0.138836
0.138865
0.138896
0.13893
0.138965
0.139002
0.139041
0.139083
0.139127
0.139174
0.139223
0.139273
0.139324
0.139378
0.139435
0.139494
0.139555
0.139618
0.139683
0.13975
0.139819
0.13989
0.139962
0.140035
0.140109
0.140182
0.140253
0.140322
0.140392
0.140464
0.140536
0.140609
0.140682
0.140756
0.140829
0.140902
0.140973
0.141041
0.141103
0.141162
0.141222
0.141284
0.141346
0.141406
0.141462
0.141512
0.141552
0.141589
0.141616
0.141627
0.138217
0.138227
0.138238
0.138251
0.138264
0.138278
0.138292
0.138307
0.138322
0.138338
0.138354
0.13837
0.138388
0.138406
0.138426
0.138448
0.13847
0.138495
0.138521
0.138549
0.13858
0.138613
0.138648
0.138685
0.138726
0.138769
0.138815
0.138864
0.138916
0.138971
0.139028
0.139086
0.139146
0.139208
0.139273
0.139339
0.139408
0.139479
0.139551
0.139625
0.1397
0.139777
0.139854
0.139931
0.140009
0.140085
0.140159
0.140229
0.140301
0.140374
0.140447
0.14052
0.140594
0.140668
0.140742
0.140815
0.140887
0.140956
0.141019
0.141078
0.141139
0.141204
0.141268
0.141331
0.141392
0.141446
0.141489
0.141529
0.141561
0.141574
0.137665
0.137676
0.13769
0.137705
0.137721
0.137738
0.137756
0.137775
0.137794
0.137815
0.137836
0.137858
0.137882
0.137907
0.137935
0.137964
0.137996
0.13803
0.138066
0.138106
0.138148
0.138193
0.138242
0.138294
0.138349
0.138407
0.138469
0.138534
0.138602
0.138673
0.138746
0.13882
0.138893
0.138969
0.139046
0.139125
0.139204
0.139284
0.139365
0.139445
0.139526
0.139607
0.139688
0.139768
0.139847
0.139924
0.139997
0.140067
0.140138
0.14021
0.140283
0.140357
0.140431
0.140506
0.140582
0.140658
0.140733
0.140805
0.140872
0.140934
0.140999
0.141069
0.14114
0.141209
0.141276
0.141335
0.141384
0.141428
0.141464
0.141478
0.137339
0.137345
0.137352
0.137359
0.137366
0.137375
0.137386
0.137398
0.137411
0.137426
0.137444
0.137463
0.137485
0.13751
0.137537
0.137568
0.137601
0.137638
0.137679
0.137723
0.13777
0.137821
0.137876
0.137934
0.137996
0.138061
0.13813
0.138201
0.138275
0.138351
0.138428
0.138505
0.13858
0.138656
0.138734
0.138811
0.138888
0.138965
0.139041
0.139116
0.139191
0.139265
0.139339
0.139412
0.139484
0.139555
0.139622
0.139686
0.139752
0.139822
0.139894
0.139968
0.140045
0.140126
0.14021
0.140298
0.140388
0.140479
0.140564
0.140646
0.140735
0.140833
0.140935
0.141041
0.141147
0.141246
0.141329
0.141405
0.141476
0.141506
0.136269
0.136276
0.136282
0.136284
0.136283
0.136281
0.136282
0.136287
0.136295
0.13631
0.13633
0.136356
0.13639
0.136432
0.136482
0.136541
0.136604
0.136672
0.136742
0.136817
0.136895
0.136976
0.137062
0.137151
0.137243
0.13734
0.137439
0.13754
0.137644
0.13775
0.137856
0.137961
0.138063
0.138164
0.138267
0.138369
0.138471
0.138573
0.138673
0.138774
0.138874
0.138973
0.139073
0.139172
0.139271
0.139368
0.13946
0.139548
0.139638
0.139731
0.139827
0.139925
0.140025
0.140127
0.140231
0.140337
0.140442
0.140544
0.140637
0.140723
0.140814
0.140913
0.141013
0.141114
0.141211
0.141299
0.141369
0.141432
0.141485
0.1415
0.135432
0.135449
0.135469
0.135489
0.135509
0.135528
0.135547
0.135567
0.135588
0.13561
0.135633
0.135657
0.135682
0.135707
0.135733
0.135759
0.135786
0.135813
0.135841
0.135872
0.135908
0.135954
0.13601
0.136076
0.13615
0.136233
0.136324
0.136424
0.136532
0.136647
0.136768
0.136891
0.137014
0.137138
0.137265
0.137389
0.137509
0.137625
0.137737
0.137845
0.13795
0.138052
0.138151
0.138249
0.138346
0.138439
0.138528
0.138612
0.138697
0.138789
0.138886
0.138989
0.139099
0.139216
0.139343
0.139478
0.13962
0.139764
0.1399
0.14003
0.140171
0.140333
0.140504
0.140683
0.140864
0.141032
0.14117
0.141295
0.14141
0.141444
0.132584
0.132631
0.132691
0.132754
0.132818
0.132884
0.132951
0.133018
0.133085
0.13315
0.133214
0.133274
0.13333
0.133379
0.133422
0.133457
0.133482
0.133498
0.133505
0.133504
0.133496
0.133486
0.13348
0.133481
0.133489
0.133504
0.133525
0.133552
0.133585
0.133623
0.133667
0.133715
0.133765
0.133818
0.133879
0.133946
0.134019
0.1341
0.134189
0.134286
0.134393
0.134511
0.13464
0.134781
0.134935
0.135097
0.135261
0.135424
0.135596
0.135789
0.135998
0.136228
0.136479
0.136754
0.137055
0.13738
0.13772
0.138056
0.138359
0.138628
0.138914
0.13923
0.139552
0.139873
0.140184
0.140466
0.140688
0.140884
0.141077
0.14115
0.128729
0.128935
0.129186
0.129446
0.129711
0.129982
0.130258
0.130539
0.130827
0.131119
0.131416
0.131717
0.132022
0.132329
0.132638
0.132948
0.133258
0.133564
0.133868
0.134168
0.134464
0.134757
0.135044
0.135327
0.135603
0.135874
0.136138
0.136395
0.136645
0.136887
0.137119
0.137338
0.137538
0.137726
0.137914
0.138096
0.13827
0.138438
0.138599
0.138753
0.1389
0.13904
0.139172
0.139295
0.139409
0.13951
0.139596
0.139656
0.139702
0.139752
0.139795
0.139828
0.139851
0.139862
0.139861
0.139847
0.139819
0.139778
0.139728
0.139643
0.139543
0.139447
0.139346
0.139242
0.139142
0.139052
0.13898
0.138809
0.138776
0.138724
0.109054
0.107614
0.106936
0.106362
0.105811
0.105271
0.10474
0.104218
0.103705
0.1032
0.102703
0.102213
0.101731
0.101257
0.10079
0.10033
0.0998841
0.099442
0.0990032
0.0985699
0.0981433
0.0977243
0.0973137
0.0969124
0.0965212
0.0961408
0.0957718
0.0954149
0.0950707
0.0947395
0.0944215
0.094116
0.0937955
0.0934365
0.0931015
0.0927805
0.0924706
0.0921719
0.0918846
0.0916091
0.0913456
0.0910947
0.0908565
0.0906313
0.0904193
0.0902201
0.0900318
0.0897762
0.0894565
0.0891833
0.0889332
0.0887001
0.0884837
0.0882846
0.0881035
0.0879416
0.0877994
0.0876769
0.0875716
0.0873051
0.08698
0.0867467
0.0865706
0.0864442
0.0863699
0.0863496
0.0863765
0.0859615
0.0860753
0.0862603
0.648596
0.815836
0.92459
0.99077
1.0293
1.05147
1.06488
1.07413
1.08167
1.0886
1.09529
1.10175
1.10794
1.11379
1.11929
1.12446
1.12933
1.13396
1.13838
1.14262
1.14671
1.15067
1.15451
1.15824
1.16186
1.16539
1.16883
1.17219
1.17547
1.17868
1.18183
1.18491
1.18794
1.19091
1.19383
1.19671
1.19954
1.20233
1.20508
1.2078
1.21049
1.21315
1.21579
1.2184
1.221
1.22357
1.22614
1.22869
1.23123
1.23375
1.23627
1.23877
1.24127
1.24375
1.24622
1.24868
1.25111
1.25353
1.25593
1.2583
1.26064
1.26294
1.2652
1.26742
1.26959
1.27169
1.27373
1.2757
1.27759
1.27939
1.28108
1.28265
1.28407
1.28527
1.28614
0.164634
0.231534
0.318128
0.413488
0.508619
0.597967
0.67873
0.749893
0.811521
0.86431
0.909294
0.947648
0.980541
1.00905
1.03409
1.05641
1.07658
1.09503
1.11206
1.12791
1.14273
1.15665
1.16977
1.18217
1.19393
1.20511
1.21576
1.22594
1.23569
1.24504
1.25403
1.26268
1.27102
1.27907
1.28686
1.29439
1.30169
1.30877
1.31566
1.32235
1.32887
1.33523
1.34144
1.34751
1.35344
1.35926
1.36496
1.37055
1.37605
1.38145
1.38677
1.392
1.39715
1.40222
1.40722
1.41214
1.41698
1.42175
1.42644
1.43105
1.43557
1.44
1.44434
1.44858
1.45271
1.45672
1.46061
1.46438
1.468
1.47148
1.4748
1.47794
1.48085
1.48344
1.48545
0.127929
0.124795
0.127731
0.139822
0.162604
0.195869
0.238337
0.288176
0.343353
0.401863
0.461863
0.521755
0.580231
0.636293
0.68925
0.738696
0.784469
0.826606
0.865286
0.900782
0.933414
0.963513
0.991394
1.01734
1.04159
1.06436
1.08581
1.10608
1.12529
1.14352
1.16086
1.17738
1.19315
1.20822
1.22265
1.23649
1.24977
1.26254
1.27483
1.28668
1.29812
1.30916
1.31985
1.3302
1.34024
1.34999
1.35946
1.36867
1.37764
1.38639
1.39493
1.40327
1.41142
1.41939
1.42719
1.43483
1.44231
1.44963
1.45679
1.46381
1.47067
1.47738
1.48393
1.49033
1.49656
1.50262
1.50851
1.51422
1.51974
1.52507
1.53019
1.53508
1.53971
1.54393
1.54736
0.141674
0.139936
0.137088
0.133558
0.13023
0.128217
0.128644
0.132503
0.140571
0.153313
0.171171
0.194252
0.222374
0.255139
0.291982
0.332218
0.375082
0.419782
0.465534
0.511602
0.557331
0.602165
0.645665
0.687508
0.727484
0.765485
0.801483
0.835517
0.867673
0.898064
0.926816
0.954058
0.979915
1.0045
1.02791
1.05025
1.07158
1.09198
1.11152
1.13024
1.14821
1.16547
1.18206
1.19803
1.21342
1.22827
1.24261
1.25648
1.2699
1.2829
1.29551
1.30776
1.31966
1.33124
1.34251
1.35349
1.36418
1.37462
1.38479
1.39472
1.4044
1.41385
1.42306
1.43204
1.4408
1.44931
1.4576
1.46564
1.47344
1.481
1.4883
1.49534
1.50207
1.50837
1.51378
0.142846
0.143018
0.14301
0.142657
0.141815
0.140426
0.138531
0.136283
0.13393
0.131785
0.130229
0.12968
0.13057
0.133322
0.138328
0.14593
0.156408
0.16991
0.18669
0.206835
0.230281
0.25686
0.286309
0.318289
0.352397
0.388189
0.425201
0.462969
0.501054
0.539054
0.576618
0.613456
0.649338
0.684099
0.717627
0.749862
0.780785
0.810408
0.838767
0.865914
0.891911
0.916823
0.940714
0.963649
0.985688
1.00689
1.0273
1.04696
1.06593
1.08425
1.10195
1.11906
1.13563
1.15168
1.16724
1.18235
1.19701
1.21126
1.22512
1.2386
1.25172
1.26449
1.27693
1.28904
1.30083
1.3123
1.32346
1.33431
1.34486
1.35509
1.36501
1.37461
1.38387
1.39274
1.40089
0.142357
0.142482
0.142631
0.142797
0.142952
0.143049
0.143027
0.142824
0.142388
0.141683
0.140696
0.139443
0.137971
0.136357
0.134711
0.133168
0.131891
0.131058
0.130876
0.131572
0.133383
0.136549
0.141301
0.147855
0.1564
0.167087
0.179983
0.195267
0.212977
0.233059
0.255405
0.279851
0.306184
0.33415
0.36347
0.393846
0.424975
0.456563
0.488333
0.52003
0.551436
0.582363
0.612663
0.642223
0.670961
0.698827
0.725796
0.751864
0.77704
0.80135
0.824824
0.8475
0.869418
0.890616
0.911135
0.93101
0.950279
0.968971
0.987117
1.00474
1.02187
1.03853
1.05472
1.07048
1.08581
1.10072
1.11523
1.12934
1.14305
1.15637
1.16931
1.18186
1.19403
1.20587
1.21768
0.142131
0.142176
0.142225
0.142283
0.142354
0.142444
0.14255
0.142667
0.14278
0.142871
0.142917
0.14289
0.142766
0.14252
0.142133
0.141592
0.140891
0.140036
0.139038
0.137923
0.136729
0.135507
0.134322
0.133255
0.132402
0.131872
0.131782
0.132266
0.133472
0.13555
0.13865
0.142918
0.148493
0.155494
0.164022
0.174147
0.185918
0.199414
0.21463
0.231521
0.250006
0.269972
0.291282
0.313775
0.337278
0.361607
0.386578
0.412006
0.437717
0.463548
0.489353
0.515001
0.540382
0.565402
0.589989
0.614085
0.63765
0.660657
0.68309
0.704943
0.726219
0.746925
0.767073
0.786676
0.80575
0.82431
0.842371
0.859944
0.877042
0.893671
0.909838
0.925546
0.940804
0.955749
0.972197
0.141969
0.14199
0.14201
0.142029
0.142048
0.142069
0.142094
0.142124
0.142164
0.142212
0.14227
0.142336
0.142405
0.142472
0.142529
0.142566
0.142573
0.142538
0.14245
0.142295
0.142062
0.141742
0.141326
0.14081
0.140192
0.139478
0.138676
0.137801
0.136874
0.135924
0.134987
0.134107
0.133337
0.132734
0.132368
0.132309
0.132636
0.133433
0.134789
0.136794
0.139537
0.143101
0.147566
0.153001
0.159464
0.167001
0.175625
0.185406
0.196354
0.208454
0.221676
0.235974
0.251289
0.267548
0.284668
0.30256
0.321126
0.340266
0.35988
0.379865
0.400125
0.420564
0.441094
0.461634
0.482106
0.502445
0.522587
0.542481
0.562079
0.58134
0.600227
0.618709
0.636758
0.65428
0.676085
0.141829
0.141783
0.141738
0.141695
0.141657
0.141622
0.141589
0.141559
0.141533
0.141511
0.141495
0.141486
0.141485
0.141492
0.141507
0.141529
0.141558
0.141592
0.141629
0.141666
0.1417
0.141728
0.141746
0.141749
0.141728
0.141678
0.14159
0.141463
0.141287
0.141057
0.140765
0.140408
0.139985
0.139498
0.13895
0.138348
0.137701
0.137022
0.136326
0.135634
0.134967
0.134355
0.133826
0.133415
0.133159
0.133098
0.133271
0.133725
0.134505
0.135658
0.137231
0.139271
0.141821
0.144924
0.148617
0.152936
0.157909
0.163562
0.169932
0.177036
0.184881
0.193468
0.202787
0.212825
0.223559
0.23496
0.246991
0.259611
0.272771
0.286418
0.300496
0.314931
0.329755
0.344028
0.365611
0.141707
0.141688
0.141687
0.141685
0.141679
0.14167
0.141656
0.14164
0.141623
0.141606
0.14159
0.141578
0.141568
0.141561
0.141557
0.141556
0.141557
0.14156
0.141566
0.141575
0.141586
0.141602
0.141623
0.141648
0.141678
0.141712
0.141747
0.141782
0.141814
0.141842
0.141861
0.141869
0.141862
0.141836
0.141788
0.141714
0.14161
0.141473
0.141302
0.141093
0.140844
0.140556
0.140228
0.139862
0.139461
0.139026
0.138561
0.138082
0.137594
0.137107
0.13663
0.136177
0.135761
0.135396
0.135098
0.134885
0.134775
0.134786
0.134941
0.135258
0.135762
0.136473
0.137413
0.138606
0.140073
0.141831
0.143901
0.146312
0.149081
0.152223
0.155752
0.159659
0.164068
0.16829
0.176301
0.141709
0.141727
0.141744
0.14176
0.141773
0.141785
0.141794
0.141802
0.141809
0.141815
0.141821
0.141828
0.141835
0.141842
0.141849
0.141857
0.141864
0.14187
0.141875
0.14188
0.141884
0.141888
0.141892
0.141896
0.141903
0.141911
0.141922
0.141935
0.141951
0.14197
0.141992
0.142017
0.142043
0.142072
0.142101
0.14213
0.142159
0.142185
0.142209
0.142227
0.142239
0.142243
0.142237
0.14222
0.14219
0.142145
0.142084
0.142004
0.141907
0.141789
0.141652
0.141495
0.141318
0.141122
0.140908
0.140677
0.140431
0.140173
0.139906
0.139633
0.139358
0.139085
0.138819
0.138566
0.138332
0.138122
0.137944
0.137806
0.137714
0.137677
0.137703
0.137798
0.137985
0.138197
0.13882
0.141636
0.141661
0.141686
0.141712
0.141738
0.141764
0.141791
0.141819
0.141848
0.141876
0.141906
0.141935
0.141964
0.141993
0.142021
0.142049
0.142075
0.142099
0.142123
0.142144
0.142165
0.142183
0.142201
0.142217
0.142232
0.142246
0.14226
0.142274
0.142287
0.142301
0.142315
0.142329
0.142344
0.14236
0.142377
0.142395
0.142415
0.142436
0.142458
0.142482
0.142508
0.142535
0.142564
0.142594
0.142625
0.142656
0.142687
0.142717
0.142747
0.142774
0.1428
0.142822
0.14284
0.142853
0.142862
0.142864
0.142861
0.14285
0.142833
0.142808
0.142776
0.142735
0.142688
0.142632
0.14257
0.142501
0.142426
0.142347
0.142263
0.142176
0.142087
0.141999
0.14191
0.141837
0.14172
0.141595
0.141641
0.14169
0.141738
0.141786
0.141835
0.141884
0.141933
0.141984
0.142035
0.142086
0.142138
0.142191
0.142243
0.142294
0.142344
0.142393
0.14244
0.142486
0.14253
0.142571
0.142611
0.142648
0.142684
0.142718
0.142751
0.142782
0.142812
0.14284
0.142867
0.142893
0.142918
0.142942
0.142965
0.142986
0.143007
0.143028
0.143048
0.143068
0.143087
0.143107
0.143127
0.143148
0.14317
0.143192
0.143216
0.143241
0.143267
0.143295
0.143324
0.143355
0.143387
0.14342
0.143454
0.14349
0.143526
0.143564
0.143602
0.14364
0.143679
0.143718
0.143756
0.143795
0.143832
0.14387
0.143906
0.143941
0.143975
0.144008
0.144039
0.144069
0.144098
0.144125
0.144153
0.144188
0.141494
0.141532
0.141575
0.141624
0.141676
0.141732
0.141791
0.141853
0.141918
0.141985
0.142054
0.142126
0.142199
0.142274
0.14235
0.142426
0.142502
0.142577
0.142651
0.142724
0.142794
0.142863
0.14293
0.142996
0.143059
0.143121
0.143181
0.14324
0.143297
0.143352
0.143406
0.143457
0.143508
0.143556
0.143602
0.143647
0.143691
0.143732
0.143772
0.143811
0.143849
0.143885
0.143921
0.143956
0.14399
0.144024
0.144058
0.144092
0.144126
0.14416
0.144195
0.14423
0.144266
0.144302
0.14434
0.144378
0.144417
0.144458
0.144499
0.144542
0.144586
0.144631
0.144678
0.144726
0.144775
0.144826
0.144878
0.144931
0.144985
0.145041
0.145098
0.145156
0.145214
0.145272
0.145364
0.141538
0.141601
0.141663
0.141725
0.141788
0.141853
0.141922
0.141994
0.142069
0.142148
0.142229
0.142313
0.142399
0.142488
0.142577
0.142668
0.142759
0.142849
0.142939
0.143028
0.143116
0.143203
0.143289
0.143374
0.143457
0.14354
0.143622
0.143704
0.143784
0.143864
0.143942
0.14402
0.144096
0.144171
0.144244
0.144317
0.144387
0.144456
0.144524
0.14459
0.144655
0.144719
0.144782
0.144843
0.144904
0.144964
0.145023
0.145081
0.145139
0.145197
0.145254
0.145311
0.145368
0.145425
0.145482
0.145539
0.145596
0.145654
0.145712
0.145771
0.145831
0.145891
0.145953
0.146015
0.146079
0.146144
0.14621
0.146277
0.146346
0.146416
0.146488
0.146562
0.146637
0.146709
0.146828
0.14131
0.140963
0.14067
0.140525
0.140505
0.14056
0.140659
0.140782
0.140921
0.141069
0.141223
0.141378
0.141535
0.141691
0.141846
0.141998
0.142148
0.142295
0.142439
0.14258
0.142719
0.142854
0.142987
0.143117
0.143246
0.143373
0.143499
0.143624
0.143748
0.14387
0.143992
0.144112
0.144232
0.14435
0.144467
0.144583
0.144698
0.144811
0.144923
0.145034
0.145144
0.145253
0.14536
0.145467
0.145573
0.145678
0.145782
0.145885
0.145988
0.14609
0.146192
0.146293
0.146393
0.146493
0.146593
0.146692
0.146791
0.14689
0.146989
0.147088
0.147188
0.147287
0.147387
0.147488
0.147589
0.147691
0.147794
0.147898
0.148003
0.148109
0.148217
0.148326
0.148437
0.148542
0.148714
0.141208
0.140941
0.140806
0.140737
0.140713
0.140724
0.140762
0.140818
0.140889
0.140972
0.141065
0.141167
0.141277
0.141393
0.141513
0.141638
0.141765
0.141894
0.142024
0.142154
0.142283
0.142411
0.14254
0.142671
0.142804
0.142939
0.143077
0.143217
0.143359
0.143503
0.14365
0.143799
0.143949
0.144101
0.144255
0.144409
0.144565
0.144722
0.144879
0.145037
0.145196
0.145355
0.145515
0.145675
0.145836
0.145996
0.146157
0.146318
0.146479
0.14664
0.146801
0.146962
0.147123
0.147283
0.147443
0.147603
0.147762
0.147922
0.148081
0.14824
0.1484
0.14856
0.14872
0.148881
0.149042
0.149204
0.149367
0.149531
0.149696
0.149863
0.150031
0.1502
0.150373
0.150533
0.150795
0.140859
0.139935
0.138944
0.138058
0.137333
0.136765
0.136338
0.136032
0.135823
0.13576
0.135796
0.135877
0.135978
0.136086
0.136197
0.136305
0.136408
0.136498
0.136567
0.136615
0.136663
0.136743
0.136877
0.137074
0.137305
0.137554
0.137815
0.138087
0.138366
0.138652
0.138943
0.139238
0.139536
0.139836
0.140138
0.140441
0.140745
0.14105
0.141354
0.141658
0.141961
0.142263
0.142564
0.142864
0.143162
0.143458
0.143752
0.144043
0.144332
0.144617
0.144899
0.145179
0.145455
0.145728
0.145999
0.146267
0.146534
0.146798
0.147062
0.147326
0.147589
0.147853
0.148118
0.148384
0.148652
0.148922
0.149194
0.149468
0.149745
0.150024
0.150306
0.150588
0.150878
0.151142
0.151578
0.135245
0.129985
0.126204
0.124446
0.123654
0.123392
0.123454
0.123736
0.124128
0.124587
0.125091
0.125624
0.126175
0.126736
0.1273
0.127861
0.128416
0.128961
0.129493
0.130008
0.130507
0.130993
0.131468
0.131935
0.132396
0.132849
0.133297
0.133737
0.134171
0.134598
0.135019
0.135432
0.135838
0.136236
0.136626
0.137009
0.137383
0.137749
0.138106
0.138455
0.138794
0.139123
0.139442
0.139752
0.14005
0.140338
0.140616
0.140883
0.14114
0.141388
0.141628
0.141862
0.14209
0.142316
0.142542
0.14277
0.143004
0.143246
0.1435
0.143769
0.144055
0.14436
0.144687
0.145038
0.145411
0.145813
0.146238
0.146679
0.147136
0.147604
0.148082
0.148567
0.149068
0.149521
0.150283
0.0833667
0.0816524
0.0816872
0.0825298
0.0837971
0.0853224
0.0870273
0.0888522
0.0908005
0.0928483
0.0949659
0.0971274
0.0993118
0.101503
0.103688
0.105859
0.108009
0.11013
0.112219
0.114271
0.116281
0.118245
0.120159
0.122022
0.123833
0.125589
0.127291
0.128939
0.130532
0.132073
0.13356
0.134995
0.136379
0.137712
0.138995
0.140228
0.141413
0.142549
0.143639
0.144681
0.145677
0.146627
0.147532
0.148392
0.149209
0.149983
0.150715
0.151408
0.152063
0.152683
0.153269
0.153824
0.154352
0.154856
0.155338
0.155804
0.156255
0.156696
0.15713
0.157559
0.157988
0.158416
0.158848
0.159284
0.159726
0.160174
0.16063
0.161094
0.161565
0.162045
0.162534
0.163028
0.163544
0.163999
0.164818
0.0669867
0.0708015
0.0751283
0.0788887
0.0819573
0.0844742
0.0865944
0.0884478
0.0901257
0.0917064
0.0932642
0.0948268
0.0964082
0.0980165
0.0996565
0.101331
0.103041
0.104786
0.106565
0.108375
0.110214
0.112078
0.113963
0.115867
0.117784
0.119713
0.12165
0.123593
0.125537
0.127481
0.129422
0.131357
0.133282
0.135194
0.137092
0.13897
0.140826
0.142658
0.144463
0.146236
0.147976
0.149678
0.151341
0.152964
0.15455
0.1561
0.157615
0.159096
0.160543
0.161958
0.163342
0.164694
0.166017
0.167312
0.168579
0.16982
0.171037
0.172231
0.173403
0.174554
0.175686
0.176801
0.177899
0.178981
0.180048
0.181102
0.182143
0.183173
0.184192
0.1852
0.1862
0.187187
0.188185
0.189074
0.190526
0.135674
0.137544
0.139287
0.140898
0.142383
0.143754
0.145034
0.146242
0.147392
0.148475
0.14947
0.150377
0.151201
0.151946
0.152617
0.153219
0.153756
0.15423
0.154646
0.155006
0.155313
0.155571
0.155781
0.155948
0.156076
0.156168
0.156228
0.156259
0.156265
0.156248
0.156211
0.156155
0.156084
0.155996
0.155894
0.155778
0.15565
0.155512
0.155367
0.155208
0.155023
0.154808
0.154575
0.154392
0.154383
0.154514
0.154776
0.155158
0.155653
0.156251
0.156946
0.157729
0.158595
0.159537
0.160548
0.161623
0.162757
0.163943
0.165178
0.166456
0.167772
0.169121
0.1705
0.171903
0.173327
0.174767
0.17622
0.177682
0.179151
0.180621
0.182093
0.183558
0.185038
0.186382
0.188495
0.143709
0.143756
0.143894
0.144097
0.144368
0.144713
0.145124
0.145595
0.146119
0.146688
0.147297
0.14794
0.148608
0.149298
0.150002
0.150717
0.151438
0.152161
0.152884
0.153604
0.154319
0.155028
0.155728
0.156419
0.1571
0.157769
0.158425
0.159069
0.159698
0.160312
0.16091
0.161491
0.162054
0.162597
0.163121
0.163623
0.164102
0.164558
0.164989
0.165395
0.165772
0.166119
0.166437
0.166728
0.166998
0.16725
0.16749
0.167719
0.16794
0.168156
0.16837
0.168582
0.168795
0.16901
0.169229
0.169453
0.169682
0.169918
0.17016
0.170411
0.170669
0.170935
0.171209
0.171492
0.171782
0.17208
0.172385
0.172698
0.173017
0.173344
0.173678
0.174016
0.17437
0.174674
0.175221
0.142112
0.141936
0.14196
0.142068
0.142214
0.142382
0.142565
0.142763
0.142976
0.143204
0.14345
0.143715
0.143998
0.144301
0.144625
0.14497
0.145334
0.145716
0.146115
0.146529
0.146958
0.147401
0.147857
0.148326
0.148808
0.149303
0.14981
0.15033
0.150862
0.151407
0.151963
0.152531
0.15311
0.153698
0.154295
0.1549
0.155512
0.156129
0.156751
0.157375
0.158001
0.158627
0.159252
0.159874
0.160493
0.161108
0.161719
0.162324
0.162925
0.163521
0.164113
0.1647
0.165283
0.165863
0.166439
0.167011
0.167581
0.168148
0.168713
0.169275
0.169834
0.17039
0.170943
0.171494
0.17204
0.172583
0.173122
0.173657
0.174186
0.174711
0.175231
0.175743
0.176255
0.176716
0.17744
0.141092
0.140778
0.140492
0.140243
0.140032
0.139854
0.139705
0.139586
0.139494
0.139424
0.139369
0.139321
0.139292
0.139332
0.139491
0.139702
0.139939
0.140194
0.140463
0.140743
0.141031
0.141327
0.141629
0.141936
0.142249
0.142568
0.142893
0.143224
0.143561
0.143906
0.144258
0.144617
0.144984
0.14536
0.145744
0.146137
0.146538
0.146949
0.147369
0.147798
0.148237
0.148686
0.149144
0.149612
0.15009
0.150578
0.151075
0.151581
0.152097
0.152622
0.153155
0.153697
0.154248
0.154806
0.155372
0.155945
0.156525
0.157111
0.157704
0.158302
0.158906
0.159514
0.160126
0.160743
0.161363
0.161986
0.162611
0.163239
0.163869
0.1645
0.165132
0.165763
0.166404
0.166985
0.167928
0.141258
0.141139
0.14108
0.141033
0.140992
0.140953
0.140914
0.140875
0.140837
0.140798
0.14076
0.140722
0.140688
0.140664
0.140657
0.140667
0.140695
0.14074
0.140801
0.140876
0.140965
0.141064
0.141175
0.141294
0.141423
0.141559
0.141703
0.141854
0.142012
0.142175
0.142345
0.142521
0.142702
0.142888
0.14308
0.143276
0.143478
0.143685
0.143897
0.144115
0.144338
0.144568
0.144805
0.145049
0.1453
0.145559
0.145826
0.146101
0.146385
0.146678
0.146979
0.147289
0.147608
0.147934
0.148269
0.148612
0.148963
0.149321
0.149687
0.150059
0.150438
0.150824
0.151217
0.151615
0.15202
0.15243
0.152846
0.153268
0.153696
0.154129
0.154568
0.155011
0.155467
0.155879
0.156577
0.141139
0.140964
0.140904
0.140912
0.140938
0.140968
0.140998
0.141026
0.141052
0.141075
0.141098
0.14112
0.141144
0.14117
0.141199
0.141232
0.14127
0.141313
0.141362
0.141416
0.141475
0.141538
0.141606
0.141677
0.141752
0.141831
0.141913
0.141999
0.142088
0.142181
0.142278
0.142378
0.142481
0.142589
0.142699
0.142813
0.142929
0.143049
0.143172
0.143298
0.143427
0.143559
0.143694
0.143833
0.143975
0.144121
0.14427
0.144424
0.144581
0.144741
0.144906
0.145075
0.145247
0.145423
0.145603
0.145787
0.145974
0.146165
0.146359
0.146557
0.146758
0.146962
0.14717
0.147382
0.147597
0.147815
0.148037
0.148263
0.148492
0.148725
0.148962
0.149202
0.14945
0.149673
0.150059
0.141335
0.141287
0.141263
0.141255
0.141259
0.141271
0.141287
0.141305
0.141323
0.141341
0.14136
0.141379
0.141401
0.141427
0.141457
0.141491
0.141531
0.141576
0.141626
0.141679
0.141736
0.141795
0.141857
0.14192
0.141984
0.142049
0.142116
0.142183
0.142251
0.142321
0.142393
0.142466
0.142541
0.142618
0.142698
0.142779
0.142862
0.142948
0.143035
0.143124
0.143215
0.143308
0.143402
0.143498
0.143595
0.143694
0.143794
0.143896
0.143998
0.144102
0.144208
0.144314
0.144422
0.144531
0.144642
0.144754
0.144867
0.144981
0.145096
0.145213
0.145332
0.145451
0.145572
0.145695
0.145818
0.145944
0.146071
0.146199
0.146329
0.14646
0.146593
0.146727
0.146866
0.146988
0.147203
0.141149
0.141105
0.141096
0.1411
0.141114
0.141134
0.141158
0.141183
0.141207
0.141229
0.141249
0.141268
0.141288
0.14131
0.141334
0.141363
0.141396
0.141434
0.141476
0.141522
0.141571
0.141623
0.141677
0.141732
0.141788
0.141844
0.141902
0.14196
0.142018
0.142078
0.142139
0.142201
0.142264
0.142329
0.142396
0.142465
0.142535
0.142606
0.142679
0.142753
0.142828
0.142904
0.142981
0.143058
0.143136
0.143215
0.143294
0.143373
0.143453
0.143534
0.143615
0.143697
0.14378
0.143863
0.143947
0.144032
0.144117
0.144204
0.144291
0.144379
0.144468
0.144557
0.144647
0.144738
0.14483
0.144922
0.145015
0.145108
0.145202
0.145297
0.145392
0.145488
0.145586
0.145672
0.145822
0.141231
0.141199
0.141175
0.14116
0.141155
0.14116
0.141171
0.141187
0.141204
0.141221
0.141236
0.141249
0.141262
0.141275
0.141291
0.141309
0.141331
0.141358
0.141389
0.141425
0.141464
0.141507
0.141552
0.141599
0.141648
0.141697
0.141747
0.141798
0.141849
0.141901
0.141953
0.142006
0.142061
0.142116
0.142173
0.142232
0.142291
0.142352
0.142414
0.142478
0.142542
0.142608
0.142674
0.142741
0.142809
0.142878
0.142947
0.143017
0.143088
0.143159
0.143231
0.143304
0.143377
0.143451
0.143526
0.143601
0.143677
0.143753
0.14383
0.143908
0.143986
0.144065
0.144143
0.144223
0.144302
0.144382
0.144462
0.144542
0.144621
0.144701
0.144781
0.14486
0.144941
0.145011
0.145132
0.141146
0.141127
0.141113
0.141104
0.141104
0.14111
0.141123
0.141139
0.141156
0.141172
0.141187
0.1412
0.141212
0.141223
0.141236
0.141251
0.141269
0.141291
0.141317
0.141348
0.141382
0.141419
0.14146
0.141503
0.141547
0.141593
0.14164
0.141688
0.141737
0.141787
0.141837
0.141888
0.14194
0.141993
0.142047
0.142103
0.142159
0.142217
0.142276
0.142336
0.142398
0.14246
0.142524
0.142589
0.142654
0.142721
0.142788
0.142856
0.142924
0.142993
0.143062
0.14313
0.143199
0.143267
0.143334
0.143401
0.143466
0.14353
0.143593
0.143654
0.143714
0.143772
0.143828
0.143882
0.143934
0.143985
0.144034
0.144082
0.144129
0.144176
0.144222
0.14427
0.144321
0.144366
0.144455
0.141183
0.141163
0.141144
0.141128
0.141118
0.141114
0.141118
0.141128
0.141143
0.141159
0.141177
0.141196
0.141214
0.141232
0.141251
0.141271
0.141292
0.141316
0.141342
0.141372
0.141404
0.141438
0.141476
0.141516
0.141558
0.141603
0.141649
0.141697
0.141747
0.141798
0.141851
0.141905
0.141961
0.142017
0.142075
0.142133
0.142192
0.14225
0.142309
0.142366
0.142423
0.142478
0.14253
0.14258
0.142627
0.142671
0.14271
0.142745
0.142776
0.142801
0.142822
0.142838
0.14285
0.142858
0.142862
0.142864
0.142864
0.142865
0.142868
0.142876
0.14289
0.142914
0.142951
0.143006
0.143083
0.143186
0.143322
0.143497
0.143717
0.143989
0.144323
0.14472
0.145216
0.145695
0.146784
0.141237
0.141224
0.141207
0.141188
0.141172
0.141162
0.141162
0.14117
0.141186
0.141207
0.141231
0.141258
0.141285
0.141312
0.141339
0.141365
0.141393
0.141422
0.141452
0.141484
0.141519
0.141557
0.141598
0.141641
0.141685
0.141732
0.141778
0.141824
0.141869
0.141912
0.141951
0.141985
0.142014
0.142036
0.14205
0.142056
0.142053
0.142041
0.142019
0.141988
0.141948
0.141902
0.14185
0.141796
0.141743
0.141696
0.141659
0.141639
0.141644
0.141681
0.141761
0.141894
0.142092
0.142368
0.142737
0.143215
0.143818
0.144564
0.145474
0.146568
0.147868
0.149395
0.151174
0.153227
0.155579
0.158252
0.161269
0.164654
0.168426
0.172604
0.17721
0.182236
0.18783
0.193196
0.203146
0.141279
0.141265
0.141253
0.141241
0.14123
0.141222
0.141221
0.141228
0.141241
0.141262
0.141287
0.141316
0.141347
0.14138
0.141413
0.141447
0.14148
0.141513
0.141544
0.141572
0.141595
0.141611
0.141618
0.141614
0.141596
0.141564
0.141515
0.141451
0.141371
0.141277
0.141174
0.141067
0.140963
0.140871
0.140803
0.140772
0.140795
0.140891
0.141081
0.141389
0.141843
0.142472
0.143309
0.144387
0.145742
0.147411
0.149435
0.151851
0.1547
0.158021
0.161852
0.166229
0.171186
0.176754
0.182959
0.189825
0.197366
0.205618
0.214593
0.224292
0.234712
0.245843
0.257671
0.270174
0.283325
0.297091
0.311436
0.326318
0.341691
0.357509
0.37372
0.390264
0.407156
0.423624
0.447624
0.141433
0.141421
0.141424
0.141426
0.141423
0.141418
0.141415
0.141416
0.141424
0.141439
0.14146
0.141485
0.141506
0.141517
0.14151
0.14148
0.141422
0.141334
0.141217
0.141076
0.140921
0.140765
0.140628
0.140534
0.140513
0.140602
0.14084
0.141273
0.141953
0.142936
0.14428
0.146048
0.148306
0.151119
0.154555
0.158675
0.163543
0.169225
0.175783
0.183269
0.19172
0.201162
0.211612
0.223077
0.235549
0.249012
0.263436
0.278783
0.295002
0.312037
0.329823
0.348289
0.367359
0.386956
0.407
0.427412
0.448115
0.469034
0.490096
0.511235
0.532389
0.553502
0.574521
0.595404
0.616111
0.63661
0.656874
0.67688
0.696609
0.716049
0.735187
0.754013
0.77252
0.790765
0.81257
0.141481
0.141416
0.141402
0.1414
0.141399
0.141396
0.141392
0.141392
0.141359
0.141276
0.141145
0.140981
0.140817
0.1407
0.140692
0.140868
0.141316
0.142135
0.143435
0.145331
0.147938
0.151403
0.155845
0.161375
0.168095
0.176093
0.185439
0.196184
0.208361
0.221977
0.23702
0.253454
0.271223
0.290251
0.310445
0.331696
0.353885
0.376883
0.400558
0.424775
0.4494
0.474303
0.499364
0.524468
0.549513
0.574408
0.599073
0.623443
0.647463
0.67109
0.694294
0.717054
0.739355
0.761195
0.782573
0.803498
0.82398
0.844033
0.863673
0.882916
0.901781
0.920284
0.938442
0.956272
0.973789
0.991005
1.00793
1.02458
1.04096
1.05708
1.07294
1.08855
1.1039
1.11909
1.13491
0.142104
0.142091
0.142074
0.142089
0.142085
0.141992
0.141934
0.142141
0.14295
0.144696
0.147694
0.152232
0.158553
0.166855
0.177285
0.189935
0.204844
0.221996
0.241322
0.262706
0.285991
0.310983
0.337463
0.365195
0.393932
0.423427
0.453439
0.483739
0.514115
0.544375
0.574352
0.603902
0.63291
0.661283
0.688953
0.715874
0.742021
0.767385
0.79197
0.815794
0.838881
0.861263
0.882976
0.904056
0.924542
0.944471
0.963879
0.982798
1.00126
1.01929
1.03692
1.05417
1.07105
1.08759
1.10381
1.11972
1.13533
1.15066
1.16572
1.18052
1.19507
1.20938
1.22346
1.23733
1.25099
1.26444
1.2777
1.29076
1.30365
1.31635
1.32887
1.34119
1.35328
1.365
1.37575
0.14239
0.142965
0.144363
0.148134
0.15582
0.16848
0.186449
0.209547
0.237261
0.2689
0.303705
0.340913
0.379801
0.419705
0.460031
0.500262
0.539965
0.578783
0.61644
0.652733
0.687527
0.72075
0.752377
0.782428
0.810957
0.838038
0.863765
0.888238
0.911563
0.933841
0.95517
0.975641
0.995335
1.01432
1.03267
1.05043
1.06764
1.08436
1.10061
1.11641
1.13181
1.14682
1.16146
1.17575
1.18971
1.20336
1.21672
1.22979
1.2426
1.25517
1.26749
1.2796
1.29149
1.30319
1.3147
1.32603
1.3372
1.3482
1.35906
1.36977
1.38034
1.39078
1.4011
1.41129
1.42137
1.43133
1.44119
1.45093
1.46056
1.47008
1.47948
1.4887
1.49764
1.50595
1.51264
0.164228
0.205716
0.265863
0.336906
0.411469
0.484581
0.553436
0.616704
0.67395
0.72526
0.771001
0.811679
0.847861
0.88012
0.909009
0.935043
0.958679
0.980319
1.0003
1.01891
1.03637
1.05288
1.06856
1.08353
1.09788
1.11166
1.12494
1.13775
1.15013
1.16211
1.17372
1.18497
1.19591
1.20654
1.2169
1.227
1.23686
1.2465
1.25594
1.26518
1.27425
1.28315
1.29189
1.30049
1.30894
1.31727
1.32547
1.33356
1.34154
1.34941
1.35719
1.36488
1.37248
1.38
1.38745
1.39482
1.40213
1.40938
1.41658
1.42371
1.4308
1.43784
1.44482
1.45177
1.45866
1.46551
1.47232
1.47907
1.48577
1.49239
1.49891
1.50525
1.51123
1.51646
1.52003
0.579356
0.746554
0.8564
0.927772
0.974164
1.00467
1.02535
1.04017
1.05163
1.06123
1.06981
1.0778
1.08539
1.09265
1.0996
1.10624
1.11257
1.11862
1.12439
1.12992
1.13524
1.14038
1.14536
1.1502
1.15493
1.15957
1.16411
1.16857
1.17296
1.17728
1.18155
1.18575
1.1899
1.194
1.19805
1.20206
1.20604
1.20998
1.2139
1.21779
1.22165
1.2255
1.22933
1.23314
1.23695
1.24074
1.24452
1.2483
1.25207
1.25583
1.2596
1.26336
1.26713
1.2709
1.27467
1.27845
1.28223
1.28602
1.28982
1.29363
1.29745
1.30128
1.30511
1.30896
1.31281
1.31666
1.32051
1.32436
1.32818
1.33196
1.33565
1.33915
1.34231
1.34482
1.34615
0.123048
0.121163
0.120014
0.118961
0.117925
0.116895
0.115871
0.114853
0.113843
0.112841
0.111847
0.110865
0.109895
0.108938
0.107995
0.107065
0.106146
0.105231
0.104322
0.103421
0.102526
0.101639
0.100759
0.0998866
0.0990232
0.0981695
0.0973261
0.0964942
0.0956747
0.0948685
0.0940768
0.0933023
0.0925553
0.091735
0.0909206
0.0901191
0.089327
0.0885443
0.0877716
0.0870097
0.0862596
0.0855223
0.0847992
0.0840917
0.0834015
0.0827315
0.0820889
0.081452
0.0806741
0.0799113
0.0791751
0.078459
0.0777639
0.0770918
0.0764452
0.0758271
0.075241
0.0746926
0.0741935
0.073594
0.0728254
0.0721049
0.0714586
0.0708803
0.0703733
0.0699436
0.0696068
0.0687263
0.0680496
0.0671002
0.131271
0.131525
0.131776
0.13201
0.132227
0.132429
0.132619
0.132796
0.132962
0.133119
0.133267
0.133409
0.133545
0.133676
0.133804
0.133929
0.134053
0.134178
0.134305
0.134435
0.134567
0.134701
0.134835
0.134968
0.135102
0.135234
0.135364
0.135492
0.135617
0.135739
0.135856
0.135969
0.136073
0.136157
0.136242
0.13632
0.136391
0.136453
0.136509
0.136557
0.136598
0.136634
0.136665
0.136692
0.136716
0.136735
0.136749
0.136746
0.136696
0.136652
0.136606
0.136558
0.136508
0.136458
0.13641
0.136365
0.136324
0.136284
0.136243
0.136148
0.135988
0.135849
0.135733
0.135638
0.135564
0.135508
0.135455
0.135182
0.134998
0.134715
0.135751
0.135691
0.135629
0.135559
0.135483
0.135406
0.135338
0.135281
0.135237
0.135206
0.135189
0.135186
0.135198
0.135224
0.135265
0.135319
0.135387
0.135467
0.13556
0.135664
0.135779
0.135903
0.136035
0.136174
0.136319
0.136469
0.136623
0.13678
0.13694
0.137101
0.137262
0.137422
0.137577
0.137731
0.13789
0.138051
0.138212
0.138377
0.138544
0.138715
0.138891
0.139071
0.139256
0.139444
0.139636
0.139829
0.14002
0.140204
0.140391
0.140594
0.140797
0.141002
0.141206
0.141409
0.141609
0.141805
0.141996
0.142177
0.142344
0.142499
0.14266
0.142828
0.142987
0.143137
0.143278
0.143408
0.143526
0.143635
0.143728
0.143746
0.136468
0.136502
0.136527
0.136544
0.136555
0.136563
0.136573
0.13659
0.136615
0.136646
0.136681
0.136718
0.13676
0.136807
0.136861
0.136923
0.136994
0.137075
0.137165
0.137263
0.137369
0.137481
0.137598
0.137718
0.137839
0.137961
0.138082
0.138202
0.138318
0.138431
0.138541
0.138645
0.138742
0.138834
0.138927
0.139017
0.139107
0.139196
0.139286
0.139378
0.139471
0.139567
0.139666
0.139768
0.139874
0.139981
0.140087
0.14019
0.140295
0.14041
0.140528
0.140648
0.140771
0.140894
0.141019
0.141142
0.141263
0.141379
0.141484
0.141583
0.141688
0.141799
0.141907
0.142008
0.142101
0.142182
0.142247
0.142321
0.142378
0.142403
0.138762
0.138793
0.138817
0.138833
0.13884
0.138839
0.138833
0.138825
0.138815
0.138801
0.138783
0.138764
0.138747
0.138734
0.138727
0.138728
0.138739
0.138759
0.138791
0.138836
0.138893
0.138962
0.139043
0.139129
0.139219
0.139312
0.139407
0.139502
0.139598
0.139692
0.139784
0.139873
0.139957
0.140035
0.140113
0.140187
0.140259
0.140329
0.140396
0.14046
0.140522
0.140582
0.14064
0.140696
0.140749
0.1408
0.140846
0.140887
0.140925
0.140963
0.141
0.141036
0.14107
0.141102
0.141132
0.141159
0.141183
0.141203
0.141219
0.141231
0.141244
0.141257
0.141267
0.141274
0.141277
0.141276
0.141272
0.141271
0.14126
0.141254
0.137929
0.13801
0.138095
0.138182
0.13827
0.138357
0.138442
0.138525
0.138605
0.13868
0.138749
0.138814
0.138873
0.138927
0.138977
0.139024
0.139069
0.139113
0.139157
0.139204
0.139254
0.139309
0.139369
0.139435
0.139508
0.139587
0.139673
0.139765
0.139862
0.139963
0.140067
0.140172
0.140274
0.140376
0.140479
0.140581
0.14068
0.140776
0.140869
0.140958
0.141043
0.141123
0.141198
0.141268
0.141332
0.14139
0.14144
0.141483
0.141521
0.141557
0.141588
0.141615
0.141637
0.141654
0.141667
0.141675
0.141678
0.141675
0.141669
0.14166
0.141649
0.141635
0.141616
0.141593
0.141566
0.141535
0.141505
0.141475
0.141438
0.141415
0.139181
0.139201
0.139223
0.139247
0.139274
0.139305
0.139338
0.139373
0.139408
0.139442
0.139474
0.139503
0.139529
0.139553
0.139574
0.139595
0.139615
0.139636
0.139659
0.139685
0.139715
0.139749
0.139788
0.139832
0.139883
0.139939
0.140002
0.14007
0.140144
0.140222
0.140305
0.140389
0.140473
0.140558
0.140645
0.140732
0.140818
0.140903
0.140986
0.141066
0.141143
0.141215
0.141283
0.141345
0.141402
0.141453
0.141496
0.141532
0.141564
0.141592
0.141615
0.141633
0.141645
0.141652
0.141654
0.14165
0.14164
0.141626
0.141608
0.141589
0.141569
0.141544
0.141514
0.141479
0.14144
0.141399
0.14136
0.141323
0.14128
0.141256
0.138739
0.138782
0.138825
0.138867
0.138908
0.138949
0.138991
0.139033
0.139077
0.139121
0.139166
0.139209
0.139251
0.139292
0.139332
0.139372
0.13941
0.139449
0.139489
0.139531
0.139575
0.139623
0.139675
0.139731
0.139791
0.139857
0.139929
0.140005
0.140086
0.140171
0.14026
0.140351
0.140442
0.140534
0.140629
0.140724
0.14082
0.140914
0.141007
0.141098
0.141187
0.141271
0.141352
0.141427
0.141497
0.14156
0.141616
0.141663
0.141706
0.141744
0.141777
0.141803
0.141822
0.141835
0.141841
0.14184
0.141833
0.141819
0.1418
0.141778
0.141754
0.141723
0.141687
0.141644
0.141597
0.141546
0.141498
0.141452
0.141401
0.141374
0.139403
0.139422
0.139443
0.139462
0.139481
0.1395
0.13952
0.13954
0.139562
0.139584
0.139607
0.139631
0.139656
0.13968
0.139706
0.139731
0.139757
0.139784
0.139812
0.139841
0.139873
0.139907
0.139944
0.139984
0.140028
0.140076
0.140128
0.140185
0.140246
0.140312
0.140381
0.140453
0.140525
0.1406
0.140677
0.140756
0.140836
0.140916
0.140996
0.141075
0.141152
0.141226
0.141297
0.141365
0.141428
0.141485
0.141535
0.141579
0.141617
0.141652
0.141681
0.141703
0.141719
0.141729
0.141731
0.141727
0.141715
0.141698
0.141675
0.141651
0.141623
0.141589
0.141548
0.141503
0.141452
0.141398
0.141347
0.1413
0.141248
0.14122
0.139317
0.139343
0.13937
0.139396
0.139421
0.139446
0.139472
0.1395
0.139529
0.139559
0.139591
0.139622
0.139654
0.139686
0.139718
0.13975
0.139782
0.139815
0.139849
0.139885
0.139923
0.139963
0.140005
0.14005
0.140098
0.140149
0.140204
0.140262
0.140324
0.140388
0.140456
0.140526
0.140598
0.14067
0.140746
0.140824
0.140903
0.140982
0.141061
0.141139
0.141216
0.141291
0.141364
0.141432
0.141497
0.141556
0.141609
0.141655
0.141696
0.141732
0.141763
0.141787
0.141804
0.141815
0.141818
0.141813
0.141801
0.141783
0.141759
0.141732
0.141701
0.141663
0.141618
0.141567
0.141512
0.141453
0.141397
0.141344
0.141288
0.141258
0.139522
0.13954
0.13956
0.13958
0.139598
0.139616
0.139634
0.139652
0.139673
0.139695
0.13972
0.139746
0.139773
0.139802
0.139831
0.139862
0.139893
0.139925
0.139959
0.139994
0.140031
0.14007
0.140111
0.140154
0.140201
0.14025
0.140301
0.140356
0.140414
0.140474
0.140537
0.140602
0.140667
0.140734
0.140804
0.140875
0.140947
0.141019
0.141092
0.141164
0.141234
0.141303
0.141369
0.141432
0.14149
0.141544
0.141591
0.141632
0.141668
0.1417
0.141725
0.141744
0.141757
0.141762
0.14176
0.141751
0.141735
0.141712
0.141685
0.141654
0.14162
0.141579
0.141532
0.141479
0.141421
0.141361
0.141304
0.14125
0.141194
0.141165
0.139583
0.1396
0.139621
0.139644
0.139667
0.139688
0.139709
0.139729
0.13975
0.139772
0.139795
0.13982
0.139846
0.139873
0.139902
0.139932
0.139964
0.139998
0.140032
0.140069
0.140107
0.140147
0.140189
0.140233
0.140279
0.140328
0.140379
0.140434
0.14049
0.14055
0.140612
0.140676
0.140741
0.140807
0.140876
0.140947
0.141018
0.141091
0.141163
0.141235
0.141306
0.141375
0.141442
0.141505
0.141565
0.141619
0.141668
0.14171
0.141747
0.14178
0.141806
0.141825
0.141838
0.141843
0.141841
0.141831
0.141814
0.14179
0.141761
0.141728
0.141691
0.141646
0.141595
0.141539
0.141477
0.141413
0.141351
0.141292
0.141234
0.141202
0.139794
0.139804
0.139819
0.139836
0.139854
0.139872
0.139889
0.139907
0.139925
0.139943
0.139963
0.139984
0.140006
0.14003
0.140054
0.140081
0.140109
0.140139
0.140171
0.140205
0.14024
0.140278
0.140318
0.140361
0.140405
0.140452
0.140502
0.140554
0.140608
0.140665
0.140724
0.140785
0.140847
0.14091
0.140976
0.141044
0.141112
0.141182
0.141251
0.14132
0.141389
0.141456
0.14152
0.141582
0.141641
0.141694
0.141742
0.141784
0.141821
0.141854
0.14188
0.141899
0.141912
0.141917
0.141915
0.141905
0.141887
0.141862
0.141832
0.141798
0.141759
0.141712
0.141659
0.1416
0.141536
0.141469
0.141405
0.141343
0.141282
0.14125
0.139957
0.139965
0.139978
0.139994
0.140012
0.14003
0.140047
0.140064
0.140081
0.140098
0.140116
0.140136
0.140156
0.140179
0.140203
0.140229
0.140256
0.140286
0.140317
0.140351
0.140387
0.140425
0.140466
0.140509
0.140555
0.140603
0.140654
0.140708
0.140764
0.140822
0.140882
0.140945
0.141008
0.141072
0.141139
0.141207
0.141276
0.141346
0.141415
0.141484
0.141552
0.141617
0.141681
0.141741
0.141798
0.141849
0.141895
0.141935
0.141969
0.141998
0.142021
0.142037
0.142045
0.142045
0.142038
0.142023
0.142001
0.141971
0.141935
0.141895
0.14185
0.141797
0.141738
0.141674
0.141604
0.141532
0.141463
0.141396
0.141332
0.141298
0.140174
0.14018
0.140188
0.140199
0.140213
0.140229
0.140246
0.140263
0.14028
0.140298
0.140316
0.140336
0.140356
0.140379
0.140402
0.140428
0.140456
0.140485
0.140517
0.140551
0.140587
0.140626
0.140667
0.140711
0.140757
0.140807
0.140859
0.140915
0.140973
0.141034
0.141097
0.141162
0.141229
0.141297
0.141368
0.14144
0.141513
0.141586
0.14166
0.141732
0.141804
0.141873
0.14194
0.142003
0.142061
0.142115
0.142162
0.142203
0.142238
0.142267
0.142289
0.142303
0.142309
0.142307
0.142296
0.142277
0.14225
0.142215
0.142174
0.142127
0.142076
0.142016
0.14195
0.141878
0.1418
0.141721
0.141643
0.141569
0.141498
0.14146
0.140334
0.140344
0.140352
0.140361
0.140372
0.140385
0.1404
0.140417
0.140435
0.140454
0.140474
0.140495
0.140518
0.140541
0.140566
0.140593
0.140622
0.140652
0.140685
0.140719
0.140756
0.140796
0.140838
0.140882
0.14093
0.14098
0.141033
0.141089
0.141148
0.14121
0.141274
0.141341
0.141409
0.141479
0.141551
0.141625
0.141699
0.141774
0.141849
0.141922
0.141994
0.142064
0.142131
0.142193
0.142251
0.142302
0.142348
0.142386
0.142418
0.142443
0.14246
0.142469
0.14247
0.142461
0.142444
0.142418
0.142383
0.142341
0.142292
0.142238
0.142178
0.14211
0.142036
0.141956
0.141872
0.141786
0.141702
0.141621
0.141547
0.141507
0.140673
0.140681
0.140689
0.140696
0.140704
0.140714
0.140725
0.140738
0.140752
0.140769
0.140788
0.140809
0.140831
0.140856
0.140883
0.140912
0.140943
0.140976
0.141013
0.141051
0.141093
0.141137
0.141185
0.141235
0.141289
0.141346
0.141407
0.141472
0.141539
0.141611
0.141685
0.141763
0.141842
0.141925
0.14201
0.142097
0.142186
0.142275
0.142364
0.142453
0.14254
0.142625
0.142707
0.142784
0.142856
0.142922
0.142981
0.143032
0.143075
0.143111
0.143138
0.143155
0.143162
0.143159
0.143146
0.143122
0.143088
0.143045
0.142994
0.142935
0.142869
0.142794
0.142712
0.142622
0.142527
0.142428
0.142331
0.142237
0.142152
0.142107
0.140957
0.140939
0.140923
0.140908
0.140896
0.140885
0.140877
0.140871
0.140868
0.140867
0.140869
0.140875
0.140883
0.140895
0.14091
0.140928
0.14095
0.140976
0.141006
0.141039
0.141077
0.141119
0.141165
0.141216
0.141272
0.141332
0.141398
0.141468
0.141543
0.141623
0.141707
0.141794
0.141885
0.141978
0.142074
0.142173
0.142272
0.142372
0.142472
0.142569
0.142665
0.142756
0.142843
0.142925
0.143
0.143068
0.143127
0.143177
0.143215
0.143246
0.143268
0.143279
0.143279
0.143269
0.143247
0.143216
0.143175
0.143124
0.143067
0.143
0.142922
0.14284
0.142753
0.14266
0.142564
0.142466
0.142372
0.14227
0.142198
0.142164
0.141555
0.141628
0.14172
0.141827
0.141945
0.142067
0.142195
0.14233
0.142474
0.142628
0.142795
0.142974
0.143166
0.143373
0.143595
0.143831
0.14408
0.14434
0.144613
0.144898
0.145195
0.145503
0.14582
0.146145
0.146478
0.146817
0.147161
0.147508
0.147858
0.148209
0.14856
0.148912
0.149264
0.149548
0.149872
0.150191
0.150498
0.150792
0.15107
0.151333
0.151577
0.151803
0.152011
0.152199
0.15237
0.152523
0.152663
0.152769
0.152751
0.152809
0.152856
0.152886
0.152897
0.152891
0.152869
0.152833
0.152787
0.152735
0.152686
0.152541
0.152294
0.152191
0.152104
0.15203
0.151979
0.151975
0.152051
0.151817
0.152281
0.152835
0.204451
0.218947
0.232861
0.245892
0.258107
0.269579
0.280367
0.290517
0.300068
0.309053
0.317502
0.325441
0.332892
0.339878
0.346416
0.352527
0.358217
0.363494
0.368401
0.37295
0.377155
0.381032
0.384595
0.387861
0.390843
0.393557
0.396018
0.39824
0.400238
0.402027
0.403621
0.405035
0.406281
0.407033
0.407924
0.40869
0.409335
0.40987
0.410306
0.410654
0.410924
0.411126
0.411271
0.411367
0.411424
0.411452
0.411459
0.411346
0.410694
0.410593
0.410512
0.410445
0.410405
0.410407
0.410472
0.410624
0.410892
0.411315
0.411937
0.412332
0.412627
0.414184
0.416266
0.418966
0.422419
0.426776
0.432215
0.437156
0.44614
0.455554
0.136468
0.136318
0.136169
0.135862
0.135542
0.135216
0.134857
0.134397
0.133719
0.133322
0.134349
0.134524
0.134625
0.134713
0.134793
0.134865
0.134929
0.134985
0.135034
0.135076
0.13511
0.135138
0.13516
0.135175
0.135182
0.135182
0.135167
0.135123
0.135002
0.134685
0.135142
0.135421
0.135531
0.135618
0.135698
0.135772
0.135842
0.135909
0.135972
0.136034
0.136094
0.136153
0.136211
0.136268
0.136324
0.13638
0.136434
0.136488
0.13654
0.136591
0.136639
0.136686
0.13673
0.13677
0.136807
0.136838
0.136863
0.136877
0.13687
0.136817
0.136648
0.136938
0.13709
0.137121
0.137129
0.137122
0.1371
0.137064
0.137013
0.136943
0.136855
0.136748
0.136622
0.136477
0.136314
0.136131
0.13593
0.13571
0.135472
0.135217
0.134944
0.134655
0.13435
0.134029
0.133694
0.133345
0.132983
0.132608
0.132223
0.131828
0.131424
0.131012
0.130594
0.130172
0.129748
0.12933
0.128933
0.128606
0.128501
0.129321
0.13523
0.135028
0.13485
0.134691
0.134547
0.134414
0.134292
0.13418
0.134074
0.133981
0.133919
0.13387
0.133832
0.133802
0.133777
0.133754
0.133734
0.133713
0.133692
0.133668
0.133641
0.13361
0.133573
0.133531
0.133483
0.133433
0.133386
0.133349
0.133334
0.133347
0.133384
0.133421
0.133449
0.133465
0.133468
0.133455
0.133427
0.133384
0.133331
0.133271
0.133211
0.133153
0.133099
0.133049
0.133002
0.132958
0.132916
0.132875
0.132834
0.132792
0.132749
0.132706
0.132661
0.132614
0.132567
0.132519
0.132469
0.132418
0.132367
0.132314
0.132263
0.132214
0.132168
0.132123
0.132076
0.132029
0.131981
0.131933
0.131886
0.131844
0.131805
0.13177
0.131738
0.131708
0.131682
0.131656
0.131632
0.131608
0.131585
0.131563
0.131541
0.131517
0.131494
0.13147
0.131445
0.131419
0.131391
0.131362
0.131332
0.131302
0.131269
0.131235
0.1312
0.131163
0.131126
0.131089
0.131052
0.131021
0.131014
0.13112
0.138242
0.138259
0.138276
0.138291
0.138306
0.138318
0.138327
0.138335
0.138343
0.138354
0.13837
0.138381
0.138389
0.138395
0.138398
0.1384
0.138399
0.138397
0.138392
0.138386
0.138377
0.138367
0.138355
0.138341
0.138325
0.138307
0.138286
0.138264
0.13824
0.138219
0.138206
0.138193
0.138179
0.138161
0.138141
0.138118
0.138091
0.138059
0.13802
0.137971
0.137912
0.137839
0.137756
0.137672
0.137588
0.137506
0.137426
0.137349
0.137273
0.1372
0.137128
0.137059
0.136991
0.136925
0.136862
0.136801
0.136745
0.136692
0.136642
0.136595
0.136551
0.136515
0.136483
0.136454
0.136428
0.136406
0.136387
0.136371
0.136358
0.136347
0.13634
0.136335
0.136334
0.13634
0.136354
0.136375
0.136403
0.136434
0.136467
0.136502
0.136537
0.136571
0.136605
0.136636
0.136665
0.13669
0.136709
0.136721
0.136721
0.136708
0.136678
0.136631
0.136564
0.136478
0.136377
0.13627
0.136163
0.136058
0.135957
0.135884
0.138013
0.138008
0.138004
0.138001
0.138
0.138
0.137999
0.137997
0.137994
0.137991
0.13799
0.137989
0.137988
0.137987
0.137986
0.137984
0.137982
0.13798
0.137977
0.137973
0.137967
0.13796
0.137952
0.137943
0.137933
0.137921
0.137907
0.137892
0.137875
0.137857
0.137842
0.137828
0.137812
0.137794
0.137774
0.137752
0.137728
0.137701
0.137673
0.137644
0.137613
0.137582
0.13755
0.137518
0.137485
0.137451
0.137417
0.137382
0.137347
0.137312
0.137277
0.137241
0.137205
0.13717
0.137134
0.137098
0.137063
0.137027
0.136992
0.136957
0.136923
0.136891
0.136861
0.136831
0.136803
0.136775
0.136747
0.13672
0.136694
0.136668
0.136644
0.13662
0.136597
0.136575
0.136555
0.136535
0.136516
0.136499
0.136483
0.136467
0.136453
0.13644
0.136429
0.136418
0.136409
0.136401
0.136395
0.136389
0.136385
0.136381
0.136378
0.136376
0.136375
0.136373
0.136372
0.136372
0.136371
0.13637
0.136376
0.136434
0.139158
0.139183
0.139209
0.139237
0.139265
0.139292
0.139318
0.139341
0.139361
0.13938
0.1394
0.139416
0.139429
0.13944
0.139449
0.139456
0.139461
0.139465
0.139466
0.139466
0.139463
0.139457
0.139449
0.139438
0.139424
0.139407
0.139386
0.139362
0.139334
0.139308
0.139285
0.139263
0.139237
0.139205
0.139166
0.139119
0.139068
0.139016
0.138963
0.138912
0.138861
0.138812
0.138764
0.138716
0.13867
0.138624
0.138579
0.138536
0.138493
0.138452
0.138412
0.138373
0.138335
0.138298
0.138262
0.138227
0.138193
0.138161
0.138133
0.138112
0.138095
0.138079
0.138068
0.138061
0.138058
0.138057
0.138058
0.138061
0.138064
0.138069
0.138074
0.13808
0.138087
0.138094
0.138103
0.138113
0.138123
0.138135
0.138148
0.138162
0.138177
0.138194
0.138212
0.138232
0.138254
0.138277
0.138303
0.138331
0.13836
0.138393
0.138426
0.138459
0.138491
0.138523
0.138555
0.138586
0.138616
0.138646
0.138675
0.138715
0.139137
0.139179
0.139215
0.139247
0.139275
0.139301
0.139324
0.139345
0.139364
0.139378
0.139388
0.139394
0.139398
0.139399
0.139399
0.139397
0.139394
0.13939
0.139384
0.139377
0.139368
0.139357
0.139344
0.13933
0.139314
0.139297
0.139278
0.139258
0.139237
0.139216
0.139195
0.139175
0.139155
0.139136
0.139116
0.139096
0.139077
0.139056
0.139035
0.139014
0.138992
0.138969
0.138946
0.138923
0.138899
0.138874
0.13885
0.138825
0.138799
0.138774
0.138748
0.138722
0.138696
0.13867
0.138643
0.138617
0.138591
0.138564
0.138538
0.138512
0.138486
0.138461
0.138437
0.138414
0.138391
0.138368
0.138346
0.138325
0.138303
0.138282
0.138261
0.13824
0.138219
0.138199
0.138178
0.138157
0.138136
0.138115
0.138094
0.138073
0.138052
0.13803
0.138009
0.137988
0.137966
0.137944
0.137923
0.137901
0.137879
0.137858
0.137836
0.137815
0.137795
0.137777
0.137762
0.13775
0.137744
0.137752
0.137766
0.137811
0.139465
0.139482
0.139498
0.139513
0.139528
0.139543
0.139557
0.13957
0.139583
0.139594
0.139606
0.139616
0.139624
0.139631
0.139637
0.139642
0.139647
0.139651
0.139655
0.139658
0.13966
0.139662
0.139664
0.139664
0.139664
0.139662
0.139659
0.139655
0.139648
0.139641
0.139636
0.13963
0.139621
0.139607
0.139587
0.139562
0.139536
0.13951
0.139483
0.139456
0.139429
0.139401
0.139372
0.139344
0.139316
0.139287
0.139259
0.139232
0.139205
0.139178
0.139152
0.139126
0.139101
0.139076
0.139051
0.139027
0.139003
0.138981
0.138964
0.138952
0.138943
0.138934
0.138928
0.138925
0.138923
0.138922
0.138922
0.138923
0.138925
0.138926
0.138928
0.138931
0.138933
0.138936
0.13894
0.138944
0.138948
0.138953
0.138959
0.138965
0.138971
0.138978
0.138986
0.138995
0.139004
0.139014
0.139025
0.139036
0.139049
0.139062
0.139076
0.139091
0.139103
0.139115
0.139125
0.139133
0.139139
0.139144
0.139147
0.139155
0.139455
0.139479
0.139499
0.139518
0.139535
0.139551
0.139567
0.139583
0.139597
0.139611
0.139623
0.139633
0.139643
0.139651
0.139658
0.139665
0.139671
0.139677
0.139683
0.139688
0.139693
0.139697
0.1397
0.139702
0.139704
0.139705
0.139704
0.139703
0.1397
0.139696
0.13969
0.139684
0.139676
0.139665
0.139652
0.139637
0.139621
0.139604
0.139585
0.139566
0.139546
0.139525
0.139504
0.139482
0.139461
0.139439
0.139418
0.139396
0.139375
0.139353
0.139332
0.13931
0.139289
0.139267
0.139245
0.139223
0.1392
0.139178
0.139156
0.139134
0.139111
0.139089
0.139068
0.139047
0.139026
0.139006
0.138987
0.138968
0.13895
0.138932
0.138914
0.138897
0.13888
0.138862
0.138846
0.138829
0.138812
0.138796
0.13878
0.138764
0.138748
0.138732
0.138716
0.1387
0.138683
0.138667
0.138651
0.138634
0.138617
0.1386
0.138583
0.138568
0.138563
0.138566
0.138573
0.138584
0.138598
0.138615
0.13863
0.138662
0.139557
0.139571
0.139584
0.139595
0.139607
0.139619
0.139632
0.139646
0.139659
0.139673
0.139686
0.139698
0.139709
0.139719
0.139728
0.139737
0.139745
0.139752
0.139759
0.139766
0.139772
0.139777
0.139782
0.139786
0.139789
0.139792
0.139793
0.139793
0.139793
0.139791
0.139789
0.139787
0.139784
0.139777
0.139767
0.139754
0.13974
0.139724
0.139709
0.139693
0.139675
0.139658
0.139639
0.139619
0.139599
0.139578
0.139557
0.139535
0.139513
0.139491
0.139468
0.139446
0.139424
0.139402
0.13938
0.139358
0.139336
0.139314
0.139294
0.139278
0.139265
0.139253
0.139243
0.139234
0.139227
0.139221
0.139216
0.139212
0.139208
0.139206
0.139203
0.139202
0.139201
0.139201
0.139202
0.139203
0.139206
0.139209
0.139213
0.139218
0.139223
0.139229
0.139236
0.139244
0.139252
0.139261
0.13927
0.13928
0.139291
0.139302
0.139314
0.139326
0.139337
0.139347
0.139355
0.139363
0.139369
0.139375
0.139377
0.139374
0.139582
0.139598
0.139612
0.139625
0.139638
0.139651
0.139666
0.139681
0.139696
0.139712
0.139726
0.13974
0.139753
0.139764
0.139774
0.139784
0.139793
0.139801
0.139808
0.139816
0.139822
0.139829
0.139834
0.13984
0.139844
0.139848
0.139852
0.139854
0.139856
0.139856
0.139856
0.139855
0.139853
0.139849
0.139843
0.139835
0.139824
0.13981
0.139793
0.139775
0.139755
0.139734
0.139712
0.139689
0.139665
0.13964
0.139615
0.13959
0.139564
0.139538
0.139513
0.139487
0.139461
0.139436
0.13941
0.139385
0.13936
0.139335
0.139311
0.139288
0.139265
0.139243
0.139222
0.139201
0.139182
0.139164
0.139147
0.139133
0.139123
0.139115
0.139109
0.139105
0.139101
0.139099
0.139098
0.139099
0.139101
0.139103
0.139106
0.13911
0.139114
0.139118
0.139123
0.139128
0.139132
0.139137
0.139142
0.139148
0.139153
0.139158
0.139164
0.13917
0.139178
0.139187
0.139197
0.139209
0.139222
0.139237
0.13925
0.139266
0.139625
0.139642
0.139658
0.139673
0.139688
0.139704
0.13972
0.139737
0.139754
0.139771
0.139786
0.1398
0.139813
0.139824
0.139834
0.139843
0.139851
0.139858
0.139866
0.139873
0.13988
0.139886
0.139892
0.139898
0.139902
0.139906
0.139909
0.13991
0.13991
0.139909
0.139906
0.139902
0.139895
0.139886
0.139873
0.139856
0.139835
0.139812
0.139788
0.139763
0.139738
0.139711
0.139684
0.139657
0.13963
0.139603
0.139576
0.13955
0.139523
0.139498
0.139473
0.139449
0.139425
0.139402
0.13938
0.139358
0.139337
0.139318
0.139302
0.139291
0.139281
0.139273
0.139266
0.139261
0.139257
0.139254
0.139253
0.139253
0.139254
0.139256
0.139259
0.139262
0.139265
0.139269
0.139274
0.139279
0.139284
0.13929
0.139296
0.139302
0.13931
0.139317
0.139325
0.139334
0.139343
0.139352
0.139362
0.139372
0.139383
0.139394
0.139406
0.139417
0.139429
0.13944
0.13945
0.139461
0.139471
0.139481
0.13949
0.139493
0.139659
0.13968
0.139701
0.13972
0.139739
0.139758
0.139777
0.139795
0.139813
0.139829
0.139844
0.139857
0.139869
0.139879
0.139888
0.139896
0.139903
0.13991
0.139917
0.139923
0.139929
0.139934
0.139939
0.139941
0.139943
0.139942
0.13994
0.139936
0.139929
0.13992
0.139908
0.139895
0.139878
0.139858
0.139834
0.139808
0.139779
0.13975
0.139722
0.139694
0.139667
0.13964
0.139615
0.13959
0.139566
0.139543
0.139521
0.139499
0.139478
0.139458
0.139439
0.139421
0.139404
0.139387
0.139371
0.139356
0.139342
0.139328
0.139315
0.139305
0.139298
0.139293
0.139291
0.13929
0.13929
0.139291
0.139294
0.139297
0.139301
0.139305
0.139311
0.139316
0.139322
0.139327
0.139333
0.13934
0.139346
0.139352
0.139359
0.139366
0.139373
0.139381
0.139388
0.139396
0.139404
0.139412
0.13942
0.139428
0.139436
0.139445
0.139454
0.139463
0.139473
0.139483
0.139494
0.139506
0.139518
0.139531
0.139546
0.139554
0.13971
0.139735
0.139758
0.13978
0.139799
0.139817
0.139835
0.139852
0.139869
0.139885
0.1399
0.139912
0.139923
0.139932
0.13994
0.139947
0.139952
0.139957
0.139961
0.139964
0.139965
0.139964
0.139961
0.139955
0.139948
0.139938
0.139925
0.139909
0.13989
0.139869
0.139846
0.139822
0.139795
0.139767
0.139741
0.139716
0.139692
0.139669
0.139648
0.139628
0.13961
0.139593
0.139576
0.139561
0.139546
0.139533
0.13952
0.139508
0.139496
0.139485
0.139475
0.139465
0.139455
0.139446
0.139438
0.139434
0.139432
0.139432
0.139433
0.139435
0.139437
0.13944
0.139444
0.139449
0.139454
0.13946
0.139467
0.139473
0.13948
0.139487
0.139494
0.139501
0.139508
0.139516
0.139523
0.139531
0.139538
0.139546
0.139555
0.139563
0.139572
0.139581
0.13959
0.1396
0.13961
0.13962
0.13963
0.139641
0.139652
0.139663
0.139675
0.139686
0.139697
0.139708
0.13972
0.139731
0.139741
0.139753
0.139767
0.13978
0.139772
0.139798
0.139821
0.139839
0.139854
0.139868
0.139884
0.1399
0.139917
0.139933
0.139947
0.139959
0.139968
0.139975
0.13998
0.139983
0.139984
0.139982
0.139979
0.139973
0.139964
0.139953
0.13994
0.139925
0.139907
0.139887
0.139865
0.139841
0.139817
0.139793
0.139772
0.139752
0.139735
0.139719
0.139705
0.139692
0.139681
0.139671
0.139661
0.139652
0.139644
0.139637
0.139629
0.139623
0.139616
0.13961
0.139604
0.139599
0.139593
0.139588
0.139583
0.139578
0.139573
0.139568
0.139566
0.139566
0.139567
0.13957
0.139573
0.139577
0.139581
0.139586
0.139591
0.139596
0.139602
0.139608
0.139615
0.139621
0.139628
0.139635
0.139641
0.139648
0.139655
0.139662
0.139669
0.139676
0.139683
0.13969
0.139698
0.139706
0.139714
0.139722
0.139731
0.13974
0.139749
0.139758
0.139768
0.139778
0.139789
0.139799
0.13981
0.139822
0.139834
0.139846
0.139858
0.139871
0.139884
0.139898
0.139914
0.139943
0.139839
0.139862
0.139879
0.13989
0.139899
0.139911
0.139927
0.139943
0.13996
0.139974
0.139984
0.139991
0.139995
0.139997
0.139995
0.139991
0.139984
0.139973
0.139959
0.139944
0.139928
0.139911
0.139893
0.139874
0.139854
0.139836
0.139821
0.139807
0.139797
0.139787
0.13978
0.139774
0.139768
0.139764
0.13976
0.139757
0.139754
0.139751
0.139749
0.139746
0.139744
0.139741
0.139739
0.139737
0.139735
0.139733
0.139731
0.139729
0.139727
0.139725
0.139723
0.139721
0.139721
0.139724
0.139727
0.139731
0.139734
0.139738
0.139742
0.139745
0.13975
0.139754
0.139759
0.139764
0.139769
0.139774
0.13978
0.139786
0.139792
0.139799
0.139806
0.139813
0.13982
0.139828
0.139836
0.139843
0.139852
0.13986
0.139868
0.139877
0.139887
0.139896
0.139906
0.139916
0.139927
0.139938
0.139949
0.139961
0.139973
0.139986
0.139998
0.140012
0.140025
0.140039
0.140054
0.140068
0.140084
0.140099
0.140113
0.140154
0.139901
0.139921
0.139933
0.139939
0.139946
0.139957
0.139971
0.139983
0.139993
0.139998
0.140001
0.140001
0.139998
0.139993
0.139985
0.139975
0.13996
0.139941
0.139924
0.139909
0.139896
0.139886
0.139878
0.139872
0.139867
0.139864
0.139861
0.13986
0.139859
0.139858
0.139858
0.139858
0.139858
0.139858
0.139859
0.139859
0.139859
0.13986
0.13986
0.139861
0.139862
0.139863
0.139865
0.139867
0.139869
0.139871
0.139873
0.139874
0.139876
0.139878
0.13988
0.139881
0.139882
0.139883
0.139884
0.139885
0.139885
0.139885
0.139885
0.139886
0.13989
0.139895
0.1399
0.139905
0.13991
0.139916
0.139923
0.13993
0.139938
0.139946
0.139954
0.139963
0.139971
0.13998
0.139989
0.139997
0.140006
0.140015
0.140024
0.140033
0.140043
0.140052
0.140062
0.140073
0.140083
0.140094
0.140105
0.140117
0.140129
0.140141
0.140153
0.140167
0.14018
0.140194
0.140209
0.140224
0.140239
0.140255
0.140265
0.140302
0.139962
0.139975
0.139982
0.139988
0.139994
0.139999
0.140002
0.140003
0.140003
0.140001
0.139998
0.139995
0.139991
0.139986
0.139978
0.139967
0.139958
0.13995
0.139945
0.139942
0.13994
0.13994
0.13994
0.13994
0.139941
0.139943
0.139944
0.139946
0.139947
0.139949
0.139951
0.139952
0.139954
0.139956
0.139957
0.139958
0.13996
0.139962
0.139966
0.139971
0.139977
0.139984
0.139991
0.139997
0.140004
0.140011
0.140017
0.140024
0.140031
0.140038
0.140045
0.140052
0.140059
0.140067
0.140075
0.140083
0.14009
0.140098
0.140106
0.140115
0.140124
0.140133
0.140143
0.140153
0.140164
0.140175
0.140186
0.140197
0.140208
0.140219
0.14023
0.14024
0.140251
0.140261
0.140271
0.140281
0.140291
0.140301
0.140311
0.140322
0.140332
0.140343
0.140355
0.140366
0.140378
0.140391
0.140404
0.140418
0.140432
0.140447
0.140462
0.140479
0.140496
0.140514
0.140533
0.140553
0.140574
0.140596
0.140615
0.140644
0.139996
0.140003
0.140005
0.140004
0.140001
0.139998
0.139994
0.139992
0.139992
0.139993
0.139994
0.139994
0.139993
0.139992
0.139991
0.139991
0.139991
0.139992
0.139994
0.139995
0.139998
0.14
0.140002
0.140004
0.140007
0.140009
0.140012
0.140015
0.140017
0.140019
0.140021
0.140022
0.140024
0.140025
0.140026
0.140027
0.140029
0.14003
0.140033
0.140035
0.140039
0.140043
0.140047
0.140052
0.140058
0.140065
0.140072
0.14008
0.140089
0.140098
0.140109
0.140121
0.140133
0.140147
0.140162
0.140178
0.140195
0.140213
0.140233
0.140253
0.140275
0.140299
0.140325
0.140353
0.140382
0.140413
0.140447
0.140481
0.140516
0.14055
0.140583
0.140615
0.140646
0.140676
0.140705
0.140732
0.140758
0.140782
0.140806
0.140828
0.140849
0.14087
0.140889
0.140906
0.140923
0.140937
0.140951
0.140962
0.140973
0.140981
0.140988
0.140994
0.140999
0.141002
0.141004
0.141006
0.141006
0.141005
0.141006
0.141009
0.140014
0.140015
0.140011
0.140001
0.139994
0.139988
0.139986
0.139992
0.139997
0.140003
0.140007
0.14001
0.140012
0.140014
0.140015
0.140016
0.140017
0.140018
0.140019
0.140019
0.14002
0.140021
0.140021
0.140022
0.140022
0.140022
0.140023
0.140023
0.140023
0.140022
0.14002
0.140018
0.140016
0.140014
0.140012
0.140012
0.140014
0.140017
0.140021
0.140027
0.140033
0.14004
0.140049
0.140058
0.140068
0.140079
0.140091
0.140104
0.140119
0.140136
0.140154
0.140175
0.140198
0.140223
0.140252
0.140285
0.140321
0.140362
0.140413
0.140446
0.140472
0.140512
0.140558
0.140603
0.140647
0.140691
0.140734
0.140775
0.140815
0.140853
0.14089
0.140924
0.140957
0.140987
0.141015
0.141041
0.141065
0.141088
0.14111
0.141131
0.141152
0.141171
0.14119
0.141208
0.141225
0.14124
0.141253
0.141264
0.141273
0.141278
0.14128
0.141278
0.141274
0.14126
0.141247
0.141242
0.141245
0.141259
0.141279
0.141376
0.14002
0.140022
0.140021
0.140019
0.140017
0.140015
0.140014
0.140012
0.14001
0.140009
0.140007
0.140006
0.140005
0.140004
0.140003
0.140003
0.140002
0.140002
0.140001
0.140001
0.14
0.14
0.139999
0.139998
0.139998
0.139997
0.139995
0.139994
0.13999
0.139984
0.139979
0.139974
0.13997
0.139967
0.139966
0.13997
0.139975
0.13998
0.139985
0.13999
0.139995
0.140001
0.140006
0.140012
0.140019
0.140026
0.140035
0.140045
0.140057
0.140072
0.140089
0.140111
0.140138
0.140172
0.140216
0.140274
0.140351
0.140462
0.140646
0.140734
0.141058
0.141364
0.141548
0.14157
0.141583
0.1416
0.141614
0.141622
0.141628
0.141635
0.141647
0.141664
0.141686
0.141713
0.141744
0.141779
0.141816
0.141855
0.141895
0.141935
0.141974
0.142012
0.142049
0.142084
0.142118
0.142153
0.142189
0.142228
0.14227
0.142316
0.142368
0.142425
0.142488
0.142558
0.142634
0.142717
0.142815
0.142894
0.143051
0.148672
)
;

boundaryField
{
    airfoil
    {
        type            fixedValue;
        value           uniform 0;
    }
    farBoundaries
    {
        type            fixedValue;
        value           uniform 1;
    }
    inlet
    {
        type            freestream;
        freestreamValue uniform 0.14;
        value           nonuniform List<scalar> 
200
(
0.14
0.14
0.14
0.14
0.14
0.14
0.14
0.14
0.14
0.14
0.14
0.14
0.14
0.14
0.14
0.14
0.14
0.14
0.14
0.14
0.14
0.14
0.14
0.14
0.14
0.14
0.14
0.14
0.14
0.14
0.14
0.14
0.14
0.14
0.14
0.14
0.14
0.14
0.14
0.14
0.14
0.14
0.14
0.14
0.14
0.14
0.14
0.14
0.14
0.14
0.14
0.14
0.14
0.14
0.14
0.14
0.14
0.14
0.14
0.14
0.141058
0.14
0.141548
0.14157
0.141583
0.1416
0.141614
0.141622
0.141628
0.141635
0.141647
0.141664
0.141686
0.141713
0.141744
0.141779
0.141816
0.141855
0.141895
0.141935
0.141974
0.142012
0.142049
0.142084
0.142118
0.142153
0.142189
0.142228
0.14227
0.142316
0.142368
0.142425
0.142488
0.142558
0.142634
0.142717
0.142815
0.142894
0.143051
0.148672
0.14
0.14
0.14
0.14
0.14
0.14
0.14
0.14
0.14
0.14
0.14
0.14
0.14
0.14
0.14
0.14
0.14
0.14
0.14
0.14
0.14
0.14
0.14
0.14
0.14
0.14
0.14
0.14
0.14
0.14
0.14
0.14
0.14
0.14
0.14
0.14
0.14
0.14
0.14
0.14
0.14
0.14
0.14
0.14
0.14
0.14
0.14
0.14
0.14
0.14
0.14
0.14
0.14
0.14
0.14
0.14
0.14
0.14
0.14
0.14
0.14
0.14
0.14
0.14
0.14
0.14
0.14
0.14
0.14
0.14
0.14
0.14
0.14
0.14
0.14
0.14
0.14
0.14
0.14
0.14
0.14
0.14
0.14
0.14
0.14
0.14
0.14
0.14
0.14
0.14
0.14
0.141295
0.141396
0.141487
0.141545
0.141544
0.141576
0.141392
0.142638
0.135242
)
;
    }
    outlet
    {
        type            freestream;
        freestreamValue uniform 0.14;
        value           nonuniform List<scalar> 
40
(
0.190526
0.188495
0.175221
0.17744
0.167928
0.156577
0.150059
0.147203
0.145822
0.145132
0.144455
0.146784
0.203146
0.447624
0.81257
1.13491
1.37575
1.51264
1.52003
1.34615
1.28614
1.48545
1.54736
1.51378
1.40089
1.21768
0.972197
0.676085
0.365611
0.176301
0.13882
0.14172
0.144188
0.145364
0.146828
0.148714
0.150795
0.151578
0.150283
0.164818
)
;
    }
    defaultFaces
    {
        type            empty;
    }
}


// ************************************************************************* //
