/*--------------------------------*- C++ -*----------------------------------*\
  =========                 |
  \\      /  F ield         | OpenFOAM: The Open Source CFD Toolbox
   \\    /   O peration     | Website:  https://openfoam.org
    \\  /    A nd           | Version:  6.0
     \\/     M anipulation  |
\*---------------------------------------------------------------------------*/
FoamFile
{
    version     2.0;
    format      ascii;
    class       volScalarField;
    location    "100";
    object      p;
}
// * * * * * * * * * * * * * * * * * * * * * * * * * * * * * * * * * * * * * //

dimensions      [0 2 -2 0 0 0 0];

internalField   nonuniform List<scalar> 
9800
(
52.2472
51.4659
50.8934
50.4459
50.0726
49.7428
49.4384
49.1484
48.8669
48.5907
48.3097
48.0246
47.736
47.4434
47.1464
46.8453
46.5412
46.2361
45.9337
45.6406
45.3675
45.1326
44.9737
44.9704
45.1236
45.3536
45.6216
45.9088
46.2041
46.5007
46.7946
47.0805
47.3596
47.6306
47.8929
48.1461
48.3898
48.6241
48.8487
49.0638
49.2694
49.4655
49.6522
49.8297
49.9978
50.1568
50.3065
50.4472
50.5786
50.7009
50.814
50.9179
51.0124
51.0978
51.1735
51.2399
51.2965
51.3434
51.3802
51.4072
51.4238
51.4299
51.4246
51.4093
51.3822
51.3435
51.2927
51.2297
51.1541
51.0657
50.9645
50.8502
50.7235
50.5845
50.4355
50.2778
50.1169
49.958
49.8139
49.6998
49.6456
49.6932
49.9112
50.4072
51.3469
52.9913
55.752
60.2466
67.4065
78.5587
94.8946
111.596
128.84
138.72
146.16
154.921
165.358
176.072
186.205
196.17
84.9146
84.9078
84.8339
84.7431
84.6553
84.5772
84.5106
84.4527
84.4018
84.3568
84.3152
84.2726
84.2287
84.1827
84.1349
84.0855
84.0361
83.9884
83.9454
83.9106
83.8881
83.877
83.8655
83.8635
83.871
83.8774
83.8937
83.9205
83.9532
83.9876
84.0209
84.0499
84.0711
84.0839
84.0874
84.0808
84.0638
84.036
83.9974
83.9478
83.887
83.8152
83.7322
83.6381
83.5329
83.4166
83.289
83.1505
83.0006
82.8399
82.6677
82.4847
82.2902
82.0849
81.8679
81.6402
81.4009
81.1509
80.8894
80.6174
80.3342
80.0409
79.7367
79.4213
79.0949
78.7591
78.414
78.0606
77.7001
77.3336
76.9639
76.5919
76.2229
75.8579
75.5055
75.1681
74.8584
74.5824
74.3566
74.1941
74.1147
74.1413
74.297
74.6122
75.1177
75.8404
76.8251
78.0859
79.6775
81.6701
84.2383
88.7988
96.5784
106.199
115.758
123.493
129.382
133.964
137.273
138.812
56.4578
57.2046
57.8164
58.3324
58.7845
59.1962
59.5848
59.9615
60.3328
60.7037
61.0849
61.4793
61.8839
62.2985
62.7225
63.1545
63.5918
64.0297
64.4607
64.873
65.2492
65.5626
65.7611
65.7685
65.5839
65.2823
64.916
64.5119
64.0869
63.6521
63.2147
62.7819
62.3564
61.9374
61.5257
61.1216
60.7258
60.3378
59.9578
59.5854
59.2206
58.863
58.5127
58.1691
57.8326
57.5026
57.1794
56.8628
56.5529
56.2497
55.9533
55.6641
55.3819
55.1075
54.8407
54.5826
54.333
54.0931
53.863
53.6442
53.4368
53.2427
53.0632
52.9013
52.7578
52.6357
52.5371
52.4657
52.4249
52.4191
52.4539
52.534
52.668
52.8617
53.1278
53.4742
53.9189
54.4736
55.1635
56.0066
57.0374
58.2843
59.7957
61.6148
63.8134
66.4543
69.6442
73.4689
78.0656
83.5315
89.9576
97.2399
104.91
112.067
118.125
123.033
127.144
130.639
133.478
135.113
57.4113
57.0116
56.7323
56.5306
56.3788
56.2616
56.1675
56.0924
56.0314
55.9831
55.9446
55.9176
55.9004
55.894
55.8965
55.907
55.9231
55.9428
55.9623
55.9787
55.9889
55.996
56.0078
56.0215
56.0371
56.057
56.0735
56.083
56.088
56.0914
56.096
56.104
56.1185
56.1394
56.1685
56.2057
56.2522
56.3071
56.3715
56.4444
56.5269
56.6176
56.7178
56.8263
56.9441
57.0702
57.2057
57.3499
57.5036
57.6665
57.8393
58.022
58.2152
58.4195
58.6353
58.8635
59.1046
59.3602
59.6304
59.9174
60.2214
60.5451
60.8883
61.2547
61.6456
62.0647
62.5145
62.9986
63.5208
64.0851
64.697
65.3603
66.083
66.869
67.7292
68.6682
69.7004
70.8309
72.0777
73.4465
74.9585
76.6186
78.4501
80.4545
82.654
85.0409
87.6302
90.3953
93.3323
96.385
99.5175
102.64
105.708
108.672
111.517
114.181
116.573
118.541
120.075
120.936
67.2668
66.9692
66.6748
66.3978
66.1378
65.898
65.6734
65.4647
65.2679
65.0826
64.8976
64.7131
64.5295
64.3476
64.1654
63.9842
63.8038
63.6269
63.4564
63.2984
63.16
63.0538
62.9996
63.0214
63.1196
63.2704
63.453
63.6545
63.8674
64.0851
64.3043
64.5188
64.7283
64.9331
65.1345
65.331
65.524
65.7124
65.8979
66.0796
66.2592
66.4357
66.6111
66.7843
66.9572
67.129
67.3014
67.4737
67.6476
67.8227
68.0004
68.1806
68.3647
68.5528
68.7462
68.9456
69.1519
69.3663
69.5898
69.8239
70.0699
70.3294
70.6035
70.894
71.2039
71.536
71.8933
72.2779
72.6942
73.1439
73.6328
74.1622
74.74
75.3666
76.0527
76.798
77.6159
78.5054
79.4826
80.5454
81.7125
82.98
84.3688
85.8732
87.5151
89.2865
91.2092
93.2718
95.4926
97.8531
100.36
102.979
105.685
108.403
111.052
113.527
115.767
117.704
119.404
120.657
70.3589
70.331
70.2894
70.2454
70.1976
70.1539
70.1125
70.0792
70.0524
70.0357
70.0202
70.009
70.0015
69.9993
69.9995
70.0038
70.0102
70.0205
70.0338
70.0521
70.0749
70.102
70.1316
70.1668
70.2078
70.2514
70.2986
70.3493
70.4032
70.4582
70.5144
70.5675
70.6178
70.6665
70.7155
70.7633
70.8116
70.8596
70.9094
70.9602
71.014
71.0701
71.1306
71.1949
71.2649
71.3402
71.4227
71.512
71.6097
71.716
71.8322
71.9586
72.0966
72.2466
72.4101
72.5878
72.7812
72.9915
73.2201
73.4685
73.7382
74.0309
74.3479
74.6914
75.0641
75.4683
75.9071
76.3818
76.897
77.4534
78.057
78.7077
79.4132
80.1723
80.9947
81.8781
82.8339
83.8584
84.9647
86.1467
87.4186
88.7716
90.2198
91.751
93.3777
95.0828
96.8755
98.7317
100.654
102.61
104.592
106.561
108.499
110.365
112.144
113.81
115.363
116.774
118.115
119.206
72.9269
72.7503
72.5991
72.4764
72.3744
72.2962
72.2362
72.1977
72.1772
72.1772
72.1887
72.215
72.2543
72.3082
72.3726
72.4484
72.5314
72.6214
72.714
72.8075
72.8974
72.9802
73.0497
73.1011
73.1348
73.1553
73.1682
73.1768
73.1845
73.1928
73.205
73.2195
73.2386
73.2642
73.2986
73.3413
73.3939
73.456
73.529
73.6124
73.7076
73.814
73.9328
74.0638
74.2077
74.3646
74.5351
74.7194
74.9181
75.1314
75.3599
75.604
75.8642
76.1412
76.4356
76.7481
77.0797
77.4306
77.8027
78.1956
78.6121
79.0509
79.515
80.0028
80.5195
81.0635
81.64
82.2464
82.8886
83.5637
84.2784
85.0288
85.8228
86.6554
87.5357
88.4572
89.4301
90.4463
91.5167
92.6315
93.8018
95.0157
96.2846
97.594
98.9549
100.351
101.791
103.257
104.756
106.267
107.796
109.323
110.848
112.354
113.837
115.283
116.69
118.029
119.366
120.516
76.7573
76.5033
76.2701
76.0626
75.8765
75.7153
75.5751
75.459
75.3648
75.2943
75.2379
75.1984
75.1747
75.1685
75.1759
75.198
75.231
75.275
75.3266
75.3854
75.4484
75.5154
75.5849
75.6565
75.7301
75.8067
75.8865
75.9697
76.0575
76.1508
76.2508
76.3559
76.4668
76.5868
76.7169
76.8574
77.0086
77.1708
77.3443
77.5293
77.7259
77.9343
78.1544
78.3867
78.6309
78.8875
79.1563
79.4377
79.7318
80.039
80.3592
80.6931
81.0408
81.4029
81.7797
82.172
82.5802
83.005
83.4472
83.907
84.386
84.8835
85.4008
85.9367
86.4959
87.0767
87.6835
88.3132
88.9717
89.6552
90.3703
91.1122
91.8887
92.6938
93.536
94.4082
95.3198
96.2624
97.2457
98.26
99.3155
100.401
101.527
102.68
103.87
105.084
106.33
107.592
108.879
110.173
111.48
112.785
114.089
115.381
116.662
117.922
119.164
120.369
121.601
122.681
80.598
80.3485
80.1174
79.9085
79.7189
79.5504
79.4007
79.2721
79.1639
79.0775
79.0036
78.9445
78.9015
78.8756
78.8647
78.8697
78.8883
78.9211
78.9659
79.0228
79.0896
79.1666
79.2523
79.348
79.453
79.5672
79.6894
79.8202
79.9592
80.1074
80.2645
80.4284
80.5982
80.7784
80.9689
81.1702
81.3815
81.6037
81.8361
82.0795
82.3331
82.5977
82.8727
83.1587
83.4554
83.7631
84.0818
84.4117
84.7533
85.1062
85.4714
85.8484
86.2387
86.6413
87.0582
87.4882
87.9337
88.3931
88.8695
89.3607
89.8703
90.3953
90.9389
91.4977
92.0782
92.6766
93.2989
93.9401
94.6071
95.294
96.0087
96.7443
97.5091
98.2954
99.112
99.95
100.819
101.709
102.629
103.57
104.539
105.528
106.543
107.575
108.631
109.701
110.79
111.889
113.003
114.122
115.251
116.38
117.514
118.645
119.774
120.895
122.013
123.107
124.236
125.231
83.9336
83.7299
83.5409
83.3714
83.219
83.0856
82.9693
82.8718
82.7936
82.7349
82.6871
82.6516
82.6317
82.628
82.6397
82.6675
82.7102
82.7683
82.8402
82.926
83.0235
83.1322
83.2495
83.3757
83.5096
83.6526
83.804
83.9662
84.1381
84.3221
84.5168
84.7206
84.9314
85.155
85.3903
85.638
85.8966
86.1672
86.4484
86.7411
87.0443
87.3584
87.6829
88.0181
88.3638
88.7199
89.087
89.4644
89.8533
90.2526
90.6641
91.0863
91.5215
91.9678
92.4281
92.8999
93.3867
93.8856
94.4007
94.9283
95.4733
96.031
96.6054
97.1919
97.798
98.4188
99.0606
99.7174
100.396
101.091
101.808
102.542
103.298
104.07
104.866
105.677
106.511
107.359
108.23
109.115
110.021
110.94
111.88
112.831
113.8
114.779
115.775
116.777
117.793
118.813
119.842
120.873
121.908
122.942
123.975
125.002
126.027
127.032
128.073
128.989
87.6246
87.4239
87.241
87.0815
86.9415
86.8231
86.7236
86.6445
86.5858
86.5473
86.5196
86.5034
86.5026
86.5172
86.5474
86.5929
86.654
86.7308
86.8229
86.9304
87.0523
87.1885
87.3372
87.4986
87.6714
87.8569
88.0543
88.2653
88.4884
88.7255
88.9745
89.233
89.4982
89.7761
90.0654
90.3666
90.6779
90.9998
91.3315
91.6729
92.0237
92.3834
92.7523
93.1299
93.5169
93.9122
94.3175
94.7312
95.1554
95.5883
96.0324
96.4855
96.9506
97.4252
97.9126
98.4099
98.9211
99.4424
99.9785
100.525
101.088
101.66
102.247
102.844
103.458
104.083
104.727
105.383
106.057
106.743
107.447
108.163
108.897
109.643
110.406
111.18
111.971
112.772
113.589
114.416
115.257
116.107
116.972
117.842
118.726
119.614
120.513
121.414
122.323
123.232
124.145
125.057
125.97
126.879
127.786
128.687
129.586
130.466
131.379
132.177
89.8454
89.8059
89.773
89.754
89.7459
89.7524
89.7709
89.8048
89.8535
89.918
89.9861
90.0598
90.1436
90.2385
90.3438
90.4605
90.5883
90.728
90.8799
91.0447
91.2224
91.4135
91.6176
91.8352
92.0657
92.3103
92.5682
92.8401
93.1248
93.4227
93.7323
94.0487
94.3701
94.7017
95.0438
95.3952
95.7557
96.1245
96.502
96.8872
97.2809
97.682
98.0919
98.5091
98.9359
99.3702
99.8148
100.267
100.731
101.203
101.687
102.181
102.686
103.201
103.73
104.268
104.82
105.383
105.959
106.546
107.148
107.76
108.384
109.016
109.664
110.322
110.996
111.68
112.379
113.088
113.812
114.545
115.292
116.048
116.817
117.594
118.384
119.18
119.989
120.803
121.628
122.458
123.298
124.141
124.992
125.844
126.703
127.562
128.424
129.284
130.145
131.003
131.86
132.711
133.56
134.401
135.239
136.06
136.91
137.65
94.5966
94.4487
94.328
94.2382
94.1743
94.1386
94.127
94.1418
94.1806
94.2448
94.3226
94.414
94.5206
94.6438
94.7811
94.9333
95.099
95.2787
95.4719
95.6791
95.9001
96.1354
96.3848
96.6489
96.9277
97.2206
97.5274
97.8466
98.1784
98.5211
98.8749
99.2314
99.591
99.9576
100.334
100.717
101.109
101.507
101.913
102.325
102.747
103.175
103.612
104.056
104.51
104.972
105.445
105.926
106.418
106.919
107.432
107.954
108.488
109.031
109.586
110.15
110.726
111.311
111.909
112.514
113.132
113.756
114.39
115.028
115.678
116.335
117.004
117.679
118.364
119.056
119.758
120.464
121.18
121.9
122.629
123.361
124.101
124.844
125.593
126.344
127.101
127.859
128.622
129.385
130.152
130.918
131.687
132.454
133.222
133.988
134.754
135.517
136.279
137.039
137.796
138.55
139.303
140.043
140.809
141.478
93.3112
93.5805
93.8474
94.1191
94.3958
94.6814
94.9752
95.2813
95.6003
95.9329
96.2607
96.5871
96.9193
97.2597
97.6058
97.9587
98.3166
98.6802
99.0485
99.4221
99.8006
100.184
100.573
100.967
101.366
101.771
102.185
102.606
103.036
103.473
103.918
104.362
104.806
105.255
105.714
106.179
106.654
107.135
107.626
108.124
108.632
109.149
109.676
110.212
110.76
111.317
111.886
112.464
113.054
113.654
114.265
114.885
115.517
116.157
116.808
117.467
118.137
118.813
119.499
120.192
120.894
121.6
122.312
123.026
123.748
124.474
125.209
125.948
126.694
127.444
128.2
128.96
129.725
130.492
131.265
132.039
132.817
133.596
134.379
135.162
135.949
136.734
137.522
138.309
139.097
139.883
140.67
141.454
142.237
143.017
143.795
144.57
145.342
146.11
146.875
147.635
148.392
149.137
149.903
150.579
104.19
103.981
103.811
103.679
103.583
103.522
103.495
103.501
103.539
103.609
103.715
103.843
103.997
104.176
104.38
104.607
104.855
105.124
105.413
105.719
106.045
106.386
106.745
107.12
107.511
107.918
108.339
108.771
109.216
109.67
110.135
110.598
111.061
111.53
112.01
112.497
112.995
113.5
114.015
114.539
115.073
115.616
116.169
116.73
117.303
117.883
118.474
119.072
119.68
120.295
120.919
121.549
122.187
122.831
123.481
124.136
124.798
125.463
126.134
126.808
127.487
128.167
128.848
129.527
130.211
130.896
131.586
132.278
132.974
133.672
134.373
135.075
135.78
136.485
137.193
137.9
138.61
139.319
140.031
140.741
141.452
142.162
142.873
143.582
144.292
144.998
145.704
146.407
147.108
147.805
148.5
149.189
149.875
150.555
151.23
151.899
152.561
153.211
153.871
154.456
89.4465
90.4239
91.3729
92.3067
93.2298
94.146
95.059
95.9727
96.8943
97.8164
98.6996
99.5506
100.397
101.241
102.082
102.921
103.757
104.589
105.416
106.239
107.057
107.868
108.673
109.47
110.26
111.043
111.822
112.598
113.376
114.154
114.933
115.698
116.456
117.216
117.984
118.758
119.538
120.325
121.12
121.921
122.729
123.543
124.364
125.19
126.023
126.861
127.704
128.551
129.403
130.258
131.117
131.977
132.841
133.706
134.573
135.44
136.31
137.179
138.049
138.918
139.789
140.656
141.519
142.378
143.236
144.092
144.951
145.807
146.665
147.521
148.377
149.23
150.083
150.933
151.781
152.626
153.469
154.307
155.143
155.974
156.803
157.625
158.444
159.256
160.063
160.863
161.656
162.442
163.22
163.99
164.752
165.504
166.248
166.982
167.708
168.423
169.129
169.819
170.511
171.146
124.968
124.455
123.994
123.583
123.216
122.885
122.59
122.321
122.073
121.854
121.73
121.642
121.592
121.575
121.596
121.65
121.741
121.867
122.029
122.224
122.455
122.718
123.016
123.345
123.708
124.101
124.525
124.975
125.452
125.952
126.474
127.004
127.534
128.077
128.639
129.215
129.807
130.41
131.028
131.656
132.296
132.945
133.604
134.272
134.949
135.633
136.325
137.023
137.729
138.439
139.156
139.876
140.602
141.331
142.065
142.802
143.543
144.285
145.032
145.78
146.531
147.28
148.024
148.766
149.507
150.248
150.994
151.741
152.491
153.24
153.992
154.742
155.493
156.242
156.991
157.736
158.482
159.223
159.964
160.7
161.433
162.162
162.888
163.608
164.323
165.032
165.736
166.433
167.124
167.807
168.484
169.153
169.815
170.47
171.117
171.755
172.386
173.006
173.618
174.211
60.6935
63.4486
66.1378
68.786
71.4089
74.0176
76.6217
79.2378
81.8837
84.5218
86.9795
89.3232
91.6327
93.9202
96.1854
98.4267
100.643
102.833
104.996
107.131
109.238
111.315
113.362
115.379
117.365
119.32
121.243
123.135
124.999
126.839
128.648
130.384
132.08
133.754
135.411
137.051
138.675
140.282
141.873
143.447
145.004
146.545
148.07
149.577
151.07
152.546
154.006
155.45
156.879
158.29
159.688
161.068
162.433
163.782
165.116
166.433
167.735
169.021
170.292
171.546
172.786
174.002
175.196
176.378
177.539
178.681
179.812
180.928
182.032
183.118
184.192
185.248
186.29
187.315
188.325
189.317
190.295
191.255
192.199
193.126
194.037
194.93
195.807
196.665
197.507
198.33
199.136
199.923
200.694
201.446
202.181
202.896
203.596
204.276
204.94
205.584
206.212
206.819
207.397
208.047
184.301
182.774
181.079
179.469
177.938
176.45
175.002
173.569
172.09
170.543
169.449
168.421
167.415
166.475
165.61
164.815
164.095
163.447
162.877
162.38
161.961
161.615
161.346
161.149
161.026
160.971
160.986
161.064
161.208
161.411
161.644
161.885
162.159
162.424
162.728
163.072
163.458
163.878
164.336
164.824
165.347
165.898
166.481
167.088
167.725
168.384
169.069
169.773
170.5
171.243
172.006
172.782
173.575
174.378
175.194
176.019
176.854
177.693
178.541
179.39
180.242
181.069
181.884
182.747
183.565
184.368
185.182
186
186.821
187.639
188.458
189.273
190.086
190.894
191.698
192.494
193.285
194.067
194.842
195.606
196.362
197.104
197.836
198.553
199.259
199.948
200.623
201.281
201.924
202.549
203.157
203.745
204.315
204.864
205.393
205.901
206.387
206.847
207.249
207.791
-47.176
-35.9932
-25.9836
-15.0767
-3.72137
7.76786
19.3136
31.1763
42.5312
49.5029
53.9094
61.1297
69.3672
77.3404
85.1066
92.7278
100.203
107.518
114.668
121.644
128.443
135.06
141.491
147.735
153.79
159.654
165.322
170.805
176.148
181.306
185.763
189.128
193.452
197.73
201.81
205.751
209.574
213.279
216.86
220.317
223.653
226.887
230.029
233.075
236.029
238.89
241.66
244.342
246.937
249.446
251.87
254.212
256.474
258.655
260.759
262.787
264.741
266.621
268.432
270.182
271.886
273.397
274.744
276.668
278.329
279.834
281.306
282.743
284.135
285.477
286.776
288.031
289.245
290.418
291.553
292.649
293.711
294.736
295.729
296.688
297.618
298.518
299.392
300.239
301.062
301.861
302.64
303.397
304.137
304.857
305.563
306.252
306.93
307.592
308.246
308.888
309.524
310.114
310.552
311.74
200.403
199.974
199.36
198.966
198.704
198.498
198.377
198.354
198.446
198.64
198.932
199.303
199.746
200.247
200.809
201.434
202.104
202.816
203.609
204.466
205.374
206.328
207.324
208.359
209.43
210.531
211.659
212.813
213.989
215.191
216.409
217.574
218.697
220.063
221.531
222.838
224.124
225.438
226.771
228.117
229.478
230.855
232.248
233.662
235.104
236.553
237.813
239.064
240.885
242.801
244.329
245.812
247.341
248.895
250.455
252.036
253.647
255.23
256.355
257.638
259.995
262.276
263.812
265.294
266.882
268.3
268.602
271.272
274.506
274.124
138.203
139.06
140.996
142.908
144.631
146.299
147.969
149.641
151.325
153.031
154.765
156.515
158.272
160.017
161.745
163.444
165.119
166.77
168.41
170.044
171.679
173.317
174.963
176.614
178.268
179.923
181.576
183.224
184.866
186.501
188.13
189.751
191.363
192.981
194.599
196.198
197.788
199.377
200.961
202.543
204.118
205.693
207.262
208.83
210.393
211.958
213.509
215.058
216.631
218.21
219.74
221.266
222.791
224.322
225.846
227.373
228.894
230.42
231.916
233.418
234.987
236.538
237.993
239.434
240.888
242.34
243.725
245.23
246.891
247.995
135.919
136.537
138.034
139.608
141.073
142.508
143.95
145.391
146.833
148.281
149.741
151.21
152.684
154.153
155.612
157.055
158.483
159.897
161.3
162.699
164.097
165.497
166.9
168.309
169.718
171.129
172.538
173.947
175.351
176.753
178.151
179.548
180.939
182.324
183.704
185.082
186.456
187.832
189.204
190.579
191.949
193.323
194.691
196.063
197.43
198.802
200.17
201.532
202.878
204.224
205.559
206.899
208.236
209.577
210.913
212.255
213.593
214.936
216.276
217.601
218.903
220.203
221.496
222.793
224.098
225.405
226.726
227.986
229.327
230.434
121.621
122.384
123.901
125.458
126.937
128.402
129.864
131.309
132.741
134.169
135.605
137.052
138.508
139.965
141.418
142.86
144.289
145.704
147.109
148.507
149.902
151.297
152.694
154.094
155.497
156.899
158.302
159.702
161.099
162.493
163.884
165.272
166.656
168.031
169.401
170.764
172.126
173.487
174.847
176.206
177.563
178.919
180.274
181.628
182.982
184.336
185.691
187.038
188.372
189.697
191.017
192.341
193.666
194.994
196.321
197.653
198.984
200.322
201.661
202.988
204.29
205.583
206.873
208.176
209.486
210.805
212.132
213.419
214.748
215.882
121.753
122.469
123.872
125.329
126.711
128.068
129.413
130.735
132.042
133.346
134.661
135.989
137.33
138.677
140.023
141.361
142.687
144.002
145.306
146.602
147.895
149.189
150.485
151.785
153.088
154.393
155.699
157.004
158.308
159.611
160.912
162.212
163.508
164.797
166.077
167.353
168.63
169.907
171.185
172.461
173.738
175.015
176.292
177.569
178.848
180.127
181.409
182.684
183.945
185.193
186.437
187.687
188.94
190.198
191.456
192.72
193.986
195.26
196.535
197.801
199.038
200.257
201.477
202.715
203.963
205.226
206.493
207.737
208.998
210.073
120.384
121.141
122.507
123.899
125.217
126.504
127.777
129.028
130.268
131.511
132.769
134.046
135.338
136.638
137.939
139.231
140.512
141.78
143.038
144.288
145.535
146.783
148.036
149.294
150.556
151.823
153.091
154.361
155.631
156.9
158.169
159.439
160.705
161.965
163.215
164.463
165.713
166.965
168.217
169.471
170.725
171.982
173.238
174.498
175.758
177.024
178.289
179.552
180.796
182.025
183.25
184.485
185.721
186.963
188.206
189.455
190.706
191.966
193.226
194.477
195.692
196.882
198.076
199.289
200.519
201.761
203.015
204.245
205.481
206.547
121.767
122.522
123.838
125.173
126.433
127.668
128.889
130.093
131.286
132.483
133.694
134.923
136.167
137.419
138.671
139.916
141.15
142.372
143.585
144.789
145.992
147.195
148.402
149.614
150.831
152.052
153.275
154.501
155.726
156.953
158.18
159.408
160.633
161.851
163.058
164.263
165.471
166.682
167.893
169.108
170.322
171.54
172.759
173.982
175.206
176.436
177.667
178.896
180.103
181.292
182.477
183.674
184.874
186.08
187.289
188.505
189.724
190.953
192.184
193.405
194.585
195.733
196.889
198.067
199.266
200.482
201.711
202.916
204.116
205.156
123.897
124.645
125.923
127.215
128.438
129.638
130.825
131.996
133.159
134.325
135.506
136.704
137.916
139.135
140.354
141.565
142.766
143.955
145.135
146.306
147.475
148.644
149.818
150.995
152.178
153.364
154.553
155.742
156.933
158.124
159.316
160.507
161.698
162.878
164.048
165.213
166.383
167.555
168.729
169.903
171.081
172.26
173.443
174.627
175.816
177.009
178.208
179.4
180.572
181.72
182.869
184.029
185.197
186.37
187.55
188.739
189.934
191.143
192.357
193.561
194.718
195.842
196.977
198.143
199.331
200.544
201.766
202.968
204.146
205.17
126.376
127.111
128.354
129.608
130.798
131.968
133.13
134.278
135.417
136.559
137.714
138.883
140.065
141.254
142.443
143.625
144.799
145.961
147.116
148.263
149.407
150.552
151.7
152.852
154.01
155.17
156.334
157.499
158.665
159.832
161.001
162.171
163.339
164.497
165.641
166.782
167.929
169.077
170.227
171.379
172.535
173.691
174.853
176.016
177.184
178.357
179.536
180.708
181.857
182.979
184.102
185.238
186.383
187.534
188.692
189.86
191.036
192.226
193.424
194.609
195.743
196.838
197.947
199.091
200.261
201.461
202.671
203.863
205.018
206.028
130.08
130.808
132.025
133.254
134.422
135.574
136.716
137.845
138.965
140.088
141.223
142.373
143.535
144.704
145.874
147.037
148.192
149.337
150.473
151.602
152.729
153.855
154.985
156.119
157.258
158.401
159.547
160.694
161.844
162.995
164.149
165.304
166.458
167.6
168.727
169.851
170.981
172.114
173.249
174.387
175.527
176.671
177.819
178.971
180.127
181.29
182.458
183.62
184.753
185.857
186.96
188.079
189.205
190.339
191.479
192.628
193.785
194.956
196.135
197.298
198.4
199.456
200.529
201.638
202.777
203.945
205.131
206.291
207.407
208.387
133.183
133.908
135.11
136.32
137.472
138.607
139.735
140.848
141.952
143.055
144.17
145.296
146.435
147.58
148.728
149.87
151.007
152.135
153.256
154.369
155.48
156.591
157.706
158.823
159.946
161.071
162.201
163.333
164.467
165.604
166.743
167.886
169.027
170.156
171.268
172.377
173.493
174.613
175.736
176.862
177.991
179.125
180.263
181.407
182.555
183.713
184.876
186.033
187.157
188.247
189.338
190.447
191.564
192.69
193.823
194.967
196.121
197.292
198.471
199.632
200.726
201.768
202.83
203.931
205.066
206.235
207.423
208.586
209.692
210.668
138.649
139.389
140.589
141.796
142.945
144.075
145.197
146.302
147.398
148.493
149.598
150.714
151.841
152.973
154.108
155.236
156.358
157.472
158.578
159.676
160.771
161.864
162.96
164.057
165.16
166.263
167.371
168.48
169.592
170.704
171.821
172.939
174.057
175.158
176.24
177.318
178.404
179.492
180.584
181.677
182.776
183.877
184.985
186.096
187.216
188.342
189.478
190.604
191.694
192.743
193.797
194.868
195.952
197.044
198.149
199.265
200.396
201.545
202.708
203.852
204.918
205.927
206.96
208.043
209.163
210.327
211.508
212.664
213.74
214.692
142.407
143.144
144.331
145.521
146.652
147.767
148.877
149.975
151.065
152.155
153.255
154.366
155.487
156.614
157.744
158.868
159.988
161.101
162.207
163.304
164.399
165.492
166.588
167.685
168.786
169.89
170.998
172.107
173.22
174.335
175.455
176.577
177.699
178.803
179.887
180.966
182.054
183.145
184.24
185.337
186.441
187.547
188.66
189.778
190.904
192.039
193.184
194.318
195.413
196.463
197.518
198.594
199.683
200.781
201.892
203.017
204.157
205.319
206.494
207.649
208.719
209.726
210.762
211.852
212.985
214.168
215.37
216.549
217.633
218.601
151.532
152.281
153.46
154.642
155.766
156.874
157.978
159.072
160.159
161.246
162.341
163.445
164.558
165.674
166.792
167.903
169.01
170.109
171.202
172.286
173.367
174.444
175.524
176.605
177.689
178.774
179.864
180.954
182.049
183.146
184.248
185.353
186.457
187.54
188.598
189.652
190.716
191.783
192.853
193.926
195.005
196.088
197.178
198.273
199.378
200.492
201.618
202.731
203.795
204.807
205.825
206.866
207.92
208.984
210.063
211.155
212.265
213.398
214.548
215.669
216.685
217.625
218.603
219.642
220.732
221.88
223.057
224.194
225.219
226.142
155.314
156.03
157.187
158.356
159.468
160.566
161.661
162.744
163.821
164.896
165.977
167.065
168.163
169.264
170.368
171.469
172.568
173.662
174.751
175.831
176.909
177.984
179.061
180.139
181.221
182.304
183.392
184.483
185.578
186.677
187.783
188.893
190.002
191.089
192.148
193.204
194.271
195.342
196.418
197.497
198.585
199.677
200.779
201.887
203.007
204.138
205.283
206.414
207.49
208.507
209.533
210.584
211.653
212.733
213.831
214.946
216.083
217.246
218.429
219.582
220.619
221.574
222.571
223.637
224.763
225.953
227.175
228.359
229.418
230.379
172.03
172.702
173.799
174.921
175.987
177.035
178.083
179.122
180.157
181.189
182.226
183.265
184.31
185.353
186.396
187.433
188.467
189.493
190.515
191.526
192.534
193.536
194.54
195.541
196.546
197.55
198.559
199.567
200.581
201.596
202.619
203.646
204.671
205.666
206.629
207.587
208.557
209.529
210.507
211.487
212.476
213.47
214.474
215.485
216.51
217.547
218.601
219.636
220.599
221.493
222.398
223.332
224.286
225.254
226.244
227.253
228.291
229.36
230.458
231.511
232.41
233.213
234.074
235.021
236.041
237.146
238.299
239.379
240.297
241.152
175.033
175.526
176.532
177.615
178.634
179.628
180.624
181.615
182.601
183.584
184.569
185.557
186.549
187.542
188.535
189.525
190.515
191.502
192.486
193.461
194.434
195.404
196.375
197.345
198.319
199.293
200.273
201.255
202.244
203.237
204.24
205.249
206.259
207.239
208.186
209.132
210.093
211.058
212.032
213.01
214
214.997
216.007
217.027
218.062
219.114
220.186
221.24
222.222
223.134
224.063
225.025
226.012
227.016
228.045
229.097
230.181
231.301
232.452
233.559
234.512
235.366
236.287
237.3
238.396
239.586
240.824
242.001
243.021
243.98
208.822
208.938
209.684
210.597
211.434
212.229
213.025
213.819
214.606
215.383
216.156
216.923
217.686
218.443
219.195
219.94
220.683
221.422
222.155
222.877
223.593
224.302
225.009
225.712
226.414
227.115
227.817
228.52
229.228
229.938
230.657
231.382
232.104
232.784
233.422
234.059
234.71
235.365
236.027
236.695
237.374
238.062
238.764
239.479
240.213
240.968
241.747
242.499
243.141
243.696
244.275
244.897
245.549
246.228
246.943
247.693
248.488
249.334
250.231
251.048
251.621
252.069
252.622
253.308
254.116
255.064
256.113
256.982
257.649
258.334
208.99
207.615
207.713
208.415
208.972
209.417
209.872
210.343
210.816
211.282
211.748
212.211
212.673
213.134
213.596
214.057
214.522
214.99
215.457
215.919
216.38
216.839
217.3
217.762
218.228
218.698
219.176
219.659
220.153
220.656
221.172
221.701
222.23
222.724
223.176
223.63
224.101
224.584
225.077
225.583
226.104
226.641
227.197
227.773
228.37
228.994
229.641
230.268
230.804
231.261
231.734
232.251
232.802
233.383
234
234.655
235.353
236.102
236.886
237.613
238.165
238.615
239.133
239.763
240.498
241.355
242.263
243.062
243.777
244.4
315.582
310.036
307.559
307.077
306.397
305.38
304.358
303.393
302.445
301.495
300.55
299.607
298.67
297.734
296.802
295.871
294.948
294.034
293.121
292.203
291.288
290.374
289.466
288.564
287.673
286.791
285.924
285.069
284.233
283.413
282.616
281.839
281.053
280.172
279.199
278.226
277.272
276.328
275.397
274.48
273.584
272.708
271.859
271.037
270.248
269.495
268.781
268.016
267.036
265.886
264.751
263.66
262.606
261.589
260.619
259.703
258.85
258.068
257.36
256.522
255.272
253.792
252.427
251.227
250.204
249.371
248.738
247.691
246.401
245.473
260.968
237.033
219.181
207.15
198.884
193.116
189.195
186.616
184.977
183.969
183.389
183.084
182.958
182.937
182.979
183.052
183.141
183.233
183.321
183.4
183.468
183.524
183.567
183.598
183.619
183.631
183.636
183.634
183.629
183.616
183.6
183.576
183.549
183.513
183.473
183.424
183.371
183.312
183.249
183.181
183.11
183.036
182.961
182.883
182.804
182.723
182.641
182.556
182.47
182.381
182.291
182.197
182.102
182.003
181.902
181.797
181.689
181.577
181.463
181.343
181.22
181.093
180.961
180.824
180.682
180.536
180.384
180.227
180.065
179.899
179.731
179.56
179.389
179.217
179.091
249.547
237.303
224.862
216.261
209.651
204.015
199.453
195.958
193.273
191.147
189.443
188.073
186.985
186.134
185.495
185.042
184.751
184.596
184.547
184.573
184.642
184.726
184.803
184.856
184.878
184.867
184.827
184.763
184.685
184.597
184.508
184.419
184.335
184.253
184.176
184.099
184.022
183.943
183.862
183.777
183.689
183.597
183.503
183.406
183.307
183.207
183.106
183.004
182.901
182.796
182.691
182.583
182.474
182.362
182.249
182.132
182.012
181.889
181.763
181.633
181.5
181.361
181.219
181.071
180.918
180.759
180.596
180.426
180.251
180.07
179.883
179.692
179.493
179.281
179.085
233.485
226.124
217.806
212.664
209.015
205.592
202.527
200.068
198.135
196.531
195.131
193.852
192.644
191.478
190.364
189.332
188.422
187.671
187.097
186.7
186.458
186.335
186.288
186.273
186.258
186.215
186.137
186.019
185.872
185.704
185.532
185.362
185.205
185.064
184.94
184.829
184.728
184.632
184.538
184.44
184.339
184.23
184.117
183.998
183.876
183.751
183.625
183.499
183.373
183.248
183.124
183
182.876
182.752
182.626
182.499
182.369
182.236
182.101
181.961
181.818
181.671
181.519
181.361
181.197
181.027
180.849
180.664
180.47
180.266
180.053
179.827
179.586
179.32
179.027
220.453
217.221
212.47
209.631
207.42
204.975
202.6
200.666
199.191
198.023
197.041
196.144
195.261
194.336
193.366
192.378
191.427
190.574
189.867
189.338
188.986
188.786
188.694
188.653
188.613
188.528
188.375
188.144
187.845
187.497
187.126
186.757
186.414
186.11
185.856
185.65
185.489
185.361
185.256
185.163
185.072
184.975
184.87
184.751
184.623
184.483
184.336
184.184
184.03
183.875
183.722
183.571
183.423
183.278
183.134
182.99
182.847
182.702
182.555
182.405
182.251
182.093
181.931
181.763
181.59
181.408
181.216
181.014
180.799
180.568
180.32
180.052
179.758
179.429
179.016
214.567
212.559
209.348
207.769
206.588
205.065
203.487
202.168
201.123
200.23
199.4
198.554
197.643
196.626
195.511
194.336
193.169
192.093
191.177
190.482
190.028
189.811
189.787
189.893
190.054
190.197
190.264
190.214
190.034
189.729
189.326
188.857
188.362
187.876
187.429
187.038
186.713
186.452
186.247
186.085
185.951
185.83
185.712
185.587
185.452
185.303
185.143
184.973
184.797
184.617
184.438
184.26
184.088
183.921
183.759
183.601
183.447
183.294
183.14
182.982
182.821
182.654
182.481
182.302
182.117
181.923
181.72
181.504
181.272
181.021
180.746
180.442
180.101
179.724
179.188
211.174
209.459
206.861
206.033
205.54
204.611
203.549
202.674
202.007
201.436
200.883
200.272
199.546
198.659
197.612
196.44
195.212
194.017
192.937
192.054
191.408
191.02
190.864
190.893
191.036
191.214
191.358
191.407
191.332
191.117
190.777
190.335
189.834
189.311
188.807
188.351
187.964
187.653
187.416
187.24
187.108
187.002
186.902
186.793
186.667
186.516
186.341
186.142
185.925
185.695
185.46
185.224
184.993
184.77
184.559
184.36
184.174
183.999
183.832
183.669
183.506
183.339
183.165
182.984
182.795
182.597
182.39
182.172
181.939
181.686
181.409
181.1
180.746
180.362
179.739
209.744
208.148
205.856
205.421
205.312
204.732
203.986
203.391
202.958
202.574
202.164
201.654
200.996
200.145
199.109
197.927
196.671
195.435
194.308
193.376
192.687
192.268
192.098
192.134
192.304
192.525
192.722
192.823
192.788
192.591
192.241
191.756
191.18
190.555
189.931
189.349
188.842
188.429
188.117
187.9
187.762
187.68
187.632
187.594
187.547
187.476
187.374
187.237
187.068
186.87
186.649
186.412
186.165
185.915
185.668
185.43
185.204
184.993
184.796
184.611
184.434
184.258
184.078
183.889
183.691
183.483
183.265
183.039
182.805
182.559
182.298
182.017
181.696
181.368
180.755
209.716
208.136
205.944
205.664
205.729
205.323
204.743
204.3
204
203.725
203.399
202.954
202.342
201.522
200.502
199.321
198.055
196.797
195.639
194.672
193.946
193.497
193.306
193.336
193.516
193.763
193.998
194.146
194.159
194.003
193.681
193.204
192.615
191.953
191.272
190.617
190.028
189.531
189.141
188.857
188.668
188.554
188.49
188.45
188.413
188.359
188.278
188.161
188.011
187.828
187.619
187.389
187.145
186.894
186.642
186.394
186.159
185.94
185.741
185.563
185.402
185.251
185.103
184.95
184.785
184.605
184.41
184.204
183.989
183.769
183.545
183.317
183.069
182.843
182.379
210.572
208.894
206.655
206.395
206.509
206.153
205.623
205.23
204.974
204.736
204.439
204.015
203.42
202.612
201.6
200.425
199.16
197.901
196.737
195.762
195.028
194.571
194.376
194.406
194.59
194.847
195.097
195.261
195.29
195.144
194.825
194.342
193.734
193.043
192.324
191.625
190.989
190.449
190.021
189.712
189.51
189.397
189.347
189.331
189.324
189.303
189.254
189.165
189.037
188.869
188.668
188.439
188.19
187.927
187.658
187.388
187.126
186.88
186.655
186.455
186.282
186.13
185.994
185.864
185.73
185.587
185.432
185.267
185.097
184.927
184.764
184.612
184.469
184.357
184.183
212.745
210.868
208.481
208.117
208.153
207.733
207.148
206.708
206.413
206.14
205.814
205.365
204.749
203.925
202.9
201.714
200.439
199.17
197.995
197.007
196.259
195.787
195.577
195.593
195.767
196.016
196.262
196.423
196.45
196.303
195.982
195.491
194.871
194.162
193.419
192.69
192.023
191.45
190.992
190.657
190.436
190.313
190.26
190.251
190.256
190.252
190.222
190.151
190.039
189.883
189.691
189.468
189.223
188.963
188.696
188.427
188.166
187.918
187.69
187.488
187.314
187.165
187.036
186.919
186.805
186.687
186.563
186.432
186.298
186.17
186.053
185.953
185.877
185.82
185.822
215.095
213.038
210.411
209.846
209.717
209.15
208.433
207.876
207.483
207.129
206.738
206.24
205.591
204.744
203.708
202.517
201.242
199.975
198.802
197.816
197.068
196.596
196.387
196.405
196.582
196.837
197.089
197.259
197.297
197.159
196.847
196.364
195.75
195.044
194.3
193.568
192.894
192.312
191.844
191.5
191.271
191.143
191.091
191.088
191.104
191.114
191.1
191.046
190.948
190.802
190.616
190.394
190.147
189.883
189.613
189.345
189.086
188.844
188.625
188.432
188.267
188.126
188.005
187.897
187.794
187.694
187.592
187.492
187.398
187.315
187.251
187.206
187.185
187.175
187.225
218.899
216.587
213.686
212.839
212.444
211.63
210.688
209.933
209.368
208.867
208.352
207.753
207.021
206.111
205.024
203.794
202.486
201.19
199.99
198.978
198.203
197.707
197.474
197.472
197.633
197.878
198.124
198.291
198.328
198.191
197.88
197.398
196.784
196.076
195.331
194.596
193.916
193.328
192.852
192.498
192.258
192.12
192.058
192.046
192.058
192.068
192.057
192.009
191.918
191.779
191.595
191.372
191.121
190.849
190.572
190.298
190.04
189.805
189.598
189.422
189.274
189.149
189.04
188.939
188.84
188.743
188.647
188.559
188.485
188.434
188.408
188.406
188.428
188.455
188.526
222.919
219.93
216.357
215.047
214.281
213.121
211.871
210.865
210.103
209.451
208.824
208.146
207.367
206.435
205.345
204.126
202.837
201.565
200.389
199.398
198.643
198.162
197.944
197.957
198.135
198.4
198.67
198.865
198.931
198.825
198.541
198.084
197.491
196.801
196.07
195.346
194.677
194.099
193.631
193.284
193.049
192.913
192.852
192.839
192.849
192.858
192.85
192.808
192.727
192.599
192.428
192.215
191.97
191.701
191.422
191.146
190.888
190.657
190.462
190.304
190.18
190.081
189.996
189.914
189.829
189.738
189.645
189.561
189.496
189.46
189.46
189.49
189.55
189.608
189.703
229.709
225.769
221.411
219.455
218.131
216.461
214.755
213.364
212.284
211.369
210.526
209.678
208.767
207.736
206.575
205.303
203.977
202.677
201.478
200.469
199.695
199.197
198.96
198.956
199.119
199.373
199.638
199.835
199.909
199.814
199.545
199.099
198.515
197.828
197.096
196.368
195.694
195.11
194.638
194.289
194.053
193.915
193.849
193.829
193.829
193.826
193.804
193.752
193.663
193.534
193.366
193.158
192.919
192.653
192.374
192.092
191.826
191.588
191.39
191.237
191.125
191.047
190.988
190.932
190.868
190.793
190.707
190.624
190.556
190.52
190.523
190.566
190.64
190.717
190.828
234.268
229.143
223.543
220.79
218.918
216.794
214.722
213.071
211.822
210.809
209.922
209.076
208.204
207.238
206.158
204.975
203.738
202.523
201.405
200.469
199.761
199.319
199.131
199.168
199.365
199.65
199.943
200.169
200.277
200.219
199.989
199.583
199.036
198.381
197.674
196.965
196.304
195.732
195.272
194.937
194.718
194.598
194.55
194.545
194.555
194.557
194.536
194.481
194.389
194.26
194.097
193.9
193.676
193.427
193.162
192.892
192.63
192.392
192.193
192.042
191.94
191.88
191.847
191.825
191.798
191.755
191.696
191.63
191.571
191.536
191.539
191.579
191.659
191.743
191.864
243.342
236.515
229.639
225.812
223.01
220.066
217.311
215.123
213.46
212.125
210.998
209.987
209.016
208.003
206.913
205.748
204.543
203.368
202.29
201.39
200.715
200.303
200.139
200.194
200.403
200.692
200.984
201.206
201.308
201.248
201.019
200.619
200.08
199.433
198.731
198.023
197.359
196.779
196.31
195.965
195.739
195.617
195.57
195.567
195.579
195.579
195.55
195.481
195.371
195.22
195.038
194.826
194.595
194.346
194.087
193.823
193.567
193.33
193.126
192.967
192.857
192.794
192.768
192.763
192.762
192.753
192.73
192.697
192.664
192.644
192.65
192.689
192.755
192.833
192.952
246.75
237.183
228.209
223.669
220.658
217.582
214.788
212.679
211.161
209.988
209.026
208.182
207.382
206.545
205.634
204.647
203.617
202.608
201.684
200.923
200.371
200.066
199.997
200.136
200.418
200.769
201.114
201.376
201.51
201.474
201.267
200.89
200.377
199.762
199.096
198.424
197.794
197.244
196.798
196.473
196.264
196.159
196.131
196.153
196.192
196.22
196.215
196.163
196.06
195.906
195.715
195.493
195.255
195.009
194.763
194.523
194.295
194.086
193.903
193.755
193.646
193.579
193.549
193.55
193.569
193.598
193.627
193.655
193.683
193.714
193.756
193.808
193.882
193.951
194.074
256.457
242.773
231.4
225.072
220.777
216.915
213.708
211.42
209.882
208.804
208.005
207.355
206.757
206.119
205.405
204.616
203.784
202.969
202.23
201.637
201.229
201.045
201.073
201.288
201.63
202.028
202.406
202.686
202.82
202.768
202.532
202.119
201.571
200.928
200.245
199.567
198.937
198.388
197.939
197.603
197.376
197.248
197.2
197.207
197.239
197.267
197.267
197.215
197.105
196.933
196.71
196.45
196.174
195.897
195.637
195.399
195.189
195.004
194.843
194.705
194.589
194.499
194.437
194.411
194.42
194.465
194.54
194.638
194.747
194.858
194.961
195.054
195.133
195.195
195.324
244.547
232.493
222.814
217.656
214.306
211.45
209.163
207.555
206.495
205.793
205.317
204.934
204.546
204.069
203.488
202.826
202.132
201.478
200.917
200.513
200.293
200.282
200.464
200.817
201.283
201.793
202.273
202.643
202.848
202.846
202.637
202.235
201.693
201.059
200.397
199.756
199.175
198.681
198.284
197.989
197.789
197.679
197.643
197.663
197.715
197.772
197.807
197.792
197.712
197.557
197.337
197.066
196.774
196.484
196.223
196.003
195.828
195.69
195.576
195.471
195.366
195.264
195.175
195.119
195.115
195.176
195.306
195.49
195.708
195.928
196.124
196.273
196.391
196.453
196.618
224.699
209.374
202.839
200.25
199.157
198.408
198.263
198.906
199.941
200.978
201.894
202.625
203.106
203.29
203.195
202.898
202.491
202.079
201.737
201.533
201.492
201.631
201.933
202.373
202.902
203.455
203.96
204.338
204.533
204.499
204.237
203.767
203.147
202.442
201.721
201.039
200.435
199.929
199.523
199.214
198.99
198.846
198.77
198.749
198.768
198.801
198.822
198.799
198.711
198.543
198.301
197.997
197.667
197.341
197.055
196.827
196.661
196.543
196.45
196.355
196.241
196.109
195.976
195.876
195.845
195.912
196.085
196.349
196.666
196.988
197.266
197.473
197.607
197.671
197.894
186.769
183.249
175.189
180.05
187.015
190.516
192.049
193.455
195.062
196.579
197.893
198.955
199.728
200.158
200.275
200.163
199.933
199.707
199.562
199.574
199.754
200.121
200.641
201.287
202.001
202.718
203.365
203.861
204.152
204.191
203.986
203.556
202.972
202.298
201.615
200.977
200.426
199.976
199.626
199.367
199.184
199.071
199.017
199.013
199.048
199.099
199.141
199.144
199.084
198.942
198.721
198.435
198.118
197.805
197.536
197.329
197.193
197.105
197.039
196.96
196.847
196.701
196.548
196.432
196.403
196.497
196.726
197.067
197.469
197.864
198.196
198.42
198.573
198.614
199.012
148.722
162.212
169.085
177.333
184.528
188.984
191.889
194.454
196.913
199.049
200.746
201.982
202.782
203.153
203.161
202.911
202.53
202.147
201.854
201.733
201.803
202.084
202.539
203.132
203.796
204.456
205.035
205.451
205.655
205.605
205.314
204.808
204.155
203.423
202.687
202.002
201.406
200.915
200.526
200.232
200.017
199.873
199.786
199.748
199.745
199.756
199.761
199.728
199.639
199.477
199.244
198.953
198.636
198.325
198.057
197.847
197.701
197.596
197.505
197.395
197.25
197.076
196.904
196.783
196.765
196.884
197.145
197.514
197.932
198.322
198.623
198.798
198.881
198.855
199.214
147.75
158.978
165.65
171.569
177.106
181.788
185.669
189.024
191.987
194.502
196.538
198.081
199.168
199.829
200.134
200.174
200.055
199.898
199.795
199.839
200.065
200.504
201.124
201.883
202.705
203.503
204.197
204.707
204.99
205.013
204.798
204.371
203.799
203.142
202.47
201.832
201.268
200.799
200.428
200.154
199.964
199.849
199.793
199.782
199.797
199.818
199.824
199.791
199.708
199.56
199.357
199.107
198.839
198.575
198.344
198.154
198.007
197.882
197.761
197.619
197.453
197.276
197.122
197.035
197.059
197.21
197.484
197.836
198.204
198.513
198.711
198.773
198.74
198.63
198.73
156.046
163.976
170.258
175.551
180.464
184.967
188.923
192.331
195.261
197.702
199.655
201.115
202.133
202.75
203.03
203.047
202.886
202.658
202.452
202.375
202.476
202.796
203.308
203.97
204.698
205.403
205.999
206.413
206.608
206.56
206.293
205.831
205.231
204.542
203.825
203.124
202.482
201.925
201.468
201.119
200.868
200.706
200.611
200.562
200.534
200.504
200.454
200.366
200.236
200.058
199.844
199.601
199.349
199.1
198.869
198.656
198.462
198.271
198.077
197.874
197.672
197.489
197.358
197.309
197.366
197.525
197.769
198.044
198.299
198.471
198.529
198.469
198.328
198.156
198.104
164.691
169.8
173.91
178.224
182.424
186.224
189.615
192.617
195.241
197.448
199.24
200.611
201.598
202.227
202.547
202.617
202.509
202.327
202.157
202.106
202.224
202.555
203.072
203.734
204.456
205.154
205.75
206.174
206.397
206.397
206.195
205.805
205.276
204.642
203.959
203.269
202.616
202.038
201.559
201.193
200.938
200.781
200.696
200.657
200.633
200.6
200.542
200.447
200.318
200.154
199.97
199.768
199.561
199.348
199.132
198.907
198.675
198.432
198.187
197.949
197.743
197.588
197.509
197.515
197.606
197.759
197.942
198.106
198.212
198.225
198.14
197.975
197.775
197.589
197.546
177.489
180.447
183.234
186.413
189.556
192.407
195.011
197.392
199.528
201.356
202.863
204.021
204.842
205.329
205.523
205.479
205.269
204.994
204.737
204.595
204.611
204.823
205.204
205.718
206.291
206.849
207.325
207.658
207.82
207.785
207.564
207.162
206.617
205.954
205.226
204.474
203.749
203.093
202.538
202.103
201.785
201.574
201.439
201.352
201.281
201.202
201.1
200.97
200.816
200.641
200.456
200.259
200.055
199.831
199.586
199.312
199.016
198.706
198.407
198.14
197.936
197.809
197.77
197.805
197.893
197.993
198.072
198.089
198.027
197.882
197.675
197.439
197.233
197.069
197.087
186.826
188.429
189.77
192.177
194.726
196.927
198.895
200.733
202.431
203.909
205.139
206.078
206.72
207.056
207.121
206.968
206.669
206.317
205.987
205.765
205.684
205.778
206.024
206.396
206.833
207.278
207.671
207.956
208.1
208.07
207.866
207.482
206.948
206.288
205.552
204.784
204.038
203.358
202.777
202.315
201.97
201.73
201.567
201.455
201.362
201.268
201.16
201.033
200.891
200.735
200.57
200.389
200.188
199.954
199.684
199.374
199.041
198.704
198.396
198.144
197.975
197.894
197.892
197.937
197.995
198.019
197.98
197.857
197.657
197.404
197.137
196.9
196.735
196.639
196.731
197.976
198.59
199.177
200.808
202.563
203.983
205.228
206.434
207.591
208.616
209.471
210.106
210.502
210.638
210.537
210.238
209.805
209.317
208.841
208.453
208.186
208.079
208.117
208.289
208.545
208.839
209.115
209.313
209.396
209.32
209.078
208.658
208.087
207.387
206.61
205.8
205.011
204.285
203.653
203.135
202.728
202.423
202.197
202.026
201.885
201.754
201.623
201.483
201.334
201.171
200.993
200.787
200.551
200.272
199.953
199.599
199.234
198.884
198.584
198.355
198.214
198.148
198.139
198.141
198.119
198.032
197.867
197.625
197.335
197.035
196.776
196.591
196.519
196.514
196.671
206.775
206.853
206.725
207.847
209.114
209.995
210.691
211.389
212.096
212.731
213.257
213.623
213.802
213.761
213.503
213.056
212.464
211.801
211.126
210.519
210.022
209.682
209.5
209.472
209.561
209.718
209.888
210.008
210.031
209.908
209.627
209.174
208.573
207.849
207.049
206.219
205.406
204.652
203.985
203.424
202.968
202.613
202.341
202.132
201.964
201.821
201.688
201.552
201.406
201.238
201.045
200.815
200.546
200.234
199.891
199.528
199.174
198.853
198.59
198.397
198.275
198.203
198.151
198.083
197.966
197.781
197.532
197.241
196.946
196.692
196.521
196.455
196.495
196.589
196.81
216.93
216.473
215.797
216.335
216.993
217.262
217.372
217.537
217.773
217.999
218.184
218.255
218.191
217.924
217.461
216.796
215.98
215.072
214.137
213.267
212.499
211.914
211.496
211.276
211.19
211.213
211.267
211.294
211.24
211.048
210.714
210.206
209.567
208.797
207.962
207.087
206.232
205.425
204.7
204.077
203.557
203.143
202.815
202.565
202.364
202.199
202.047
201.893
201.724
201.524
201.292
201.017
200.71
200.367
200.012
199.654
199.323
199.026
198.786
198.593
198.444
198.313
198.177
198.01
197.799
197.546
197.266
196.994
196.762
196.611
196.561
196.609
196.754
196.915
197.173
225.985
225.172
223.977
224.055
224.243
224.015
223.632
223.349
223.174
223.051
222.903
222.697
222.347
221.826
221.086
220.154
219.056
217.858
216.645
215.483
214.469
213.625
213.012
212.593
212.365
212.252
212.204
212.148
212.017
211.777
211.38
210.841
210.146
209.346
208.458
207.542
206.631
205.772
204.992
204.313
203.748
203.288
202.931
202.652
202.435
202.251
202.082
201.906
201.708
201.48
201.214
200.919
200.595
200.26
199.92
199.596
199.291
199.021
198.777
198.561
198.355
198.151
197.932
197.693
197.439
197.18
196.943
196.751
196.633
196.601
196.661
196.794
196.985
197.158
197.424
236.343
235.064
233.323
232.842
232.475
231.714
230.831
230.085
229.492
228.972
228.464
227.896
227.208
226.334
225.256
223.978
222.544
221.023
219.495
218.052
216.763
215.695
214.863
214.275
213.888
213.653
213.498
213.351
213.148
212.832
212.378
211.767
211.016
210.142
209.192
208.203
207.227
206.303
205.465
204.736
204.125
203.632
203.242
202.937
202.689
202.474
202.268
202.052
201.815
201.548
201.257
200.943
200.619
200.29
199.968
199.654
199.354
199.064
198.783
198.505
198.229
197.951
197.675
197.407
197.159
196.947
196.785
196.688
196.662
196.704
196.805
196.941
197.102
197.224
197.465
246.357
244.608
242.227
241.174
240.285
239.013
237.637
236.425
235.39
234.447
233.528
232.557
231.473
230.211
228.755
227.113
225.335
223.495
221.675
219.972
218.454
217.19
216.192
215.465
214.964
214.635
214.4
214.181
213.912
213.53
213.011
212.332
211.513
210.571
209.556
208.508
207.479
206.511
205.637
204.881
204.247
203.733
203.321
202.989
202.711
202.461
202.217
201.965
201.696
201.407
201.105
200.792
200.476
200.157
199.84
199.52
199.199
198.873
198.544
198.216
197.895
197.59
197.31
197.067
196.867
196.718
196.622
196.578
196.576
196.607
196.656
196.707
196.765
196.791
196.966
258.132
255.782
252.722
250.986
249.448
247.557
245.587
243.802
242.216
240.738
239.302
237.83
236.263
234.539
232.645
230.592
228.432
226.245
224.115
222.14
220.388
218.923
217.755
216.883
216.253
215.806
215.459
215.131
214.755
214.267
213.645
212.87
211.963
210.948
209.873
208.782
207.725
206.742
205.861
205.101
204.461
203.936
203.503
203.142
202.824
202.529
202.24
201.944
201.639
201.322
200.997
200.665
200.329
199.986
199.637
199.278
198.913
198.545
198.183
197.836
197.516
197.232
196.992
196.799
196.651
196.543
196.465
196.407
196.356
196.302
196.237
196.16
196.078
196.01
195.957
269.537
266.404
262.45
259.899
257.61
254.997
252.338
249.906
247.714
245.669
243.7
241.732
239.71
237.572
235.303
232.918
230.471
228.043
225.714
223.582
221.706
220.143
218.89
217.937
217.222
216.678
216.222
215.771
215.263
214.644
213.894
213.007
212.007
210.924
209.808
208.699
207.645
206.676
205.816
205.075
204.446
203.919
203.472
203.085
202.734
202.403
202.079
201.754
201.425
201.089
200.747
200.397
200.04
199.673
199.298
198.918
198.541
198.174
197.829
197.514
197.235
196.994
196.791
196.617
196.464
196.321
196.177
196.022
195.851
195.661
195.454
195.237
195.012
194.825
194.446
284.143
280.013
275.113
271.461
268.032
264.307
260.594
257.191
254.113
251.263
248.566
245.946
243.345
240.698
237.989
235.235
232.486
229.819
227.307
225.036
223.05
221.391
220.042
218.977
218.128
217.426
216.789
216.148
215.449
214.655
213.758
212.762
211.698
210.597
209.503
208.451
207.474
206.592
205.812
205.136
204.55
204.04
203.584
203.167
202.77
202.384
201.999
201.61
201.216
200.814
200.407
199.992
199.574
199.154
198.741
198.339
197.957
197.603
197.28
196.989
196.73
196.496
196.28
196.074
195.869
195.66
195.441
195.211
194.972
194.724
194.471
194.216
193.952
193.711
193.197
296.758
291.2
284.713
279.81
275.345
270.667
266.062
261.839
258.015
254.489
251.188
248.039
244.986
241.973
238.989
236.053
233.21
230.526
228.058
225.865
223.966
222.372
221.047
219.949
219.005
218.151
217.32
216.46
215.54
214.544
213.482
212.368
211.235
210.112
209.032
208.017
207.083
206.238
205.48
204.802
204.191
203.633
203.115
202.627
202.157
201.701
201.254
200.813
200.378
199.948
199.526
199.112
198.711
198.326
197.961
197.618
197.301
197.007
196.735
196.48
196.238
196.003
195.771
195.539
195.305
195.068
194.83
194.591
194.355
194.12
193.884
193.646
193.393
193.136
192.628
315.567
307.75
298.79
291.178
284.267
277.598
271.434
265.992
261.195
256.879
252.928
249.252
245.781
242.463
239.283
236.255
233.406
230.775
228.385
226.258
224.383
222.743
221.293
219.992
218.786
217.633
216.498
215.361
214.215
213.062
211.918
210.796
209.719
208.699
207.751
206.877
206.08
205.354
204.691
204.083
203.517
202.985
202.479
201.993
201.521
201.061
200.612
200.172
199.743
199.326
198.922
198.533
198.162
197.809
197.474
197.157
196.856
196.567
196.289
196.019
195.756
195.497
195.244
194.997
194.756
194.523
194.299
194.083
193.874
193.671
193.467
193.26
193.041
192.807
192.406
326.676
316.314
305.091
296.253
288.324
280.631
273.554
267.314
261.789
256.809
252.271
248.102
244.251
240.685
237.392
234.372
231.625
229.148
226.927
224.947
223.175
221.582
220.129
218.785
217.52
216.313
215.147
214.015
212.916
211.851
210.826
209.845
208.913
208.031
207.2
206.42
205.686
204.994
204.34
203.72
203.128
202.563
202.021
201.5
200.998
200.516
200.053
199.607
199.181
198.773
198.383
198.012
197.659
197.321
197
196.691
196.394
196.108
195.832
195.565
195.306
195.057
194.817
194.587
194.367
194.156
193.953
193.759
193.57
193.385
193.203
193.02
192.836
192.643
192.38
352.925
329.634
311.316
297.351
285.964
276.464
268.561
261.942
256.304
251.428
247.162
243.393
240.038
237.033
234.327
231.88
229.652
227.617
225.737
223.997
222.364
220.83
219.373
217.989
216.667
215.406
214.2
213.05
211.955
210.913
209.925
208.987
208.099
207.256
206.457
205.699
204.979
204.293
203.641
203.019
202.426
201.861
201.321
200.806
200.316
199.847
199.4
198.973
198.566
198.176
197.804
197.447
197.105
196.777
196.461
196.158
195.866
195.586
195.317
195.059
194.812
194.575
194.349
194.132
193.924
193.723
193.531
193.346
193.168
192.998
192.836
192.686
192.549
192.422
192.299
-114.186
-105.96
-97.9355
-92.5324
-87.5559
-82.3401
-77.1434
-72.143
-67.277
-62.5208
-57.8325
-53.2178
-48.641
-44.1091
-39.5972
-35.1193
-30.6459
-26.1626
-21.6776
-17.2373
-12.8234
-8.46205
-4.13513
0.128292
4.34996
8.50071
12.6028
16.6254
20.5914
24.4696
28.2842
32.0067
35.6782
39.3607
43.1399
46.8931
50.6283
54.2956
57.9136
61.4569
64.9465
68.3541
71.6998
74.9564
78.1445
81.2387
84.2683
87.2543
90.3629
93.599
96.8366
100.015
103.111
106.102
109.01
111.812
114.525
117.126
119.664
122.215
124.976
127.871
130.699
133.374
135.868
138.18
140.431
142.86
145.171
147.644
117.681
120.325
120.698
120.119
119.818
119.745
119.688
119.614
119.557
119.523
119.516
119.522
119.548
119.578
119.614
119.64
119.667
119.688
119.713
119.733
119.759
119.786
119.822
119.863
119.917
119.976
120.049
120.125
120.214
120.304
120.404
120.502
120.617
120.727
120.882
121.05
121.228
121.401
121.584
121.763
121.953
122.136
122.329
122.512
122.702
122.881
123.071
123.276
123.499
123.778
124.113
124.439
124.76
125.06
125.36
125.636
125.906
126.147
126.417
126.694
126.997
127.396
127.861
128.276
128.629
128.908
129.297
129.53
129.637
129.898
52.1304
53.781
54.9451
55.8657
56.8626
57.9223
58.9957
60.0615
61.1376
62.2202
63.3207
64.4313
65.5625
66.7045
67.8673
69.0401
70.2337
71.4384
72.6648
73.9013
75.1547
76.4172
77.6955
78.9824
80.2819
81.5854
82.8956
84.2032
85.5113
86.8109
88.1071
89.3923
90.6674
91.973
93.3187
94.6453
95.9737
97.2977
98.6226
99.9371
101.247
102.542
103.829
105.096
106.351
107.584
108.804
110.008
111.303
112.667
114.002
115.311
116.607
117.873
119.115
120.319
121.491
122.62
123.715
124.829
126.112
127.472
128.756
129.961
131.095
132.142
133.111
134.225
135.464
136.415
139.736
140.263
140.473
140.601
140.773
140.951
141.113
141.256
141.393
141.524
141.657
141.786
141.917
142.043
142.168
142.287
142.4
142.504
142.605
142.698
142.791
142.879
142.973
143.061
143.158
143.253
143.358
143.461
143.579
143.694
143.826
143.958
144.104
144.23
144.356
144.464
144.587
144.712
144.856
144.999
145.159
145.32
145.499
145.678
145.878
146.079
146.303
146.52
146.733
146.923
147.111
147.303
147.523
147.746
147.989
148.23
148.49
148.75
149.031
149.295
149.565
149.808
150.057
150.324
150.627
150.943
151.266
151.566
151.852
152.054
109.815
111.023
112.278
113.439
114.555
115.65
116.704
117.717
118.693
119.634
120.551
121.447
122.324
123.173
123.997
124.796
125.569
126.314
127.037
127.737
128.427
129.103
129.779
130.446
131.117
131.778
132.445
133.101
133.761
134.411
135.067
135.714
136.363
137.011
137.668
138.307
138.956
139.6
140.252
140.895
141.546
142.187
142.836
143.475
144.121
144.759
145.406
146.038
146.696
147.348
147.989
148.625
149.274
149.913
150.557
151.187
151.824
152.449
153.077
153.695
154.362
155.013
155.646
156.276
156.917
157.547
158.148
158.801
159.486
160.02
145.332
145.88
146.465
147.018
147.569
148.115
148.65
149.161
149.658
150.14
150.619
151.087
151.557
152.026
152.496
152.954
153.408
153.849
154.286
154.715
155.141
155.561
155.981
156.397
156.815
157.231
157.65
158.069
158.491
158.914
159.34
159.768
160.197
160.613
161.015
161.406
161.801
162.199
162.6
163.002
163.408
163.815
164.227
164.641
165.061
165.486
165.92
166.347
166.754
167.129
167.495
167.869
168.257
168.649
169.051
169.456
169.872
170.296
170.733
171.151
171.532
171.87
172.212
172.587
172.998
173.438
173.888
174.3
174.69
174.994
130.912
131.82
132.927
133.996
135.025
136.03
137.001
137.931
138.831
139.704
140.568
141.422
142.269
143.094
143.904
144.691
145.46
146.204
146.933
147.647
148.358
149.067
149.78
150.495
151.216
151.936
152.659
153.38
154.102
154.821
155.542
156.262
156.982
157.699
158.41
159.111
159.818
160.526
161.237
161.947
162.66
163.371
164.085
164.799
165.517
166.236
166.961
167.679
168.393
169.087
169.768
170.458
171.157
171.856
172.561
173.265
173.976
174.691
175.411
176.118
176.815
177.476
178.133
178.814
179.519
180.245
180.962
181.686
182.411
183.004
150.959
151.431
152.126
152.81
153.469
154.101
154.719
155.313
155.904
156.493
157.099
157.707
158.336
158.97
159.618
160.259
160.904
161.542
162.181
162.816
163.452
164.087
164.724
165.363
166.004
166.651
167.3
167.955
168.612
169.274
169.937
170.606
171.273
171.932
172.575
173.212
173.85
174.495
175.139
175.788
176.436
177.091
177.746
178.408
179.071
179.743
180.419
181.094
181.742
182.364
182.971
183.594
184.223
184.86
185.5
186.151
186.807
187.478
188.155
188.817
189.433
190.008
190.582
191.196
191.839
192.52
193.207
193.867
194.515
195.044
145.188
145.795
146.683
147.516
148.292
149.016
149.72
150.39
151.065
151.737
152.439
153.149
153.885
154.616
155.36
156.099
156.847
157.591
158.348
159.114
159.9
160.7
161.517
162.349
163.19
164.042
164.896
165.759
166.622
167.493
168.364
169.247
170.126
171.008
171.874
172.741
173.606
174.483
175.355
176.237
177.115
178.004
178.889
179.786
180.68
181.588
182.495
183.405
184.293
185.164
186.015
186.884
187.755
188.637
189.518
190.413
191.309
192.222
193.134
194.038
194.903
195.735
196.558
197.42
198.305
199.231
200.152
201.074
201.994
202.755
156.677
156.973
157.535
158.068
158.568
159.039
159.526
160.013
160.541
161.1
161.716
162.368
163.07
163.798
164.557
165.327
166.116
166.911
167.718
168.533
169.355
170.188
171.028
171.88
172.738
173.609
174.483
175.37
176.257
177.155
178.052
178.961
179.865
180.768
181.65
182.532
183.412
184.305
185.193
186.093
186.989
187.898
188.804
189.724
190.641
191.574
192.507
193.442
194.348
195.231
196.093
196.975
197.859
198.756
199.653
200.565
201.48
202.414
203.35
204.275
205.148
205.984
206.813
207.691
208.599
209.556
210.519
211.468
212.41
213.185
158.748
159.052
159.639
160.148
160.591
160.985
161.399
161.816
162.29
162.804
163.389
164.011
164.692
165.399
166.15
166.92
167.724
168.546
169.399
170.277
171.181
172.109
173.054
174.018
174.99
175.977
176.967
177.971
178.975
179.994
181.013
182.049
183.08
184.116
185.134
186.155
187.173
188.206
189.234
190.276
191.314
192.367
193.416
194.482
195.543
196.624
197.701
198.785
199.84
200.878
201.893
202.93
203.966
205.02
206.072
207.143
208.215
209.309
210.402
211.484
212.517
213.513
214.495
215.513
216.555
217.635
218.726
219.795
220.868
221.756
169.287
169.5
169.963
170.36
170.717
171.067
171.474
171.92
172.44
173.01
173.657
174.354
175.111
175.9
176.729
177.579
178.457
179.352
180.263
181.187
182.12
183.064
184.014
184.975
185.94
186.916
187.895
188.885
189.877
190.879
191.883
192.899
193.913
194.925
195.921
196.915
197.909
198.915
199.919
200.934
201.95
202.977
204.004
205.045
206.087
207.143
208.201
209.262
210.297
211.31
212.304
213.316
214.333
215.365
216.401
217.453
218.512
219.591
220.674
221.747
222.774
223.767
224.756
225.789
226.853
227.963
229.077
230.182
231.298
232.221
176.566
176.976
177.672
178.322
178.937
179.568
180.252
180.978
181.763
182.602
183.494
184.419
185.373
186.344
187.322
188.301
189.274
190.241
191.2
192.157
193.112
194.072
195.035
196.005
196.981
197.962
198.946
199.935
200.926
201.92
202.918
203.921
204.924
205.921
206.908
207.888
208.873
209.863
210.858
211.858
212.863
213.874
214.89
215.913
216.942
217.978
219.022
220.063
221.086
222.086
223.071
224.068
225.074
226.089
227.113
228.146
229.19
230.245
231.309
232.356
233.371
234.343
235.311
236.308
237.339
238.408
239.478
240.55
241.637
242.523
190.999
191.813
193.009
194.186
195.322
196.469
197.627
198.787
199.93
201.053
202.146
203.212
204.241
205.235
206.193
207.122
208.028
208.915
209.793
210.663
211.536
212.406
213.281
214.153
215.029
215.9
216.774
217.643
218.516
219.384
220.261
221.135
222.015
222.883
223.75
224.603
225.467
226.329
227.201
228.071
228.952
229.831
230.722
231.611
232.513
233.415
234.331
235.237
236.135
237.008
237.875
238.746
239.635
240.526
241.431
242.34
243.265
244.195
245.139
246.063
246.966
247.835
248.707
249.603
250.536
251.485
252.431
253.369
254.341
255.13
201.511
202.463
203.897
205.317
206.676
208.009
209.305
210.545
211.722
212.846
213.921
214.956
215.961
216.943
217.908
218.86
219.805
220.74
221.674
222.598
223.522
224.438
225.354
226.261
227.167
228.065
228.964
229.855
230.75
231.638
232.532
233.421
234.315
235.195
236.076
236.94
237.812
238.68
239.556
240.426
241.305
242.178
243.061
243.94
244.828
245.714
246.611
247.496
248.376
249.235
250.088
250.94
251.809
252.675
253.555
254.433
255.325
256.218
257.124
258.008
258.88
259.718
260.555
261.406
262.294
263.194
264.113
265.017
265.974
266.748
217.645
218.234
219.319
220.383
221.384
222.345
223.294
224.21
225.121
226.024
226.947
227.88
228.835
229.797
230.771
231.743
232.717
233.684
234.649
235.607
236.564
237.518
238.473
239.425
240.381
241.334
242.291
243.246
244.203
245.16
246.12
247.08
248.04
248.993
249.943
250.882
251.823
252.764
253.708
254.652
255.598
256.544
257.494
258.443
259.397
260.353
261.313
262.264
263.205
264.133
265.047
265.962
266.887
267.814
268.748
269.683
270.627
271.575
272.528
273.463
274.381
275.275
276.16
277.065
277.997
278.956
279.883
280.822
281.772
282.467
226.767
227.28
228.287
229.278
230.218
231.14
232.071
232.992
233.925
234.866
235.831
236.809
237.803
238.799
239.799
240.791
241.781
242.761
243.741
244.716
245.694
246.67
247.652
248.634
249.622
250.609
251.601
252.593
253.589
254.584
255.585
256.586
257.587
258.585
259.587
260.575
261.567
262.561
263.559
264.557
265.56
266.564
267.573
268.584
269.6
270.619
271.643
272.659
273.672
274.681
275.672
276.664
277.666
278.67
279.681
280.693
281.714
282.738
283.766
284.777
285.785
286.775
287.746
288.726
289.734
290.75
291.781
292.798
293.875
294.698
252.224
252.774
253.809
254.841
255.813
256.761
257.701
258.624
259.544
260.461
261.388
262.314
263.248
264.176
265.105
266.024
266.941
267.851
268.762
269.668
270.58
271.488
272.402
273.314
274.231
275.144
276.063
276.978
277.898
278.814
279.736
280.655
281.575
282.49
283.414
284.324
285.238
286.15
287.068
287.983
288.905
289.824
290.75
291.674
292.605
293.536
294.473
295.398
296.327
297.258
298.173
299.085
300.008
300.931
301.862
302.794
303.734
304.677
305.622
306.55
307.487
308.418
309.327
310.246
311.183
312.143
313.056
314.023
315.047
315.736
261.975
262.412
263.363
264.286
265.132
265.946
266.756
267.551
268.35
269.148
269.96
270.774
271.599
272.42
273.247
274.067
274.892
275.714
276.547
277.379
278.224
279.071
279.932
280.795
281.672
282.551
283.442
284.336
285.242
286.151
287.073
287.998
288.927
289.864
290.825
291.77
292.722
293.677
294.644
295.611
296.59
297.568
298.557
299.546
300.545
301.546
302.554
303.548
304.572
305.614
306.626
307.63
308.647
309.665
310.691
311.716
312.75
313.782
314.808
315.818
316.879
317.942
318.944
319.938
320.948
321.957
322.929
323.97
325.113
325.889
303.545
303.127
302.754
302.552
302.443
302.376
302.364
302.403
302.507
302.665
302.888
303.159
303.488
303.86
304.285
304.745
305.249
305.798
306.404
307.042
307.723
308.434
309.186
309.964
310.78
311.619
312.491
313.384
314.307
315.249
316.225
317.196
318.061
319.078
320.276
321.344
322.401
323.475
324.573
325.677
326.801
327.932
329.081
330.238
331.419
332.612
333.747
334.69
335.974
337.509
338.778
339.997
341.258
342.536
343.836
345.15
346.503
347.858
349
350.038
351.738
353.638
355.099
356.527
358.048
359.511
360.321
362.511
365.114
365.248
-73.5346
-87.1856
-93.3396
-100.351
-108.974
-117.808
-126.015
-133.02
-138.108
-139.918
-142.842
-153.325
-157.593
-159.824
-162.572
-165.489
-168.204
-170.704
-173.058
-175.246
-177.277
-179.128
-180.814
-182.316
-183.648
-184.791
-185.755
-186.528
-187.199
-187.806
-187.064
-190.332
-192.973
-193.635
-194.068
-194.659
-195.217
-195.647
-195.988
-196.238
-196.41
-196.488
-196.485
-196.389
-196.212
-195.943
-195.594
-195.154
-194.636
-194.026
-193.339
-192.563
-191.709
-190.768
-189.749
-188.644
-187.462
-186.193
-184.847
-183.461
-182.238
-179.962
-179.28
-178.529
-177.132
-175.596
-174.078
-172.51
-170.876
-169.182
-167.45
-165.68
-163.879
-162.041
-160.174
-158.273
-156.349
-154.398
-152.426
-150.431
-148.421
-146.392
-144.352
-142.298
-140.236
-138.166
-136.092
-134.014
-131.936
-129.858
-127.784
-125.716
-123.653
-121.599
-119.555
-117.527
-115.524
-113.549
-111.282
-107.488
186.34
187.041
187.267
187.665
188.142
188.54
188.767
188.757
188.486
188.087
187.408
186.706
186.391
186.08
185.63
185.083
184.457
183.759
182.982
182.133
181.207
180.214
179.149
178.021
176.825
175.571
174.256
172.887
171.457
170.062
168.739
167.417
166.336
165.374
164.364
163.304
162.214
161.106
159.974
158.826
157.655
156.472
155.27
154.06
152.836
151.608
150.371
149.133
147.89
146.651
145.411
144.177
142.945
141.723
140.506
139.301
138.106
136.925
135.757
134.604
133.498
132.477
131.377
130.415
129.563
128.722
127.875
127.043
126.231
125.444
124.686
123.964
123.279
122.628
122.011
121.429
120.884
120.377
119.907
119.475
119.082
118.728
118.414
118.139
117.905
117.71
117.555
117.434
117.35
117.298
117.282
117.296
117.344
117.422
117.528
117.659
117.817
117.997
118.255
118.229
58.4372
56.8404
55.359
53.8297
52.2916
50.798
49.3734
48.0382
46.8172
45.7088
44.6326
43.5927
42.5548
41.5617
40.6155
39.7108
38.845
38.02
37.2345
36.4888
35.7808
35.1113
34.4781
33.8825
33.3225
32.7997
32.312
31.8609
31.4438
31.0712
30.6917
30.3178
29.9595
29.6346
29.3425
29.0821
28.8492
28.6465
28.4706
28.3234
28.2011
28.106
28.0346
27.9898
27.9681
27.973
28.0007
28.055
28.1315
28.2338
28.3574
28.5056
28.6736
28.865
29.0748
29.3068
29.556
29.8265
30.1132
30.4198
30.7484
31.0855
31.4277
31.8013
32.1964
32.6086
33.0309
33.4697
33.9192
34.384
34.8576
35.3446
35.8385
36.3438
36.8544
37.375
37.8992
38.4322
38.9676
39.5104
40.0545
40.6042
41.1541
41.7078
42.2602
42.8143
43.3676
43.9254
44.488
45.0605
45.6411
46.2319
46.8324
47.4437
48.0681
48.7033
49.3554
50.0208
50.7178
51.1215
125.472
125.71
125.899
126.127
126.371
126.603
126.813
126.989
127.12
127.211
127.298
127.427
127.576
127.709
127.825
127.929
128.022
128.104
128.174
128.234
128.28
128.317
128.34
128.353
128.353
128.344
128.322
128.292
128.25
128.203
128.17
128.179
128.217
128.256
128.285
128.311
128.334
128.357
128.377
128.396
128.412
128.428
128.44
128.455
128.466
128.48
128.493
128.51
128.526
128.549
128.57
128.599
128.627
128.662
128.697
128.739
128.782
128.833
128.885
128.946
129.009
129.093
129.191
129.315
129.444
129.582
129.721
129.871
130.024
130.19
130.359
130.541
130.727
130.926
131.129
131.347
131.569
131.806
132.049
132.309
132.574
132.857
133.147
133.454
133.768
134.1
134.44
134.797
135.159
135.534
135.91
136.296
136.681
137.074
137.467
137.866
138.265
138.657
139.058
139.402
88.6433
88.0947
87.584
87.0597
86.5375
86.0308
85.5472
85.0893
84.6654
84.2752
83.9025
83.5468
83.2019
82.8747
82.5671
82.2774
82.006
81.7532
81.5193
81.3044
81.1083
80.9311
80.7722
80.632
80.5097
80.4061
80.3202
80.2531
80.2036
80.1744
80.1528
80.1455
80.1507
80.1716
80.2083
80.2621
80.331
80.4165
80.517
80.6339
80.7651
80.9121
81.0728
81.2488
81.4382
81.6429
81.8608
82.0942
82.3408
82.6031
82.8782
83.1688
83.4719
83.7899
84.1197
84.4639
84.8191
85.1882
85.5677
85.9604
86.3642
86.7775
87.2038
87.6458
88.0959
88.557
89.0256
89.506
89.9937
90.4929
90.9988
91.5158
92.0387
92.5725
93.1113
93.6607
94.214
94.7777
95.3442
95.9207
96.4992
97.0878
97.6773
98.2767
98.8761
99.4866
100.096
100.716
101.334
101.963
102.589
103.233
103.878
104.543
105.212
105.905
106.609
107.339
108.098
108.746
104.423
104.587
104.744
104.914
105.096
105.281
105.469
105.656
105.843
106.027
106.219
106.423
106.639
106.856
107.078
107.304
107.537
107.774
108.019
108.269
108.526
108.788
109.057
109.331
109.611
109.897
110.188
110.484
110.786
111.093
111.411
111.746
112.095
112.449
112.808
113.173
113.546
113.925
114.31
114.701
115.099
115.501
115.91
116.322
116.74
117.162
117.59
118.022
118.459
118.9
119.348
119.799
120.255
120.715
121.18
121.647
122.119
122.593
123.072
123.552
124.035
124.522
125.017
125.516
126.019
126.522
127.027
127.534
128.043
128.555
129.07
129.587
130.106
130.627
131.15
131.676
132.203
132.733
133.265
133.801
134.339
134.882
135.427
135.978
136.53
137.088
137.648
138.212
138.777
139.345
139.915
140.485
141.052
141.618
142.177
142.728
143.268
143.787
144.302
144.733
93.1065
93.0048
92.9246
92.8436
92.7708
92.7095
92.6629
92.6292
92.6135
92.6125
92.6227
92.6383
92.6642
92.6983
92.7453
92.8006
92.869
92.9464
93.0381
93.1395
93.2558
93.3821
93.5237
93.6755
93.8428
94.0204
94.2136
94.4174
94.6369
94.8674
95.1097
95.3593
95.6225
95.8949
96.1821
96.4792
96.7913
97.1132
97.4499
97.7959
98.156
98.5247
98.9065
99.2962
99.6985
100.108
100.53
100.96
101.401
101.85
102.311
102.779
103.258
103.743
104.239
104.741
105.252
105.769
106.294
106.823
107.362
107.901
108.449
109.002
109.561
110.121
110.688
111.256
111.83
112.407
112.987
113.57
114.155
114.743
115.332
115.923
116.514
117.106
117.698
118.29
118.881
119.472
120.061
120.649
121.234
121.819
122.401
122.982
123.558
124.135
124.705
125.277
125.846
126.42
126.995
127.583
128.18
128.797
129.441
129.999
94.7662
94.9234
95.0912
95.2712
95.4678
95.6788
95.9053
96.1449
96.3995
96.6655
96.9435
97.2302
97.5301
97.8391
98.1603
98.4899
98.8317
99.1819
99.5448
99.9161
100.301
100.694
101.1
101.515
101.944
102.382
102.834
103.294
103.769
104.252
104.749
105.256
105.777
106.308
106.852
107.405
107.972
108.548
109.138
109.736
110.347
110.966
111.597
112.234
112.884
113.539
114.206
114.878
115.562
116.25
116.949
117.653
118.366
119.084
119.809
120.538
121.274
122.012
122.756
123.501
124.252
125.001
125.756
126.511
127.27
128.026
128.784
129.538
130.294
131.046
131.798
132.545
133.29
134.029
134.764
135.492
136.217
136.933
137.645
138.349
139.049
139.74
140.427
141.105
141.778
142.441
143.099
143.746
144.386
145.014
145.635
146.242
146.841
147.426
148
148.553
149.087
149.584
150.074
150.451
89.9003
89.9852
90.0857
90.191
90.3102
90.4447
90.5977
90.768
90.9587
91.1676
91.3917
91.6259
91.8755
92.1397
92.4197
92.7126
93.0203
93.3406
93.6756
94.0231
94.3854
94.7601
95.1498
95.552
95.9694
96.3996
96.8454
97.3044
97.7794
98.2678
98.7701
99.2816
99.8076
100.346
100.901
101.468
102.051
102.645
103.255
103.876
104.512
105.158
105.817
106.486
107.168
107.859
108.562
109.272
109.994
110.723
111.463
112.208
112.964
113.723
114.492
115.263
116.042
116.821
117.608
118.393
119.184
119.971
120.762
121.55
122.342
123.127
123.915
124.696
125.478
126.252
127.026
127.789
128.551
129.3
130.047
130.778
131.505
132.214
132.918
133.604
134.283
134.941
135.593
136.224
136.847
137.448
138.042
138.613
139.176
139.718
140.251
140.764
141.271
141.762
142.251
142.728
143.209
143.679
144.17
144.562
87.8249
88.0123
88.2095
88.4109
88.6263
88.8543
89.1
89.3611
89.6425
89.9414
90.2573
90.5852
90.9323
91.2972
91.6814
92.0823
92.5018
92.9376
93.3915
93.8614
94.3491
94.8526
95.3737
95.9105
96.4651
97.0355
97.624
98.2286
98.8518
99.4913
100.148
100.818
101.507
102.212
102.937
103.679
104.439
105.216
106.012
106.824
107.653
108.497
109.358
110.232
111.123
112.025
112.944
113.873
114.817
115.771
116.738
117.713
118.701
119.694
120.698
121.706
122.723
123.741
124.765
125.788
126.816
127.839
128.864
129.884
130.905
131.918
132.93
133.933
134.934
135.923
136.909
137.881
138.847
139.796
140.738
141.66
142.572
143.461
144.34
145.192
146.031
146.84
147.634
148.396
149.141
149.85
150.54
151.192
151.823
152.414
152.983
153.511
154.017
154.481
154.918
155.307
155.667
155.966
156.249
156.417
84.1319
84.3257
84.5303
84.7363
84.9535
85.1808
85.4236
85.6793
85.9539
86.2444
86.5511
86.8678
87.2038
87.5579
87.9331
88.3264
88.7408
89.1737
89.6277
90.1001
90.5933
91.1048
91.6371
92.1876
92.759
93.3488
93.96
94.5901
95.2421
95.9135
96.6054
97.3126
98.0408
98.7901
99.5626
100.356
101.173
102.011
102.872
103.754
104.658
105.582
106.528
107.493
108.478
109.481
110.504
111.544
112.603
113.678
114.77
115.876
116.998
118.131
119.278
120.434
121.601
122.774
123.955
125.138
126.325
127.509
128.693
129.871
131.048
132.214
133.376
134.524
135.665
136.789
137.904
138.999
140.082
141.142
142.189
143.21
144.216
145.194
146.154
147.083
147.993
148.868
149.722
150.537
151.33
152.08
152.805
153.483
154.133
154.734
155.306
155.827
156.318
156.759
157.171
157.529
157.859
158.126
158.382
158.526
80.8401
81.0672
81.3069
81.5515
81.8094
82.0775
82.361
82.6563
82.9696
83.297
83.64
83.9919
84.3629
84.7515
85.162
85.5912
86.0435
86.5159
87.0124
87.5298
88.0714
88.6344
89.2217
89.8307
90.4644
91.1203
91.8015
92.5056
93.2357
93.9897
94.7686
95.5676
96.3924
97.2435
98.1232
99.0298
99.9652
100.928
101.92
102.94
103.989
105.065
106.169
107.3
108.459
109.644
110.856
112.092
113.355
114.642
115.953
117.287
118.644
120.021
121.418
122.833
124.267
125.714
127.176
128.648
130.13
131.616
133.107
134.598
136.09
137.575
139.057
140.525
141.984
143.424
144.848
146.247
147.627
148.976
150.301
151.592
152.856
154.083
155.28
156.436
157.561
158.641
159.686
160.683
161.641
162.547
163.411
164.216
164.976
165.673
166.32
166.899
167.426
167.881
168.28
168.599
168.86
169.035
169.167
169.168
77.0034
77.2322
77.4758
77.7266
77.993
78.271
78.5651
78.8706
79.1936
79.5296
79.8802
80.2381
80.6138
81.0054
81.4177
81.8474
82.2996
82.7715
83.2676
83.7852
84.3279
84.8934
85.4847
86.0997
86.7412
87.4074
88.101
88.8205
89.5686
90.344
91.1475
91.9748
92.8311
93.7184
94.6385
95.5908
96.5769
97.5969
98.6519
99.7419
100.868
102.029
103.226
104.46
105.729
107.034
108.375
109.751
111.162
112.607
114.087
115.598
117.142
118.715
120.318
121.947
123.602
125.28
126.979
128.695
130.428
132.171
133.923
135.68
137.441
139.202
140.959
142.707
144.445
146.165
147.866
149.54
151.187
152.797
154.373
155.905
157.397
158.839
160.239
161.585
162.887
164.134
165.334
166.478
167.573
168.61
169.596
170.52
171.392
172.198
172.947
173.627
174.243
174.784
175.253
175.634
175.937
176.134
176.269
176.253
73.1077
73.2867
73.4865
73.6982
73.9309
74.1809
74.4525
74.7402
75.0491
75.3743
75.7173
76.0713
76.445
76.8366
77.2505
77.6835
78.1403
78.6186
79.1225
79.6502
80.2052
80.7858
81.3948
82.0308
82.6963
83.3902
84.1147
84.8691
85.6556
86.4737
87.3239
88.2026
89.1147
90.0629
91.0488
92.0727
93.136
94.2396
95.3848
96.5724
97.8033
99.0785
100.398
101.764
103.176
104.634
106.139
107.692
109.292
110.939
112.633
114.373
116.159
117.99
119.864
121.78
123.737
125.731
127.761
129.825
131.918
134.036
136.175
138.332
140.505
142.688
144.877
147.066
149.251
151.426
153.587
155.727
157.842
159.923
161.968
163.964
165.911
167.798
169.626
171.383
173.074
174.69
176.235
177.702
179.095
180.409
181.647
182.802
183.877
184.868
185.777
186.605
187.347
188.003
188.571
189.052
189.446
189.751
190.001
190.053
70.3744
70.408
70.4708
70.5552
70.6649
70.7966
70.9543
71.1335
71.3371
71.5603
71.8042
72.0628
72.3426
72.6416
72.9635
73.3055
73.6719
74.0607
74.4761
74.9163
75.3855
75.882
76.4096
76.9668
77.5572
78.1794
78.8368
79.5284
80.2577
81.024
81.8296
82.6713
83.5547
84.4823
85.457
86.4795
87.5524
88.6773
89.8565
91.0918
92.3851
93.7388
95.1541
96.6335
98.1777
99.7894
101.469
103.218
105.036
106.926
108.884
110.913
113.008
115.169
117.392
119.674
122.01
124.393
126.819
129.281
131.771
134.28
136.801
139.33
141.864
144.397
146.928
149.451
151.963
154.46
156.938
159.393
161.823
164.223
166.59
168.916
171.198
173.426
175.595
177.693
179.718
181.659
183.516
185.281
186.956
188.537
190.026
191.419
192.715
193.914
195.013
196.014
196.913
197.716
198.416
199.021
199.529
199.941
200.307
200.422
67.5221
67.6852
67.8399
68.0021
68.1767
68.3591
68.5543
68.761
68.9835
69.2181
69.4642
69.716
69.9805
70.2565
70.5474
70.851
71.1714
71.5071
71.8621
72.2351
72.6302
73.0459
73.4862
73.9498
74.4406
74.9572
75.5035
76.0785
76.6861
77.3256
78.0003
78.7069
79.4519
80.2373
81.0675
81.9429
82.8677
83.8438
84.8752
85.9643
87.1152
88.3314
89.6165
90.9754
92.4114
93.9306
95.5362
97.2356
99.0315
100.932
102.941
105.066
107.308
109.677
112.172
114.799
117.556
120.443
123.455
126.585
129.819
133.138
136.52
139.935
143.358
146.757
150.123
153.445
156.727
159.959
163.141
166.262
169.324
172.324
175.263
178.139
180.954
183.701
186.381
188.985
191.509
193.94
196.275
198.501
200.62
202.62
204.505
206.267
207.912
209.433
210.833
212.103
213.245
214.252
215.123
215.85
216.434
216.85
217.161
217.143
57.8762
58.2679
58.6049
58.8934
59.166
59.4352
59.7076
59.985
60.2744
60.5755
60.8879
61.2081
61.5416
61.888
62.2505
62.6274
63.0226
63.4348
63.8677
64.3199
64.7955
65.2931
65.8165
66.3645
66.9412
67.5452
68.1811
68.8474
69.5493
70.2854
71.0594
71.867
72.7172
73.6108
74.5548
75.5475
76.5965
77.701
78.8687
80.0995
81.4012
82.7748
84.2275
85.761
87.3823
89.0945
90.9027
92.8116
94.8243
96.9473
99.1811
101.533
104.001
106.592
109.301
112.134
115.084
118.152
121.331
124.617
128.005
131.488
135.069
138.754
142.537
146.371
150.212
154.01
157.759
161.445
165.08
168.651
172.164
175.606
178.983
182.285
185.52
188.682
191.775
194.79
197.731
200.588
203.358
206.023
208.575
210.997
213.286
215.426
217.418
219.248
220.917
222.411
223.727
224.847
225.765
226.461
226.928
227.128
227.104
226.68
55.665
55.2604
54.965
54.6813
54.4139
54.1755
53.9675
53.7851
53.6262
53.4876
53.3729
53.2807
53.2082
53.1518
53.1128
53.0896
53.0839
53.0941
53.1225
53.1676
53.2321
53.3146
53.4181
53.5412
53.6874
53.855
54.0483
54.2657
54.5119
54.7852
55.0924
55.4329
55.813
56.2311
56.6956
57.2053
57.7703
58.3896
59.0751
59.8266
60.6587
61.573
62.586
63.7017
64.9395
66.3079
67.8285
69.5156
71.3942
73.4875
75.8233
78.4349
81.3528
84.6214
88.2718
92.355
96.8963
101.938
107.485
113.533
120.036
126.747
133.322
139.444
145.05
150.304
155.42
160.444
165.32
169.963
174.382
178.607
182.698
186.666
190.525
194.263
197.896
201.426
204.874
208.241
211.538
214.763
217.923
221.008
224.017
226.933
229.751
232.452
235.032
237.474
239.776
241.921
243.904
245.706
247.316
248.71
249.873
250.764
251.41
251.616
84.8534
84.5897
84.3615
84.2377
84.1484
84.0641
83.9868
83.9231
83.8678
83.8209
83.7797
83.7424
83.7084
83.6784
83.6513
83.6276
83.6076
83.5913
83.5794
83.5717
83.5692
83.5712
83.5793
83.5924
83.6126
83.6383
83.6722
83.7123
83.7621
83.819
83.888
83.9637
84.0514
84.1478
84.2589
84.3804
84.52
84.6716
84.8457
85.0347
85.251
85.4859
85.7529
86.0427
86.3694
86.7243
87.12
87.5481
88.021
88.5328
89.0925
89.6994
90.3612
91.09
91.8977
92.827
93.9155
95.2776
97.0607
99.5487
103.388
109.395
117.573
126.805
135.289
142.469
148.86
155.002
161.064
166.898
172.417
177.615
182.578
187.327
191.896
196.28
200.511
204.595
208.558
212.402
216.144
219.787
223.347
226.821
230.218
233.526
236.744
239.855
242.851
245.711
248.426
250.974
253.342
255.504
257.439
259.11
260.482
261.5
262.108
262.216
53.1308
53.4589
53.65
53.8629
54.0713
54.2573
54.4256
54.5881
54.7457
54.9008
55.049
55.1982
55.3444
55.4897
55.6338
55.7781
55.922
56.0661
56.2105
56.3551
56.5005
56.6461
56.7927
56.9394
57.0876
57.2357
57.3856
57.5354
57.6875
57.8397
57.992
58.1445
58.3001
58.4545
58.6129
58.7714
58.9361
59.103
59.2796
59.4629
59.6622
59.8761
60.1167
60.3865
60.702
61.0722
61.5219
62.0705
62.7582
63.6239
64.7306
66.1479
67.9796
70.3464
73.4087
77.369
82.4578
88.9814
97.2663
107.468
119.663
130.871
139.787
145.239
150.819
157.614
164.626
170.864
176.321
181.443
186.579
191.693
196.679
201.443
206.039
210.497
214.868
219.142
223.343
227.467
231.54
235.558
239.541
243.489
247.416
251.322
255.214
259.083
262.932
266.749
270.537
274.285
278
281.675
285.312
288.903
292.443
295.917
299.287
302.539
)
;

boundaryField
{
    airfoil
    {
        type            zeroGradient;
    }
    farBoundaries
    {
        type            zeroGradient;
    }
    inlet
    {
        type            freestream;
        freestreamValue uniform 1;
        value           nonuniform List<scalar> 
200
(
1
1
1
1
1
1
1
1
1
1
1
1
1
1
1
1
1
1
1
1
1
1
1
1
1
1
1
1
1
1
1
1
1
1
1
1
1
1
1
1
1
1
1
1
1
1
1
1
1
1
1
1
1
1
1
1
1
1
1
1
38.7989
80.2944
135.812
144.911
150.792
157.612
164.626
170.864
176.321
181.443
186.579
191.693
196.679
201.443
206.039
210.497
214.868
219.142
223.343
227.467
231.54
235.558
239.541
243.489
247.416
251.322
255.214
259.083
262.932
266.749
270.537
274.285
278
281.675
285.312
288.903
292.443
295.917
299.287
302.539
1
1
1
1
1
1
1
1
1
1
1
1
1
1
1
1
1
1
1
1
1
1
1
1
1
1
1
1
1
1
1
1
1
1
1
1
1
1
1
1
1
1
1
1
1
1
1
1
1
1
1
1
1
1
1
1
1
1
1
1
1
1
1
1
1
1
1
1
1
1
1
1
1
1
1
1
1
1
1
1
1
1
1
1
1
1
1
1
1
1
31.2603
51.9658
119.004
138.332
146.145
154.92
165.358
176.072
186.205
196.17
)
;
    }
    outlet
    {
        type            freestream;
        freestreamValue uniform 1;
        value           nonuniform List<scalar> 
40
(
199.012
199.214
198.73
198.104
197.546
197.087
196.731
196.671
196.81
197.173
197.424
197.465
196.966
195.957
194.446
193.197
192.628
192.406
192.38
192.299
179.091
179.085
179.027
179.016
179.188
179.739
180.755
182.379
184.183
185.822
187.225
188.526
189.703
190.828
191.864
192.952
194.074
195.324
196.618
197.894
)
;
    }
    defaultFaces
    {
        type            empty;
    }
}


// ************************************************************************* //
