/*--------------------------------*- C++ -*----------------------------------*\
  =========                 |
  \\      /  F ield         | OpenFOAM: The Open Source CFD Toolbox
   \\    /   O peration     | Website:  https://openfoam.org
    \\  /    A nd           | Version:  6.0
     \\/     M anipulation  |
\*---------------------------------------------------------------------------*/
FoamFile
{
    version     2.0;
    format      ascii;
    class       volScalarField;
    location    "20";
    object      p;
}
// * * * * * * * * * * * * * * * * * * * * * * * * * * * * * * * * * * * * * //

dimensions      [0 2 -2 0 0 0 0];

internalField   nonuniform List<scalar> 
4920
(
0.0124138
0.012553
0.0127408
0.0129967
0.0133428
0.0138111
0.0144372
0.0152624
0.016315
0.0175729
0.0188725
0.0197568
0.0193578
0.0169724
0.0138384
0.0124959
0.0126419
0.0128352
0.0130955
0.013445
0.0139169
0.0145508
0.0153945
0.0164944
0.0178652
0.0194133
0.0208045
0.0212895
0.020421
0.0169439
0.0126431
0.0128003
0.0130086
0.0132878
0.0136603
0.014159
0.0148239
0.0157011
0.0168358
0.0182336
0.0197724
0.0210726
0.0212666
0.0199329
0.014775
0.0129255
0.0130948
0.0133192
0.0136197
0.0140196
0.0145539
0.0152635
0.0161943
0.0173905
0.0188529
0.0204425
0.0217414
0.0217812
0.0200581
0.014505
0.013379
0.0135571
0.0137968
0.0141198
0.0145501
0.015125
0.0158879
0.0168878
0.0181744
0.0197574
0.0215017
0.0229837
0.0231693
0.021431
0.0157001
0.0140284
0.014213
0.0144664
0.014812
0.0152753
0.0158955
0.0167184
0.0177976
0.0191895
0.020915
0.0228496
0.0245489
0.0248851
0.0230501
0.0166761
0.0149225
0.0151093
0.0153699
0.0157311
0.0162219
0.0168849
0.0177692
0.0189322
0.0204373
0.0223165
0.0244509
0.026365
0.0267891
0.0246392
0.0173423
0.0160213
0.0162148
0.0164863
0.0168654
0.0173855
0.0180933
0.0190424
0.0202961
0.0219249
0.023972
0.0263272
0.0284773
0.0289898
0.0264087
0.0180281
0.0173133
0.0175225
0.0178124
0.0182156
0.0187696
0.0195267
0.0205462
0.0218983
0.0236629
0.0258924
0.0284862
0.0308907
0.0315111
0.0284259
0.0186644
0.0187753
0.0190064
0.0193234
0.0197614
0.0203612
0.0211797
0.0222818
0.0237459
0.0256597
0.0280857
0.0309182
0.0335529
0.0342318
0.0305268
0.019022
0.0203949
0.0206595
0.0210156
0.0215007
0.0221589
0.0230522
0.0242514
0.0258428
0.0279241
0.0305561
0.0336276
0.0364532
0.0370946
0.0325869
0.0190479
0.0222166
0.0225106
0.0229053
0.0234412
0.0241664
0.0251461
0.026457
0.0281934
0.0304602
0.0333224
0.0366345
0.0396172
0.0401054
0.0345956
0.0188039
0.0242258
0.0245577
0.024997
0.0255892
0.0263871
0.0274627
0.0288985
0.0307975
0.0332761
0.0363894
0.0399885
0.0431398
0.0434075
0.0366692
0.018465
0.0265013
0.0268578
0.0273309
0.0279707
0.0288377
0.0300101
0.0315786
0.0336558
0.0363659
0.0397802
0.0437119
0.0470795
0.0470874
0.0389118
0.0180459
0.0288832
0.0292842
0.0298123
0.0305228
0.0314785
0.0327663
0.034484
0.0367566
0.0397345
0.0434982
0.04786
0.0515331
0.0512723
0.0414325
0.0176474
0.031577
0.0319966
0.0325543
0.0333108
0.0343418
0.0357386
0.0376095
0.0401051
0.043388
0.0475677
0.0524324
0.0564942
0.0559348
0.0441833
0.0170887
0.0342459
0.0347278
0.0353584
0.0362062
0.0373491
0.0388872
0.040953
0.0436954
0.0473325
0.0519989
0.0574774
0.062029
0.0611392
0.0471929
0.016472
0.0373375
0.0378401
0.0385005
0.0393959
0.0406159
0.0422797
0.0445169
0.0475432
0.0515762
0.0567907
0.0629477
0.068065
0.0667563
0.0502942
0.015517
0.0404128
0.0409689
0.0416946
0.042673
0.0440031
0.0458134
0.0482846
0.0516073
0.0560883
0.0619322
0.0688927
0.0746971
0.0728562
0.0535083
0.014373
0.0438142
0.0443785
0.0451247
0.0461468
0.0475593
0.0495185
0.0521941
0.0558786
0.0608572
0.0673968
0.0752373
0.0817903
0.0792258
0.0565544
0.0126755
0.0468724
0.0475131
0.0483618
0.049516
0.0510928
0.0532547
0.0562408
0.0602938
0.0658409
0.0731938
0.0820778
0.0895225
0.0859838
0.0595411
0.0107024
0.0504695
0.0510986
0.0519546
0.053149
0.0548177
0.0571566
0.0603805
0.0648842
0.0710559
0.0793096
0.089327
0.0977129
0.0928443
0.0621262
0.00804198
0.0538795
0.0545561
0.0554775
0.0567639
0.0585664
0.0610938
0.0646601
0.0695898
0.0764808
0.0857971
0.0971623
0.106615
0.0999737
0.0644679
0.00504586
0.0577607
0.0584114
0.0593164
0.060613
0.0624804
0.0651768
0.0689967
0.0744739
0.0821477
0.092638
0.105461
0.115906
0.106939
0.0661071
0.00123044
0.0611267
0.0618515
0.062857
0.0642815
0.0663132
0.0692313
0.0734583
0.0794424
0.0880412
0.09992
0.114443
0.125898
0.113933
0.0673002
-0.00296917
0.0650159
0.0657108
0.066705
0.0681536
0.0702733
0.0733982
0.0779276
0.0845969
0.0941928
0.107588
0.123916
0.136127
0.120402
0.0674893
-0.00809701
0.0685862
0.0693284
0.0703913
0.0719366
0.0741962
0.0775389
0.0825281
0.0898162
0.100607
0.115779
0.134203
0.146936
0.126548
0.0669992
-0.0136433
0.0727913
0.0734538
0.0744457
0.0759511
0.0782506
0.081784
0.0871199
0.0952555
0.107311
0.124429
0.145016
0.15764
0.13164
0.0651444
-0.0201841
0.0761696
0.0769241
0.0780411
0.0796992
0.0821794
0.0859772
0.0918512
0.100743
0.11437
0.13376
0.156772
0.168636
0.135976
0.0623924
-0.0271495
0.0802578
0.0809653
0.082057
0.0837217
0.0862779
0.0902931
0.0965677
0.106513
0.121799
0.143683
0.169085
0.179055
0.138705
0.0579291
-0.0351414
0.0840828
0.0848393
0.0859952
0.0877453
0.0904045
0.0946314
0.101468
0.112356
0.129765
0.154549
0.182439
0.189347
0.140202
0.0523319
-0.0435425
0.088632
0.0893374
0.0904323
0.0921163
0.0947674
0.0991242
0.106382
0.118585
0.138241
0.166214
0.196269
0.198426
0.139432
0.0447182
-0.0528756
0.0930435
0.0937736
0.094881
0.0965745
0.0992038
0.103671
0.111498
0.124855
0.147482
0.179104
0.211031
0.20686
0.136994
0.0358037
-0.0625366
0.0978108
0.098511
0.099583
0.101196
0.103753
0.108296
0.116503
0.131676
0.157338
0.192973
0.225942
0.213322
0.13159
0.0245933
-0.0729712
0.102387
0.103158
0.104246
0.105828
0.108313
0.112857
0.121752
0.138416
0.168259
0.208277
0.241392
0.218532
0.123981
0.0119093
-0.0835929
0.107293
0.108057
0.1091
0.110556
0.112905
0.117333
0.126665
0.14578
0.179933
0.224574
0.256685
0.221069
0.112709
-0.00310125
-0.0946186
0.111972
0.112773
0.113721
0.115052
0.11696
0.121311
0.131472
0.152679
0.192796
0.242199
0.271856
0.221756
0.0987073
-0.0195974
-0.105587
0.116233
0.116928
0.117658
0.118527
0.120139
0.124316
0.135252
0.159883
0.206276
0.260536
0.285951
0.2187
0.0801506
-0.0383072
-0.116523
0.119334
0.119817
0.120124
0.120495
0.12147
0.12573
0.137949
0.165884
0.220722
0.279721
0.299125
0.212772
0.0580733
-0.0583821
-0.127107
0.1206
0.120539
0.120176
0.119749
0.120283
0.124378
0.138662
0.171509
0.235197
0.299236
0.310847
0.202215
0.0308582
-0.0799892
-0.137074
0.119158
0.118214
0.116758
0.115315
0.114758
0.119698
0.136765
0.174611
0.249893
0.319512
0.320704
0.187244
-0.000757307
-0.10251
-0.146376
0.11437
0.111861
0.108712
0.105522
0.104204
0.109928
0.131077
0.176427
0.264235
0.3406
0.328891
0.165813
-0.0380286
-0.12546
-0.154505
0.104885
0.100117
0.0945578
0.0891064
0.0865862
0.0941109
0.119419
0.174436
0.278371
0.362689
0.333449
0.137196
-0.0804015
-0.148426
-0.161665
0.0891372
0.0813651
0.0725111
0.0642496
0.0603263
0.0675916
0.101548
0.170113
0.292065
0.386489
0.335449
0.100557
-0.127089
-0.169936
-0.167137
0.0658702
0.0539508
0.0409797
0.0287043
0.0217957
0.0321801
0.0724816
0.159646
0.307685
0.409027
0.326934
0.0539326
-0.175801
-0.1896
-0.171361
0.0333469
0.0163285
-0.00209683
-0.0179824
-0.0263737
-0.0194253
0.0314682
0.146558
0.325623
0.436806
0.304492
-0.00549256
-0.221529
-0.204386
-0.173276
-0.0101598
-0.0333248
-0.055141
-0.0745794
-0.0856178
-0.0819558
-0.031826
0.126115
0.35801
0.478161
0.261214
-0.0810516
-0.263004
-0.214556
-0.173584
-0.0678641
-0.0955234
-0.121955
-0.140533
-0.149477
-0.167534
-0.119382
0.108423
0.406427
0.550025
0.228243
-0.155159
-0.292987
-0.218022
-0.171589
-0.13991
-0.175674
-0.202578
-0.216748
-0.209194
-0.275388
-0.257031
0.0901975
0.470733
0.652158
0.202439
-0.218252
-0.309683
-0.216481
-0.16832
-0.232713
-0.282323
-0.316211
-0.309841
-0.313297
-0.457155
-0.434516
0.0830412
0.567721
0.694703
0.164247
-0.257434
-0.309188
-0.208399
-0.162944
-0.327099
-0.400054
-0.529526
-0.566926
-0.592269
-0.80902
-0.695673
0.0128488
0.617052
0.501641
0.0482112
-0.278661
-0.300417
-0.197302
-0.156027
-0.501442
-0.526386
-0.683822
-0.899782
-1.21179
-1.43465
-1.07585
-0.256936
0.351494
0.00845585
-0.186194
-0.268147
-0.285417
-0.181328
-0.146416
-0.698165
-0.743818
-0.959597
-1.49566
-2.20533
-2.33524
-1.73849
-0.843845
-0.206639
-0.431303
-0.433581
-0.220452
-0.262762
-0.161754
-0.135327
-1.00898
-1.26099
-1.69464
-2.51525
-3.39288
-3.35975
-2.49853
-1.45104
-0.925286
-0.680301
-0.538804
-0.14164
-0.223704
-0.136557
-0.124664
-1.524
-2.01427
-2.69741
-3.66157
-4.38717
-4.21031
-3.02598
-1.55728
-1.50315
-0.777417
-0.384252
-0.026975
-0.173744
-0.11028
-0.11742
-2.0225
-2.74005
-3.69543
-4.61075
-5.09498
-4.60856
-2.89582
-1.32856
-1.61338
-0.596217
0.037431
0.120143
-0.12273
-0.0877059
-0.115001
-2.62229
-3.5805
-4.73723
-5.57447
-5.51672
-4.3937
-2.14121
-0.941443
-1.11554
-0.19384
0.468175
0.189871
-0.0845478
-0.0715762
-0.117864
-3.68673
-4.97909
-6.22808
-6.81597
-5.83902
-3.49507
-1.06964
-0.79277
-0.419025
0.0971341
0.688695
0.163896
-0.0634038
-0.0658255
-0.127753
-5.22866
-6.64436
-7.79106
-7.76447
-5.78373
-2.77296
-0.448469
-0.849104
-0.059882
0.0629467
0.746305
0.0741192
-0.0802121
-0.0850147
-0.14139
-6.48702
-7.85124
-8.57554
-7.86093
-5.3775
-2.49194
-0.813391
-1.07627
-0.0708683
-0.0803835
0.739223
0.0308255
-0.0993706
-0.106774
-0.149433
0.0343514
0.0347492
0.0331991
0.032137
0.0318047
0.0316247
0.031416
0.0313037
0.0315192
0.0320801
0.0196189
0.0172158
0.0148536
0.0135434
0.012718
0.0118485
0.010868
0.00979032
0.00830334
0.00615829
0.0160637
0.0168011
0.0175217
0.0179643
0.0182254
0.0184419
0.0186718
0.0188748
0.0190223
0.0192958
0.0169442
0.0174702
0.0175165
0.0172938
0.017139
0.0170825
0.0169175
0.0164394
0.015403
0.0138633
0.0176952
0.0177856
0.0176793
0.0176839
0.0178021
0.0178165
0.0175113
0.0168481
0.0158964
0.014874
0.0178534
0.018013
0.0180704
0.0180746
0.0179005
0.0174242
0.0166303
0.015652
0.0146464
0.0136138
0.0180517
0.0182647
0.018221
0.0178791
0.0172709
0.0164941
0.0156815
0.0149913
0.0146491
0.0144848
0.0182335
0.0182422
0.0178617
0.0171701
0.016365
0.01566
0.0151948
0.015045
0.0154133
0.0159872
0.0179984
0.0176657
0.0170151
0.0162038
0.0155157
0.0151251
0.0151162
0.0154593
0.016293
0.0172452
0.0171744
0.0166043
0.0158952
0.0152725
0.014925
0.014971
0.0153839
0.0160815
0.0171267
0.0182162
0.0159638
0.0152663
0.0147362
0.0144996
0.0146386
0.0151436
0.0159063
0.0168134
0.0178844
0.0188699
0.014577
0.0138524
0.013632
0.0139097
0.0146066
0.0155803
0.0166289
0.0176385
0.0185478
0.0192861
0.0131469
0.0124146
0.0125652
0.0134243
0.0147387
0.0162057
0.0175133
0.0185549
0.0191921
0.0194959
0.0116139
0.0108527
0.0113954
0.0129092
0.0149383
0.0169855
0.0185924
0.0196508
0.0198706
0.0196034
0.00991374
0.00905228
0.00997844
0.0122269
0.0151061
0.0178808
0.0198968
0.0209975
0.020719
0.019699
0.00790062
0.00685844
0.00819073
0.0113044
0.0152483
0.0189833
0.0215658
0.0227508
0.0218283
0.0198571
0.00552413
0.00418828
0.00594019
0.0100548
0.0153062
0.0202726
0.0236195
0.0249536
0.0232779
0.0201442
0.00262572
0.000923818
0.00317619
0.00849946
0.0153892
0.0219103
0.0262154
0.0277271
0.0251018
0.0205322
-0.000774223
-0.00292314
-0.000137182
0.00658113
0.0154019
0.0237715
0.0292334
0.0309498
0.0272377
0.0210199
-0.00480169
-0.00741886
-0.00391283
0.00448577
0.0156114
0.0261146
0.032821
0.0346476
0.0295679
0.0213541
-0.00935305
-0.0124858
-0.0081699
0.00213203
0.0158465
0.0287034
0.0367334
0.0386245
0.0320115
0.0217008
-0.0146249
-0.0182145
-0.0128123
-0.000222365
0.0164716
0.0318774
0.0411832
0.0429254
0.0344501
0.0217237
-0.0204477
-0.0245176
-0.0178938
-0.00274448
0.0171864
0.035265
0.0458359
0.0473372
0.0368665
0.0216505
-0.0271057
-0.0315023
-0.0232091
-0.00500415
0.018519
0.039331
0.0509507
0.0518661
0.03899
0.0209043
-0.0343101
-0.0390303
-0.0288306
-0.00728019
0.0200246
0.0435742
0.0561255
0.0563413
0.0409374
0.019914
-0.042401
-0.0471991
-0.0345546
-0.00911316
0.0222343
0.048457
0.0616595
0.0607909
0.0424845
0.0180848
-0.0509774
-0.0558268
-0.0404656
-0.0109058
0.0245545
0.0533578
0.0670801
0.0651133
0.0438912
0.0160649
-0.0603854
-0.0649688
-0.0462576
-0.0121393
0.0275211
0.0586977
0.0726228
0.0692905
0.0448457
0.0132185
-0.0701412
-0.0743484
-0.0520173
-0.0132935
0.0304427
0.0637535
0.0777452
0.0731724
0.0456428
0.0102695
-0.0805802
-0.0839863
-0.0574067
-0.0138715
0.0337956
0.0688973
0.0826528
0.0767339
0.045973
0.0066443
-0.0911735
-0.0935816
-0.0625689
-0.0144343
0.0368374
0.0734077
0.0868485
0.0798586
0.0462057
0.00320092
-0.102194
-0.103149
-0.067174
-0.014526
0.0400134
0.0776761
0.0906065
0.0826429
0.0461376
-0.000504767
-0.113115
-0.112363
-0.0714243
-0.0147542
0.0425839
0.0810015
0.0934586
0.0849366
0.0460855
-0.00372696
-0.124143
-0.121262
-0.0750779
-0.0147756
0.0449236
0.0837789
0.0957389
0.0869588
0.0459386
-0.00680444
-0.134765
-0.129552
-0.0784155
-0.0152032
0.046372
0.0854123
0.0970756
0.0885794
0.0459733
-0.00909699
-0.145069
-0.137337
-0.0813017
-0.0157432
0.0473404
0.0864188
0.0979603
0.0901955
0.0462607
-0.0108065
-0.154642
-0.144383
-0.0840937
-0.0169929
0.0472438
0.0862715
0.0980451
0.0915762
0.0469212
-0.0115413
-0.163507
-0.150909
-0.0867924
-0.0187144
0.0465205
0.0855966
0.0979434
0.0932187
0.0480984
-0.01141
-0.17138
-0.156747
-0.0897783
-0.0214133
0.0447158
0.0839803
0.0973641
0.0948277
0.0497492
-0.0102408
-0.178175
-0.162137
-0.0930348
-0.0247408
0.0424319
0.0822583
0.0970903
0.0969919
0.052087
-0.00807691
-0.18385
-0.167014
-0.0969641
-0.0291905
0.0392106
0.0800289
0.0967934
0.0993416
0.054951
-0.00491047
-0.188273
-0.171605
-0.101406
-0.0342062
0.0358753
0.0782923
0.0973292
0.102438
0.0585571
-0.000851301
-0.191603
-0.1759
-0.106657
-0.0401502
0.0320522
0.0766654
0.0983152
0.105794
0.0626214
0.00384338
-0.19362
-0.179946
-0.112174
-0.045969
0.0289411
0.0763063
0.100602
0.10992
0.0672694
0.00889139
-0.194813
-0.1839
-0.118144
-0.0517774
0.0263853
0.0769244
0.1038
0.114434
0.072239
0.0140375
-0.19493
-0.187469
-0.123465
-0.0559584
0.0258935
0.0796795
0.10856
0.1197
0.077562
0.0188894
-0.194725
-0.190782
-0.128142
-0.0585089
0.027313
0.0840952
0.11428
0.125313
0.0830413
0.0233267
-0.193866
-0.192955
-0.130613
-0.0576616
0.0319903
0.0909104
0.12125
0.131373
0.0885001
0.0270097
-0.192972
-0.193753
-0.1306
-0.0535615
0.0393171
0.0992027
0.1287
0.137474
0.0937192
0.0300663
-0.190685
-0.19134
-0.126253
-0.0447838
0.0499165
0.109003
0.136465
0.143413
0.0982121
0.0319949
-0.185991
-0.185066
-0.117941
-0.0326981
0.0622109
0.119057
0.143802
0.148763
0.101806
0.0329809
-0.176387
-0.173928
-0.105455
-0.0178137
0.0754273
0.128727
0.150255
0.153136
0.103977
0.0326063
-0.162714
-0.160133
-0.0917307
-0.00297666
0.087626
0.137023
0.155381
0.156313
0.104775
0.0310261
-0.14667
-0.146033
-0.0791974
0.00977736
0.0976081
0.143457
0.158916
0.158144
0.104199
0.0280667
-0.134433
-0.13631
-0.0715534
0.0178408
0.104089
0.147595
0.160814
0.158746
0.102746
0.0242744
-0.130243
-0.133649
-0.0702995
0.0202933
0.106887
0.149484
0.161223
0.158301
0.100877
0.0200903
-0.133711
-0.137173
-0.0739338
0.0181486
0.106459
0.149353
0.160381
0.157115
0.0990076
0.0161474
-0.141558
-0.143319
-0.0786168
0.0148603
0.10476
0.148243
0.159032
0.155751
0.097414
0.0127855
-0.148891
-0.148463
-0.0816359
0.0130508
0.10357
0.147261
0.157992
0.154735
0.0962686
0.0101918
-0.152452
-0.150774
-0.0828412
0.0125451
0.103187
0.146811
0.157501
0.154133
0.0955292
0.00847915
0.0325994
0.0320638
0.0312074
0.0303084
0.0293565
0.0282809
0.0270429
0.0256268
0.0239774
0.02205
0.0198777
0.0175846
0.0152645
0.0129732
0.0103445
0.00678269
0.00372476
0.00380618
0.00426203
0.00475277
0.00526646
0.00604432
0.00716712
0.00845614
0.00957529
0.0102154
0.0102245
0.0096265
0.00856983
0.00723728
0.00510848
0.00304381
0.0197241
0.0195023
0.0191452
0.0187699
0.0184558
0.018279
0.0182228
0.0181298
0.0177675
0.0169351
0.0155381
0.0136451
0.0113738
0.00889906
0.00569669
0.00292364
0.0125088
0.0124693
0.0126625
0.0129569
0.0133071
0.0137673
0.0143352
0.0148559
0.0151084
0.0148894
0.0141241
0.0128296
0.0110681
0.00893996
0.00586666
0.00321213
0.0152317
0.0154304
0.0157772
0.0162086
0.0166334
0.016982
0.0172126
0.017243
0.01696
0.0162835
0.0151529
0.0135883
0.0115994
0.00923935
0.00592027
0.00307668
0.0144432
0.0149095
0.0155555
0.0161898
0.0166701
0.0169153
0.0169676
0.0168419
0.0165191
0.0159065
0.0149406
0.0135652
0.0117185
0.00938081
0.00597923
0.00296263
0.0163028
0.0169108
0.0175668
0.0180369
0.0182325
0.0181297
0.0178383
0.0174393
0.0169315
0.0162527
0.0152726
0.0139035
0.0120392
0.00961914
0.00609757
0.00294095
0.0178435
0.0183527
0.0188241
0.0190444
0.0189843
0.018663
0.0182171
0.0177384
0.0172278
0.0165658
0.015628
0.0142779
0.0123841
0.00986675
0.00623074
0.0029615
0.0186822
0.0190543
0.019393
0.019504
0.0193805
0.019047
0.0186261
0.018196
0.017726
0.017104
0.0161394
0.0147219
0.0127192
0.0100613
0.00631503
0.00296786
0.019293
0.0195553
0.019827
0.019935
0.0198822
0.0196675
0.0193754
0.0190468
0.0186318
0.0179554
0.016888
0.015307
0.0131064
0.0102512
0.00639503
0.00298441
0.0196776
0.0198975
0.0202171
0.0204711
0.0206345
0.0206514
0.0205533
0.0203445
0.0199069
0.0191181
0.0178231
0.0159734
0.0134935
0.010402
0.0064442
0.00299225
0.0199957
0.0202604
0.0207353
0.0212548
0.0217303
0.022045
0.0221767
0.0220356
0.0215381
0.0205228
0.0189196
0.0167144
0.0138811
0.0105299
0.00649846
0.00302955
0.0202703
0.0206223
0.0213177
0.0221939
0.0230812
0.0237827
0.0241528
0.0241057
0.0234709
0.0221516
0.0201293
0.0174688
0.0142213
0.0106005
0.00652268
0.00306931
0.0204802
0.0209819
0.0219849
0.0233186
0.024704
0.0258364
0.0265105
0.0265059
0.0256893
0.0239764
0.0214384
0.0182354
0.0145279
0.0106506
0.00656819
0.0031593
0.0207434
0.0213941
0.0227295
0.0245813
0.0265418
0.0281802
0.0291498
0.0292086
0.0281433
0.025939
0.0227786
0.0189542
0.014762
0.0106499
0.00659888
0.0032666
0.020961
0.0217821
0.0235036
0.0259473
0.0285416
0.030718
0.0320343
0.0321128
0.0307581
0.0279883
0.0241276
0.0196297
0.0149591
0.010659
0.00668281
0.00344997
0.0211149
0.0220402
0.0241199
0.0271891
0.0304984
0.033306
0.0350032
0.035138
0.0334387
0.0300328
0.025413
0.020221
0.0150969
0.010652
0.00678214
0.00367068
0.0212438
0.0222588
0.0247103
0.0284424
0.0325034
0.0359603
0.0380473
0.0381609
0.0360712
0.0319927
0.0266033
0.0207464
0.0152349
0.0107059
0.00697047
0.00398514
0.0214669
0.0225763
0.0254333
0.0298774
0.0347035
0.0387538
0.0410919
0.0411028
0.0385428
0.0337698
0.0276325
0.021164
0.0153361
0.0107761
0.00719614
0.00434513
0.0217104
0.0230138
0.0263717
0.0315664
0.0370994
0.0415948
0.044067
0.0438453
0.0407775
0.0353295
0.0285039
0.0215239
0.0154829
0.0109505
0.00753509
0.00480186
0.0218926
0.0233385
0.0271631
0.0331097
0.0393418
0.0442736
0.0468127
0.0463242
0.0427338
0.0366424
0.0292034
0.0218047
0.0156338
0.0111723
0.00792709
0.00530147
0.0220313
0.0236595
0.0279702
0.0346454
0.0415269
0.0468144
0.0493347
0.0485128
0.0443979
0.0377242
0.0297809
0.022095
0.0158925
0.0115331
0.00843914
0.00587889
0.0221283
0.0239777
0.0288027
0.0361975
0.0436694
0.0491809
0.0515851
0.0503829
0.0457561
0.0385692
0.0302231
0.0223508
0.016189
0.0119571
0.00900464
0.00648139
0.0220257
0.0241623
0.0295376
0.0376287
0.0455869
0.0512449
0.0534484
0.0518634
0.0467941
0.0392068
0.030598
0.0226744
0.016633
0.0125337
0.00968183
0.00712916
0.0214795
0.0239057
0.0298335
0.0386095
0.0470425
0.0528055
0.054865
0.0529745
0.047556
0.0396711
0.0309003
0.0230052
0.017132
0.0131723
0.0104006
0.0077747
0.0203281
0.0230173
0.0294674
0.0388942
0.0478263
0.0537992
0.0558098
0.0537576
0.0481347
0.0400773
0.0312615
0.0234833
0.0178061
0.0139513
0.0111969
0.00841704
0.0184376
0.0213401
0.0282322
0.0383607
0.0478523
0.0541549
0.0563321
0.0542941
0.0485959
0.0404587
0.0316578
0.0240273
0.0185521
0.0147815
0.0120101
0.00902339
0.0157894
0.0187998
0.0261488
0.0369256
0.0470892
0.0539219
0.0564599
0.0546571
0.0490469
0.0409327
0.032225
0.0247848
0.0194939
0.0157359
0.0128616
0.00957712
0.0123684
0.0155025
0.0231918
0.0346825
0.0456096
0.0531566
0.0563198
0.0549399
0.0495183
0.0414792
0.0328851
0.0256355
0.0205115
0.0167276
0.0137039
0.0100639
0.00816124
0.0113113
0.0193872
0.0316176
0.0435052
0.0520319
0.0560947
0.0553238
0.0501613
0.0422277
0.0337751
0.0267172
0.021707
0.017801
0.0145325
0.0104544
0.00337165
0.0065332
0.0149383
0.0280298
0.0410682
0.0508731
0.0559944
0.0558934
0.0509697
0.0431136
0.0347765
0.0278868
0.0229571
0.0188813
0.0153197
0.0107572
-0.0017908
0.00134647
0.0101585
0.0242351
0.0386737
0.0499225
0.0563108
0.0568643
0.0520891
0.0442539
0.0360185
0.0292724
0.0243472
0.0199898
0.0160388
0.0109336
-0.00709816
-0.00388575
0.00545808
0.0207433
0.0367946
0.0497012
0.0571846
0.0582182
0.0534301
0.0455247
0.0373432
0.0307126
0.0257551
0.0210674
0.0166832
0.0110123
-0.012349
-0.00900392
0.00114937
0.0179012
0.0357975
0.0503104
0.0588923
0.0601237
0.0550931
0.0470133
0.038856
0.032305
0.0272294
0.0221027
0.0172066
0.0109535
-0.0172236
-0.0135037
-0.00238767
0.0161342
0.0360536
0.0522148
0.0613644
0.0624433
0.0569379
0.0485741
0.040394
0.0338984
0.02867
0.023064
0.0176291
0.010805
-0.0212577
-0.0170789
-0.00467887
0.0157709
0.0377216
0.0552114
0.0647666
0.0652673
0.059028
0.050286
0.0420612
0.0355787
0.0301018
0.0239147
0.01789
0.0105283
-0.0237932
-0.0189121
-0.00512445
0.0173056
0.0411583
0.0596903
0.0688505
0.0683792
0.0612044
0.0520066
0.0437092
0.0372187
0.0314551
0.0246532
0.0180337
0.0101827
-0.0245206
-0.0186487
-0.0032925
0.0209855
0.0463277
0.0652456
0.0736588
0.0717769
0.0634811
0.0537896
0.0454169
0.0388709
0.0327219
0.0252227
0.017997
0.00973834
-0.0228544
-0.0158599
0.0011184
0.0270391
0.0533741
0.0720126
0.078821
0.0752287
0.0657144
0.0555131
0.0470643
0.0404446
0.0338711
0.0256551
0.0178469
0.00925911
-0.0187398
-0.0102267
0.00829454
0.0353458
0.0618703
0.0794023
0.0842237
0.0786436
0.0678753
0.0572101
0.048708
0.0419601
0.0348626
0.0258754
0.01752
0.00872172
-0.0113539
-0.00136057
0.0184525
0.0459342
0.0717446
0.0873167
0.0894826
0.0818271
0.0698543
0.0587856
0.0502579
0.0433612
0.0356997
0.0259431
0.0170979
0.00818747
-0.000414286
0.0111417
0.0315972
0.0584235
0.0824053
0.0951921
0.094404
0.0846441
0.0715943
0.0602438
0.0517315
0.0446286
0.0363174
0.0257812
0.0165287
0.00764091
0.0138553
0.0268421
0.0472408
0.072348
0.0934784
0.102739
0.0987515
0.0870267
0.0730638
0.0615446
0.0530881
0.0457513
0.0367579
0.0254737
0.0159007
0.00713336
0.0311586
0.045275
0.064589
0.0868286
0.104246
0.10954
0.102319
0.0888522
0.0742131
0.0626849
0.0543185
0.0466723
0.0369342
0.0249449
0.0151732
0.00665337
0.0508464
0.0654769
0.0826125
0.101052
0.114181
0.115247
0.105069
0.0901863
0.0750905
0.0636828
0.0554298
0.0474184
0.0369188
0.024295
0.0144326
0.00623871
0.0722581
0.0865635
0.100295
0.114229
0.122817
0.119744
0.106848
0.0909338
0.0756504
0.0645235
0.0563719
0.0479032
0.0366247
0.0234669
0.0136538
0.00587918
0.094141
0.107053
0.116381
0.125595
0.129763
0.122804
0.10786
0.0912779
0.0760102
0.0652763
0.057187
0.0481878
0.0361487
0.0225662
0.0129113
0.00559683
0.114273
0.12511
0.129784
0.134737
0.134971
0.124662
0.108027
0.0911477
0.0761304
0.0658859
0.0577679
0.0481594
0.0354071
0.021555
0.0121901
0.00537953
0.130626
0.138847
0.139393
0.141225
0.138327
0.125269
0.107718
0.0907959
0.0761673
0.0664343
0.0581819
0.0479081
0.0345123
0.0205354
0.0115481
0.00523575
0.14084
0.146719
0.144814
0.145295
0.140233
0.125143
0.106923
0.0901772
0.0760631
0.0668146
0.0582989
0.0473219
0.0334113
0.0194972
0.0109776
0.00514958
0.142996
0.147169
0.145392
0.146801
0.140713
0.12431
0.106051
0.0895552
0.0759727
0.0671172
0.0582081
0.0465158
0.0322245
0.0185249
0.0105142
0.00512023
0.136178
0.139986
0.141673
0.146353
0.140272
0.123275
0.105025
0.0888464
0.0757918
0.0671903
0.0577607
0.045404
0.0309368
0.0176265
0.0101494
0.00512836
0.120279
0.125334
0.133989
0.144035
0.138901
0.121957
0.104159
0.0882581
0.0756555
0.0671354
0.0570762
0.0441301
0.0296664
0.0168601
0.00989627
0.00516929
0.0972328
0.105445
0.124094
0.140726
0.137074
0.120718
0.103275
0.0876637
0.0754354
0.0667902
0.056029
0.0426569
0.0284336
0.016241
0.00974035
0.00522116
0.0700258
0.0830464
0.113364
0.136784
0.13484
0.119391
0.102554
0.0872019
0.0752311
0.0662509
0.0547525
0.041129
0.0273273
0.0157907
0.00967576
0.00528152
0.0435876
0.0624601
0.104122
0.133299
0.132783
0.118281
0.101791
0.0867072
0.0748716
0.0653568
0.0531688
0.0395546
0.0263843
0.0155187
0.00968101
0.00532871
0.0225918
0.0473016
0.0975808
0.130514
0.131021
0.117329
0.101176
0.0862944
0.0744036
0.0641924
0.05143
0.0380665
0.0256522
0.0154106
0.00973986
0.00536647
0.00977814
0.0397273
0.094272
0.128523
0.129577
0.116459
0.100508
0.0858257
0.0736669
0.062685
0.0495645
0.0367184
0.0251621
0.0154597
0.00982556
0.00537497
0.00554983
0.0394029
0.0930094
0.12671
0.128228
0.115342
0.0996559
0.0852882
0.0726679
0.0609655
0.0477592
0.0356137
0.0249088
0.0156221
0.00992135
0.00536582
0.00839462
0.0442109
0.0927785
0.124945
0.126998
0.114329
0.0985432
0.084504
0.0713833
0.0591453
0.0461406
0.0348031
0.0248922
0.0158744
0.0100014
0.00532213
0.0155903
0.0515413
0.0934668
0.123648
0.125924
0.113522
0.0975101
0.0835541
0.0699868
0.0574657
0.0448562
0.0342942
0.0250402
0.0161578
0.0100599
0.00526441
0.024658
0.0595671
0.0950801
0.123183
0.125499
0.113007
0.0966574
0.0825129
0.068676
0.0561171
0.0439618
0.0340565
0.0253135
0.016453
0.010084
0.00517841
0.0343904
0.0657208
0.0963505
0.123259
0.126029
0.113026
0.0961486
0.0814826
0.0676754
0.0552467
0.0434733
0.0340321
0.0256392
0.0167302
0.0100885
0.0050866
0.0466284
0.0694764
0.0963948
0.122704
0.126922
0.113531
0.0960705
0.0806081
0.067144
0.0549269
0.043346
0.0341389
0.0259659
0.0169789
0.0100684
0.00497668
0.0567935
0.0723409
0.0964259
0.121537
0.127334
0.113962
0.0961567
0.0800288
0.0670861
0.0551016
0.0434936
0.0342884
0.0262272
0.0171799
0.0100416
0.00487397
0.0611501
0.0743453
0.0972882
0.121008
0.127182
0.113986
0.0959676
0.0796811
0.0674515
0.0557159
0.0438493
0.0344187
0.0263873
0.0173163
0.00999232
0.00476285
0.0633027
0.0757104
0.0993972
0.121782
0.126578
0.113421
0.0953178
0.0793933
0.068108
0.0566398
0.0443397
0.0345018
0.0264319
0.0173855
0.00993458
0.00466257
0.0652362
0.0786557
0.102671
0.122945
0.125199
0.111909
0.0942214
0.0791141
0.0689414
0.057744
0.0449081
0.0345208
0.0263535
0.0173709
0.00984622
0.00455449
0.0700378
0.0840596
0.105684
0.122767
0.122614
0.109464
0.0927907
0.0788378
0.0698126
0.0588589
0.0454955
0.0344935
0.0261774
0.0172872
0.00974362
0.00445693
0.0751881
0.0896634
0.10816
0.121771
0.11981
0.106899
0.0913356
0.0785818
0.0705396
0.0598241
0.0460482
0.0344323
0.0259144
0.0171183
0.00960008
0.00435151
0.0796936
0.0950778
0.110547
0.120723
0.117322
0.104572
0.0899471
0.0781904
0.0708886
0.0604935
0.0465227
0.0343746
0.0256132
0.0168903
0.00943231
0.00425523
0.0828813
0.0993692
0.112318
0.119461
0.115083
0.10253
0.0886385
0.077546
0.0706804
0.0607284
0.0468494
0.0343298
0.025297
0.0165911
0.00920882
0.00414756
0.0843003
0.101762
0.113028
0.117875
0.112977
0.100756
0.0874525
0.0767273
0.0699874
0.0605131
0.0469899
0.0343077
0.0250146
0.0162607
0.00895092
0.00404263
0.083674
0.101841
0.112273
0.115725
0.110802
0.0991556
0.0863872
0.0758489
0.0689559
0.0598808
0.0469029
0.0342895
0.024785
0.0159032
0.00863366
0.00391732
0.0810471
0.099514
0.109867
0.112851
0.108338
0.0975365
0.085365
0.0749708
0.0677829
0.0589837
0.0466235
0.0342639
0.0246335
0.0155663
0.008288
0.00378379
0.0764297
0.0950282
0.105811
0.10909
0.105368
0.0956896
0.0842628
0.0740746
0.0665331
0.0578947
0.0461617
0.0342072
0.0245644
0.0152667
0.00790282
0.00361853
0.0703366
0.088775
0.100217
0.104297
0.101675
0.0933798
0.0829474
0.0731188
0.06529
0.0567393
0.0455884
0.0341131
0.0245728
0.015044
0.00752054
0.00343654
0.063133
0.0812502
0.0933559
0.098481
0.0971735
0.0904762
0.0812835
0.0720307
0.0640297
0.0555259
0.0449047
0.0339583
0.0246432
0.0149142
0.00714745
0.00322036
0.0554365
0.0730381
0.085554
0.0916926
0.0917985
0.0868669
0.0792063
0.0707591
0.0627672
0.0543186
0.0441677
0.0337467
0.0247457
0.0148874
0.00682418
0.00298999
0.047755
0.0646016
0.0772302
0.0842196
0.0857327
0.0826401
0.0766566
0.0692325
0.061429
0.0530637
0.0433422
0.0334455
0.024846
0.0149619
0.00656171
0.00273593
0.0404411
0.0563901
0.0688166
0.0763635
0.0791351
0.0778501
0.0736807
0.0674265
0.0600018
0.0517806
0.0424598
0.0330605
0.0249021
0.0151094
0.00638305
0.0024832
0.0337826
0.0486989
0.0606564
0.0684986
0.0723371
0.0727342
0.0702913
0.0653006
0.0584159
0.0503992
0.0414598
0.0325427
0.0248688
0.0153091
0.00629464
0.0022318
0.0279748
0.0417842
0.0531059
0.060949
0.0655762
0.067407
0.0666083
0.0628846
0.0566769
0.0489457
0.040379
0.0319157
0.0247214
0.0155119
0.0062928
0.00200468
0.0232744
0.0359535
0.0463938
0.054015
0.0591388
0.0621158
0.0626756
0.0601729
0.0547377
0.0473727
0.0391738
0.03114
0.0244258
0.015693
0.0063749
0.00180543
0.0197903
0.0312021
0.0406956
0.0478916
0.0532107
0.0569442
0.0586208
0.0572273
0.052626
0.0457278
0.0379102
0.030276
0.0239967
0.0158056
0.00651219
0.00164804
0.0172104
0.0274827
0.0359835
0.0426355
0.0479122
0.0520697
0.0545075
0.0540791
0.0503341
0.043988
0.0365636
0.0292971
0.023413
0.0158283
0.00669438
0.00153669
0.0154186
0.0245704
0.0321469
0.0382488
0.043297
0.0475406
0.05047
0.0508291
0.047917
0.0422006
0.0351975
0.0282753
0.0227202
0.0157334
0.0068779
0.00147017
0.0141197
0.0223058
0.0290697
0.034605
0.0393016
0.043439
0.046582
0.0475334
0.045386
0.0403356
0.0337716
0.0271707
0.0218951
0.0155077
0.00705142
0.00145022
0.0132085
0.0204941
0.0265105
0.0315131
0.0358458
0.0397356
0.0429057
0.0442609
0.0427826
0.0384147
0.0323259
0.0260461
0.0209977
0.0151496
0.00717004
0.00146111
0.0124262
0.0189144
0.0242647
0.0288052
0.0327768
0.0363863
0.0394463
0.0410355
0.0401158
0.0364131
0.0308209
0.0248589
0.0200027
0.0146543
0.0072279
0.00150439
0.0116842
0.0174113
0.0221776
0.0263007
0.0299793
0.0332927
0.0361707
0.0378728
0.0374115
0.034351
0.0292932
0.0236717
0.0189813
0.0140496
0.00719401
0.0015541
0.0108535
0.0159149
0.0201347
0.0239209
0.0273142
0.0303731
0.0330372
0.0347665
0.0346746
0.0322154
0.0277103
0.0224433
0.0179062
0.0133397
0.00707618
0.00161512
0.00994562
0.0143549
0.0181125
0.0215467
0.0247104
0.0275311
0.0299854
0.0316969
0.0319079
0.0300165
0.0260939
0.0212222
0.0168435
0.0125692
0.00686305
0.00165798
0.00891377
0.0127693
0.0160403
0.019157
0.0220837
0.0247028
0.0269835
0.0286568
0.029114
0.0277456
0.0244105
0.0199598
0.0157537
0.0117362
0.0065705
0.00169279
0.00771478
0.0110204
0.0138708
0.0166819
0.0194095
0.0218754
0.0240059
0.0256347
0.0262949
0.0254082
0.0226693
0.0186829
0.0146824
0.0108815
0.00619915
0.00169087
0.00626719
0.00909714
0.0115664
0.0141199
0.0166884
0.0190215
0.0210372
0.0226212
0.0234462
0.0229939
0.0208361
0.017339
0.0135807
0.00999148
0.0057662
0.00166793
0.00464019
0.00702144
0.00914232
0.0114604
0.0138822
0.0161203
0.018039
0.0195865
0.0205539
0.020499
0.0189151
0.0159465
0.0124826
0.00910013
0.00527874
0.00159876
0.00277189
0.00477131
0.00657892
0.00867895
0.0109768
0.0131256
0.0149782
0.0165062
0.0176063
0.0179139
0.0168843
0.0144671
0.0113477
0.00819189
0.00475478
0.00150337
0.000737573
0.00238789
0.0039058
0.00579325
0.00795492
0.0100361
0.0118401
0.013373
0.0146065
0.0152528
0.014764
0.0129266
0.0102066
0.00729696
0.00420643
0.0013638
-0.00151644
-0.000163741
0.00109604
0.00278431
0.00483114
0.00684851
0.00862942
0.0101897
0.0115597
0.0125194
0.0125473
0.0112981
0.00902601
0.00640043
0.00365282
0.00120634
-0.00389066
-0.00279974
-0.00177317
-0.000274418
0.0016458
0.0036038
0.00536953
0.00697158
0.00848371
0.00974038
0.0102622
0.00960674
0.00782641
0.00552132
0.00310232
0.00101941
-0.00641966
-0.00555049
-0.00472542
-0.00339394
-0.00158208
0.000324385
0.00208699
0.00374722
0.00539954
0.00693086
0.00791017
0.00783282
0.00657686
0.00464103
0.00256602
0.000827947
-0.00899331
-0.00831452
-0.00766665
-0.00649442
-0.0047882
-0.00292936
-0.00116219
0.000553016
0.00234177
0.00412796
0.00552725
0.0060046
0.00529523
0.00376712
0.00204215
0.000620756
-0.0116153
-0.0110943
-0.0105878
-0.00953864
-0.00791831
-0.00609858
-0.00432861
-0.00255461
-0.000646078
0.00135965
0.003124
0.00411436
0.00395934
0.00288293
0.00153716
0.000418663
-0.0141502
-0.0137528
-0.0133566
-0.0124108
-0.010866
-0.0090879
-0.00732047
-0.00551569
-0.00351617
-0.00133291
0.000742001
0.00219963
0.00259318
0.00199506
0.00104463
0.000210761
-0.016559
-0.0162508
-0.0159204
-0.0150323
-0.0135404
-0.0118038
-0.0100661
-0.00825602
-0.006211
-0.00390821
-0.00159537
0.000266717
0.00118695
0.0010922
0.000570041
1.34692e-05
-0.0186885
-0.0184135
-0.0181026
-0.0172544
-0.0158221
-0.0141564
-0.0124811
-0.0107241
-0.00869037
-0.00633376
-0.0038399
-0.0016362
-0.000225402
0.000185845
0.000104962
-0.000182244
-0.020568
-0.0203149
-0.0200007
-0.0191581
-0.017763
-0.0161606
-0.0145707
-0.0128903
-0.0109146
-0.00855272
-0.00595681
-0.00348878
-0.00164237
-0.000731615
-0.000347985
-0.000364195
-0.0220251
-0.0217502
-0.021405
-0.0205732
-0.0192421
-0.0177452
-0.0162737
-0.0147157
-0.0128398
-0.0105392
-0.00789951
-0.00524049
-0.00302412
-0.00164423
-0.000798437
-0.000542509
-0.0230543
-0.0227801
-0.0224254
-0.0216161
-0.0203551
-0.0189652
-0.0176218
-0.0161982
-0.0144583
-0.0122525
-0.00964124
-0.00687442
-0.0043661
-0.0025574
-0.00124823
-0.000711569
-0.0235217
-0.023226
-0.0228582
-0.0220995
-0.0209626
-0.019746
-0.0185893
-0.0173475
-0.0157693
-0.0137075
-0.011167
-0.00835453
-0.00562704
-0.00344541
-0.00169742
-0.000879286
-0.0235477
-0.0232764
-0.0229511
-0.0222939
-0.0213126
-0.0202758
-0.0193006
-0.0182335
-0.0168292
-0.014911
-0.0124793
-0.00968162
-0.0068118
-0.00431836
-0.00215481
-0.00104896
-0.0231754
-0.0229286
-0.0226546
-0.0221147
-0.0213113
-0.0204786
-0.0196986
-0.0188124
-0.0175691
-0.0158147
-0.0135113
-0.0107716
-0.00782683
-0.00509522
-0.00257292
-0.00119898
-0.0231381
-0.0230253
-0.0228818
-0.022493
-0.0218472
-0.0211428
-0.0204507
-0.0196264
-0.0184565
-0.0167745
-0.0145516
-0.0118563
-0.00886348
-0.00593111
-0.00307218
-0.00140707
-0.0212907
-0.0212196
-0.0212226
-0.0210703
-0.0207021
-0.0202702
-0.0198166
-0.0192096
-0.0182394
-0.0167761
-0.0147661
-0.0122567
-0.00934869
-0.00637553
-0.00333132
-0.00148321
-0.0241237
-0.0242062
-0.0242216
-0.0240323
-0.023601
-0.023041
-0.0223772
-0.0214972
-0.0202548
-0.0185375
-0.016322
-0.0136301
-0.010557
-0.00737251
-0.00403365
-0.00186185
-0.0167345
-0.0168031
-0.0171439
-0.0174421
-0.017563
-0.0176182
-0.0176333
-0.0174856
-0.0169777
-0.0159686
-0.014395
-0.0122803
-0.00966982
-0.0068341
-0.00366805
-0.00153665
-0.0314228
-0.0314784
-0.0312718
-0.0307922
-0.0300109
-0.0289883
-0.0277289
-0.0261714
-0.0242242
-0.0218442
-0.0190629
-0.0159374
-0.0125782
-0.00920688
-0.00558231
-0.00297457
-0.00403102
-0.00427489
-0.00512339
-0.0060232
-0.00679946
-0.00765443
-0.00864762
-0.00961464
-0.0102473
-0.0103088
-0.00968371
-0.00842071
-0.00662592
-0.00453211
-0.00187634
0.000151892
-0.0542321
-0.0538548
-0.0529818
-0.0516259
-0.0496724
-0.0470772
-0.0439558
-0.0403976
-0.0364884
-0.0323376
-0.0281219
-0.0240224
-0.0201091
-0.0165377
-0.0125316
-0.00896054
-0.255015
-0.14256
-0.231096
-0.304523
-0.199893
-0.0495071
0.00836067
0.0184475
-0.0167267
-0.0552348
-0.255502
-0.142773
-0.230901
-0.304579
-0.200091
-0.0495727
0.00844223
0.0184966
-0.0173703
-0.0563109
-0.256532
-0.143172
-0.230546
-0.304597
-0.200216
-0.0494935
0.0086398
0.0185278
-0.0185511
-0.0574811
-0.258684
-0.144126
-0.230036
-0.304529
-0.200275
-0.04938
0.00880328
0.0186465
-0.0198672
-0.0589137
-0.261807
-0.145902
-0.22942
-0.304449
-0.200388
-0.0492815
0.00886401
0.0189279
-0.0207442
-0.0603643
-0.265297
-0.148869
-0.228932
-0.304403
-0.20082
-0.0493928
0.00869402
0.0192791
-0.0208511
-0.0608953
-0.268483
-0.153161
-0.228829
-0.30452
-0.201921
-0.0499381
0.00822068
0.0194882
-0.0202855
-0.0605427
-0.270616
-0.159033
-0.229527
-0.304821
-0.204079
-0.0514411
0.00715168
0.0192976
-0.0192138
-0.0596078
-0.271131
-0.165746
-0.231051
-0.305212
-0.207207
-0.0539681
0.00541406
0.0185563
-0.0180515
-0.058173
-0.270704
-0.172685
-0.233317
-0.305178
-0.210564
-0.0576586
0.00274871
0.0169716
-0.0169918
-0.0560282
-0.269971
-0.178538
-0.23546
-0.303557
-0.212787
-0.0619466
-0.000650369
0.0144851
-0.0163499
-0.0534161
-0.269456
-0.181914
-0.235773
-0.298749
-0.212797
-0.0665743
-0.00479792
0.0108899
-0.0163562
-0.0504655
-0.269221
-0.181547
-0.232498
-0.290327
-0.210248
-0.0708674
-0.00925561
0.00639815
-0.0172094
-0.0476437
-0.269339
-0.178325
-0.225486
-0.27874
-0.205465
-0.0747642
-0.0139885
0.000977825
-0.0189495
-0.0450775
-0.269838
-0.17378
-0.215905
-0.265552
-0.199224
-0.0778983
-0.0186569
-0.00494248
-0.0214571
-0.0430573
-0.270668
-0.169935
-0.205457
-0.251727
-0.191975
-0.0803343
-0.023373
-0.0112127
-0.0245425
-0.0415381
-0.271488
-0.167549
-0.195338
-0.238222
-0.18425
-0.0819113
-0.0278404
-0.0173227
-0.0279308
-0.0406027
-0.27199
-0.167152
-0.186241
-0.225106
-0.175975
-0.0826615
-0.0320159
-0.02305
-0.0313478
-0.0400596
-0.271704
-0.168078
-0.178188
-0.212646
-0.167486
-0.0825725
-0.035584
-0.028008
-0.0345236
-0.0398287
-0.270456
-0.170159
-0.171164
-0.200454
-0.158668
-0.0816785
-0.0384347
-0.0320408
-0.0371835
-0.0396305
-0.268
-0.172528
-0.164883
-0.188586
-0.149988
-0.0802116
-0.0404655
-0.0350697
-0.0392216
-0.0393954
-0.264336
-0.175168
-0.159464
-0.176929
-0.141359
-0.0782194
-0.0416546
-0.0370563
-0.0404385
-0.038874
-0.259357
-0.177367
-0.154759
-0.165863
-0.133179
-0.075997
-0.0421898
-0.0381953
-0.0409231
-0.0380805
-0.253147
-0.179209
-0.151016
-0.155505
-0.125312
-0.0734751
-0.0421654
-0.0384961
-0.0405253
-0.0367758
-0.245776
-0.180072
-0.147968
-0.146166
-0.117959
-0.0709363
-0.0419591
-0.0382997
-0.039497
-0.0350816
-0.237431
-0.180115
-0.145713
-0.137933
-0.110993
-0.0683219
-0.041536
-0.0375184
-0.037726
-0.0328256
-0.228332
-0.178877
-0.143757
-0.130877
-0.104696
-0.0659274
-0.0411182
-0.0364879
-0.0356047
-0.0303138
-0.218754
-0.176606
-0.142067
-0.124952
-0.0990683
-0.0636531
-0.0405407
-0.0350826
-0.0330555
-0.0274321
-0.208958
-0.173061
-0.140116
-0.11996
-0.09424
-0.0617242
-0.0400529
-0.0336869
-0.0305212
-0.0245675
-0.199105
-0.168582
-0.137922
-0.115766
-0.0901279
-0.0600131
-0.0395046
-0.0321514
-0.0278735
-0.0215751
-0.189316
-0.163139
-0.135136
-0.112064
-0.0866812
-0.058647
-0.0391127
-0.0308118
-0.0255017
-0.0188568
-0.179647
-0.157086
-0.131891
-0.108744
-0.0837745
-0.0574926
-0.0387198
-0.0295004
-0.0232384
-0.0162354
-0.170152
-0.150464
-0.127997
-0.1055
-0.0812591
-0.0565821
-0.0384883
-0.0284788
-0.0213936
-0.0140652
-0.160841
-0.143516
-0.123612
-0.102269
-0.0790174
-0.0558066
-0.0382937
-0.0276006
-0.0197976
-0.0121421
-0.151713
-0.136295
-0.118679
-0.0988481
-0.0768952
-0.0551487
-0.0382433
-0.0270456
-0.0186666
-0.0107485
-0.142752
-0.128968
-0.113397
-0.0952734
-0.0748331
-0.05454
-0.0382526
-0.0267006
-0.0178619
-0.00969585
-0.133968
-0.121612
-0.107818
-0.0914734
-0.0727221
-0.053936
-0.0383626
-0.0266562
-0.0175059
-0.00918729
-0.125386
-0.114339
-0.102123
-0.0875358
-0.0705481
-0.0532914
-0.0385072
-0.026821
-0.0174936
-0.00906034
-0.117033
-0.107207
-0.0963768
-0.083454
-0.0682436
-0.0525481
-0.0386668
-0.0272012
-0.0178525
-0.00942625
-0.108942
-0.100263
-0.0906814
-0.0793034
-0.0658194
-0.0516812
-0.0387907
-0.0277214
-0.0185016
-0.0101488
-0.101142
-0.0935387
-0.0850756
-0.075101
-0.0632524
-0.0506517
-0.0388385
-0.0283382
-0.0193986
-0.0112539
-0.0936633
-0.0870491
-0.0796054
-0.0709014
-0.060576
-0.0494664
-0.0387865
-0.0289962
-0.0204796
-0.0126291
-0.0865154
-0.0808091
-0.0742927
-0.0667329
-0.0578079
-0.0481246
-0.0386103
-0.0296437
-0.0216708
-0.014236
-0.0797185
-0.0748262
-0.0691609
-0.06264
-0.0549985
-0.0466639
-0.038317
-0.0302487
-0.0229203
-0.0159814
-0.073274
-0.0691201
-0.0642403
-0.0586674
-0.0521984
-0.0451228
-0.0379161
-0.0307816
-0.0241599
-0.0177952
-0.0672067
-0.063714
-0.0595642
-0.0548661
-0.0494693
-0.0435573
-0.0374363
-0.0312309
-0.0253464
-0.0195983
-0.0615205
-0.0586389
-0.055177
-0.051291
-0.0468724
-0.0420194
-0.0369045
-0.0315861
-0.0264308
-0.0213168
-0.056239
-0.0539249
-0.0511124
-0.0479831
-0.0444493
-0.0405453
-0.0363351
-0.0318322
-0.0273575
-0.0228541
-0.0513682
-0.049584
-0.0473924
-0.0449539
-0.0422126
-0.0391304
-0.0357106
-0.0319219
-0.0280628
-0.0241241
-0.046911
-0.045628
-0.0439961
-0.0421807
-0.0401115
-0.0377246
-0.0349569
-0.0317776
-0.0284296
-0.0249722
-0.0428693
-0.0420304
-0.0408977
-0.0396034
-0.0380865
-0.0362481
-0.0340014
-0.0313091
-0.028385
-0.025345
-0.0392405
-0.0387887
-0.0380684
-0.0371874
-0.0360898
-0.0346632
-0.0328091
-0.0305008
-0.0279145
-0.0252118
-0.0360244
-0.0358998
-0.0355075
-0.0349344
-0.034134
-0.0329947
-0.0314219
-0.0294074
-0.0271034
-0.0246946
-0.033263
-0.0333876
-0.033229
-0.0328707
-0.0322713
-0.0313215
-0.0299431
-0.0281575
-0.0261141
-0.0240288
-0.0310578
-0.0313334
-0.0312834
-0.0310408
-0.0305632
-0.0297182
-0.0284208
-0.0267129
-0.024692
-0.0225131
-0.0293465
-0.0298064
-0.0298104
-0.0296192
-0.0292976
-0.0287231
-0.0277823
-0.026498
-0.0250594
-0.0237375
-0.0274829
-0.0284018
-0.0285352
-0.0280402
-0.0272265
-0.0261816
-0.0248464
-0.0231894
-0.0211099
-0.0185712
-0.0262489
-0.0279323
-0.0293622
-0.0302146
-0.0305487
-0.0304804
-0.0301338
-0.029643
-0.0293337
-0.0294554
-0.0289214
-0.0264313
-0.0233247
-0.0211249
-0.0194807
-0.0178153
-0.0159205
-0.0137585
-0.0110588
-0.00753697
-0.0504773
-0.0535014
-0.0528121
-0.0517041
-0.0512281
-0.051024
-0.0508263
-0.0506642
-0.0510045
-0.0518383
-5.30513
-3.99902
-3.10931
-2.43259
-1.86087
-1.46224
-1.25407
-1.10934
-0.908072
-0.722214
-0.603501
-0.496072
-0.425973
-0.395534
-0.354199
-4.00526
-3.01578
-2.27083
-1.75197
-1.41565
-1.26749
-1.2121
-1.11354
-0.919291
-0.735156
-0.617675
-0.503972
-0.432229
-0.398174
-0.355354
-2.8033
-2.1928
-1.71107
-1.28286
-0.950487
-0.849131
-0.946811
-0.996497
-0.883339
-0.730608
-0.623396
-0.50801
-0.439794
-0.402018
-0.357364
-2.0312
-1.64267
-1.35085
-1.02898
-0.698919
-0.528037
-0.610635
-0.762212
-0.780226
-0.699778
-0.614978
-0.50613
-0.445353
-0.405596
-0.359892
-1.6396
-1.37848
-1.13775
-0.838169
-0.530301
-0.343395
-0.368988
-0.526372
-0.642299
-0.646273
-0.595593
-0.502555
-0.447739
-0.407869
-0.36189
-1.25401
-1.08904
-0.895691
-0.643103
-0.386683
-0.22752
-0.229636
-0.351423
-0.509254
-0.584726
-0.571445
-0.499094
-0.447613
-0.408185
-0.361834
-0.900321
-0.812388
-0.656735
-0.458746
-0.272379
-0.150573
-0.15221
-0.241451
-0.406534
-0.530184
-0.548811
-0.497365
-0.447909
-0.408006
-0.360094
-0.663246
-0.574607
-0.431767
-0.296954
-0.178654
-0.0970639
-0.10402
-0.183289
-0.344598
-0.495353
-0.536127
-0.499425
-0.450409
-0.408522
-0.357755
-0.440335
-0.344635
-0.260994
-0.193318
-0.123056
-0.0636535
-0.0687141
-0.154423
-0.312801
-0.478137
-0.534475
-0.503466
-0.453736
-0.409553
-0.355463
-0.254171
-0.193313
-0.157275
-0.125685
-0.0829891
-0.0411531
-0.0448938
-0.13699
-0.296283
-0.470397
-0.539763
-0.507726
-0.455772
-0.410446
-0.353852
-0.179494
-0.133197
-0.0992694
-0.0716628
-0.0447166
-0.0213615
-0.0300998
-0.120545
-0.280617
-0.460881
-0.544397
-0.510078
-0.455015
-0.410139
-0.352852
-0.104407
-0.0716306
-0.0434824
-0.0221633
-0.00762017
-0.000781661
-0.0175266
-0.100792
-0.257572
-0.442654
-0.543564
-0.510569
-0.451697
-0.408
-0.352232
-0.0402202
-0.0147202
0.00621741
0.0203102
0.0247362
0.0190328
-0.00527246
-0.0790814
-0.225545
-0.412352
-0.533831
-0.509422
-0.446773
-0.403773
-0.351339
0.0107673
0.0292799
0.0437435
0.0513231
0.0496404
0.0367918
0.00783101
-0.0574315
-0.188198
-0.371575
-0.514649
-0.506934
-0.441322
-0.397566
-0.349676
0.048321
0.061114
0.0700488
0.0735475
0.0683492
0.0519295
0.020759
-0.0380133
-0.151548
-0.325345
-0.486355
-0.502002
-0.436081
-0.390111
-0.347026
0.0759876
0.0841212
0.0891995
0.0892624
0.0816761
0.0636008
0.0325918
-0.0205324
-0.118244
-0.2782
-0.450612
-0.493242
-0.430758
-0.381554
-0.343065
0.0956644
0.100406
0.102203
0.0996883
0.0904174
0.0721641
0.0424428
-0.0053386
-0.0893869
-0.23334
-0.409406
-0.479084
-0.424935
-0.372569
-0.337839
0.108684
0.110798
0.110258
0.105859
0.0957642
0.0778589
0.0504032
0.0078074
-0.0647578
-0.192256
-0.365128
-0.458999
-0.417838
-0.363117
-0.331285
0.116174
0.11645
0.114368
0.108927
0.0985243
0.0817572
0.0566541
0.0187532
-0.0442327
-0.155892
-0.320293
-0.433569
-0.409201
-0.353763
-0.323793
0.119612
0.118681
0.115695
0.109792
0.0997714
0.0841309
0.0614445
0.0278009
-0.0270497
-0.124166
-0.276617
-0.403676
-0.398353
-0.344163
-0.315402
0.120182
0.118551
0.115132
0.109248
0.0997388
0.0855479
0.0650538
0.0350396
-0.0130197
-0.0972623
-0.235765
-0.370759
-0.385226
-0.334651
-0.306584
0.118493
0.116582
0.113151
0.107572
0.0989406
0.0860089
0.0675123
0.0406935
-0.00152012
-0.0745499
-0.198351
-0.335895
-0.369394
-0.324684
-0.297274
0.115252
0.113376
0.110177
0.105117
0.0972512
0.0856646
0.0690138
0.0449514
0.00763773
-0.0558662
-0.16519
-0.300638
-0.351224
-0.314523
-0.287887
0.110998
0.109272
0.106425
0.101905
0.094972
0.0845737
0.0695718
0.0479574
0.0149418
-0.0403982
-0.136092
-0.265786
-0.330651
-0.303596
-0.27824
0.106368
0.104832
0.102305
0.0983267
0.0921142
0.0828336
0.0694004
0.0500021
0.0206112
-0.0278688
-0.111274
-0.232616
-0.308442
-0.292178
-0.268677
0.101538
0.100167
0.0979404
0.0944021
0.0889068
0.080661
0.068616
0.0511499
0.0250234
-0.0175441
-0.0900791
-0.201457
-0.284783
-0.279786
-0.258921
0.0969904
0.0957143
0.0936769
0.090467
0.0855351
0.0781474
0.0673384
0.0517287
0.0283553
-0.00921926
-0.0724361
-0.173157
-0.260658
-0.266799
-0.249239
0.0922732
0.091122
0.0893
0.0864354
0.0820224
0.0754097
0.065756
0.0516817
0.0308283
-0.00237657
-0.0575814
-0.147581
-0.236305
-0.252889
-0.239291
0.087874
0.0867791
0.0850871
0.0824661
0.0784721
0.072534
0.0638353
0.05128
0.0325784
0.00308952
-0.0453799
-0.125188
-0.212664
-0.23853
-0.229333
0.0833673
0.0823788
0.0808562
0.0784945
0.0749001
0.0695579
0.0617923
0.0504643
0.0337244
0.00752146
-0.0351469
-0.105525
-0.18983
-0.223535
-0.219076
0.0795301
0.0785348
0.0770459
0.0747988
0.0714687
0.0666157
0.0595685
0.0494377
0.0343823
0.0109902
-0.0267901
-0.0887735
-0.168542
-0.208449
-0.208795
0.0754752
0.0745572
0.0731848
0.0711163
0.0680671
0.0636412
0.0573065
0.048121
0.0345956
0.0137106
-0.0197915
-0.0743483
-0.148712
-0.193181
-0.198263
0.0720841
0.0711281
0.0697328
0.0676954
0.0647946
0.0607072
0.0548966
0.0466454
0.0344577
0.0157347
-0.0141276
-0.0622918
-0.130818
-0.178245
-0.187755
0.0679178
0.0670661
0.0658339
0.0640153
0.061399
0.0576809
0.0524561
0.0449559
0.0339755
0.0171862
-0.0094398
-0.0520441
-0.1146
-0.163564
-0.177105
0.0643504
0.0634979
0.0622918
0.0605561
0.0581125
0.0547072
0.0499099
0.0431494
0.0332296
0.0181134
-0.00573409
-0.0435964
-0.100331
-0.149571
-0.166577
0.0604946
0.0597111
0.0586116
0.0570283
0.0548047
0.0516924
0.0473622
0.0411898
0.0322114
0.0185945
-0.00275568
-0.0364718
-0.0876676
-0.136171
-0.15606
0.0571402
0.0563504
0.0552583
0.0537228
0.0516187
0.0487412
0.0447348
0.0391399
0.0310012
0.0187
-0.000494117
-0.0306545
-0.0767282
-0.123683
-0.145791
0.0532956
0.0525827
0.0516086
0.0502336
0.0483416
0.045725
0.0421152
0.0370033
0.0296153
0.0184929
0.00124468
-0.0257753
-0.0671488
-0.111976
-0.135689
0.049902
0.0492024
0.0482619
0.0469626
0.0452056
0.0428145
0.0394877
0.0348459
0.0281322
0.018049
0.0024815
-0.0218212
-0.0589727
-0.101263
-0.125959
0.0463354
0.0456959
0.0448471
0.0436794
0.0421015
0.0399305
0.036928
0.0326792
0.026557
0.0174024
0.00335255
-0.0185201
-0.051871
-0.0913945
-0.11654
0.0433027
0.0426709
0.0418345
0.0407051
0.0392117
0.037199
0.0344087
0.0305228
0.0249375
0.0166139
0.003886
-0.0158638
-0.0458456
-0.0824862
-0.107587
0.0399408
0.0393765
0.0386381
0.0376374
0.0363036
0.0344746
0.0319466
0.028384
0.0232818
0.0157075
0.00418196
-0.0136515
-0.0406226
-0.0743742
-0.0990382
0.0369017
0.036376
0.0356924
0.0347741
0.0335529
0.0318834
0.0295482
0.0262915
0.0216368
0.0147432
0.00427608
-0.0118709
-0.0361813
-0.0671069
-0.0909963
0.0338504
0.0333875
0.0327897
0.0319822
0.0308936
0.0293765
0.0272574
0.0242753
0.020022
0.0137414
0.0042391
-0.010378
-0.0323053
-0.0605261
-0.0833991
0.0312181
0.0307862
0.0302237
0.0294658
0.0284502
0.0270483
0.0250846
0.0223527
0.0184701
0.0127485
0.00410146
-0.00915933
-0.0289691
-0.0546356
-0.0763017
0.028553
0.0281665
0.0276682
0.0269956
0.0260859
0.0248123
0.0230318
0.0205383
0.0169935
0.0117764
0.00391169
-0.00811162
-0.0260114
-0.0492961
-0.0696409
0.0262009
0.0258435
0.0253807
0.024759
0.0239206
0.0227548
0.0211207
0.0188458
0.015619
0.0108664
0.00369985
-0.00721732
-0.0234073
-0.0444942
-0.0634422
0.0239533
0.023637
0.0232285
0.0226755
0.0219195
0.0208573
0.0193727
0.0173076
0.0143676
0.0100269
0.00350163
-0.00640417
-0.0210445
-0.0401232
-0.0576516
0.0219769
0.0216973
0.0213311
0.0208293
0.020137
0.0191639
0.0178105
0.0159294
0.0132453
0.00928394
0.00332991
-0.00566824
-0.0189178
-0.0361725
-0.0522777
0.0201822
0.0199374
0.019614
0.0191652
0.018537
0.0176515
0.0164208
0.0147065
0.0122514
0.00861697
0.00318484
-0.00499069
-0.0169828
-0.0325848
-0.0472833
0.018591
0.0183763
0.0180866
0.0176795
0.0171066
0.0163018
0.0151838
0.0136175
0.0113576
0.00802037
0.00304642
-0.00440586
-0.0152736
-0.0293731
-0.042674
0.0171477
0.0169576
0.0166997
0.0163359
0.0158208
0.0150954
0.0140804
0.0126412
0.0105528
0.00746725
0.00289394
-0.00392338
-0.0137818
-0.0265161
-0.038428
0.01587
0.0156967
0.0154618
0.0151334
0.0146707
0.0140183
0.0130945
0.0117658
0.0098235
0.0069609
0.00272967
-0.00353963
-0.0125009
-0.0239983
-0.0345382
0.0147746
0.0146087
0.0143879
0.0140867
0.0136672
0.0130758
0.0122283
0.0109942
0.00918347
0.00651371
0.0025838
-0.00319905
-0.011352
-0.0217314
-0.0309855
0.0138819
0.0137184
0.0135045
0.0132195
0.012829
0.0122812
0.0114925
0.0103383
0.0086415
0.00614533
0.00248135
-0.00286384
-0.0102732
-0.0196002
-0.0277012
0.0132329
0.013068
0.0128527
0.0125707
0.01219
0.0116626
0.0109082
0.00980998
0.00820396
0.00584861
0.00241628
-0.00252912
-0.00923137
-0.0175304
-0.0244939
0.0127839
0.0126217
0.0124078
0.0121272
0.011749
0.0112279
0.0104891
0.00942541
0.00788332
0.00564146
0.00240229
-0.00219616
-0.00828104
-0.0156964
-0.0213296
0.0125099
0.0123546
0.0121467
0.0118705
0.0114951
0.0109778
0.0102511
0.00921767
0.00773583
0.00560085
0.00253984
-0.00176669
-0.00742536
-0.0143452
-0.0190657
0.0123709
0.0122236
0.012024
0.0117562
0.0113881
0.0108796
0.0101691
0.00916566
0.00774217
0.00571222
0.00282586
-0.00120288
-0.00648194
-0.0127949
-0.0180836
0.0122959
0.0121562
0.0119629
0.0116982
0.0113275
0.0108128
0.0100883
0.00906973
0.00763721
0.00562926
0.00286036
-0.000784401
-0.00506009
-0.0088215
-0.0128131
)
;

boundaryField
{
    airfoil
    {
        type            zeroGradient;
    }
    farBoundaries
    {
        type            freestreamPressure;
        freestreamValue uniform 0;
        supersonic      false;
        value           nonuniform List<scalar> 
52
(
-0.0230389
-0.0244192
-0.0241046
-0.0235989
-0.0233816
-0.0232885
-0.0231983
-0.0231242
-0.0232796
-0.0236601
-0.0247527
-0.0245805
-0.024182
-0.0235632
-0.0226716
-0.0214871
-0.0200624
-0.0184384
-0.0166541
-0.0147596
-0.0128354
-0.0109643
-0.00917822
-0.00754817
-0.00571971
-0.00408979
0.0177203
0.0174292
0.0169637
0.016475
0.0159576
0.0153729
0.0146999
0.0139302
0.0130336
0.0119859
0.0108051
0.0095586
0.00829742
0.00705193
0.00562303
0.00368692
0.0186727
0.0188889
0.0180463
0.0174689
0.0172883
0.0171905
0.017077
0.017016
0.0171332
0.017438
)
;
    }
    inlet
    {
        type            freestreamPressure;
        freestreamValue uniform 0;
        supersonic      false;
        value           nonuniform List<scalar> 
30
(
0.0122713
0.0121289
0.0119317
0.0116613
0.0112822
0.010755
0.0100124
0.00896827
0.007504
0.0054695
0.00272363
-0.000719617
-0.00432778
-0.0065864
-0.00726558
0.0123913
0.012533
0.0127241
0.0129841
0.0133351
0.0138084
0.0144372
0.0152571
0.0162817
0.017455
0.0185399
0.0189442
0.0176344
0.0138904
0.00902351
)
;
    }
    outlet
    {
        type            freestreamPressure;
        freestreamValue uniform 0;
        supersonic      false;
        value           nonuniform List<scalar> 
120
(
2.62888e-06
2.61079e-06
2.59726e-06
2.58156e-06
2.56901e-06
2.54981e-06
2.53033e-06
2.50198e-06
2.47121e-06
2.42916e-06
2.38199e-06
2.32119e-06
2.25338e-06
2.17162e-06
2.08404e-06
1.9858e-06
1.88772e-06
1.78673e-06
1.69197e-06
1.59773e-06
1.51126e-06
1.42551e-06
1.34404e-06
1.26141e-06
1.1826e-06
1.10756e-06
1.03855e-06
9.78872e-07
9.25236e-07
8.84349e-07
8.48076e-07
8.27632e-07
8.07582e-07
7.9922e-07
7.80774e-07
7.63986e-07
7.25504e-07
6.81324e-07
6.14098e-07
5.43604e-07
4.55281e-07
3.66489e-07
2.6327e-07
1.60101e-07
4.47763e-08
-7.00463e-08
-1.93179e-07
-3.13776e-07
-4.40227e-07
-5.66299e-07
-7.00386e-07
-8.40133e-07
-9.86524e-07
-1.15216e-06
-1.32022e-06
-1.50329e-06
-1.67215e-06
-1.70134e-06
5.74425e-07
-6.75873e-07
5.72012e-06
4.01187e-06
3.72896e-06
3.70568e-06
3.42497e-06
3.22467e-06
3.12436e-06
3.06789e-06
3.00588e-06
2.96655e-06
2.92701e-06
2.92574e-06
2.93302e-06
2.99439e-06
3.0718e-06
3.21957e-06
3.39098e-06
3.636e-06
3.89353e-06
4.21041e-06
4.5189e-06
4.84863e-06
5.12784e-06
5.38179e-06
5.55728e-06
5.66766e-06
5.67478e-06
5.59747e-06
5.44062e-06
5.22342e-06
4.95629e-06
4.65081e-06
4.33661e-06
4.01974e-06
3.71915e-06
3.42785e-06
3.16723e-06
2.92689e-06
2.71886e-06
2.52567e-06
2.3583e-06
2.20367e-06
2.07309e-06
1.95964e-06
1.87654e-06
1.82332e-06
1.80978e-06
1.83371e-06
1.8952e-06
1.98488e-06
2.09449e-06
2.21028e-06
2.3236e-06
2.42244e-06
2.50536e-06
2.56521e-06
2.60805e-06
2.62971e-06
2.6395e-06
2.6364e-06
)
;
    }
    defaultFaces
    {
        type            empty;
    }
}


// ************************************************************************* //
