/*--------------------------------*- C++ -*----------------------------------*\
  =========                 |
  \\      /  F ield         | OpenFOAM: The Open Source CFD Toolbox
   \\    /   O peration     | Website:  https://openfoam.org
    \\  /    A nd           | Version:  6.0
     \\/     M anipulation  |
\*---------------------------------------------------------------------------*/
FoamFile
{
    version     2.0;
    format      ascii;
    class       volScalarField;
    location    "1";
    object      p;
}
// * * * * * * * * * * * * * * * * * * * * * * * * * * * * * * * * * * * * * //

dimensions      [0 2 -2 0 0 0 0];

internalField   nonuniform List<scalar> 
4920
(
0.0324706
0.03278
0.0331237
0.0335129
0.0339559
0.0344493
0.0349861
0.0355081
0.0358279
0.0354562
0.0334934
0.0288693
0.0213716
0.0130911
0.00756199
0.0332343
0.0335428
0.0338865
0.0342781
0.0347243
0.0352263
0.0357797
0.0363567
0.0368104
0.0367349
0.0353825
0.0317757
0.0255382
0.0181821
0.0131395
0.0347449
0.0350502
0.0353918
0.0357787
0.0362261
0.0367368
0.0373179
0.0379605
0.0385533
0.0387647
0.0379354
0.0351894
0.0300394
0.0235346
0.018913
0.0367235
0.0370516
0.0374227
0.0378446
0.0383333
0.0388921
0.0395344
0.0402696
0.041021
0.0415022
0.0411557
0.0391615
0.0349557
0.0292087
0.02494
0.0394384
0.0397812
0.0401664
0.040609
0.0411262
0.0417294
0.0424385
0.0432773
0.0441939
0.0449564
0.0450416
0.0437003
0.040298
0.0351938
0.0311845
0.0426473
0.0430295
0.0434646
0.0439621
0.0445442
0.0452208
0.0460213
0.046985
0.0480885
0.0491183
0.0496248
0.0488717
0.0461594
0.0415763
0.0377191
0.0466493
0.0470579
0.0475179
0.0480531
0.0486835
0.0494305
0.0503273
0.0514259
0.0527195
0.0540369
0.0549251
0.0546832
0.0525358
0.0483262
0.0444975
0.0512033
0.0516672
0.0521961
0.0528074
0.0535257
0.0543709
0.0553844
0.0566344
0.0581381
0.059726
0.0609989
0.0612246
0.0595406
0.0555513
0.0515969
0.0567243
0.0572212
0.0577811
0.0584352
0.0592096
0.060136
0.0612622
0.0626675
0.0643812
0.0662672
0.0678846
0.0685062
0.0671519
0.0632025
0.0589655
0.0627993
0.0633687
0.0640184
0.0647727
0.0656621
0.0667154
0.067988
0.0695747
0.0715265
0.0736901
0.0756636
0.0766416
0.075503
0.0714052
0.066685
0.0700252
0.0706346
0.0713244
0.0721329
0.0730959
0.0742539
0.0756683
0.0774426
0.0796318
0.0821061
0.0843914
0.0856395
0.084563
0.0800913
0.0746969
0.0778914
0.0785908
0.0793931
0.0803299
0.0814399
0.0827601
0.0843562
0.0863464
0.0888027
0.0915626
0.0941674
0.0956394
0.0944898
0.0894073
0.0830764
0.08714
0.0878933
0.0887543
0.0897655
0.090974
0.0924262
0.0941933
0.0964019
0.0991203
0.102198
0.105065
0.106656
0.105239
0.0992659
0.0917655
0.0972565
0.0981157
0.0991085
0.100268
0.101645
0.103283
0.105258
0.10771
0.110721
0.114083
0.117211
0.118851
0.116987
0.10982
0.100834
0.109046
0.109969
0.111026
0.112269
0.113756
0.115543
0.117712
0.120414
0.123702
0.127367
0.130686
0.132237
0.129682
0.120976
0.110218
0.121967
0.123001
0.124197
0.125589
0.127254
0.129239
0.131648
0.134608
0.138201
0.142142
0.145635
0.147001
0.143521
0.132908
0.119979
0.136577
0.137702
0.138989
0.140517
0.142345
0.144546
0.147192
0.150449
0.154346
0.158564
0.162155
0.163161
0.158447
0.145503
0.13004
0.152703
0.153965
0.155417
0.15713
0.159171
0.161605
0.164536
0.168084
0.172296
0.176778
0.180422
0.180926
0.174669
0.158924
0.14045
0.170957
0.172327
0.173902
0.175765
0.177991
0.180655
0.183833
0.187696
0.19223
0.196953
0.200541
0.200306
0.192114
0.173052
0.151118
0.190963
0.192489
0.194257
0.19633
0.198803
0.201736
0.205244
0.209438
0.214306
0.219252
0.222709
0.221537
0.210998
0.188049
0.162095
0.213267
0.214938
0.216856
0.21914
0.221861
0.225103
0.228934
0.233507
0.238724
0.243852
0.247028
0.244604
0.23122
0.203774
0.173271
0.23789
0.239737
0.241867
0.244386
0.247385
0.25094
0.255148
0.260094
0.265657
0.27093
0.273711
0.269748
0.252991
0.220372
0.184691
0.265183
0.267201
0.269524
0.272285
0.275572
0.279471
0.284043
0.289404
0.295313
0.300662
0.302832
0.296913
0.276165
0.23768
0.196232
0.295126
0.297346
0.299915
0.30295
0.306565
0.310833
0.315838
0.321615
0.327864
0.333231
0.334614
0.326357
0.300948
0.255815
0.207947
0.328003
0.330437
0.33324
0.336584
0.340562
0.345254
0.350701
0.356944
0.363527
0.368795
0.369098
0.357953
0.327137
0.274604
0.219704
0.364048
0.366719
0.369804
0.373466
0.377819
0.382942
0.388878
0.395574
0.402462
0.407544
0.406505
0.391947
0.354913
0.294142
0.23156
0.403427
0.406335
0.40969
0.413694
0.41846
0.424065
0.430506
0.437708
0.444883
0.449604
0.446812
0.428135
0.384013
0.314237
0.243373
0.445838
0.449072
0.452837
0.457293
0.462586
0.46876
0.475805
0.483524
0.490953
0.49516
0.490244
0.466754
0.4146
0.334959
0.255216
0.49216
0.495699
0.499801
0.504712
0.510541
0.517327
0.52499
0.533274
0.540881
0.544311
0.536696
0.507506
0.446342
0.356116
0.266934
0.542533
0.546388
0.550876
0.55623
0.562606
0.570019
0.578353
0.58715
0.594846
0.597222
0.586361
0.550593
0.479377
0.377754
0.278613
0.596785
0.601024
0.605957
0.61189
0.618935
0.627076
0.636096
0.645423
0.653022
0.653926
0.639033
0.595614
0.513309
0.399683
0.29009
0.65565
0.660289
0.66571
0.67221
0.679923
0.688795
0.698518
0.708251
0.71558
0.71455
0.694882
0.642738
0.548262
0.421918
0.301465
0.719255
0.724321
0.730243
0.737356
0.745778
0.755411
0.76579
0.775927
0.782621
0.779054
0.753568
0.691469
0.583786
0.444296
0.312574
0.787699
0.793237
0.799739
0.807508
0.816697
0.827098
0.838203
0.848476
0.854313
0.847493
0.815208
0.741933
0.620004
0.466809
0.323531
0.861395
0.86741
0.874467
0.88293
0.89288
0.904121
0.915815
0.926242
0.930625
0.919723
0.879337
0.793558
0.656431
0.48932
0.334171
0.940339
0.946895
0.954611
0.963813
0.974606
0.986675
0.999007
1.00917
1.01171
0.995741
0.946026
0.84644
0.693206
0.511792
0.344622
1.02515
1.03227
1.04064
1.05061
1.06227
1.07515
1.08792
1.09765
1.09748
1.0753
1.01471
0.899979
0.729836
0.534136
0.354725
1.11598
1.12374
1.13287
1.14371
1.15624
1.1699
1.18295
1.19162
1.18807
1.15833
1.0854
0.954255
0.76649
0.556293
0.36462
1.21353
1.22194
1.23185
1.24355
1.25698
1.27128
1.2843
1.29147
1.28327
1.24448
1.15747
1.00868
0.802688
0.578215
0.374156
1.31817
1.32729
1.33802
1.35061
1.36485
1.37969
1.39231
1.39708
1.38318
1.33358
1.23092
1.06332
0.838638
0.599823
0.38348
1.4305
1.44032
1.45186
1.46532
1.48036
1.49546
1.50721
1.50881
1.4875
1.42524
1.30508
1.11765
0.873895
0.621114
0.392451
1.55058
1.56123
1.5737
1.58812
1.60388
1.61908
1.62933
1.62647
1.59623
1.5192
1.37994
1.17175
0.908707
0.641995
0.401224
1.6793
1.69082
1.70426
1.71964
1.73605
1.75091
1.75892
1.75034
1.70895
1.615
1.45487
1.22519
0.942677
0.662499
0.409668
1.81736
1.82981
1.84426
1.86056
1.87741
1.89154
1.89625
1.88018
1.82557
1.71235
1.52987
1.27803
0.976074
0.682527
0.41793
1.96558
1.979
1.99447
2.01163
2.02867
2.04131
2.04157
2.01611
1.94557
1.81078
1.60439
1.32995
1.00856
0.702137
0.425899
2.12474
2.1392
2.15571
2.17357
2.19038
2.20082
2.19502
2.1578
2.06876
1.90998
1.67846
1.38105
1.04043
0.721232
0.433713
2.29578
2.3113
2.32875
2.34717
2.3633
2.37038
2.35681
2.30523
2.19455
2.00952
1.75163
1.43109
1.07139
0.739884
0.441278
2.4795
2.49611
2.51455
2.53325
2.54805
2.55061
2.52695
2.45794
2.32267
2.10911
1.82395
1.48016
1.10173
0.758008
0.448714
2.67696
2.69475
2.71404
2.73276
2.74544
2.74177
2.70554
2.61573
2.45251
2.20839
1.89511
1.52812
1.13122
0.77568
0.455946
2.88927
2.90825
2.92835
2.94661
2.95616
2.94438
2.89236
2.77805
2.58374
2.30713
1.96519
1.57508
1.16012
0.792833
0.463077
3.11762
3.13781
3.15851
3.17583
3.18093
3.15857
3.08736
2.94446
2.71581
2.40508
2.03397
1.62096
1.18826
0.80954
0.470046
3.36322
3.38463
3.40574
3.42133
3.42039
3.38465
3.29002
3.11445
2.84838
2.50206
2.10157
1.66584
1.21584
0.825763
0.47693
3.62742
3.65004
3.67122
3.68419
3.67516
3.62249
3.50011
3.28738
2.981
2.59793
2.16787
1.70972
1.24277
0.841561
0.483692
3.91169
3.93547
3.95628
3.96534
3.94574
3.8722
3.71676
3.46283
3.11338
2.6926
2.23298
1.75268
1.26919
0.856917
0.490387
4.2176
4.24241
4.26221
4.26581
4.23253
4.13329
3.9396
3.64006
3.24518
2.786
2.29688
1.79474
1.29506
0.871882
0.496993
4.54678
4.57249
4.59042
4.58645
4.53578
4.40558
4.1677
3.81857
3.37617
2.87812
2.35967
1.83597
1.32049
0.886456
0.503549
4.90134
4.92757
4.94235
4.92815
4.8556
4.68837
4.40022
3.99788
3.50616
2.96896
2.42138
1.87643
1.34546
0.900684
0.510042
5.28365
5.30977
5.31949
5.29146
5.19184
4.98096
4.63681
4.17713
3.63498
3.05856
2.48209
1.91618
1.37002
0.91459
0.516484
5.69675
5.72127
5.72276
5.67648
5.54384
5.28233
4.87626
4.35578
3.76233
3.14677
2.54171
1.95515
1.3941
0.92815
0.522845
6.14422
6.16292
6.15143
6.08168
5.90963
5.59009
5.11646
4.53225
3.88702
3.23269
2.59955
1.99283
1.41737
0.941147
0.529003
0.00713249
0.00705858
0.0069689
0.00685262
0.00670236
0.00651911
0.00630033
0.00605168
0.00577327
0.0054695
0.0133914
0.0133588
0.0132424
0.0130456
0.0127701
0.0124215
0.0120035
0.0115236
0.0109867
0.0103993
0.0195367
0.0195263
0.019375
0.0190911
0.0186841
0.0181645
0.0175422
0.0168279
0.0160309
0.0151609
0.0257192
0.0257002
0.0254878
0.0250944
0.0245352
0.0238262
0.0229834
0.0220223
0.0209565
0.0197995
0.0320089
0.0319524
0.031649
0.0311156
0.0303745
0.0294483
0.0283606
0.0271325
0.025783
0.02433
0.0384564
0.0383296
0.037899
0.0371883
0.0362274
0.0350485
0.0336837
0.0321621
0.0305091
0.0287485
0.0450877
0.044857
0.0442592
0.0433261
0.0421004
0.0406245
0.0389437
0.0370958
0.0351172
0.033036
0.0519309
0.0515545
0.05074
0.0495303
0.0479842
0.0461587
0.0441145
0.0419029
0.0395702
0.0371539
0.0589913
0.0584306
0.0573382
0.055792
0.0538565
0.0516223
0.0491581
0.0465397
0.0438238
0.0410617
0.0662984
0.0654815
0.0640516
0.0620862
0.0596964
0.0569787
0.05404
0.0509672
0.0478405
0.0447155
0.0738221
0.0727012
0.0708539
0.0683992
0.0654709
0.0622029
0.058725
0.0551513
0.051578
0.0480831
0.0815895
0.0800868
0.0777404
0.0747063
0.0711563
0.067259
0.0631761
0.0590492
0.055
0.0511088
0.0895832
0.0876251
0.0846883
0.0809824
0.0767199
0.0721137
0.0673579
0.0626265
0.0580594
0.0537699
0.0978184
0.0953082
0.091681
0.0872011
0.0821335
0.0767346
0.0712369
0.0658469
0.0607345
0.0560087
0.106262
0.103105
0.0986859
0.0933318
0.0873684
0.0810972
0.0747934
0.0686949
0.0629968
0.057838
0.114917
0.111003
0.10568
0.099349
0.0923985
0.0851782
0.078004
0.0711479
0.0648324
0.059199
0.123737
0.11896
0.112625
0.105224
0.0972029
0.088968
0.080868
0.0732125
0.0662359
0.0601285
0.132723
0.12696
0.1195
0.110931
0.101762
0.0924502
0.0833725
0.0748705
0.067197
0.0605666
0.141818
0.134951
0.126266
0.116447
0.106068
0.0956313
0.0855401
0.0761491
0.0677338
0.0605774
0.15102
0.142921
0.132899
0.121751
0.110103
0.0985031
0.0873624
0.0770386
0.067833
0.0601033
0.160263
0.150817
0.139366
0.12683
0.113873
0.101089
0.0888781
0.0775903
0.0675457
0.0592321
0.169549
0.158625
0.145648
0.131662
0.117368
0.103387
0.0900839
0.0777956
0.0668639
0.0579113
0.178803
0.166294
0.15172
0.13625
0.120606
0.105436
0.0910382
0.0777258
0.0658648
0.0562459
0.188035
0.173813
0.157565
0.140574
0.123581
0.107236
0.0917394
0.0773695
0.0645323
0.0541809
0.197158
0.181139
0.163168
0.144647
0.126317
0.108832
0.0922541
0.0768167
0.0629619
0.051836
0.206191
0.188261
0.168518
0.148451
0.128813
0.110216
0.0925782
0.0760538
0.0611369
0.0491571
0.215044
0.195151
0.173611
0.152013
0.131093
0.111438
0.0927767
0.0751765
0.0591606
0.0462652
0.223742
0.2018
0.178438
0.155315
0.133161
0.112488
0.0928365
0.0741584
0.0570028
0.0431014
0.2322
0.208199
0.183007
0.158388
0.135039
0.113411
0.0928168
0.0730914
0.0547679
0.0397828
0.240451
0.214339
0.187311
0.161219
0.136733
0.114195
0.0926986
0.0719401
0.0524178
0.0362482
0.248421
0.220232
0.19137
0.163842
0.138264
0.114881
0.0925337
0.0707908
0.0500545
0.0326096
0.25615
0.225862
0.195173
0.166244
0.139637
0.115459
0.0922998
0.0695988
0.0476314
0.0288062
0.263574
0.231263
0.19875
0.168464
0.14087
0.115963
0.0920422
0.0684434
0.0452442
0.0249424
0.270741
0.236413
0.20209
0.170488
0.141969
0.116383
0.0917389
0.0672744
0.0428422
0.0209599
0.277595
0.24136
0.205224
0.172354
0.142947
0.116745
0.0914269
0.0661636
0.040513
0.0169561
0.284188
0.246071
0.208144
0.174052
0.143814
0.117042
0.0910857
0.0650579
0.0382038
0.0128784
0.290475
0.250609
0.21088
0.175617
0.144578
0.117294
0.0907435
0.0640202
0.035991
0.00881385
0.29651
0.254929
0.213425
0.17704
0.145252
0.117496
0.0903824
0.0629967
0.0338209
0.0047142
0.302256
0.259102
0.215808
0.178354
0.14584
0.117663
0.0900239
0.0620426
0.0317592
0.000657181
0.307765
0.263073
0.218025
0.179548
0.146359
0.117792
0.0896541
0.0611065
0.0297551
-0.00339855
0.313011
0.266917
0.220099
0.180655
0.146807
0.117895
0.0892883
0.0602352
0.0278617
-0.00738692
0.318044
0.270573
0.22203
0.181662
0.147202
0.117967
0.088916
0.0593805
0.0260309
-0.0113447
0.322845
0.274112
0.223838
0.1826
0.147542
0.118021
0.0885481
0.0585822
0.0243056
-0.0152156
0.32746
0.277474
0.225525
0.183456
0.147841
0.118051
0.0881775
0.0577986
0.0226436
-0.01903
0.331877
0.280724
0.227106
0.184256
0.148098
0.118066
0.0878113
0.0570616
0.0210771
-0.0227427
0.336139
0.283805
0.228587
0.184989
0.148326
0.118063
0.087445
0.0563351
0.0195688
-0.0263802
0.340238
0.286776
0.22998
0.185677
0.148521
0.118049
0.0870831
0.0556448
0.018143
-0.0299065
0.344211
0.289586
0.23129
0.18631
0.148697
0.11802
0.0867229
0.0549619
0.0167692
-0.0333424
0.348054
0.292287
0.232527
0.186906
0.14885
0.117983
0.0863672
0.0543057
0.0154641
-0.0366613
0.351797
0.294838
0.233698
0.187457
0.148989
0.117933
0.0860142
0.0536534
0.0142028
-0.0398806
0.355439
0.297283
0.23481
0.187978
0.149112
0.117877
0.0856655
0.0530197
0.0129968
-0.0429806
0.359003
0.299598
0.23587
0.188464
0.149226
0.117811
0.0853201
0.052389
0.0118278
-0.0459738
0.362489
0.301815
0.236883
0.188925
0.149328
0.11774
0.0849788
0.0517699
0.0107016
-0.0488483
0.365917
0.303919
0.237856
0.189358
0.149425
0.117661
0.0846404
0.051152
0.00960469
-0.0516134
0.369287
0.305935
0.238792
0.18977
0.149515
0.117578
0.0843056
0.0505406
0.00853976
-0.054262
0.372617
0.307854
0.239698
0.190161
0.149602
0.117488
0.0839732
0.0499284
0.00749696
-0.0568012
0.375905
0.3097
0.240577
0.190536
0.149683
0.117394
0.0836408
0.0493092
0.0064533
-0.0592735
0.379159
0.311478
0.241432
0.190895
0.149762
0.117301
0.0833231
0.0487169
0.00547756
-0.061584
0.38236
0.313179
0.242252
0.191231
0.149832
0.117207
0.0830262
0.0481806
0.00464232
-0.0633734
0.385426
0.314743
0.242998
0.191521
0.149892
0.117141
0.0828541
0.0479239
0.0043336
-0.063923
0.00424529
0.00391704
0.00358489
0.00325292
0.00291742
0.00258182
0.00224241
0.00190115
0.00155683
0.00121188
0.000869171
0.000544907
0.000259124
4.75586e-05
-4.98606e-05
-2.33306e-05
0.0080318
0.00739998
0.00676084
0.00612652
0.0054841
0.00484542
0.00419901
0.00355099
0.00289812
0.00224195
0.0015938
0.000978056
0.000440332
4.95307e-05
-0.000116851
-4.67054e-05
0.0116779
0.0107449
0.00980513
0.00886854
0.00792312
0.00698005
0.00602728
0.00507163
0.00410997
0.0031458
0.00219995
0.00130803
0.000538412
-7.34851e-06
-0.000219255
-8.85429e-05
0.0151995
0.0139634
0.0127207
0.011479
0.0102285
0.00897773
0.0077162
0.00644971
0.00517671
0.00391074
0.00267309
0.00151902
0.000538803
-0.000131918
-0.000353878
-0.000131939
0.0185942
0.0170494
0.0154983
0.0139465
0.0123863
0.0108231
0.00924961
0.00766974
0.00608991
0.00452088
0.00300182
0.00160017
0.000434366
-0.00032642
-0.000525227
-0.000191663
0.021856
0.019997
0.0181324
0.0162656
0.0143909
0.0125124
0.0106238
0.00872901
0.00683629
0.00496954
0.00317406
0.00154074
0.000217944
-0.000593796
-0.000728835
-0.00025233
0.0249773
0.0228007
0.0206162
0.0184297
0.016234
0.0140348
0.0118245
0.00961065
0.00740581
0.00523998
0.00317894
0.00133635
-0.000107467
-0.000925752
-0.000961731
-0.000326263
0.0279239
0.0254222
0.0229183
0.0204059
0.017889
0.0153634
0.0128304
0.010295
0.00777688
0.00532092
0.00300698
0.000980567
-0.000544273
-0.00132192
-0.00121964
-0.000399381
0.0306549
0.0278293
0.0249994
0.0221614
0.0193189
0.0164688
0.0136121
0.0107584
0.00793447
0.00519469
0.00265162
0.00047771
-0.00107943
-0.00176711
-0.0014956
-0.000482202
0.0331339
0.0299838
0.0268305
0.0236689
0.0205029
0.0173294
0.0141521
0.0109833
0.00785757
0.00485577
0.00210679
-0.000175561
-0.00171371
-0.00226072
-0.00178666
-0.000562467
0.0353462
0.031876
0.0284005
0.0249162
0.0214256
0.0179282
0.01443
0.010949
0.00753973
0.00429284
0.001377
-0.000964065
-0.00242548
-0.00278376
-0.00208462
-0.000649247
0.0372501
0.0334625
0.0296681
0.0258631
0.0220516
0.0182352
0.0144221
0.0106489
0.00696998
0.00350921
0.000460297
-0.00188892
-0.00321389
-0.00333638
-0.0023882
-0.000732025
0.0388052
0.0347065
0.0306001
0.0264825
0.0223598
0.0182341
0.0141284
0.0100692
0.00614787
0.00250359
-0.000628754
-0.00292505
-0.00405274
-0.00389891
-0.00268961
-0.000818817
0.0399793
0.0355821
0.0311767
0.0267613
0.0223406
0.0179232
0.0135247
0.00921006
0.00506607
0.001273
-0.00189587
-0.00407493
-0.00494258
-0.00447351
-0.00298906
-0.000900896
0.0407387
0.0360588
0.0313698
0.0266711
0.0219675
0.0172684
0.0126111
0.0080486
0.00371893
-0.000173956
-0.00331363
-0.00530538
-0.00585553
-0.00504206
-0.00328019
-0.000985299
0.0410878
0.0361399
0.0311805
0.0262112
0.0212377
0.0162761
0.0113626
0.00659373
0.00210669
-0.00184136
-0.00488873
-0.00661802
-0.00679382
-0.00560869
-0.00356446
-0.00106472
0.0410258
0.0358217
0.0306023
0.0253729
0.0201419
0.0149295
0.00979376
0.0048267
0.000232688
-0.00370492
-0.00658049
-0.00797589
-0.00773057
-0.00615784
-0.00383698
-0.00114539
0.0405375
0.0350912
0.0296232
0.0241487
0.0186762
0.0132331
0.00787996
0.00276487
-0.00190259
-0.00577141
-0.00839801
-0.00938241
-0.00867067
-0.00669531
-0.00409986
-0.00122125
0.0396083
0.0339339
0.0282373
0.0225354
0.0168352
0.0111687
0.00563721
0.000392061
-0.00428205
-0.00800102
-0.0102904
-0.0108
-0.00959052
-0.00720863
-0.00434971
-0.00129777
0.0382939
0.0323978
0.0264741
0.0205405
0.0146098
0.00874927
0.00305315
-0.00226936
-0.00690446
-0.0104011
-0.0122658
-0.0122339
-0.0104973
-0.00770478
-0.00458899
-0.00136979
0.0365478
0.0304361
0.0242944
0.018139
0.0120122
0.00596263
0.000140809
-0.00521963
-0.00973995
-0.012919
-0.0142701
-0.0136492
-0.0113714
-0.00817398
-0.00481542
-0.00144215
0.0343961
0.0280739
0.0217182
0.0153575
0.00902425
0.00282142
-0.00310255
-0.00845524
-0.0127963
-0.0155669
-0.0163146
-0.0150543
-0.0122217
-0.00862367
-0.00503139
-0.00151046
0.031822
0.0252911
0.0187295
0.0121663
0.00566154
-0.000694571
-0.0066821
-0.0119638
-0.0160278
-0.0182826
-0.0183453
-0.016419
-0.0130329
-0.00904643
-0.00523549
-0.00157895
0.0288783
0.0221316
0.0153587
0.00859495
0.00190211
-0.00457082
-0.010593
-0.0157455
-0.0194448
-0.0210777
-0.0203766
-0.0177545
-0.0138151
-0.00944984
-0.00542998
-0.00164377
0.0255535
0.0185864
0.0115961
0.00462652
-0.00223484
-0.0088292
-0.0148322
-0.0197686
-0.0229858
-0.0238875
-0.0223581
-0.019036
-0.0145565
-0.00982809
-0.00561399
-0.0017087
0.0218776
0.014673
0.00745214
0.000264918
-0.00677494
-0.0134436
-0.019395
-0.0240399
-0.0266662
-0.0267271
-0.0243092
-0.0202765
-0.0152672
-0.0101884
-0.00578946
-0.00177036
0.0178424
0.0103826
0.00290965
-0.00449233
-0.0116928
-0.018444
-0.0242648
-0.0285109
-0.0304128
-0.0295332
-0.026185
-0.0214568
-0.015939
-0.0105263
-0.00595592
-0.00183209
0.0134646
0.00572351
-0.0020018
-0.00964147
-0.0170166
-0.0237893
-0.0294469
-0.0331905
-0.0342397
-0.0323235
-0.0280091
-0.022591
-0.0165811
-0.0108484
-0.00611504
-0.00189087
0.00876207
0.000720902
-0.00730664
-0.0151916
-0.0227304
-0.0295347
-0.0349122
-0.0380152
-0.0380701
-0.0350392
-0.029743
-0.0236644
-0.0171879
-0.0111512
-0.00626655
-0.00194967
0.00371296
-0.00467214
-0.0130085
-0.0211726
-0.0288823
-0.0356341
-0.0406727
-0.0429968
-0.041922
-0.0377038
-0.0314136
-0.0246913
-0.0177676
-0.0114407
-0.00641186
-0.0020058
-0.00168216
-0.0104481
-0.0191512
-0.0275987
-0.0354643
-0.0421454
-0.04668
-0.0480593
-0.0457184
-0.0402653
-0.0329886
-0.0256605
-0.0183162
-0.0117137
-0.00655079
-0.00206194
-0.00744671
-0.0166443
-0.0257355
-0.0345058
-0.0425133
-0.0490095
-0.0529435
-0.0532097
-0.0494806
-0.0427514
-0.0344973
-0.0265862
-0.0188413
-0.0119759
-0.00668455
-0.00211561
-0.0135839
-0.0232697
-0.0328122
-0.0419074
-0.0500305
-0.0562751
-0.0593939
-0.058367
-0.0531361
-0.0451179
-0.0359126
-0.0274596
-0.0193397
-0.0122245
-0.00681299
-0.00216925
-0.0201344
-0.0303733
-0.040398
-0.0498469
-0.0580345
-0.0638745
-0.0660382
-0.0635393
-0.0567137
-0.0473962
-0.0372641
-0.0282938
-0.0198179
-0.0124643
-0.00693719
-0.00222064
-0.0271227
-0.0379756
-0.0485397
-0.0583373
-0.066536
-0.0718461
-0.0727929
-0.0686476
-0.0601481
-0.0495498
-0.0385294
-0.029082
-0.0202737
-0.0126929
-0.00705694
-0.00227196
-0.0345638
-0.0461173
-0.0572661
-0.0674191
-0.0755376
-0.0801086
-0.0796608
-0.0737019
-0.0634747
-0.0516124
-0.0397375
-0.0298364
-0.0207126
-0.0129147
-0.00717322
-0.00232118
-0.0425148
-0.0548408
-0.0666288
-0.0771252
-0.0850543
-0.0886836
-0.0865482
-0.07863
-0.0666367
-0.0535536
-0.0408691
-0.0305512
-0.0211327
-0.0131273
-0.00728576
-0.00237028
-0.0510087
-0.0642137
-0.0766892
-0.0874891
-0.0950631
-0.0974768
-0.0934566
-0.0834471
-0.069676
-0.055408
-0.0419516
-0.0312374
-0.0215389
-0.0133348
-0.00739552
-0.00241744
-0.0601279
-0.0742951
-0.0875002
-0.0985482
-0.105577
-0.106494
-0.100291
-0.0880927
-0.0725444
-0.05715
-0.0429683
-0.03189
-0.0219295
-0.013535
-0.00750212
-0.00246444
-0.0699169
-0.0851673
-0.0991294
-0.11032
-0.116543
-0.115627
-0.107054
-0.0925882
-0.0752881
-0.0588143
-0.0439446
-0.0325191
-0.0223087
-0.0137313
-0.0076065
-0.0025096
-0.0804788
-0.0969021
-0.111639
-0.122839
-0.127957
-0.124867
-0.113658
-0.0968856
-0.0778661
-0.0603786
-0.0448657
-0.03312
-0.022675
-0.0139217
-0.00770819
-0.00255456
-0.0918773
-0.1096
-0.125094
-0.136095
-0.139733
-0.134101
-0.120112
-0.101012
-0.080327
-0.061876
-0.0457546
-0.033702
-0.0230322
-0.0141094
-0.00780817
-0.00259781
-0.104229
-0.123346
-0.139559
-0.150108
-0.151849
-0.143312
-0.126341
-0.104932
-0.0826352
-0.0632867
-0.0465977
-0.0342605
-0.0233785
-0.0142924
-0.00790584
-0.00264083
-0.117627
-0.138249
-0.155088
-0.164833
-0.164194
-0.152392
-0.132365
-0.108677
-0.0848405
-0.0646426
-0.0474163
-0.034804
-0.0237176
-0.0144737
-0.00800222
-0.00268223
-0.132205
-0.154423
-0.171744
-0.180262
-0.176722
-0.161328
-0.138124
-0.112222
-0.0869106
-0.0659252
-0.0481975
-0.0353282
-0.0240477
-0.0146513
-0.00809659
-0.00272335
-0.148102
-0.171989
-0.189558
-0.196309
-0.189306
-0.170022
-0.143647
-0.115601
-0.0888938
-0.0671639
-0.0489603
-0.0358409
-0.0243722
-0.014828
-0.00819007
-0.00276297
-0.165472
-0.191072
-0.208569
-0.212926
-0.201891
-0.178473
-0.148891
-0.118797
-0.0907611
-0.0683418
-0.0496931
-0.0363378
-0.0246892
-0.0150017
-0.00828179
-0.00280226
-0.184482
-0.211794
-0.228768
-0.229988
-0.21435
-0.186604
-0.153893
-0.121842
-0.0925588
-0.0694862
-0.0504129
-0.0368262
-0.0250019
-0.0151752
-0.00837296
-0.00284013
-0.205314
-0.234282
-0.250149
-0.247405
-0.226627
-0.194428
-0.158624
-0.124726
-0.0942602
-0.0705811
-0.0511088
-0.0373019
-0.0253082
-0.0153465
-0.00846259
-0.00287763
-0.228166
-0.258653
-0.272647
-0.265022
-0.238611
-0.201891
-0.163125
-0.12748
-0.0959075
-0.0716513
-0.0517963
-0.0377715
-0.0256117
-0.015518
-0.008552
-0.00291383
-0.253254
-0.285023
-0.296193
-0.282724
-0.25026
-0.209016
-0.167376
-0.130097
-0.0974768
-0.0726819
-0.0524648
-0.0382311
-0.0259098
-0.0156879
-0.00864007
-0.00294962
-0.280816
-0.313482
-0.320652
-0.300344
-0.261491
-0.215775
-0.171423
-0.132605
-0.0990071
-0.0736956
-0.0531291
-0.0386869
-0.026206
-0.0158586
-0.00872819
-0.00298417
-0.31111
-0.344114
-0.345884
-0.317762
-0.272286
-0.222199
-0.175252
-0.134998
-0.100476
-0.0746787
-0.0537787
-0.0391349
-0.0264979
-0.0160282
-0.00881516
-0.00301828
-0.34441
-0.376958
-0.371684
-0.334825
-0.28259
-0.228277
-0.178905
-0.137303
-0.101918
-0.0756512
-0.0544271
-0.039581
-0.0267889
-0.0161989
-0.00890247
-0.00305126
-0.381021
-0.412034
-0.397851
-0.351432
-0.292409
-0.234045
-0.182375
-0.139513
-0.103313
-0.0766007
-0.0550646
-0.0400214
-0.0270763
-0.016369
-0.0089888
-0.00308375
-0.421251
-0.449293
-0.424129
-0.367463
-0.301719
-0.239504
-0.1857
-0.141654
-0.104691
-0.0775451
-0.0557038
-0.0404615
-0.0273637
-0.0165407
-0.00907574
-0.00311518
-0.465456
-0.488665
-0.45028
-0.382853
-0.310544
-0.244691
-0.188878
-0.143719
-0.106037
-0.0784735
-0.0563355
-0.0408979
-0.0276483
-0.0167122
-0.00916186
-0.00314605
-0.513634
-0.529744
-0.475944
-0.3975
-0.318876
-0.249613
-0.191939
-0.145731
-0.107373
-0.0794009
-0.0569713
-0.0413353
-0.027934
-0.0168856
-0.00924887
-0.00317601
-0.567522
-0.573811
-0.501367
-0.411522
-0.326785
-0.254309
-0.194886
-0.147683
-0.108688
-0.0803181
-0.0576026
-0.0417707
-0.0282175
-0.0170593
-0.00933526
-0.00320534
-0.628707
-0.619562
-0.526068
-0.424864
-0.334293
-0.258798
-0.197744
-0.149596
-0.11
-0.0812374
-0.05824
-0.042208
-0.0285026
-0.017235
-0.0094227
-0.00323379
-0.707888
-0.667298
-0.550341
-0.437807
-0.341562
-0.26316
-0.200538
-0.15147
-0.111304
-0.0821506
-0.058874
-0.0426429
-0.0287848
-0.0174103
-0.00950914
-0.00326135
-0.762642
-0.699006
-0.569758
-0.449401
-0.348506
-0.267456
-0.20333
-0.153352
-0.112624
-0.0830747
-0.0595172
-0.0430807
-0.0290684
-0.0175872
-0.00959625
-0.00328795
-0.793335
-0.716431
-0.583179
-0.458869
-0.354829
-0.271613
-0.20611
-0.155231
-0.113957
-0.0840022
-0.0601606
-0.0435171
-0.0293488
-0.0177629
-0.00968194
-0.00331336
-0.806506
-0.722855
-0.590982
-0.465936
-0.360293
-0.275522
-0.208841
-0.157114
-0.115305
-0.08494
-0.0608125
-0.0439552
-0.0296298
-0.0179394
-0.00976796
-0.00333775
-0.807352
-0.721355
-0.594162
-0.470765
-0.364836
-0.279116
-0.211496
-0.158979
-0.116665
-0.085882
-0.0614658
-0.0443924
-0.0299079
-0.0181149
-0.00985265
-0.00336083
-0.799713
-0.714246
-0.593642
-0.473629
-0.368495
-0.282375
-0.214047
-0.160828
-0.118032
-0.0868329
-0.0621274
-0.044832
-0.0301872
-0.0182914
-0.00993785
-0.0033831
-0.786431
-0.703268
-0.590207
-0.474796
-0.371332
-0.285293
-0.21649
-0.162647
-0.119409
-0.0877884
-0.0627923
-0.0452712
-0.0304642
-0.0184671
-0.0100219
-0.00340399
-0.769571
-0.689686
-0.584463
-0.474476
-0.373411
-0.287885
-0.21881
-0.164437
-0.120787
-0.0887516
-0.0634658
-0.0457133
-0.0307429
-0.018644
-0.0101067
-0.00342419
-0.750606
-0.674442
-0.576912
-0.472838
-0.374761
-0.290146
-0.221012
-0.166191
-0.122172
-0.0897195
-0.0641443
-0.0461554
-0.03102
-0.0188205
-0.0101904
-0.00344293
-0.730572
-0.65822
-0.567959
-0.47002
-0.375412
-0.292082
-0.223077
-0.167907
-0.123549
-0.0906917
-0.0648304
-0.0466005
-0.0312991
-0.0189982
-0.010275
-0.0034612
-0.710145
-0.641505
-0.55794
-0.466138
-0.375363
-0.293667
-0.225009
-0.169581
-0.124932
-0.0916685
-0.065523
-0.0470459
-0.0315771
-0.0191758
-0.0103588
-0.00347791
-0.689775
-0.624644
-0.547135
-0.461311
-0.374629
-0.294891
-0.226776
-0.171203
-0.126298
-0.092647
-0.0662223
-0.0474942
-0.0318574
-0.0193548
-0.0104435
-0.0034943
-0.66971
-0.607851
-0.535762
-0.455634
-0.3732
-0.295717
-0.228378
-0.17277
-0.127664
-0.0936298
-0.0669293
-0.0479427
-0.0321371
-0.0195338
-0.0105276
-0.00350903
-0.650097
-0.59127
-0.524008
-0.449222
-0.371101
-0.296128
-0.229768
-0.174261
-0.129001
-0.0946088
-0.0676402
-0.0483936
-0.0324192
-0.0197143
-0.0106126
-0.00352367
-0.630978
-0.57497
-0.511999
-0.442158
-0.368328
-0.296085
-0.230944
-0.175675
-0.130328
-0.0955904
-0.0683592
-0.0488442
-0.032701
-0.0198949
-0.0106971
-0.00353656
-0.612363
-0.558976
-0.499841
-0.434547
-0.364922
-0.295575
-0.231849
-0.176975
-0.131606
-0.0965614
-0.0690787
-0.0492967
-0.0329851
-0.0200769
-0.0107827
-0.00354953
-0.594205
-0.543289
-0.487597
-0.426457
-0.360891
-0.294565
-0.232483
-0.178164
-0.132858
-0.0975309
-0.0698058
-0.0497483
-0.0332693
-0.0202593
-0.0108678
-0.00356065
-0.57648
-0.527881
-0.475314
-0.417973
-0.356288
-0.293056
-0.232784
-0.179194
-0.134034
-0.0984777
-0.0705274
-0.0501999
-0.0335551
-0.0204427
-0.0109539
-0.0035721
-0.559111
-0.512732
-0.463018
-0.409143
-0.351134
-0.291021
-0.232754
-0.180066
-0.135159
-0.099415
-0.0712538
-0.0506492
-0.0338408
-0.0206265
-0.0110397
-0.00358161
-0.542082
-0.497801
-0.450719
-0.40003
-0.345485
-0.288479
-0.23233
-0.180721
-0.136174
-0.100313
-0.0719669
-0.0510966
-0.0341274
-0.020811
-0.0111262
-0.00359164
-0.52531
-0.48306
-0.438427
-0.390665
-0.339365
-0.285409
-0.231526
-0.181162
-0.137104
-0.101188
-0.0726795
-0.0515398
-0.0344135
-0.0209958
-0.0112125
-0.00359964
-0.508797
-0.468474
-0.426132
-0.381081
-0.332825
-0.281849
-0.230282
-0.181326
-0.137883
-0.102001
-0.0733669
-0.0519768
-0.0346984
-0.0211804
-0.0112993
-0.0036084
-0.492452
-0.454009
-0.413831
-0.371305
-0.32589
-0.277782
-0.228624
-0.18122
-0.138533
-0.102772
-0.0740445
-0.0524067
-0.0349815
-0.021365
-0.0113857
-0.00361503
-0.476292
-0.439644
-0.401512
-0.361341
-0.318597
-0.273264
-0.226499
-0.180777
-0.138982
-0.10345
-0.074681
-0.0528249
-0.0352611
-0.0215483
-0.0114721
-0.00362263
-0.460235
-0.425337
-0.389158
-0.351213
-0.310969
-0.268271
-0.223944
-0.180017
-0.139251
-0.104057
-0.0752937
-0.0532313
-0.035537
-0.0217308
-0.0115581
-0.003628
-0.444287
-0.411077
-0.376765
-0.340909
-0.30303
-0.262873
-0.22092
-0.178874
-0.139266
-0.104535
-0.075845
-0.0536171
-0.0358051
-0.0219102
-0.0116433
-0.00363451
-0.428401
-0.396837
-0.364311
-0.330458
-0.294806
-0.257043
-0.217471
-0.177377
-0.139052
-0.104904
-0.0763531
-0.0539838
-0.0360663
-0.0220874
-0.0117276
-0.00363869
-0.412579
-0.382607
-0.351811
-0.319845
-0.286307
-0.250861
-0.213571
-0.175468
-0.138533
-0.1051
-0.076773
-0.0543178
-0.0363143
-0.0222591
-0.0118103
-0.00364412
-0.396777
-0.368367
-0.339229
-0.309094
-0.277568
-0.244293
-0.209265
-0.173182
-0.137738
-0.105139
-0.0771232
-0.0546223
-0.0365507
-0.0224268
-0.0118914
-0.00364707
-0.380993
-0.354101
-0.326591
-0.298193
-0.26858
-0.237415
-0.204539
-0.170472
-0.136598
-0.104957
-0.0773549
-0.0548778
-0.0367659
-0.022585
-0.0119692
-0.00365132
-0.365202
-0.339807
-0.313853
-0.287152
-0.259381
-0.230197
-0.199433
-0.167376
-0.135146
-0.104573
-0.0774831
-0.0550889
-0.0369624
-0.0227362
-0.0120442
-0.00365285
-0.349388
-0.325445
-0.30104
-0.275963
-0.249948
-0.22269
-0.19394
-0.163863
-0.133321
-0.103922
-0.0774545
-0.0552294
-0.0371273
-0.0228731
-0.0121139
-0.00365564
-0.333535
-0.311033
-0.288108
-0.264616
-0.240307
-0.214873
-0.188087
-0.15997
-0.131159
-0.103027
-0.0772837
-0.055305
-0.037264
-0.0229987
-0.0121792
-0.00365532
-0.317626
-0.296521
-0.275066
-0.253115
-0.230444
-0.206793
-0.181889
-0.155683
-0.128616
-0.101831
-0.0769169
-0.0552846
-0.0373552
-0.023103
-0.0122362
-0.00365605
-0.301694
-0.281963
-0.261932
-0.24148
-0.22041
-0.198451
-0.175372
-0.15104
-0.125731
-0.10036
-0.0763697
-0.0551725
-0.0374051
-0.0231898
-0.0122862
-0.00365307
-0.285774
-0.26739
-0.248751
-0.229753
-0.210208
-0.189902
-0.168569
-0.146046
-0.122474
-0.0985646
-0.0755904
-0.0549325
-0.0373918
-0.0232464
-0.0123242
-0.00365068
-0.269884
-0.252822
-0.235541
-0.21795
-0.199896
-0.181154
-0.1615
-0.140733
-0.118885
-0.0964761
-0.0745977
-0.0545695
-0.0373199
-0.0232773
-0.0123517
-0.00364369
-0.254051
-0.238281
-0.222326
-0.206105
-0.189469
-0.172249
-0.154204
-0.135128
-0.114954
-0.094058
-0.0733451
-0.0540457
-0.0371643
-0.0232666
-0.0123621
-0.00363655
-0.238304
-0.223793
-0.209126
-0.194227
-0.178982
-0.163207
-0.146703
-0.12924
-0.110716
-0.0913437
-0.0718564
-0.0533689
-0.0369287
-0.0232194
-0.0123574
-0.0036235
-0.22269
-0.209406
-0.195986
-0.182369
-0.168437
-0.154055
-0.139019
-0.123115
-0.106173
-0.0883126
-0.0700934
-0.0525018
-0.0365842
-0.0231165
-0.012329
-0.0036091
-0.207247
-0.195144
-0.182926
-0.170532
-0.157874
-0.14482
-0.131191
-0.11676
-0.101362
-0.0850013
-0.0680853
-0.051458
-0.0361357
-0.0229632
-0.0122792
-0.00358693
-0.19203
-0.181063
-0.169998
-0.158777
-0.147331
-0.135545
-0.123246
-0.110237
-0.0963077
-0.0814072
-0.0658062
-0.0502038
-0.035554
-0.0227384
-0.0121979
-0.00356198
-0.177081
-0.167208
-0.157249
-0.147153
-0.136862
-0.126277
-0.115247
-0.103564
-0.091045
-0.0775694
-0.0632902
-0.0487589
-0.0348459
-0.0224465
-0.0120873
-0.00352674
-0.162475
-0.153641
-0.144734
-0.135707
-0.126513
-0.117064
-0.107216
-0.0968045
-0.0856149
-0.0735045
-0.0605259
-0.0470965
-0.033984
-0.0220647
-0.0119354
-0.00348654
-0.148265
-0.140418
-0.132506
-0.124486
-0.116325
-0.107941
-0.0992198
-0.0899825
-0.080051
-0.0692488
-0.0575497
-0.045242
-0.0329789
-0.0215978
-0.0117443
-0.00343282
-0.134515
-0.127591
-0.120609
-0.113536
-0.106342
-0.0989613
-0.0912751
-0.0831538
-0.074401
-0.0648375
-0.0543659
-0.0431786
-0.0318074
-0.0210242
-0.011502
-0.00337165
-0.121213
-0.115156
-0.109054
-0.102874
-0.0965958
-0.0901492
-0.0834502
-0.076353
-0.0686995
-0.0602908
-0.0510108
-0.0409359
-0.0304852
-0.0203499
-0.0112088
-0.00329301
-0.108561
-0.103301
-0.097998
-0.0926287
-0.0871752
-0.0815847
-0.0757678
-0.0696215
-0.062978
-0.055659
-0.0474964
-0.0385082
-0.0289957
-0.0195568
-0.0108542
-0.00320371
-0.0964167
-0.0918941
-0.0873403
-0.082733
-0.0780554
-0.0732553
-0.0682687
-0.0629909
-0.0572833
-0.0509581
-0.0438614
-0.035929
-0.0273599
-0.0186529
-0.010437
-0.00309217
-0.0850351
-0.0811796
-0.0772899
-0.0733484
-0.0693499
-0.0652497
-0.060999
-0.0565095
-0.0516453
-0.0462487
-0.040133
-0.0332044
-0.0255702
-0.0176262
-0.0099505
-0.00296682
-0.0741751
-0.0709298
-0.0676581
-0.0643544
-0.061
-0.0575599
-0.053989
-0.050213
-0.0461212
-0.041552
-0.0363466
-0.0303697
-0.023651
-0.0164867
-0.00939194
-0.0028141
-0.0641303
-0.0614292
-0.0587007
-0.0559402
-0.0531379
-0.0502669
-0.0472906
-0.0441465
-0.0407313
-0.0369197
-0.0325376
-0.0274418
-0.0216045
-0.0152302
-0.00876071
-0.00264596
-0.0546898
-0.0524716
-0.0502354
-0.0479796
-0.0456884
-0.0433399
-0.0409023
-0.0383213
-0.0355198
-0.0323704
-0.0287314
-0.0244508
-0.0194552
-0.0138675
-0.00805204
-0.002446
-0.0460559
-0.0442635
-0.0424484
-0.0406131
-0.0387478
-0.0368389
-0.0348597
-0.032768
-0.0304904
-0.0279343
-0.0249599
-0.0214179
-0.0172126
-0.0124021
-0.00727238
-0.00222922
-0.0379849
-0.0365613
-0.0351239
-0.0336755
-0.032203
-0.0306947
-0.0291286
-0.0274683
-0.0256635
-0.0236245
-0.0212348
-0.0183618
-0.0148959
-0.0108432
-0.00641503
-0.00197781
-0.0306274
-0.0295278
-0.0284093
-0.0272782
-0.0261257
-0.0249481
-0.0237266
-0.022436
-0.0210304
-0.0194402
-0.017569
-0.0152967
-0.0125167
-0.00919976
-0.00549317
-0.00170967
-0.0237057
-0.022881
-0.0220476
-0.0212104
-0.020358
-0.0194872
-0.0185801
-0.0176183
-0.0165671
-0.0153732
-0.0139585
-0.0122301
-0.010083
-0.00747438
-0.00449584
-0.00140589
-0.0173286
-0.0167505
-0.0161578
-0.0155608
-0.0149477
-0.0143236
-0.0136741
-0.0129892
-0.0122453
-0.0113989
-0.0103959
-0.00915595
-0.00759887
-0.00567392
-0.00343804
-0.00108382
-0.0111679
-0.0107988
-0.0104249
-0.0100552
-0.00967482
-0.00929274
-0.0088915
-0.00847009
-0.00800984
-0.00748266
-0.00685098
-0.00606423
-0.00506035
-0.00380072
-0.00231681
-0.000735518
-0.00523242
-0.00505936
-0.00487661
-0.00471031
-0.00452872
-0.00436337
-0.00418245
-0.004003
-0.00380066
-0.00356582
-0.00327962
-0.00291441
-0.00244105
-0.00184058
-0.00112672
-0.000359754
-0.274315
-0.422775
-0.572605
-0.702519
-0.816342
-0.909409
-0.982484
-1.03546
-1.06768
-1.19894
-0.275083
-0.42493
-0.576248
-0.707582
-0.822719
-0.917009
-0.991264
-1.04544
-1.07896
-1.21539
-0.273212
-0.424237
-0.577276
-0.710673
-0.827968
-0.924489
-1.00107
-1.05779
-1.09445
-1.2406
-0.270177
-0.421139
-0.574462
-0.708491
-0.826573
-0.924009
-1.00162
-1.05953
-1.09792
-1.24476
-0.266473
-0.416602
-0.569196
-0.70289
-0.820804
-0.91826
-0.996007
-1.05418
-1.09336
-1.23497
-0.262377
-0.411138
-0.562345
-0.695032
-0.812137
-0.908994
-0.986272
-1.04409
-1.08335
-1.21596
-0.258065
-0.405167
-0.554495
-0.685728
-0.801559
-0.897399
-0.973786
-1.03081
-1.06967
-1.19098
-0.253618
-0.398829
-0.545981
-0.675436
-0.78969
-0.884214
-0.959425
-1.01537
-1.05344
-1.16216
-0.249099
-0.392335
-0.537056
-0.664524
-0.776964
-0.869969
-0.943799
-0.998454
-1.03545
-1.13101
-0.244522
-0.385667
-0.527827
-0.653144
-0.763622
-0.854958
-0.927268
-0.98049
-1.01616
-1.09846
-0.239915
-0.378961
-0.518413
-0.641478
-0.74986
-0.839422
-0.910106
-0.961791
-0.995947
-1.06524
-0.235273
-0.372138
-0.508821
-0.629541
-0.735752
-0.823456
-0.89244
-0.942511
-0.974972
-1.03173
-0.230612
-0.365311
-0.499123
-0.617442
-0.721395
-0.807179
-0.874402
-0.922799
-0.953428
-0.998316
-0.225928
-0.35837
-0.489283
-0.605134
-0.706786
-0.790596
-0.856014
-0.90269
-0.931343
-0.965133
-0.221237
-0.351428
-0.479362
-0.592702
-0.691989
-0.773777
-0.837348
-0.88226
-0.908838
-0.932388
-0.216536
-0.344368
-0.469298
-0.58007
-0.676959
-0.756686
-0.818376
-0.861491
-0.885887
-0.900108
-0.211848
-0.3373
-0.459156
-0.567317
-0.661752
-0.739374
-0.799151
-0.840434
-0.862586
-0.868425
-0.207173
-0.330106
-0.448859
-0.554351
-0.646303
-0.721785
-0.779618
-0.819044
-0.838889
-0.837303
-0.20254
-0.322898
-0.438484
-0.541255
-0.630672
-0.70397
-0.75983
-0.797369
-0.814889
-0.806839
-0.197961
-0.315566
-0.427941
-0.52793
-0.61478
-0.685859
-0.739717
-0.775351
-0.790536
-0.776964
-0.193473
-0.308217
-0.417319
-0.514464
-0.598696
-0.66751
-0.719338
-0.753045
-0.765929
-0.747754
-0.1891
-0.300752
-0.406516
-0.500751
-0.582329
-0.648841
-0.698615
-0.730385
-0.741018
-0.719117
-0.184893
-0.293271
-0.395633
-0.486887
-0.565759
-0.629924
-0.677613
-0.707441
-0.715911
-0.691115
-0.18091
-0.285693
-0.384568
-0.472766
-0.548895
-0.610672
-0.656261
-0.684148
-0.690566
-0.663646
-0.177191
-0.278105
-0.373419
-0.458488
-0.531816
-0.591163
-0.634625
-0.660585
-0.665094
-0.636757
-0.17371
-0.270438
-0.362083
-0.443942
-0.514433
-0.571308
-0.612637
-0.636692
-0.639454
-0.610335
-0.170387
-0.262763
-0.350657
-0.429237
-0.496829
-0.551196
-0.590371
-0.612561
-0.613761
-0.584422
-0.167167
-0.255024
-0.339049
-0.414274
-0.478926
-0.530747
-0.567775
-0.588145
-0.587983
-0.558907
-0.163973
-0.247267
-0.327352
-0.399159
-0.46081
-0.510061
-0.54493
-0.563549
-0.562229
-0.533826
-0.160768
-0.239444
-0.315485
-0.383801
-0.442415
-0.489064
-0.521801
-0.538738
-0.536476
-0.509074
-0.157482
-0.23158
-0.303533
-0.368313
-0.423836
-0.467871
-0.49848
-0.513827
-0.510827
-0.48469
-0.154087
-0.223638
-0.291432
-0.35262
-0.405025
-0.446429
-0.474954
-0.488802
-0.485267
-0.460585
-0.150527
-0.215624
-0.27926
-0.336831
-0.386084
-0.424864
-0.451328
-0.463786
-0.459895
-0.436805
-0.146786
-0.207509
-0.266969
-0.320895
-0.366987
-0.403145
-0.427609
-0.438781
-0.434704
-0.413281
-0.142822
-0.199291
-0.254628
-0.304913
-0.347842
-0.381405
-0.403915
-0.413914
-0.409789
-0.390071
-0.138627
-0.190951
-0.242203
-0.288855
-0.328641
-0.359639
-0.380271
-0.389201
-0.385152
-0.367131
-0.134174
-0.182486
-0.229754
-0.272818
-0.309497
-0.337982
-0.356801
-0.364768
-0.360884
-0.344532
-0.129462
-0.17389
-0.217263
-0.256793
-0.290419
-0.316452
-0.333543
-0.340643
-0.336999
-0.322251
-0.12448
-0.165168
-0.20478
-0.240868
-0.271518
-0.295177
-0.310622
-0.316945
-0.313584
-0.300374
-0.119233
-0.156326
-0.19231
-0.225056
-0.252823
-0.274199
-0.288089
-0.293713
-0.290666
-0.278897
-0.113729
-0.147381
-0.179898
-0.209435
-0.234435
-0.253631
-0.266057
-0.271052
-0.268328
-0.257916
-0.107983
-0.138355
-0.167569
-0.194041
-0.216402
-0.233531
-0.244586
-0.249014
-0.246613
-0.237443
-0.10202
-0.129276
-0.155367
-0.17894
-0.198808
-0.213995
-0.223774
-0.227688
-0.225593
-0.217578
-0.0958654
-0.120181
-0.143335
-0.164185
-0.181715
-0.195087
-0.203685
-0.20713
-0.205326
-0.198348
-0.0895612
-0.111109
-0.13152
-0.149834
-0.165192
-0.176884
-0.184393
-0.187413
-0.185868
-0.179846
-0.0831428
-0.102109
-0.119976
-0.135946
-0.149301
-0.15945
-0.165963
-0.168593
-0.167289
-0.162108
-0.0766642
-0.0932303
-0.108753
-0.122573
-0.134097
-0.142839
-0.148447
-0.150723
-0.149621
-0.145206
-0.070167
-0.0845246
-0.0979062
-0.109769
-0.119635
-0.127102
-0.131894
-0.133846
-0.132932
-0.129184
-0.0637092
-0.0760464
-0.0874787
-0.0975794
-0.105948
-0.112278
-0.116334
-0.117999
-0.117231
-0.114076
-0.0573341
-0.0678308
-0.0775151
-0.0860272
-0.0930673
-0.0983763
-0.101783
-0.103179
-0.102546
-0.099913
-0.0510826
-0.0599244
-0.0680371
-0.0751434
-0.0810004
-0.0854121
-0.0882388
-0.0894001
-0.0888772
-0.0866972
-0.0449956
-0.0523571
-0.0590792
-0.0649444
-0.0697648
-0.0733887
-0.0757083
-0.076661
-0.0762363
-0.0744579
-0.0391169
-0.0451653
-0.0506645
-0.0554455
-0.0593642
-0.0623042
-0.0641836
-0.0649549
-0.0646138
-0.0631762
-0.0334694
-0.038366
-0.0427991
-0.0466407
-0.0497807
-0.0521322
-0.0536333
-0.0542499
-0.0539812
-0.0528408
-0.0280768
-0.0319647
-0.0354727
-0.0385042
-0.0409759
-0.0428239
-0.0440018
-0.044486
-0.044277
-0.0433833
-0.0229335
-0.0259458
-0.0286548
-0.0309904
-0.0328903
-0.0343091
-0.0352122
-0.0355843
-0.0354273
-0.0347484
-0.0180311
-0.0202781
-0.0222948
-0.0240314
-0.025441
-0.026493
-0.027161
-0.0274365
-0.0273203
-0.0268164
-0.0133236
-0.0149008
-0.0163147
-0.0175315
-0.0185182
-0.019254
-0.0197211
-0.0199146
-0.0198362
-0.0194881
-0.008755
-0.00973162
-0.010611
-0.0113697
-0.0119852
-0.0124457
-0.0127369
-0.0128586
-0.0128074
-0.0125848
-0.00421538
-0.00464438
-0.00503957
-0.00538486
-0.0056668
-0.00587832
-0.00601365
-0.0060675
-0.00604189
-0.00593424
6.10403
6.03114
5.89451
5.66076
5.2878
4.7467
4.05907
3.2956
2.5346
1.82833
1.18493
0.728803
0.32066
0.0676247
-0.100518
5.65988
5.59797
5.48449
5.28793
4.96919
4.49811
3.88411
3.18357
2.46837
1.7922
1.16811
0.721456
0.319049
0.0676621
-0.10043
5.24945
5.19529
5.09903
4.93288
4.66097
4.2526
3.70753
3.06848
2.39954
1.75443
1.15099
0.713132
0.31718
0.0676607
-0.0992401
4.86963
4.82158
4.7387
4.59732
4.3653
4.01242
3.53112
2.9515
2.32879
1.71537
1.13363
0.70415
0.315134
0.0675948
-0.0979047
4.51746
4.47449
4.40241
4.28129
4.08307
3.77889
3.35592
2.83317
2.25641
1.6753
1.11611
0.694516
0.313001
0.0674728
-0.096531
4.19046
4.15185
4.08869
3.98436
3.81461
3.55276
3.18261
2.71374
2.18226
1.63387
1.09798
0.684376
0.310755
0.0672766
-0.0952087
3.88662
3.85181
3.79618
3.70579
3.56009
3.33485
3.01211
2.59376
2.10659
1.59128
1.07925
0.673617
0.308396
0.066991
-0.0939271
3.60424
3.57276
3.5235
3.44489
3.31941
3.12561
2.84498
2.4735
2.02927
1.54714
1.05948
0.662386
0.305846
0.0665882
-0.0927288
3.34178
3.31321
3.26945
3.20072
3.09235
2.92552
2.68205
2.35366
1.95073
1.50173
1.03874
0.650534
0.303117
0.0660601
-0.0915747
3.09778
3.07182
3.03275
2.97249
2.87857
2.73472
2.52374
2.23453
1.87081
1.45468
1.01665
0.63821
0.300111
0.0653689
-0.0905027
2.87093
2.84728
2.81235
2.75924
2.67758
2.55335
2.37069
2.11685
1.79015
1.40633
0.993304
0.62522
0.296853
0.0645115
-0.0894657
2.66
2.63844
2.60704
2.56014
2.4889
2.38136
2.22316
2.00086
1.70861
1.35632
0.968399
0.611713
0.293215
0.0634371
-0.0885052
2.46382
2.4441
2.41589
2.37427
2.31191
2.2186
2.08153
1.88727
1.62694
1.30511
0.942055
0.597458
0.289248
0.0621565
-0.0875708
2.28128
2.26327
2.23779
2.20081
2.14607
2.0649
1.94592
1.77623
1.54505
1.25235
0.914088
0.582634
0.284795
0.0606095
-0.0867074
2.11136
2.09487
2.07192
2.03894
1.99075
1.91985
1.81645
1.66835
1.46371
1.19866
0.88464
0.566963
0.279942
0.0588265
-0.0858632
1.95323
1.93816
1.91734
1.88788
1.84524
1.78322
1.69308
1.56373
1.38288
1.14375
0.853605
0.55067
0.274487
0.0567351
-0.0850841
1.80595
1.79209
1.77324
1.74681
1.70904
1.65447
1.57577
1.46276
1.30326
1.08831
0.821193
0.533435
0.268571
0.0543969
-0.0843194
1.66875
1.65602
1.63885
1.61509
1.58144
1.53339
1.46445
1.36554
1.22489
1.03218
0.78737
0.515564
0.261959
0.0517341
-0.0836146
1.54085
1.52913
1.51348
1.49204
1.46205
1.41951
1.35896
1.27228
1.14835
0.976055
0.752429
0.496706
0.254857
0.048847
-0.0829215
1.4215
1.41071
1.39645
1.3771
1.35023
1.31255
1.25922
1.18305
1.07372
0.919888
0.716418
0.47725
0.246986
0.0456534
-0.0822822
1.3099
1.30004
1.28709
1.26965
1.24565
1.21213
1.16501
1.09792
1.00143
0.864302
0.679687
0.456833
0.238637
0.0423029
-0.0816536
1.20592
1.19688
1.18511
1.16937
1.14781
1.11797
1.0762
1.01694
0.931587
0.8094
0.642339
0.435943
0.229501
0.0387212
-0.0810739
1.10899
1.1007
1.09
1.07575
1.0564
1.02971
0.992574
0.940065
0.864463
0.755619
0.604761
0.414211
0.219959
0.0351143
-0.0805033
1.01872
1.01111
1.00135
0.988438
0.970955
0.947047
0.913919
0.867318
0.800186
0.703158
0.567151
0.392257
0.20968
0.0314245
-0.0799692
0.93444
0.927471
0.918589
0.90688
0.891139
0.86963
0.840083
0.79857
0.738863
0.652292
0.529828
0.369673
0.19912
0.0278937
-0.0794119
0.855976
0.849581
0.841464
0.830831
0.816537
0.797247
0.770797
0.733779
0.680573
0.603255
0.493095
0.347186
0.187944
0.0243696
-0.0788362
0.782745
0.776881
0.769506
0.759827
0.746946
0.729602
0.705933
0.672859
0.625328
0.55617
0.457124
0.324353
0.176658
0.0210137
-0.0781918
0.714715
0.709342
0.702615
0.693812
0.682154
0.666553
0.645335
0.615676
0.57316
0.511272
0.42228
0.302009
0.164945
0.0176224
-0.0775042
0.651511
0.64661
0.640501
0.632511
0.621959
0.607912
0.58881
0.562212
0.524077
0.468585
0.388586
0.279638
0.153319
0.0143942
-0.0767304
0.592992
0.588515
0.582948
0.575695
0.566152
0.553464
0.536277
0.512302
0.478065
0.428278
0.356443
0.258118
0.141489
0.0111225
-0.0758912
0.539065
0.534935
0.529848
0.523211
0.51453
0.503057
0.487499
0.465922
0.435097
0.390336
0.325729
0.236883
0.129947
0.00803918
-0.0749418
0.488983
0.485227
0.48061
0.474613
0.466783
0.456412
0.442388
0.422863
0.395078
0.354824
0.296815
0.216789
0.11845
0.00493698
-0.0738977
0.442962
0.439539
0.435364
0.429906
0.422797
0.413408
0.400669
0.383044
0.357967
0.321712
0.269498
0.197256
0.107424
0.00206771
-0.0727159
0.400772
0.397613
0.393758
0.388754
0.382287
0.373749
0.362241
0.346265
0.32361
0.290962
0.244071
0.179031
0.0966616
-0.000775731
-0.0714097
0.36164
0.358786
0.35531
0.350798
0.34496
0.337265
0.32683
0.312407
0.291961
0.262545
0.220306
0.161581
0.0865103
-0.00333243
-0.0699393
0.325799
0.323206
0.320049
0.315975
0.310719
0.303769
0.294374
0.281324
0.262851
0.236343
0.198386
0.14548
0.0768186
-0.0058021
-0.0683176
0.293129
0.290773
0.287921
0.284229
0.27947
0.273189
0.264663
0.252877
0.236211
0.212328
0.178107
0.130302
0.0678286
-0.00793574
-0.0665124
0.26335
0.261201
0.258599
0.255252
0.250955
0.245269
0.237588
0.226933
0.211875
0.190336
0.159547
0.11643
0.0594193
-0.00992614
-0.0645389
0.236228
0.234288
0.23194
0.228921
0.225041
0.219916
0.212959
0.203331
0.189746
0.170329
0.142545
0.103555
0.0517468
-0.0115472
-0.0623738
0.21174
0.209971
0.207823
0.205088
0.201578
0.196939
0.190657
0.181953
0.169665
0.152134
0.127095
0.0918828
0.0447254
-0.0129765
-0.0600369
0.189589
0.187992
0.186067
0.183594
0.180416
0.176208
0.170501
0.16261
0.151508
0.13569
0.113076
0.0812154
0.0384297
-0.0140252
-0.0575157
0.169697
0.168233
0.166463
0.164202
0.161308
0.157481
0.152309
0.145173
0.135132
0.120839
0.100428
0.0716357
0.0327947
-0.0148596
-0.0548363
0.151567
0.150256
0.148671
0.146646
0.144046
0.1406
0.135935
0.129482
0.120413
0.107509
0.0890627
0.0630122
0.027837
-0.0153281
-0.0519963
0.135533
0.134327
0.13286
0.131007
0.128632
0.125503
0.121271
0.115438
0.107236
0.0955663
0.0788951
0.0553494
0.023499
-0.015581
-0.0490286
0.121031
0.119947
0.118644
0.116974
0.114836
0.112003
0.108176
0.102888
0.0954696
0.0849212
0.0698475
0.048551
0.0197615
-0.0155055
-0.0459396
0.108188
0.107193
0.105993
0.104469
0.102524
0.0999576
0.0964843
0.0917074
0.0849958
0.0754629
0.0618258
0.0425765
0.0165705
-0.0152394
-0.0427672
0.0964919
0.095614
0.0945617
0.093216
0.0914898
0.0891903
0.0860763
0.0817573
0.0757032
0.0670816
0.0547532
0.0373472
0.0138871
-0.0147009
-0.039524
0.0864384
0.0856236
0.0846406
0.0833925
0.0817989
0.0796983
0.0768541
0.0729515
0.0674743
0.0596858
0.0485287
0.0328006
0.0116582
-0.014011
-0.0362505
0.0772627
0.0765399
0.0756714
0.0745629
0.073141
0.0712485
0.0686904
0.0651631
0.0602184
0.0531711
0.0430818
0.0288673
0.00983519
-0.0131154
-0.0329614
0.0694461
0.0687729
0.0679553
0.0669197
0.0655989
0.0638581
0.0615218
0.0583219
0.0538427
0.0474633
0.0383221
0.0254796
0.0083688
-0.0121201
-0.0296962
0.0622834
0.0616915
0.0609768
0.0600662
0.0588949
0.0573348
0.055225
0.0523275
0.0482659
0.042473
0.0341896
0.0225767
0.00720638
-0.0109898
-0.0264675
0.0562505
0.0557013
0.0550314
0.0541848
0.053101
0.0516705
0.0497454
0.0471063
0.0434079
0.0381391
0.0306041
0.0200922
0.0063025
-0.00981398
-0.0233125
0.0507809
0.0502965
0.0497111
0.0489653
0.048004
0.0467202
0.0449784
0.0425769
0.0392014
0.0343816
0.0275107
0.0179716
0.0056037
-0.00857175
-0.0202385
0.0462605
0.045811
0.0452619
0.0445681
0.0436763
0.0424943
0.0408935
0.0386864
0.0355793
0.0311477
0.0248369
0.0161511
0.00506883
-0.00734138
-0.0172797
0.0422965
0.0418924
0.0414041
0.0407793
0.0399723
0.03889
0.0374147
0.0353707
0.0324866
0.0283664
0.0225311
0.014578
0.0046431
-0.00610788
-0.0144331
0.0391106
0.0387296
0.0382644
0.0376726
0.0369097
0.0358915
0.0345052
0.0325828
0.0298653
0.0259912
0.0205276
0.0131932
0.00428918
-0.00493526
-0.0117273
0.0364193
0.036068
0.0356413
0.0350941
0.0343837
0.0334254
0.0321097
0.0302741
0.0276718
0.0239616
0.018774
0.0119371
0.00394866
-0.00381554
-0.00914885
0.0344505
0.0341059
0.0336845
0.0331439
0.0324442
0.0315033
0.030215
0.0284161
0.0258639
0.0222328
0.0172066
0.0107526
0.0035864
-0.00280447
-0.00672207
0.0329453
0.0326119
0.0322026
0.0316795
0.0309954
0.0300691
0.0287866
0.0269832
0.0244086
0.0207544
0.0157672
0.0095748
0.00314385
-0.00191302
-0.00443663
0.0321748
0.0318307
0.0314069
0.0308637
0.0301539
0.02919
0.0278577
0.0259735
0.02328
0.0194788
0.0143879
0.00833009
0.00257225
-0.0011596
-0.00228788
)
;

boundaryField
{
    airfoil
    {
        type            zeroGradient;
    }
    farBoundaries
    {
        type            freestreamPressure;
        freestreamValue uniform 0;
        supersonic      false;
        value           nonuniform List<scalar> 
52
(
-0.00192399
-0.0021198
-0.00230017
-0.00245777
-0.00258645
-0.00268299
-0.00274476
-0.00276934
-0.00275765
-0.00270852
-0.00238819
-0.0023092
-0.00222579
-0.00214989
-0.00206701
-0.00199154
-0.00190896
-0.00182706
-0.0017347
-0.00162752
-0.00149689
-0.0013302
-0.00111415
-0.000840081
-0.000514258
-0.0001642
0.00230765
0.00212922
0.00194867
0.00176821
0.00158584
0.00140342
0.00121892
0.00103343
0.000846256
0.000658751
0.000472462
0.000296199
0.000140854
2.58518e-05
-2.71031e-05
-1.2682e-05
0.00387706
0.00383689
0.00378814
0.00372493
0.00364326
0.00354365
0.00342472
0.00328956
0.00313822
0.0029731
)
;
    }
    inlet
    {
        type            freestreamPressure;
        freestreamValue uniform 0;
        supersonic      false;
        value           nonuniform List<scalar> 
30
(
0.0321104
0.0317593
0.0313251
0.0307663
0.0300333
0.029034
0.0276479
0.0256829
0.022874
0.018926
0.0137001
0.0076421
0.00219998
-0.000865792
-0.00129732
0.032412
0.0327279
0.0330804
0.0334805
0.0339364
0.0344425
0.0349861
0.0354957
0.0357548
0.0352183
0.0329031
0.0276818
0.0194689
0.0107139
0.0049309
)
;
    }
    outlet
    {
        type            freestreamPressure;
        freestreamValue uniform 0;
        supersonic      false;
        value           nonuniform List<scalar> 
120
(
-6.20524e-06
-6.25586e-06
-6.3042e-06
-6.3506e-06
-6.39453e-06
-6.43689e-06
-6.47664e-06
-6.51508e-06
-6.55073e-06
-6.58549e-06
-6.61729e-06
-6.64847e-06
-6.6765e-06
-6.70435e-06
-6.72887e-06
-6.75355e-06
-6.77471e-06
-6.7965e-06
-6.81459e-06
-6.83368e-06
-6.84889e-06
-6.86556e-06
-6.87818e-06
-6.89263e-06
-6.90286e-06
-6.91524e-06
-6.92319e-06
-6.93353e-06
-6.93913e-06
-6.94723e-06
-6.95013e-06
-6.95545e-06
-6.95484e-06
-6.95623e-06
-6.95055e-06
-6.94601e-06
-6.9327e-06
-6.91912e-06
-6.89428e-06
-6.8669e-06
-6.82472e-06
-6.77723e-06
-6.71019e-06
-6.63371e-06
-6.53149e-06
-6.4151e-06
-6.26547e-06
-6.09557e-06
-5.88335e-06
-5.64485e-06
-5.35428e-06
-5.03436e-06
-4.6539e-06
-4.24145e-06
-3.7631e-06
-3.25292e-06
-2.67494e-06
-2.06214e-06
-1.39944e-06
-6.84489e-07
-4.43902e-08
-8.88645e-08
-1.68467e-07
-2.51036e-07
-3.6467e-07
-4.80099e-07
-6.20768e-07
-7.59887e-07
-9.17467e-07
-1.07018e-06
-1.2353e-06
-1.3928e-06
-1.55793e-06
-1.7141e-06
-1.87469e-06
-2.02579e-06
-2.17928e-06
-2.32362e-06
-2.46922e-06
-2.60625e-06
-2.74393e-06
-2.87389e-06
-3.0042e-06
-3.12754e-06
-3.25108e-06
-3.3684e-06
-3.48586e-06
-3.59768e-06
-3.70956e-06
-3.81636e-06
-3.92317e-06
-4.0253e-06
-4.12735e-06
-4.22513e-06
-4.32278e-06
-4.41642e-06
-4.50984e-06
-4.59957e-06
-4.68899e-06
-4.77491e-06
-4.86045e-06
-4.94276e-06
-5.0246e-06
-5.10337e-06
-5.1816e-06
-5.25699e-06
-5.33175e-06
-5.4038e-06
-5.47516e-06
-5.54402e-06
-5.61212e-06
-5.67787e-06
-5.74276e-06
-5.80552e-06
-5.86733e-06
-5.92713e-06
-5.98587e-06
-6.04286e-06
-6.09867e-06
-6.15281e-06
)
;
    }
    defaultFaces
    {
        type            empty;
    }
}


// ************************************************************************* //
