/*--------------------------------*- C++ -*----------------------------------*\
  =========                 |
  \\      /  F ield         | OpenFOAM: The Open Source CFD Toolbox
   \\    /   O peration     | Website:  https://openfoam.org
    \\  /    A nd           | Version:  6.0
     \\/     M anipulation  |
\*---------------------------------------------------------------------------*/
FoamFile
{
    version     2.0;
    format      ascii;
    class       volScalarField;
    location    "15";
    object      p;
}
// * * * * * * * * * * * * * * * * * * * * * * * * * * * * * * * * * * * * * //

dimensions      [0 2 -2 0 0 0 0];

internalField   nonuniform List<scalar> 
4920
(
0.0174496
0.0175956
0.0177985
0.0180783
0.0184596
0.0189747
0.0196599
0.0205559
0.0216872
0.0230217
0.0243957
0.025312
0.0246717
0.0212891
0.0173097
0.0176768
0.0178142
0.0180068
0.0182751
0.0186445
0.0191487
0.0198282
0.0207316
0.021907
0.023381
0.0250897
0.026727
0.0273509
0.0259183
0.0220071
0.0180077
0.018146
0.0183404
0.018612
0.018986
0.0194955
0.0201807
0.0210906
0.022276
0.0237602
0.0254825
0.0271331
0.0276783
0.0259639
0.0205102
0.0185058
0.018641
0.0188306
0.0190977
0.0194713
0.0199859
0.0206825
0.0216087
0.0228152
0.0243324
0.0260878
0.0277981
0.0283768
0.026401
0.0206038
0.019028
0.0191813
0.0193866
0.0196679
0.0200551
0.0205862
0.0213055
0.0222637
0.0235177
0.0251009
0.0269645
0.0288686
0.0297693
0.0279819
0.0220689
0.019676
0.0198436
0.0200623
0.0203569
0.0207588
0.0213091
0.0220564
0.0230552
0.0243635
0.0260236
0.027973
0.0300087
0.0311441
0.0295131
0.0230218
0.0202755
0.0204773
0.0207339
0.0210708
0.0215172
0.0221146
0.0229134
0.0239711
0.025349
0.0270793
0.0290912
0.0311556
0.0323138
0.0305909
0.0234361
0.0210781
0.0212917
0.021563
0.0219208
0.0223962
0.0230337
0.0238866
0.0250136
0.0264746
0.0283037
0.0303912
0.0324797
0.0335806
0.0315908
0.0239966
0.0218361
0.0220807
0.0223907
0.022797
0.0233296
0.0240335
0.0249634
0.0261818
0.027756
0.0297198
0.0319591
0.0341645
0.0352742
0.0329765
0.025139
0.0228972
0.023142
0.0234558
0.0238746
0.0244332
0.0251818
0.0261805
0.027495
0.0292006
0.0313509
0.0338164
0.0362686
0.0375298
0.0349245
0.0267854
0.0239598
0.0242276
0.0245706
0.0250279
0.0256349
0.0264465
0.0275277
0.028953
0.030814
0.0331834
0.0359549
0.0387606
0.0402908
0.037374
0.0287601
0.0253105
0.0255744
0.0259179
0.026384
0.0270133
0.027868
0.0290226
0.0305599
0.0325873
0.0352122
0.0383277
0.0415647
0.0434505
0.0401637
0.0308119
0.0266193
0.0269013
0.0272711
0.0277752
0.0284555
0.0293797
0.0306281
0.0322962
0.0345113
0.0374081
0.0409113
0.0446174
0.0468774
0.0431422
0.0328763
0.0281812
0.0284515
0.0288142
0.0293231
0.0300271
0.0310037
0.0323442
0.0341512
0.0365643
0.0397638
0.0436679
0.0478742
0.0505208
0.0461953
0.0348377
0.0295683
0.0298668
0.0302704
0.0308367
0.0316117
0.0326806
0.0341402
0.0361013
0.0387441
0.0422582
0.0466026
0.051324
0.0543244
0.0492919
0.0367559
0.0312322
0.0315237
0.0319289
0.0325122
0.0333266
0.0344655
0.03603
0.0381672
0.0410414
0.0449032
0.0497086
0.0549767
0.0583183
0.0524099
0.0385529
0.0327611
0.0330861
0.0335376
0.0341849
0.0350813
0.0363208
0.0380318
0.0403414
0.0434791
0.0477152
0.0530238
0.0588552
0.0624712
0.0555475
0.0403267
0.0347366
0.0350493
0.0354934
0.0361464
0.0370697
0.0383736
0.0401801
0.0426749
0.0460768
0.0507065
0.0565527
0.0629814
0.0668239
0.058709
0.0420083
0.0367567
0.0370778
0.037537
0.0382181
0.0391882
0.0405617
0.0424963
0.0451574
0.0488372
0.0538953
0.0603237
0.067363
0.0713054
0.0618803
0.0436988
0.0391504
0.0394526
0.0398894
0.0405546
0.0415279
0.042945
0.0449583
0.0478002
0.0517546
0.0572518
0.0642986
0.0720063
0.0759582
0.065098
0.0453015
0.0413737
0.0417164
0.0421963
0.0429096
0.0439367
0.0454208
0.0475568
0.0505522
0.0547925
0.0607596
0.0684956
0.0768951
0.0806402
0.068263
0.0469017
0.0438861
0.044236
0.0447264
0.0454543
0.0465053
0.0480399
0.0502442
0.0534142
0.057926
0.0643761
0.0728647
0.0820347
0.0853779
0.0714688
0.0484071
0.046327
0.0466957
0.0472182
0.0479941
0.0491046
0.0507077
0.0530303
0.0563383
0.061135
0.0681278
0.0774649
0.0874131
0.0899692
0.0745603
0.0499191
0.0491714
0.0495203
0.0500249
0.0507877
0.0519002
0.0535348
0.0559066
0.0593733
0.0644413
0.0719961
0.0822686
0.0930547
0.0944881
0.0777396
0.0513388
0.0520837
0.0524345
0.0529487
0.0537283
0.0548593
0.0565186
0.0589622
0.0625119
0.0678756
0.0760655
0.0874086
0.098923
0.0986403
0.0807651
0.0527703
0.055485
0.0558073
0.0562944
0.0570386
0.0581354
0.0597741
0.06219
0.0658598
0.0714738
0.0803265
0.0928286
0.105
0.102521
0.0839568
0.0540976
0.0591852
0.0594618
0.0599111
0.060624
0.0616848
0.0632799
0.0657012
0.0693751
0.0752812
0.08489
0.0987034
0.111167
0.105772
0.0870255
0.0554188
0.0635043
0.0637154
0.0640943
0.0647119
0.0656711
0.0671637
0.0694625
0.0731793
0.0792932
0.0896619
0.104907
0.117355
0.108626
0.0904403
0.0565808
0.0682463
0.0683939
0.0687021
0.0692391
0.0700805
0.0714247
0.0735955
0.0771557
0.0835197
0.0948091
0.111632
0.123285
0.110644
0.0938341
0.057691
0.0737251
0.0738152
0.0740392
0.0744227
0.0750561
0.0761398
0.0779836
0.0814193
0.0878805
0.100115
0.118604
0.128801
0.112232
0.0977939
0.058536
0.0797448
0.0797137
0.0798091
0.0800435
0.0804416
0.0812082
0.0827083
0.0857266
0.0924067
0.105833
0.126007
0.13348
0.112964
0.101867
0.0592213
0.0865838
0.0864188
0.0863417
0.0863172
0.0863831
0.0866993
0.0876131
0.0902773
0.0969291
0.111579
0.133426
0.137254
0.113577
0.106716
0.0594728
0.0941453
0.0938184
0.0935507
0.0932807
0.092934
0.0926858
0.0929176
0.0947407
0.101557
0.117772
0.140933
0.139546
0.113664
0.111785
0.0594308
0.102736
0.102266
0.101804
0.101192
0.100347
0.0993423
0.0984898
0.0995884
0.105967
0.123697
0.147852
0.140495
0.114282
0.117705
0.0587307
0.112527
0.111901
0.111189
0.110212
0.10872
0.106756
0.104679
0.104046
0.110331
0.129821
0.154113
0.139539
0.115022
0.123764
0.0575367
0.123585
0.122801
0.121826
0.120346
0.118119
0.114822
0.110772
0.108649
0.113939
0.135042
0.159043
0.137295
0.117204
0.130494
0.0554653
0.135598
0.134653
0.133332
0.131353
0.127974
0.123078
0.116847
0.111979
0.11693
0.139636
0.162286
0.13328
0.120284
0.137081
0.0527257
0.148794
0.147544
0.145734
0.142863
0.138288
0.131178
0.121939
0.114589
0.118299
0.141869
0.16346
0.128772
0.125624
0.143912
0.0489249
0.163923
0.162208
0.1596
0.155563
0.148894
0.13907
0.126269
0.114923
0.117918
0.141529
0.162202
0.123461
0.132388
0.150105
0.044333
0.181406
0.179042
0.175326
0.169468
0.160304
0.146696
0.129038
0.113398
0.114995
0.137123
0.159227
0.119254
0.141778
0.156007
0.038708
0.202008
0.198621
0.193288
0.185101
0.172376
0.154024
0.130472
0.109292
0.10883
0.127537
0.154378
0.115982
0.152538
0.160776
0.0323405
0.225071
0.220613
0.213492
0.202492
0.185626
0.161312
0.130291
0.102172
0.0992791
0.112045
0.150248
0.116021
0.165664
0.164849
0.0251814
0.251101
0.245705
0.236811
0.222764
0.20089
0.169005
0.128673
0.092722
0.0849116
0.0895541
0.147304
0.118963
0.179539
0.167549
0.0175822
0.281808
0.27568
0.265075
0.247703
0.220145
0.178559
0.125948
0.0801402
0.0673813
0.0606419
0.149887
0.126934
0.194779
0.169404
0.00971309
0.319094
0.31275
0.300836
0.28041
0.245329
0.190585
0.12384
0.0666717
0.0443625
0.0258681
0.15978
0.139381
0.209844
0.170132
0.0019537
0.365624
0.359851
0.347294
0.321971
0.278373
0.208594
0.120927
0.0512372
0.0209678
-0.00685002
0.181774
0.156104
0.225105
0.170754
-0.00497316
0.423622
0.418846
0.404233
0.375104
0.32152
0.229034
0.118114
0.0384749
-0.0015662
-0.0415151
0.209661
0.171696
0.239004
0.171294
-0.0104514
0.492494
0.489067
0.474968
0.441423
0.379162
0.261816
0.110289
0.0193765
-0.0120645
-0.0827968
0.231167
0.182215
0.252669
0.172986
-0.0133974
0.568386
0.567927
0.557344
0.527577
0.45119
0.286544
0.0890216
0.0256162
0.00258457
-0.111781
0.246557
0.189082
0.266498
0.176725
-0.013371
0.663661
0.679523
0.680509
0.635972
0.523538
0.2747
0.066169
0.0966409
0.138953
-0.051183
0.27678
0.199818
0.282951
0.183941
-0.00897015
0.804817
0.842718
0.843212
0.768716
0.579045
0.221925
0.07827
0.347584
0.479631
0.159537
0.35032
0.22158
0.303811
0.194867
-0.000641045
0.919703
0.954745
0.916105
0.79371
0.557153
0.0928377
0.178326
0.891998
0.990725
0.473258
0.495398
0.251618
0.329187
0.209682
0.0110188
0.855764
0.825837
0.725824
0.525695
0.366246
-0.00209497
0.400271
1.62679
1.44195
0.698099
0.624657
0.277977
0.354495
0.224865
0.0228478
0.701424
0.567477
0.421042
0.23541
0.225311
0.0312609
1.0696
2.25881
1.56334
0.703159
0.469915
0.281967
0.371262
0.234082
0.0308912
0.380903
0.293399
0.23799
0.19364
0.174772
0.0411372
1.72935
2.52093
1.50943
0.653135
-0.109579
0.199245
0.360565
0.229199
0.0315668
-0.0161233
-0.121052
-0.149364
0.0600953
-0.0298637
-0.209548
2.14674
2.25671
1.24265
0.515495
-1.19362
-0.0106407
0.285685
0.200011
0.023336
-0.529122
-0.72237
-0.744324
-0.322741
-0.173046
-0.0811508
1.53651
0.890041
0.300671
-0.38879
-2.67735
-0.33622
0.134518
0.144467
0.0067771
-1.26772
-1.55179
-1.50927
-0.780991
0.110735
0.521303
-1.32282
-2.35135
-1.74219
-1.97393
-4.02159
-0.684357
-0.0397795
0.0784675
-0.013965
-2.44299
-2.68178
-2.44268
-1.3944
-0.00386665
-0.312569
-4.00666
-5.4655
-4.13924
-3.39439
-4.81075
-0.918776
-0.164025
0.0296071
-0.0308945
-3.38079
-3.55397
-3.02525
-1.51198
-0.00718817
-1.26194
-5.23954
-6.84697
-5.43576
-4.0729
-5.07629
-1.00482
-0.209105
0.0101658
-0.038256
0.0407322
0.0411745
0.0393157
0.0378169
0.0370903
0.0365969
0.03606
0.0355558
0.0356095
0.0360949
0.0264675
0.0240343
0.0215102
0.0200785
0.0191657
0.0181635
0.016978
0.0157685
0.0148077
0.0135551
0.0220375
0.0227394
0.0233753
0.0235055
0.023094
0.0224177
0.0218538
0.0216363
0.0223181
0.0234136
0.0222523
0.0224999
0.0219699
0.0207203
0.0192967
0.018205
0.0176747
0.0176284
0.0181381
0.0185426
0.0219081
0.0211393
0.0199068
0.0187317
0.0180322
0.0179826
0.0185132
0.0193524
0.0205315
0.0216691
0.0205603
0.0195798
0.0186914
0.018268
0.0183972
0.018978
0.0198107
0.0206116
0.0213457
0.0217993
0.019575
0.0188552
0.018543
0.0186748
0.0191467
0.0197952
0.0204456
0.0208788
0.0210508
0.0209257
0.0196356
0.0191424
0.0191197
0.0193891
0.0198033
0.0202557
0.0206241
0.0207543
0.0206002
0.0202313
0.0204173
0.0198685
0.0197529
0.0198135
0.0199926
0.0202002
0.020404
0.0204131
0.0202091
0.0198492
0.0213107
0.0204144
0.0198761
0.0195557
0.0194239
0.0195027
0.0197133
0.0198585
0.0198633
0.0197893
0.0219855
0.0204549
0.0192709
0.0184154
0.0179902
0.0180383
0.0184761
0.0189937
0.0195253
0.0199758
0.0222743
0.0199012
0.0178828
0.0163977
0.0156894
0.0158382
0.0167175
0.0178912
0.0192397
0.020579
0.0221973
0.0187939
0.0157887
0.0135895
0.0126208
0.0129851
0.0145188
0.0166094
0.0191393
0.0215792
0.0217892
0.0171934
0.0130372
0.0100238
0.00877837
0.00945088
0.0118405
0.0151369
0.0191553
0.0231382
0.0211766
0.0152271
0.00976159
0.00581137
0.00422396
0.00525342
0.00865066
0.0134107
0.0192966
0.0250076
0.0203632
0.0129065
0.00594826
0.000879486
-0.00113947
0.000273236
0.00487474
0.0114109
0.0195286
0.027521
0.0194836
0.0103854
0.00175137
-0.00463332
-0.00722201
-0.00543999
0.000517771
0.00909524
0.0198629
0.0303048
0.0184627
0.00757646
-0.00295802
-0.0109019
-0.0141763
-0.0119901
-0.00442857
0.00655373
0.0203721
0.0338529
0.0174656
0.00467028
-0.00795828
-0.0176859
-0.0218004
-0.0191825
-0.00988192
0.00377574
0.0209792
0.0375632
0.0162827
0.00142404
-0.0135395
-0.0252817
-0.0302209
-0.0270353
-0.0156355
0.00107166
0.0220247
0.0422209
0.0151334
-0.00188713
-0.0194113
-0.0333315
-0.0391358
-0.0352874
-0.0216217
-0.00166425
0.0232578
0.0469221
0.0137705
-0.00561679
-0.0260143
-0.0422547
-0.0487673
-0.0439763
-0.0276257
-0.00404282
0.0251609
0.0526939
0.0125019
-0.00940089
-0.0329291
-0.0515807
-0.0587377
-0.0528487
-0.0336842
-0.00634476
0.0272472
0.058511
0.0109924
-0.0137674
-0.0407441
-0.0618096
-0.0692532
-0.0618466
-0.0394067
-0.00794517
0.0303286
0.0656526
0.0095812
-0.01825
-0.0488944
-0.0723567
-0.0798862
-0.070782
-0.0449549
-0.00932733
0.0337039
0.0729303
0.00787196
-0.0234614
-0.0580394
-0.0837479
-0.0909021
-0.0795915
-0.0499937
-0.00984763
0.0381962
0.0816644
0.00621092
-0.0288221
-0.067467
-0.0952966
-0.101804
-0.0881596
-0.0547775
-0.0101721
0.0428993
0.0905554
0.00413455
-0.0349861
-0.0777906
-0.107397
-0.112667
-0.0962446
-0.058811
-0.00953086
0.0487538
0.100785
0.00201079
-0.0413092
-0.0882118
-0.119306
-0.12301
-0.103768
-0.0624052
-0.00861626
0.0548005
0.11103
-0.000689369
-0.0484666
-0.0993143
-0.131342
-0.132827
-0.110417
-0.0649959
-0.00665241
0.0619475
0.122413
-0.00355617
-0.0557507
-0.110261
-0.142798
-0.141743
-0.116249
-0.0669899
-0.00444792
0.0691059
0.133628
-0.00708138
-0.0637279
-0.121484
-0.153837
-0.149618
-0.120885
-0.0678069
-0.00127703
0.0771165
0.145541
-0.0108522
-0.0716878
-0.132189
-0.163872
-0.156245
-0.124505
-0.0679362
0.00207496
0.0849675
0.157038
-0.0153282
-0.0800814
-0.142682
-0.172985
-0.161426
-0.12672
-0.0668347
0.00630321
0.0934014
0.16884
-0.0200869
-0.08821
-0.152287
-0.18081
-0.165204
-0.127917
-0.0651252
0.0106131
0.10143
0.179934
-0.0254109
-0.0962744
-0.161142
-0.187352
-0.167366
-0.127779
-0.0623851
0.0155307
0.109642
0.190707
-0.0309217
-0.103675
-0.168734
-0.192435
-0.168115
-0.126732
-0.059195
0.020383
0.117272
0.200363
-0.0367439
-0.110406
-0.175066
-0.196022
-0.167255
-0.124514
-0.0552242
0.0256161
0.124724
0.209145
-0.0425851
-0.116047
-0.179903
-0.198215
-0.165241
-0.121689
-0.0510563
0.0306262
0.131376
0.216574
-0.0483958
-0.120392
-0.183158
-0.199015
-0.16201
-0.118192
-0.0465743
0.0355914
0.137444
0.222709
-0.0540352
-0.123213
-0.18471
-0.198557
-0.158024
-0.114516
-0.0422395
0.0400217
0.142515
0.227347
-0.0593305
-0.1242
-0.184386
-0.19681
-0.153289
-0.110708
-0.0380396
0.0438814
0.146669
0.230403
-0.0643142
-0.123505
-0.182406
-0.194091
-0.14834
-0.107178
-0.0342294
0.0468678
0.149725
0.231971
-0.0686892
-0.120938
-0.178882
-0.190661
-0.143482
-0.104204
-0.0310167
0.0488961
0.151624
0.232034
-0.0722702
-0.116762
-0.174245
-0.186901
-0.139113
-0.101994
-0.0285829
0.0499834
0.152294
0.230973
-0.0742438
-0.110631
-0.168735
-0.18323
-0.135581
-0.100743
-0.0273062
0.049898
0.151695
0.228787
-0.0742619
-0.102861
-0.162726
-0.179787
-0.132826
-0.100207
-0.0271018
0.0487996
0.150063
0.225972
-0.0717825
-0.0935397
-0.156828
-0.177195
-0.131297
-0.100654
-0.028258
0.0465028
0.147487
0.222604
-0.0668963
-0.083057
-0.15117
-0.175249
-0.130744
-0.101771
-0.0304364
0.0433063
0.144351
0.219226
-0.0594215
-0.0719625
-0.146628
-0.174605
-0.131686
-0.10408
-0.0338932
0.0391716
0.140763
0.215956
-0.0501734
-0.0609108
-0.143399
-0.175329
-0.134182
-0.107494
-0.0381819
0.0346007
0.137129
0.213211
-0.0399256
-0.0513901
-0.142751
-0.178694
-0.13947
-0.112828
-0.0436627
0.0295132
0.133519
0.210967
-0.0308756
-0.0455294
-0.145838
-0.185119
-0.147538
-0.119829
-0.0499091
0.0243312
0.130178
0.209329
-0.0258435
-0.0456378
-0.154478
-0.195739
-0.158905
-0.128704
-0.0570009
0.0190074
0.12707
0.208109
-0.0271867
-0.0519826
-0.167642
-0.209244
-0.171835
-0.138262
-0.0640812
0.0139968
0.124424
0.207308
-0.0353456
-0.0629515
-0.182918
-0.223324
-0.184145
-0.147008
-0.0702034
0.00988177
0.122526
0.206969
-0.0475612
-0.0748141
-0.196381
-0.234879
-0.193389
-0.15338
-0.0743462
0.00728427
0.121646
0.207181
-0.0592073
-0.083723
-0.205031
-0.242055
-0.198607
-0.156892
-0.0763398
0.00629633
0.12158
0.20785
-0.0669139
-0.0887777
-0.209242
-0.245517
-0.200875
-0.158376
-0.0770068
0.00620246
0.121906
0.208709
-0.0702105
-0.0911638
-0.211128
-0.246975
-0.201832
-0.158866
-0.0771378
0.00642444
0.12231
0.209449
0.0384208
0.03848
0.0381867
0.0375542
0.0364542
0.0347417
0.0324695
0.0298455
0.0270945
0.0243531
0.0216613
0.019
0.0163281
0.0135916
0.0106063
0.00644139
0.0132336
0.0138416
0.0147785
0.0154179
0.0155144
0.0151589
0.014571
0.0139416
0.0133481
0.0127578
0.0120804
0.0111983
0.0100045
0.00843551
0.00612315
0.00321375
0.0256073
0.0259851
0.0262321
0.0260719
0.0253852
0.0242377
0.0227911
0.0212284
0.0196427
0.0180283
0.0163193
0.0144136
0.01221
0.0096476
0.00635679
0.00273446
0.0183794
0.0185573
0.018795
0.0187544
0.0183342
0.0176506
0.016892
0.0162332
0.015712
0.0152257
0.0145872
0.0135961
0.0120775
0.00992053
0.00675554
0.00307258
0.0214134
0.0212387
0.0210018
0.0205556
0.0198943
0.0190948
0.0182549
0.017489
0.0168292
0.0162047
0.0154498
0.0143633
0.0127393
0.0104309
0.00706571
0.00315802
0.019842
0.0193197
0.0189069
0.0185228
0.0181082
0.0176533
0.0171751
0.0167379
0.0163801
0.0160231
0.0155194
0.0146518
0.0131789
0.010884
0.00739086
0.00319038
0.0183688
0.0177657
0.0173741
0.0171393
0.0169499
0.0167437
0.0164995
0.0162748
0.0161041
0.0159438
0.0156278
0.0149294
0.0135705
0.0112767
0.0076756
0.00322412
0.0175648
0.0169369
0.0165525
0.0163653
0.0162536
0.016128
0.0159794
0.0158743
0.0158708
0.015901
0.0157983
0.0152887
0.0140417
0.0117245
0.00798385
0.00327058
0.0170271
0.0163343
0.0158701
0.0156214
0.0154774
0.015359
0.0152686
0.0152869
0.0154704
0.0157628
0.0159321
0.0156525
0.01453
0.0121819
0.00829307
0.00332241
0.0168167
0.0160297
0.015425
0.0150057
0.0147039
0.0144824
0.0143869
0.0145175
0.0149401
0.0155415
0.0160462
0.0160382
0.0150526
0.0126605
0.00860831
0.00337202
0.0167098
0.0157719
0.0149651
0.0143111
0.0137959
0.0134424
0.0133393
0.0136172
0.0143185
0.0152911
0.0161657
0.0164443
0.0155845
0.0131264
0.00890182
0.00340688
0.0168261
0.0156841
0.0146262
0.0136847
0.0129127
0.0123931
0.0122761
0.0127065
0.0137116
0.0150727
0.016345
0.0169186
0.0161644
0.0136056
0.00918137
0.00341271
0.0173976
0.0160212
0.0146583
0.0133389
0.0122056
0.0114405
0.0112548
0.0118314
0.0131529
0.0149333
0.016613
0.0174654
0.0167726
0.0140733
0.0094325
0.00338646
0.0181803
0.0164841
0.014749
0.0129998
0.0114755
0.0104449
0.0102103
0.0109571
0.0126483
0.0148934
0.0170071
0.0181148
0.0174249
0.0145357
0.00964822
0.00330897
0.0194332
0.017396
0.0152402
0.0129723
0.0109574
0.00959609
0.00925966
0.0101861
0.0122624
0.0149933
0.0175303
0.0188416
0.0180852
0.0149659
0.00981945
0.00318553
0.0210011
0.0185761
0.0159791
0.0131917
0.0106853
0.00896783
0.00851315
0.00958054
0.0120491
0.0152721
0.0182059
0.0196459
0.0187408
0.015346
0.00992002
0.00298801
0.0233386
0.0205609
0.0175074
0.0141139
0.0109812
0.00877599
0.00808577
0.00925843
0.0120773
0.0157562
0.0190185
0.0204918
0.0193575
0.0156595
0.00995172
0.00273105
0.0262056
0.0230607
0.0195327
0.0154915
0.0116744
0.00893607
0.00802264
0.00926678
0.012434
0.016509
0.0199892
0.0213631
0.019909
0.0158774
0.00988197
0.00238799
0.0293134
0.0256921
0.0216133
0.0169201
0.0125156
0.00941489
0.00834726
0.0097257
0.0131703
0.0175395
0.0211016
0.0222447
0.0203926
0.0160127
0.00973472
0.00198794
0.0323084
0.0281368
0.0235613
0.0184061
0.0136596
0.0102977
0.00918871
0.010656
0.0143236
0.0188607
0.0223312
0.0230891
0.0207621
0.0160223
0.00946983
0.00150572
0.0360583
0.0313617
0.0262654
0.0206025
0.0153843
0.0117828
0.0105519
0.0120706
0.0158635
0.0204235
0.0236376
0.0238846
0.0210314
0.0159357
0.00912444
0.000978892
0.0400793
0.0347973
0.0291928
0.0230393
0.0174721
0.0136163
0.0123482
0.0139277
0.0177707
0.0221825
0.024944
0.0245484
0.0211333
0.0156987
0.00865791
0.000388889
0.0442962
0.0383161
0.0321402
0.025569
0.0197256
0.0158388
0.0145859
0.0162113
0.019999
0.0240975
0.0262434
0.0251121
0.0211174
0.0153648
0.00812059
-0.000222166
0.0486674
0.0419245
0.0352314
0.028349
0.0224183
0.0185127
0.0173408
0.0189571
0.0225407
0.0261055
0.0274466
0.0254824
0.0209062
0.0148723
0.00747164
-0.00086763
0.0536099
0.0460574
0.0388242
0.0316792
0.025683
0.0218183
0.020611
0.0220865
0.0252964
0.0281569
0.0285674
0.0257241
0.0205776
0.0142941
0.00677065
-0.00150555
0.0592823
0.0508806
0.043153
0.035847
0.0297092
0.0257515
0.024391
0.0255547
0.0281603
0.0301041
0.0294562
0.0257053
0.0200366
0.0135679
0.00598691
-0.00213963
0.0659118
0.0567076
0.04859
0.0409051
0.0346219
0.030415
0.028658
0.0292828
0.0310765
0.0319552
0.0301793
0.0255274
0.0193797
0.012774
0.00518014
-0.00273484
0.0735612
0.0635922
0.0548804
0.0470078
0.0403878
0.035741
0.0334314
0.0332571
0.0339545
0.0335778
0.0305868
0.025046
0.0184982
0.0118437
0.00432285
-0.00328952
0.0819576
0.0712518
0.0622091
0.0539539
0.0469803
0.0417955
0.0386172
0.0373861
0.0367894
0.0350489
0.0308089
0.0244079
0.0175116
0.0108635
0.00346994
-0.00377992
0.0914256
0.0799532
0.0703659
0.0618064
0.0543141
0.0483299
0.0440846
0.0415238
0.0394118
0.036194
0.0306745
0.0234641
0.0163195
0.0097799
0.00260829
-0.00419863
0.101765
0.0896171
0.0795339
0.0703781
0.062199
0.0552073
0.0496272
0.0455799
0.0418593
0.0371423
0.0303582
0.0223901
0.0150533
0.0086792
0.00178423
-0.00453666
0.112799
0.0998774
0.0891434
0.0794037
0.0703041
0.0621151
0.0550447
0.049369
0.0439554
0.0377134
0.0296787
0.0210294
0.013613
0.00751684
0.000995249
-0.00478253
0.124153
0.110601
0.0992034
0.0885143
0.0783345
0.0687976
0.0601951
0.0529004
0.0458201
0.0381002
0.0288559
0.0195823
0.0121369
0.00637344
0.000275389
-0.00494135
0.135853
0.121549
0.109117
0.0974378
0.0859713
0.0750768
0.0648558
0.0559658
0.0472599
0.0381075
0.0277047
0.0179046
0.0105471
0.00522603
-0.000365636
-0.00500006
0.148116
0.132826
0.119226
0.10601
0.0930788
0.0806865
0.0690526
0.0586887
0.0484541
0.0379581
0.0264563
0.0161936
0.00897116
0.0041407
-0.000911093
-0.00497829
0.160054
0.143904
0.12875
0.113947
0.0994656
0.0857066
0.0725791
0.060864
0.0491967
0.037432
0.0249032
0.0142967
0.00733781
0.00310714
-0.00134372
-0.00486224
0.171548
0.154451
0.137708
0.121069
0.104953
0.0897878
0.0755933
0.062695
0.0497088
0.0367734
0.0232819
0.0124008
0.00575634
0.00217132
-0.00166536
-0.00468183
0.181849
0.163804
0.145405
0.127002
0.109402
0.0931689
0.0778552
0.0639606
0.0497814
0.0357701
0.0214044
0.0103807
0.00418246
0.00133906
-0.00185586
-0.00442468
0.191083
0.172082
0.151839
0.131553
0.11256
0.095456
0.0796479
0.0649305
0.0496668
0.0346734
0.0194972
0.00840334
0.00270237
0.00063319
-0.00193612
-0.0041274
0.198568
0.178437
0.156427
0.134515
0.114572
0.0971063
0.0807424
0.0653904
0.049156
0.0332691
0.0173748
0.00635764
0.00129236
7.20281e-05
-0.00188453
-0.00377782
0.204112
0.182849
0.158978
0.135666
0.115174
0.0977414
0.0815034
0.0656471
0.0485188
0.03181
0.0152521
0.00438803
1.28239e-05
-0.000344979
-0.00173685
-0.00341378
0.206719
0.184429
0.159141
0.135108
0.114794
0.097939
0.0816846
0.0654837
0.0475632
0.0301185
0.0129916
0.00242879
-0.00113226
-0.000593437
-0.00147509
-0.00302403
0.206881
0.183403
0.156907
0.13265
0.113157
0.0973256
0.0816805
0.0652096
0.0465391
0.0284135
0.0107673
0.000585489
-0.00211372
-0.00069712
-0.00114537
-0.00264322
0.204094
0.179681
0.152559
0.128913
0.11097
0.0965365
0.0812295
0.0645973
0.045241
0.0265038
0.00847629
-0.00117583
-0.00290724
-0.000628605
-0.000732306
-0.00225938
0.198928
0.173547
0.146168
0.123746
0.107957
0.0951823
0.0807079
0.0639402
0.0438977
0.0245581
0.00626609
-0.00278392
-0.00351397
-0.000430782
-0.000285511
-0.00190097
0.191295
0.165267
0.138388
0.11802
0.104895
0.0938515
0.0798453
0.0630216
0.0423121
0.0224691
0.00412124
-0.0042215
-0.00389674
-8.24943e-05
0.00020543
-0.00155599
0.18173
0.155188
0.129247
0.11151
0.10143
0.0921304
0.0789889
0.0621134
0.0406544
0.0203751
0.0021574
-0.005454
-0.00409024
0.000358363
0.000694337
-0.00124486
0.170856
0.144211
0.119809
0.105209
0.0982827
0.0905353
0.0778662
0.060974
0.0387761
0.0182553
0.000410633
-0.006393
-0.00404705
0.000903608
0.00118823
-0.000955006
0.159412
0.13274
0.110053
0.0988224
0.0950237
0.0886305
0.0767873
0.059824
0.0368521
0.0162294
-0.00107739
-0.00702468
-0.00381963
0.00148939
0.00164846
-0.000699605
0.148622
0.122047
0.101089
0.0932421
0.0922433
0.0868707
0.0755022
0.0584662
0.034825
0.0143688
-0.00216431
-0.00724291
-0.00336668
0.00211794
0.00207878
-0.000466882
0.139639
0.11252
0.0927939
0.088104
0.0894976
0.0848659
0.0742841
0.057094
0.0328425
0.0127458
-0.00288126
-0.00711923
-0.00276968
0.00273166
0.00245466
-0.000263632
0.133386
0.10515
0.0860521
0.0841081
0.0872378
0.0830219
0.0729051
0.0555466
0.0309142
0.0115209
-0.00303269
-0.00655475
-0.002005
0.00332653
0.0027802
-7.8779e-05
0.130058
0.0996837
0.0805275
0.080791
0.08504
0.0810141
0.0716205
0.0539756
0.0291397
0.0107244
-0.00269514
-0.00567072
-0.00116733
0.00385882
0.00304541
8.52364e-05
0.129408
0.0963513
0.0768165
0.0786702
0.0832602
0.0792201
0.0702512
0.0522643
0.0276035
0.0105717
-0.00166354
-0.0043791
-0.000247437
0.00432138
0.00325406
0.000237731
0.130032
0.0941155
0.0742882
0.0772457
0.0816009
0.0774157
0.0689642
0.0505399
0.0263937
0.0110549
-7.6392e-05
-0.00283996
0.000662869
0.00469214
0.00340987
0.000378837
0.130373
0.0925469
0.0729817
0.0765647
0.0801701
0.0758235
0.0676129
0.0488397
0.025695
0.0123533
0.00219146
-0.00100515
0.00156067
0.00496517
0.0035162
0.000515914
0.127067
0.0904521
0.0725051
0.0763428
0.0787449
0.0742387
0.0662898
0.047364
0.0256324
0.014252
0.00481043
0.000897188
0.00236373
0.00514146
0.0035865
0.000649931
0.120012
0.0878616
0.0727528
0.0770564
0.0777152
0.0729212
0.0649685
0.0463311
0.02641
0.01671
0.00765593
0.00281569
0.00305334
0.00521876
0.0036227
0.000786022
0.109221
0.0845555
0.0719812
0.0774717
0.0772917
0.0721058
0.0637638
0.0459078
0.0278208
0.0192573
0.0102485
0.00448836
0.00356847
0.00521719
0.00364339
0.000924922
0.101783
0.0830478
0.0700105
0.0765553
0.0776416
0.0719067
0.0629771
0.046199
0.0296285
0.0215984
0.0124437
0.00587447
0.00390501
0.00513712
0.00364731
0.00106996
0.099955
0.0837782
0.0683478
0.07482
0.0789364
0.0726251
0.0628126
0.0469866
0.0313467
0.0233704
0.0140469
0.0068908
0.00407908
0.00501416
0.00365322
0.00122145
0.0969535
0.0864418
0.0694248
0.0734682
0.0807744
0.074253
0.0635901
0.0481769
0.0328171
0.0245628
0.0151511
0.00762816
0.00413749
0.00484562
0.00364718
0.00137632
0.0898884
0.0919764
0.0747125
0.0739728
0.0824658
0.0769297
0.0652622
0.0495436
0.0338733
0.0251084
0.0157271
0.00810236
0.00412914
0.00466167
0.00363456
0.00152602
0.0863448
0.0970151
0.0829027
0.0766236
0.0837924
0.0801542
0.0677684
0.0509826
0.0344942
0.025049
0.0158154
0.00836209
0.00408444
0.00446326
0.0036045
0.00166816
0.0882105
0.0968366
0.0908287
0.0814379
0.0854791
0.0839221
0.0706577
0.0522633
0.0346725
0.0244555
0.0154549
0.00842011
0.00403389
0.00428686
0.00357599
0.00180448
0.0861183
0.0923418
0.0951687
0.0865543
0.0876347
0.0879799
0.0736768
0.0533045
0.0344368
0.0234087
0.0146754
0.00826203
0.0039588
0.00412781
0.00354492
0.00193713
0.0808559
0.0862181
0.0948413
0.0901866
0.0903276
0.0920234
0.0762239
0.053935
0.0338552
0.0221028
0.013593
0.00791112
0.00386485
0.00400659
0.00352517
0.00206665
0.0761027
0.0803569
0.0915443
0.0922467
0.0932585
0.0947753
0.0777278
0.053982
0.0330136
0.0206615
0.0122505
0.00732916
0.00370624
0.00390845
0.00351094
0.00219397
0.0717923
0.0752171
0.0875591
0.0932949
0.0953198
0.095285
0.0775882
0.0533018
0.032027
0.0192783
0.0108132
0.00656649
0.00348564
0.0038442
0.00351238
0.00231892
0.0669048
0.0702096
0.0826722
0.0921549
0.095421
0.0940146
0.0765065
0.0523522
0.0311288
0.018042
0.00933248
0.00559447
0.00314534
0.00379339
0.00352629
0.00244334
0.0612618
0.0649691
0.0771105
0.0891359
0.0940593
0.092081
0.0751386
0.051472
0.0304638
0.0170753
0.00798396
0.00450662
0.00270167
0.00376074
0.0035604
0.00256709
0.0557865
0.059879
0.0714004
0.0847007
0.0913402
0.0895822
0.0737399
0.050851
0.0301319
0.0164106
0.0067917
0.00329979
0.00211029
0.00372129
0.00361347
0.00269338
0.0513838
0.0554441
0.0660226
0.0794832
0.087567
0.0865996
0.0721496
0.0503478
0.0300519
0.0160505
0.00586202
0.0020921
0.00141689
0.00367676
0.00368918
0.00282181
0.0485866
0.0520323
0.0613004
0.0740269
0.0829981
0.0830946
0.0704234
0.049999
0.0302422
0.0159863
0.00518729
0.000896929
0.000592802
0.00359574
0.00378554
0.00295684
0.047386
0.0497056
0.0574053
0.068863
0.0780955
0.0792662
0.0684574
0.0496381
0.0305662
0.0161432
0.00480383
-0.000177627
-0.000297653
0.00347836
0.0039015
0.0030975
0.0474083
0.0482957
0.0543207
0.0642632
0.0731713
0.075203
0.0663369
0.0492953
0.031031
0.0165013
0.00467113
-0.00113227
-0.00127011
0.00328923
0.00403155
0.00324906
0.0480796
0.0475771
0.0520423
0.060452
0.0686023
0.0711673
0.0639952
0.0487983
0.0314744
0.0169502
0.00476573
-0.00189632
-0.00224567
0.00303398
0.00416852
0.00340913
0.0490469
0.0474265
0.0504991
0.0574333
0.0645154
0.0672005
0.0615175
0.0481817
0.0319081
0.0174865
0.00503958
-0.00248667
-0.00322441
0.00268073
0.00429985
0.00358256
0.0500824
0.0475872
0.0495479
0.0551249
0.0609693
0.0634138
0.0588416
0.0472989
0.0321842
0.0179977
0.00543484
-0.00286995
-0.00412645
0.00225044
0.00441489
0.00376587
0.0507776
0.0477855
0.0489002
0.0532449
0.0577747
0.0597008
0.0560414
0.0462099
0.0323409
0.0185089
0.00592709
-0.00306777
-0.00494718
0.00172619
0.00449607
0.00396259
0.050921
0.0476364
0.0481708
0.0514575
0.0547395
0.0560526
0.0530628
0.0448097
0.0322589
0.0189169
0.00645465
-0.0030782
-0.00562486
0.00114868
0.0045345
0.00416703
0.0502611
0.046895
0.0470416
0.0494238
0.0515871
0.0522963
0.0499262
0.0431441
0.0319756
0.0192563
0.0070123
-0.00292203
-0.00616142
0.00051447
0.00450992
0.00437852
0.0488233
0.0454117
0.045233
0.0468781
0.0481247
0.0483864
0.0465606
0.0411327
0.0313841
0.0194198
0.00752011
-0.00263474
-0.0065312
-0.000129342
0.0044205
0.0045904
0.0464557
0.0430083
0.0426154
0.0436621
0.0442625
0.0442475
0.0429896
0.0388176
0.0305093
0.0194294
0.00797633
-0.00224549
-0.00674962
-0.00077934
0.00424929
0.0047971
0.0431867
0.0397764
0.0391556
0.0397927
0.0400161
0.0399331
0.0392042
0.0361646
0.0292658
0.0191783
0.00829158
-0.00182022
-0.0068223
-0.00138989
0.00400794
0.00499116
0.0392684
0.035812
0.0349945
0.035364
0.0354477
0.0354314
0.0352061
0.0331977
0.0276639
0.0186825
0.00847437
-0.00137569
-0.00676458
-0.00195308
0.00368818
0.00516047
0.0348345
0.0313417
0.0303058
0.0304892
0.0305636
0.0307193
0.0309673
0.0298956
0.0256656
0.0178706
0.00845298
-0.000982941
-0.00660453
-0.00243726
0.0033153
0.00529986
0.0300767
0.0265277
0.0252511
0.0252561
0.0253896
0.0257728
0.026475
0.0262781
0.0233092
0.0167795
0.00825766
-0.000634052
-0.00635117
-0.00283611
0.00289174
0.00539345
0.0250991
0.0215267
0.0199949
0.0198105
0.0199775
0.0206027
0.0217651
0.0223824
0.0206123
0.015377
0.00783508
-0.000398375
-0.00604928
-0.00313754
0.00245283
0.00544222
0.0200477
0.0164611
0.0146761
0.0142424
0.0144246
0.0152888
0.016871
0.0182423
0.01761
0.0136907
0.00721105
-0.000258542
-0.00570356
-0.00334034
0.0020071
0.00542981
0.0149158
0.0113729
0.00933984
0.0086887
0.00884538
0.00990416
0.0118703
0.0139152
0.014336
0.0117068
0.00634048
-0.000284131
-0.00537598
-0.00345944
0.00158561
0.00536604
0.00976298
0.00628146
0.00408892
0.00320995
0.00334547
0.00455091
0.0068318
0.00945233
0.0108296
0.00945619
0.00525138
-0.000448155
-0.00506588
-0.00350151
0.00119315
0.00523748
0.00457261
0.00124641
-0.00107978
-0.00208639
-0.00199183
-0.000686027
0.00184219
0.00493402
0.00715091
0.00695434
0.00392201
-0.000804783
-0.00483735
-0.003501
0.000847943
0.00506327
-0.000606072
-0.00376576
-0.00608177
-0.00718929
-0.00712336
-0.00575071
-0.00306186
0.000397186
0.00333896
0.00423871
0.00238882
-0.00131387
-0.0046741
-0.00346124
0.000548904
0.00483408
-0.00575828
-0.00866987
-0.010958
-0.0121123
-0.0120667
-0.0106679
-0.00785672
-0.00410905
-0.000553969
0.00134256
0.000650202
-0.00200921
-0.00462976
-0.00342351
0.000299504
0.00457462
-0.0107931
-0.0134779
-0.0157095
-0.0168907
-0.0168545
-0.015408
-0.0125164
-0.00854907
-0.00448088
-0.00168233
-0.00124583
-0.00284093
-0.00467362
-0.00338226
9.44046e-05
0.00427883
-0.0156995
-0.0181096
-0.0202562
-0.0214469
-0.0213987
-0.0199303
-0.0169772
-0.0128485
-0.00836817
-0.0047833
-0.00328694
-0.00383095
-0.00484881
-0.00337928
-7.38491e-05
0.00397352
-0.0203252
-0.0224916
-0.0245388
-0.0257115
-0.0256503
-0.024143
-0.0211628
-0.0169424
-0.0121537
-0.00790206
-0.0054249
-0.00493278
-0.00512192
-0.00340355
-0.000213296
0.00365422
-0.0246456
-0.0265352
-0.0284589
-0.0295955
-0.0294994
-0.0279837
-0.0250138
-0.0207673
-0.0157733
-0.0109921
-0.00764713
-0.00616608
-0.00553048
-0.00349904
-0.000343078
0.00334208
-0.0285134
-0.0301595
-0.031959
-0.0330421
-0.0329169
-0.0313958
-0.0284731
-0.0242712
-0.0191734
-0.0139934
-0.00989654
-0.00747997
-0.00603744
-0.00365203
-0.000475344
0.00302829
-0.031938
-0.0333281
-0.0349869
-0.0359977
-0.0358346
-0.0343407
-0.0315145
-0.0274169
-0.0223106
-0.016868
-0.0121523
-0.00888523
-0.00666916
-0.00389867
-0.000632821
0.00272462
-0.0348027
-0.0359774
-0.0375096
-0.0384563
-0.038273
-0.0368277
-0.0341274
-0.0301874
-0.0251556
-0.019564
-0.0143526
-0.0103276
-0.00738251
-0.00421591
-0.000820691
0.00242038
-0.0371406
-0.0381107
-0.0395244
-0.0404115
-0.0402249
-0.0388512
-0.0363072
-0.0325601
-0.027677
-0.0220467
-0.0164772
-0.0118111
-0.00819477
-0.00462651
-0.00105549
0.00212122
-0.0389052
-0.0397156
-0.0410314
-0.0418728
-0.0416962
-0.0404115
-0.0380367
-0.0345236
-0.0298466
-0.0242679
-0.0184635
-0.0132752
-0.00905697
-0.00509984
-0.00133372
0.00181823
-0.040143
-0.0408174
-0.0420479
-0.042847
-0.042689
-0.0415015
-0.0393187
-0.0360535
-0.031628
-0.0261901
-0.0202872
-0.0147151
-0.00997948
-0.00565065
-0.00166491
0.00151427
-0.0408569
-0.0414328
-0.0425962
-0.0433656
-0.0432314
-0.0421436
-0.0401403
-0.0371409
-0.0330014
-0.027784
-0.0218924
-0.0160662
-0.0109087
-0.00624373
-0.00203792
0.00120352
-0.0410914
-0.0415959
-0.0427071
-0.0434517
-0.043342
-0.0423431
-0.0405237
-0.0377781
-0.033953
-0.0290092
-0.0232595
-0.0173208
-0.0118488
-0.00688648
-0.00245596
0.000886199
-0.04095
-0.0414067
-0.0424652
-0.0431754
-0.0430751
-0.0421531
-0.0404796
-0.0379887
-0.0344813
-0.0298785
-0.0243486
-0.0184187
-0.0127405
-0.00753615
-0.00289982
0.000559235
-0.0404122
-0.0408444
-0.0418601
-0.042533
-0.042434
-0.0415652
-0.0400424
-0.0377919
-0.0346197
-0.0303701
-0.0251507
-0.0193503
-0.0135796
-0.00819335
-0.0033675
0.000223244
-0.0396012
-0.0400055
-0.0409536
-0.0415648
-0.0414531
-0.0406371
-0.0392491
-0.0372337
-0.0343797
-0.0305212
-0.0256527
-0.0200692
-0.0143095
-0.00881282
-0.00383356
-0.000117796
-0.0384122
-0.0388071
-0.0397002
-0.0402556
-0.0401272
-0.0393555
-0.0380988
-0.0363129
-0.0337922
-0.0303187
-0.0258532
-0.020574
-0.0149302
-0.00939787
-0.00429812
-0.000463123
-0.0369803
-0.0373318
-0.0381248
-0.0385942
-0.0384438
-0.0377305
-0.0366171
-0.0350647
-0.0328617
-0.0298022
-0.0257618
-0.0208427
-0.0153972
-0.00990611
-0.0047343
-0.000803074
-0.0352211
-0.0355297
-0.036235
-0.0366361
-0.0364731
-0.0358173
-0.0348443
-0.0335177
-0.0316442
-0.0289766
-0.0253781
-0.0208668
-0.0157008
-0.0103308
-0.0051383
-0.00113442
-0.0334302
-0.0336524
-0.0342162
-0.0345109
-0.0343252
-0.0337393
-0.0329126
-0.0318064
-0.0302227
-0.027941
-0.024772
-0.020682
-0.0158396
-0.0106575
-0.00550311
-0.00145884
-0.0308752
-0.0309687
-0.0314041
-0.0316416
-0.0314882
-0.0310225
-0.030391
-0.0295465
-0.0283074
-0.0264224
-0.0237066
-0.020077
-0.0156437
-0.0107515
-0.00573094
-0.0017121
-0.0306358
-0.0307152
-0.0309954
-0.0310471
-0.0307473
-0.0301901
-0.029503
-0.0286452
-0.0274431
-0.025688
-0.023182
-0.0198274
-0.0156701
-0.0110106
-0.00610897
-0.00208609
-0.0233423
-0.0233526
-0.0237459
-0.024069
-0.0241466
-0.0240633
-0.0239358
-0.0237159
-0.0232198
-0.0221974
-0.0204341
-0.0178026
-0.0143386
-0.0102883
-0.00583064
-0.00206336
-0.0312805
-0.0313905
-0.0315353
-0.0314324
-0.0309671
-0.0301947
-0.0292159
-0.0280227
-0.0265233
-0.0245824
-0.02208
-0.0189673
-0.015281
-0.0112222
-0.00682751
-0.00299828
-0.00911842
-0.00947472
-0.0104784
-0.0115337
-0.0123822
-0.0131226
-0.0138586
-0.0145323
-0.0149394
-0.014841
-0.0140552
-0.0125144
-0.010276
-0.00752771
-0.00421355
-0.00117946
-0.0429795
-0.043051
-0.0430497
-0.0427773
-0.0419592
-0.0404234
-0.0382437
-0.0355423
-0.0324797
-0.0291932
-0.0257969
-0.0223697
-0.0189247
-0.0155015
-0.0117059
-0.00770518
-0.325211
-0.329364
-0.335804
-0.313501
-0.195271
-0.0837911
-0.00823698
0.0252399
0.0471027
0.025127
-0.324935
-0.329252
-0.335816
-0.313624
-0.195494
-0.0840147
-0.00838674
0.025187
0.0472221
0.0257479
-0.324355
-0.329012
-0.335838
-0.313772
-0.19574
-0.084227
-0.00853455
0.0250883
0.0474844
0.026716
-0.323455
-0.328677
-0.335918
-0.313923
-0.195945
-0.0843761
-0.00864422
0.0249575
0.0476366
0.0277015
-0.32228
-0.328124
-0.336022
-0.314001
-0.196064
-0.0843936
-0.00867447
0.0248646
0.0474713
0.0287647
-0.321231
-0.327363
-0.336126
-0.313865
-0.195829
-0.0840831
-0.00850375
0.024933
0.0470628
0.0297876
-0.320594
-0.326427
-0.336073
-0.313481
-0.195061
-0.0834287
-0.00814704
0.025182
0.0465615
0.0302033
-0.320637
-0.325625
-0.335756
-0.312467
-0.193403
-0.0823452
-0.00754026
0.0257218
0.046198
0.0305487
-0.321124
-0.324312
-0.334691
-0.310382
-0.190951
-0.0809841
-0.00681449
0.0264413
0.0460111
0.0310293
-0.323281
-0.32336
-0.33284
-0.30689
-0.187869
-0.0794734
-0.00598846
0.0273719
0.046182
0.0320276
-0.327566
-0.323831
-0.330806
-0.302879
-0.184877
-0.0780996
-0.00522053
0.028373
0.046661
0.0332613
-0.334356
-0.327363
-0.329946
-0.299432
-0.182512
-0.0770549
-0.00452346
0.0294918
0.0475888
0.0349831
-0.34226
-0.333339
-0.330517
-0.29708
-0.181126
-0.0764718
-0.0040195
0.0306039
0.0487758
0.0369952
-0.350173
-0.34145
-0.332774
-0.295953
-0.180844
-0.0765161
-0.00378813
0.0316965
0.0502566
0.0395204
-0.356504
-0.349916
-0.33588
-0.295598
-0.181489
-0.0771594
-0.00392666
0.0325919
0.0517619
0.0422524
-0.360327
-0.357989
-0.339542
-0.295778
-0.183034
-0.0786114
-0.00460958
0.0331695
0.0532584
0.0453163
-0.361041
-0.364298
-0.342789
-0.295907
-0.185061
-0.0806676
-0.00582777
0.033324
0.0544773
0.0482932
-0.358397
-0.368455
-0.345403
-0.295879
-0.187552
-0.0835546
-0.00780554
0.0328972
0.0553121
0.0511739
-0.352771
-0.369877
-0.346717
-0.295265
-0.190051
-0.0869067
-0.0103875
0.0318946
0.055541
0.0535522
-0.344326
-0.368541
-0.346692
-0.294124
-0.192606
-0.0909233
-0.0137971
0.0301406
0.0550441
0.0554188
-0.333967
-0.364524
-0.345007
-0.292195
-0.194767
-0.0951084
-0.0177081
0.0277893
0.0537799
0.056509
-0.321836
-0.357913
-0.341678
-0.289591
-0.196598
-0.0996449
-0.0223367
0.0246403
0.0516536
0.0568407
-0.308965
-0.349141
-0.33661
-0.286135
-0.197674
-0.10396
-0.0272109
0.0209485
0.0487771
0.0562833
-0.295384
-0.338226
-0.329733
-0.281856
-0.198065
-0.108175
-0.0324938
0.0164897
0.0450464
0.054817
-0.282048
-0.325797
-0.321157
-0.276533
-0.197513
-0.111725
-0.0376928
0.0116474
0.040732
0.0524831
-0.268783
-0.311862
-0.310839
-0.270149
-0.196209
-0.114841
-0.0430443
0.00623217
0.0357594
0.0493125
-0.256311
-0.297249
-0.299184
-0.262644
-0.194007
-0.11717
-0.0480497
0.00074841
0.0305115
0.0455243
-0.244376
-0.281998
-0.286236
-0.254048
-0.191015
-0.119035
-0.0529606
-0.00501748
0.0248397
0.0410792
-0.233494
-0.266932
-0.272573
-0.244499
-0.187108
-0.120098
-0.0573418
-0.0106122
0.0191013
0.0362381
-0.223139
-0.251893
-0.25823
-0.234095
-0.182411
-0.120613
-0.0614841
-0.0163133
0.0130826
0.0308887
-0.21339
-0.23742
-0.243762
-0.223103
-0.176924
-0.120314
-0.06501
-0.021692
0.00714822
0.025345
-0.203714
-0.223204
-0.229131
-0.211594
-0.170786
-0.119424
-0.0681806
-0.0270054
0.00107793
0.0194302
-0.194282
-0.209678
-0.214808
-0.199885
-0.164053
-0.117779
-0.0706766
-0.0318744
-0.00478733
0.0134712
-0.184809
-0.196578
-0.200725
-0.18802
-0.156852
-0.115565
-0.0727152
-0.0365182
-0.0106478
0.0072727
-0.175478
-0.184209
-0.187242
-0.176305
-0.149299
-0.112727
-0.0740757
-0.0406393
-0.0162033
0.00117676
-0.166088
-0.17231
-0.174251
-0.164754
-0.141507
-0.109419
-0.074933
-0.0444017
-0.021593
-0.00496965
-0.156761
-0.161044
-0.161973
-0.153609
-0.133625
-0.105669
-0.0751724
-0.0475958
-0.0265673
-0.0108387
-0.147398
-0.150197
-0.150283
-0.142854
-0.125741
-0.1016
-0.0749248
-0.0503242
-0.0311911
-0.0165279
-0.138116
-0.139869
-0.139301
-0.13265
-0.118
-0.0972871
-0.0741656
-0.0524676
-0.0352876
-0.0217553
-0.128912
-0.129937
-0.12892
-0.122961
-0.110451
-0.0928161
-0.0729844
-0.0540824
-0.0388648
-0.0265669
-0.119879
-0.120471
-0.119199
-0.113871
-0.1032
-0.0882736
-0.0714141
-0.0551302
-0.0418322
-0.0307631
-0.111081
-0.111426
-0.110062
-0.105335
-0.0962608
-0.0837081
-0.0695121
-0.0556452
-0.0441755
-0.0343609
-0.102585
-0.102851
-0.10153
-0.0973798
-0.089687
-0.0791877
-0.0673344
-0.055647
-0.0458845
-0.0372609
-0.0944816
-0.0947513
-0.0935611
-0.0899599
-0.0834638
-0.0747303
-0.0649168
-0.0551677
-0.0469575
-0.0394821
-0.0867945
-0.0871522
-0.0861474
-0.0830584
-0.0775951
-0.0703676
-0.0623073
-0.0542526
-0.0474375
-0.0410185
-0.0796121
-0.0800651
-0.0792592
-0.0766312
-0.0720511
-0.0660994
-0.0595325
-0.0529432
-0.0473552
-0.0419098
-0.0728931
-0.0734627
-0.0728485
-0.0706249
-0.0667976
-0.0619238
-0.0566227
-0.0512895
-0.0467746
-0.0422104
-0.0666749
-0.0673245
-0.0668701
-0.0649906
-0.0618015
-0.0578398
-0.0536081
-0.0493484
-0.0457657
-0.0419965
-0.0608509
-0.0615716
-0.0612482
-0.0596595
-0.0570216
-0.0538358
-0.0505145
-0.0471719
-0.044395
-0.0413349
-0.055417
-0.0561503
-0.0559134
-0.0545783
-0.052418
-0.049906
-0.0473581
-0.044801
-0.0427199
-0.0402975
-0.0502488
-0.0509875
-0.0508256
-0.0497194
-0.0479927
-0.0460654
-0.0441802
-0.0422896
-0.0407961
-0.0389256
-0.0453919
-0.0461076
-0.0460139
-0.0451312
-0.0438009
-0.042388
-0.0410643
-0.0397312
-0.0387233
-0.0373334
-0.040798
-0.0415179
-0.0415151
-0.0408672
-0.0399144
-0.0389586
-0.0381091
-0.0372305
-0.0365958
-0.0355739
-0.0365883
-0.0372945
-0.0373811
-0.0369686
-0.0363737
-0.0358271
-0.0353774
-0.0348626
-0.0345072
-0.03378
-0.0328314
-0.0335325
-0.0336718
-0.0334482
-0.0331585
-0.0329588
-0.0328315
-0.0325851
-0.0323755
-0.0317417
-0.0295211
-0.0303122
-0.0305105
-0.030384
-0.0302861
-0.0303637
-0.0305606
-0.0306614
-0.0308245
-0.0307226
-0.0261209
-0.0272946
-0.0277685
-0.027624
-0.0272795
-0.0269898
-0.0267671
-0.0264342
-0.0259855
-0.0250369
-0.0233522
-0.0248672
-0.0263018
-0.0273696
-0.028123
-0.028664
-0.0290585
-0.029283
-0.0296753
-0.0300964
-0.024303
-0.0223681
-0.0199672
-0.0184208
-0.017532
-0.0168139
-0.0159896
-0.0149072
-0.0134957
-0.0113744
-0.040328
-0.0427825
-0.0422891
-0.0414279
-0.0410804
-0.0409991
-0.040907
-0.0407281
-0.0407733
-0.0408128
-3.09764
-2.61699
-2.15072
-1.61778
-1.03982
-0.515003
-0.217276
-0.171062
-0.278964
-0.39521
-0.463567
-0.418882
-0.358833
-0.311769
-0.310844
-2.1189
-1.75099
-1.41282
-1.04977
-0.645402
-0.291693
-0.130562
-0.160939
-0.302332
-0.423143
-0.4811
-0.426528
-0.362948
-0.313022
-0.310661
-1.01881
-0.849921
-0.705766
-0.490662
-0.225559
-0.0285832
0.010954
-0.101162
-0.293446
-0.450366
-0.507432
-0.43644
-0.369268
-0.315229
-0.310497
-0.36726
-0.27211
-0.178322
-0.0157085
0.146586
0.210539
0.144678
-0.0356465
-0.267413
-0.462671
-0.532319
-0.448906
-0.37917
-0.319618
-0.311116
0.086396
0.191476
0.297868
0.401273
0.449576
0.40673
0.258355
0.0149219
-0.250051
-0.461929
-0.549117
-0.463177
-0.391657
-0.326547
-0.313381
0.463893
0.525622
0.597536
0.643446
0.612095
0.506304
0.33054
0.0470346
-0.247323
-0.461834
-0.557658
-0.474411
-0.401596
-0.333648
-0.317788
0.740349
0.718787
0.708085
0.690139
0.648472
0.540498
0.358122
0.070714
-0.241398
-0.459712
-0.556294
-0.478589
-0.40501
-0.33808
-0.323222
0.831764
0.775001
0.711669
0.660176
0.623146
0.536009
0.360943
0.0915328
-0.222398
-0.447026
-0.544255
-0.475497
-0.400997
-0.337871
-0.327993
0.851164
0.771251
0.692944
0.628211
0.579797
0.509671
0.353369
0.112761
-0.189169
-0.421812
-0.524637
-0.468436
-0.391849
-0.333403
-0.330574
0.762368
0.709454
0.647507
0.587363
0.532087
0.46447
0.338297
0.130508
-0.148637
-0.389884
-0.505381
-0.462475
-0.380876
-0.325939
-0.330394
0.648358
0.623722
0.585754
0.536946
0.482509
0.418526
0.316271
0.145273
-0.104279
-0.352201
-0.489354
-0.460433
-0.372249
-0.317542
-0.327506
0.563911
0.550099
0.523213
0.484249
0.435089
0.376387
0.291564
0.153941
-0.0615822
-0.309788
-0.474231
-0.462666
-0.367883
-0.309555
-0.322144
0.490715
0.481615
0.462841
0.432542
0.391093
0.338979
0.267813
0.156506
-0.0245695
-0.263986
-0.454623
-0.466885
-0.368331
-0.302836
-0.315359
0.424262
0.419514
0.40666
0.384557
0.351404
0.306562
0.246031
0.154855
0.00417269
-0.217588
-0.427401
-0.469733
-0.372279
-0.296936
-0.307312
0.367812
0.365792
0.358009
0.342106
0.315922
0.2778
0.226408
0.150678
0.025783
-0.173749
-0.392569
-0.467437
-0.3778
-0.292256
-0.298917
0.322166
0.322035
0.31683
0.304946
0.28407
0.252412
0.208513
0.14495
0.0414795
-0.134646
-0.35255
-0.458087
-0.382785
-0.288246
-0.289884
0.284884
0.285285
0.281608
0.272349
0.255672
0.229263
0.192221
0.138703
0.0525857
-0.100433
-0.309725
-0.440897
-0.385642
-0.285371
-0.280953
0.253784
0.254223
0.251204
0.24369
0.230075
0.208646
0.177397
0.131991
0.059713
-0.0715895
-0.266966
-0.417012
-0.385446
-0.283178
-0.271884
0.22717
0.227384
0.224714
0.218452
0.207569
0.189988
0.163815
0.125202
0.0641525
-0.047836
-0.226184
-0.3879
-0.381708
-0.281778
-0.263471
0.203495
0.203551
0.201311
0.196296
0.187495
0.173343
0.151425
0.118385
0.0663655
-0.0288857
-0.188721
-0.355375
-0.374216
-0.280512
-0.2554
0.182458
0.182497
0.180783
0.176844
0.169934
0.158359
0.139984
0.111667
0.0670557
-0.0139697
-0.15516
-0.320999
-0.362968
-0.279184
-0.248309
0.164676
0.164672
0.16326
0.160093
0.15441
0.144938
0.129485
0.105089
0.0664829
-0.00264442
-0.125992
-0.286275
-0.348212
-0.277179
-0.241722
0.149341
0.149293
0.148109
0.145462
0.140801
0.132874
0.119741
0.0986295
0.0650426
0.00579962
-0.101145
-0.252396
-0.330425
-0.274311
-0.236082
0.136007
0.135932
0.134885
0.132636
0.128641
0.121929
0.110691
0.0923205
0.0628948
0.0118222
-0.080492
-0.220289
-0.310186
-0.270121
-0.230807
0.123922
0.123848
0.122958
0.121029
0.117649
0.111898
0.102158
0.0860781
0.0602361
0.0159781
-0.0636021
-0.190668
-0.288254
-0.264559
-0.226181
0.112838
0.112812
0.112084
0.110472
0.107551
0.102551
0.0940586
0.0799665
0.0572038
0.0186513
-0.0500206
-0.163887
-0.265289
-0.257399
-0.221608
0.102946
0.10289
0.102267
0.100854
0.0982809
0.0938838
0.0864272
0.0740264
0.0539555
0.0202207
-0.0392283
-0.140222
-0.24208
-0.24882
-0.217272
0.0942778
0.0941587
0.0935243
0.0921962
0.0898509
0.0859205
0.0793277
0.0683991
0.0506487
0.0209884
-0.0306972
-0.119563
-0.219143
-0.238789
-0.212622
0.0865979
0.0863915
0.0857386
0.0844583
0.0822806
0.0787284
0.072859
0.0631676
0.0473919
0.0211834
-0.0239958
-0.101879
-0.197107
-0.227666
-0.20778
0.0796781
0.0794086
0.0787289
0.0775014
0.0754921
0.0722789
0.0670186
0.0583514
0.0442729
0.0210082
-0.0186726
-0.0867871
-0.176239
-0.215544
-0.202272
0.0735633
0.0732305
0.0725553
0.0713736
0.0694875
0.066533
0.0617536
0.0539615
0.0413222
0.0205734
-0.0144682
-0.0741245
-0.156948
-0.202884
-0.196328
0.0680668
0.0677186
0.0670382
0.0658957
0.0641173
0.0613779
0.0570167
0.0499451
0.0385638
0.0199977
-0.0110608
-0.0634242
-0.139257
-0.189783
-0.189625
0.0632616
0.0628759
0.0622059
0.0610948
0.0593882
0.0568097
0.0527657
0.0463289
0.0360217
0.0193361
-0.0083349
-0.054513
-0.123363
-0.17668
-0.182481
0.0589127
0.0585022
0.057829
0.0567605
0.0551471
0.0527258
0.0489878
0.0430679
0.0337005
0.0186595
-0.00606516
-0.0469558
-0.1091
-0.163611
-0.174654
0.0551687
0.0547254
0.0540411
0.0529855
0.051424
0.0491274
0.0456182
0.0401715
0.0316183
0.0179961
-0.00421136
-0.0406315
-0.0965343
-0.150961
-0.166533
0.0517634
0.0513204
0.050641
0.0496083
0.0481038
0.0459156
0.0426403
0.0375866
0.0297527
0.017382
-0.00261847
-0.0351899
-0.0854013
-0.138688
-0.157936
0.0488346
0.0483774
0.0476937
0.0466674
0.0451934
0.0430951
0.039992
0.0353136
0.0281109
0.0168242
-0.00129127
-0.0305856
-0.0756963
-0.127092
-0.149255
0.0459995
0.045562
0.0449115
0.0439373
0.0425406
0.0405515
0.0376565
0.0332885
0.026641
0.0163094
-0.000131894
-0.0265593
-0.0671191
-0.116051
-0.140309
0.0435603
0.0431249
0.0424837
0.0415314
0.0401793
0.0382838
0.0355313
0.0314616
0.0253092
0.0158218
0.000830948
-0.0231091
-0.0596574
-0.105796
-0.131472
0.0410811
0.0406884
0.0400961
0.0392018
0.0379261
0.0361296
0.0335574
0.0297494
0.0240512
0.015338
0.00166934
-0.0200381
-0.0530262
-0.0961534
-0.122563
0.0388756
0.038499
0.0379245
0.0370539
0.0358197
0.0341101
0.0316722
0.0281344
0.0228715
0.0148674
0.00236761
-0.0173741
-0.0472297
-0.0872942
-0.113922
0.0364952
0.0361523
0.035635
0.0348447
0.0337159
0.0321332
0.0298934
0.0266137
0.0217571
0.014402
0.00297797
-0.014972
-0.042029
-0.0790285
-0.105367
0.0344724
0.0341295
0.0336221
0.0328633
0.0317967
0.0303271
0.0282354
0.0252078
0.0207245
0.0139536
0.00348091
-0.012881
-0.0374594
-0.0715018
-0.097205
0.0325063
0.032185
0.0317119
0.0310057
0.0300177
0.0286514
0.0267266
0.0239106
0.0197506
0.0135002
0.00390404
-0.0109998
-0.0333359
-0.0645326
-0.0892619
0.0309811
0.0306532
0.0301679
0.0294555
0.0284833
0.0271769
0.0253435
0.0227067
0.0188325
0.0130522
0.00423281
-0.00937855
-0.0297142
-0.0582436
-0.081801
0.0293245
0.0290122
0.0285544
0.0278849
0.0269771
0.0257506
0.0240447
0.0215705
0.0179512
0.0125955
0.00449507
-0.00793108
-0.0264445
-0.0524622
-0.0746465
0.0279394
0.0276207
0.0271564
0.0264922
0.0256104
0.0244454
0.0228227
0.0204951
0.0171217
0.012163
0.00469366
-0.00669062
-0.0235779
-0.047285
-0.0680148
0.0263819
0.026081
0.0256547
0.0250509
0.0242496
0.0231741
0.0216667
0.0194967
0.0163514
0.0117426
0.00485916
-0.00557612
-0.0209763
-0.0425377
-0.0617222
0.0250777
0.0247801
0.0243644
0.023787
0.0230332
0.0220257
0.0206128
0.0185781
0.0156421
0.0113721
0.00499236
-0.0046077
-0.018677
-0.0382829
-0.0559305
0.0237346
0.0234562
0.0230768
0.0225587
0.0218815
0.0209607
0.0196452
0.0177422
0.0150086
0.0110227
0.00512046
-0.00370793
-0.0165495
-0.0343477
-0.0504444
0.0226799
0.0224067
0.0220392
0.0215462
0.020908
0.0200377
0.0187916
0.0170004
0.0144391
0.0107388
0.00525907
-0.00287895
-0.0146153
-0.0307774
-0.0453872
0.021629
0.0213773
0.0210471
0.0206085
0.0200299
0.0192173
0.0180391
0.0163537
0.013968
0.0105167
0.00544884
-0.00203471
-0.0127421
-0.02741
-0.0405724
0.0208853
0.0206441
0.0203245
0.0198991
0.0193344
0.0185417
0.0174104
0.0158248
0.0135995
0.010408
0.00572144
-0.00115872
-0.0109391
-0.0242763
-0.0361036
0.020103
0.0198912
0.0196095
0.019226
0.0186999
0.0179485
0.0168836
0.0154082
0.0133529
0.0103945
0.00608504
-0.000215018
-0.0091261
-0.0212348
-0.0318196
0.0195273
0.0193371
0.0190739
0.0187046
0.0181915
0.017467
0.0164632
0.0150925
0.0131821
0.0104496
0.00647702
0.000700632
-0.00741445
-0.0183593
-0.0278098
0.0189014
0.0187412
0.0185138
0.0181827
0.0177091
0.0170352
0.0161025
0.014823
0.0130343
0.0104702
0.006781
0.00146438
-0.00589525
-0.0156662
-0.0238574
0.0183947
0.0182519
0.0180435
0.0177338
0.0172885
0.0166576
0.0157834
0.0145736
0.0128685
0.0104387
0.0069559
0.00199552
-0.00473495
-0.0134615
-0.0201443
0.0178998
0.0177678
0.0175788
0.0172995
0.0168966
0.0163217
0.0155133
0.0143756
0.0127605
0.0104456
0.00714
0.00246352
-0.00381644
-0.0118123
-0.0172749
0.0175681
0.0174355
0.0172491
0.0169821
0.016606
0.0160741
0.0153214
0.0142503
0.0127136
0.0105102
0.00736361
0.00294104
-0.0029445
-0.0101116
-0.0155435
0.0173349
0.0171992
0.017012
0.0167495
0.0163807
0.0158564
0.0151048
0.014022
0.0124637
0.0102373
0.00712128
0.00295596
-0.00205995
-0.00677097
-0.0106336
)
;

boundaryField
{
    airfoil
    {
        type            zeroGradient;
    }
    farBoundaries
    {
        type            freestreamPressure;
        freestreamValue uniform 0;
        supersonic      false;
        value           nonuniform List<scalar> 
52
(
-0.0184066
-0.0195269
-0.0193017
-0.0189086
-0.01875
-0.0187129
-0.0186709
-0.0185892
-0.0186098
-0.0186279
-0.0196168
-0.0196494
-0.0196488
-0.0195245
-0.0191511
-0.0184501
-0.0174553
-0.0162223
-0.0148244
-0.0133244
-0.0117743
-0.01021
-0.00863767
-0.0070752
-0.00534284
-0.00351681
0.0208847
0.0209169
0.0207574
0.0204136
0.0198157
0.0188848
0.0176497
0.0162233
0.014728
0.0132378
0.0117746
0.010328
0.00887558
0.00738807
0.00576534
0.0035014
0.0221412
0.0223816
0.0213712
0.0205564
0.0201615
0.0198933
0.0196014
0.0193274
0.0193565
0.0196204
)
;
    }
    inlet
    {
        type            freestreamPressure;
        freestreamValue uniform 0;
        supersonic      false;
        value           nonuniform List<scalar> 
30
(
0.0173003
0.0171606
0.0169676
0.0166967
0.0163151
0.0157716
0.014991
0.0138651
0.0122463
0.00994678
0.00678085
0.00271183
-0.00176182
-0.00505542
-0.00602968
0.0174181
0.0175677
0.0177752
0.0180609
0.018449
0.0189709
0.0196599
0.0205487
0.021643
0.0228672
0.0239657
0.0242708
0.0224752
0.0174232
0.011287
)
;
    }
    outlet
    {
        type            freestreamPressure;
        freestreamValue uniform 0;
        supersonic      false;
        value           nonuniform List<scalar> 
120
(
6.67398e-07
8.64197e-07
1.05482e-06
1.24046e-06
1.41945e-06
1.59629e-06
1.76886e-06
1.94109e-06
2.1102e-06
2.28044e-06
2.44914e-06
2.62116e-06
2.79315e-06
2.97037e-06
3.14912e-06
3.33485e-06
3.52292e-06
3.71766e-06
3.91355e-06
4.11266e-06
4.30855e-06
4.49862e-06
4.67528e-06
4.83068e-06
4.95737e-06
5.04185e-06
5.07979e-06
5.05875e-06
4.9836e-06
4.84797e-06
4.66761e-06
4.4432e-06
4.19491e-06
3.92551e-06
3.65312e-06
3.37851e-06
3.11363e-06
2.85767e-06
2.61577e-06
2.38433e-06
2.16239e-06
1.94607e-06
1.72941e-06
1.50812e-06
1.27449e-06
1.0279e-06
7.62742e-07
4.83402e-07
1.86983e-07
-1.17371e-07
-4.33784e-07
-7.50206e-07
-1.07256e-06
-1.39034e-06
-1.69634e-06
-1.99749e-06
-2.31483e-06
-2.4479e-06
-2.1749e-06
-9.80288e-07
6.14539e-06
4.1346e-06
3.65371e-06
3.81437e-06
3.78194e-06
3.71129e-06
3.65044e-06
3.61351e-06
3.58105e-06
3.54366e-06
3.48516e-06
3.39657e-06
3.27774e-06
3.11509e-06
2.9154e-06
2.65751e-06
2.36257e-06
2.0116e-06
1.63308e-06
1.20339e-06
7.54378e-07
2.64146e-07
-2.39057e-07
-7.74794e-07
-1.31553e-06
-1.87134e-06
-2.41966e-06
-2.95901e-06
-3.46643e-06
-3.92778e-06
-4.32983e-06
-4.65155e-06
-4.8881e-06
-5.01776e-06
-5.05603e-06
-4.98736e-06
-4.84208e-06
-4.61091e-06
-4.33656e-06
-4.01245e-06
-3.68044e-06
-3.33207e-06
-3.00237e-06
-2.67923e-06
-2.38636e-06
-2.10915e-06
-1.86228e-06
-1.63114e-06
-1.42408e-06
-1.22862e-06
-1.04987e-06
-8.77408e-07
-7.14142e-07
-5.51641e-07
-3.92145e-07
-2.28805e-07
-6.36194e-08
1.09131e-07
2.86741e-07
4.74201e-07
)
;
    }
    defaultFaces
    {
        type            empty;
    }
}


// ************************************************************************* //
