/*--------------------------------*- C++ -*----------------------------------*\
  =========                 |
  \\      /  F ield         | OpenFOAM: The Open Source CFD Toolbox
   \\    /   O peration     | Website:  https://openfoam.org
    \\  /    A nd           | Version:  6.0
     \\/     M anipulation  |
\*---------------------------------------------------------------------------*/
FoamFile
{
    version     2.0;
    format      ascii;
    class       volScalarField;
    location    "400";
    object      nuTilda;
}
// * * * * * * * * * * * * * * * * * * * * * * * * * * * * * * * * * * * * * //

dimensions      [0 2 -1 0 0 0 0];

internalField   nonuniform List<scalar> 
9800
(
0.140001
0.139979
0.139968
0.139967
0.139979
0.139994
0.139999
0.140003
0.140007
0.14001
0.140013
0.140015
0.140017
0.14002
0.140023
0.140027
0.140031
0.140034
0.140033
0.140032
0.140032
0.140028
0.140014
0.140013
0.140028
0.140032
0.140032
0.140033
0.140034
0.140032
0.140028
0.140024
0.140021
0.140018
0.140016
0.140013
0.140011
0.140008
0.140004
0.14
0.139995
0.139979
0.139967
0.139974
0.139984
0.139992
0.139999
0.140006
0.140012
0.140019
0.140027
0.140037
0.140048
0.140061
0.140077
0.140097
0.140121
0.140151
0.140188
0.140236
0.140298
0.140379
0.14049
0.140646
0.140879
0.141203
0.142056
0.143032
0.14383
0.144851
0.14511
0.145355
0.145584
0.145985
0.146544
0.147189
0.147817
0.148355
0.148761
0.149021
0.149141
0.149139
0.149038
0.148861
0.14863
0.148366
0.148083
0.147792
0.1475
0.147206
0.146953
0.146782
0.146687
0.146659
0.146688
0.14677
0.146902
0.14703
0.151295
0.217042
0.140115
0.140088
0.140068
0.140065
0.140067
0.140069
0.140066
0.140063
0.140061
0.140059
0.140059
0.140059
0.14006
0.14006
0.140056
0.140048
0.140032
0.140016
0.140042
0.140056
0.140064
0.140061
0.140035
0.140033
0.140061
0.140065
0.140058
0.140045
0.140017
0.140031
0.140047
0.140056
0.140059
0.140059
0.140058
0.140059
0.140059
0.140061
0.140062
0.140064
0.140065
0.14006
0.140053
0.140055
0.140066
0.140082
0.140102
0.140123
0.140146
0.140169
0.140195
0.140224
0.140255
0.140291
0.140332
0.140379
0.140433
0.140496
0.14057
0.140656
0.140759
0.140881
0.14103
0.141212
0.141439
0.141706
0.142126
0.142576
0.142881
0.143073
0.143114
0.143145
0.143207
0.143322
0.14348
0.143659
0.143835
0.143995
0.144132
0.144245
0.144333
0.144397
0.144439
0.144446
0.144496
0.144574
0.144677
0.1448
0.14494
0.145089
0.145241
0.145392
0.145538
0.145673
0.145798
0.145911
0.146011
0.146102
0.146156
0.147642
0.140164
0.140142
0.140126
0.14012
0.140114
0.140108
0.140102
0.140094
0.140087
0.14008
0.140073
0.14006
0.140039
0.140015
0.140008
0.140007
0.140017
0.140025
0.140058
0.140082
0.140096
0.140091
0.140057
0.140053
0.140089
0.140096
0.140083
0.14006
0.140025
0.140005
0.14
0.140008
0.140025
0.140048
0.140065
0.140075
0.140082
0.140088
0.140093
0.140096
0.140099
0.1401
0.1401
0.1401
0.140103
0.140113
0.140127
0.140146
0.140167
0.140191
0.140216
0.140244
0.140273
0.140305
0.140339
0.140376
0.140416
0.14046
0.140509
0.140561
0.140619
0.140682
0.140734
0.140815
0.140916
0.141035
0.141179
0.141343
0.141511
0.141682
0.141861
0.142052
0.142258
0.142477
0.142709
0.14295
0.143199
0.143453
0.143703
0.143947
0.144181
0.144401
0.144603
0.144783
0.144942
0.145078
0.145191
0.145282
0.145352
0.145401
0.145432
0.145448
0.145451
0.145444
0.14543
0.145413
0.145396
0.145383
0.145364
0.145391
0.140181
0.140161
0.14014
0.140123
0.140103
0.14008
0.140054
0.140036
0.14003
0.140025
0.140018
0.14001
0.140006
0.140003
0.140003
0.140011
0.140031
0.140056
0.140091
0.140118
0.140131
0.140119
0.140079
0.140071
0.140113
0.140127
0.140115
0.140089
0.140053
0.14002
0.139998
0.13999
0.13998
0.139988
0.140003
0.140015
0.140023
0.14003
0.140043
0.140062
0.140079
0.140092
0.140101
0.140107
0.140112
0.140119
0.140128
0.140141
0.140157
0.140177
0.140199
0.140223
0.140249
0.140277
0.140307
0.140339
0.140373
0.140408
0.140446
0.140485
0.140527
0.140571
0.140613
0.140656
0.140703
0.140753
0.140803
0.140855
0.140918
0.140991
0.141072
0.141154
0.141232
0.141305
0.141375
0.141442
0.141508
0.141575
0.14164
0.141702
0.141758
0.14181
0.141858
0.141904
0.141945
0.141983
0.14202
0.142054
0.142088
0.142121
0.142153
0.142186
0.142219
0.142254
0.14229
0.142328
0.142368
0.14241
0.14246
0.142528
0.140189
0.140165
0.140138
0.140111
0.140083
0.140055
0.140029
0.140009
0.13999
0.139965
0.139945
0.139941
0.139946
0.139962
0.139992
0.140021
0.140052
0.140088
0.140124
0.140152
0.140162
0.140142
0.140097
0.140084
0.14013
0.140152
0.140145
0.140117
0.140079
0.140037
0.139995
0.139952
0.139925
0.139919
0.139926
0.13995
0.139979
0.14
0.140018
0.140038
0.14006
0.140081
0.140098
0.140113
0.140125
0.140135
0.140145
0.140157
0.14017
0.140185
0.140204
0.140224
0.140247
0.140272
0.140299
0.140328
0.140358
0.140389
0.140422
0.140456
0.140491
0.140527
0.140564
0.1406
0.140636
0.140671
0.140704
0.140735
0.140766
0.1408
0.140836
0.140873
0.14091
0.140945
0.140981
0.141016
0.141052
0.141089
0.141127
0.141167
0.141206
0.141246
0.141285
0.141325
0.141366
0.141406
0.141446
0.141485
0.141525
0.141564
0.141605
0.141648
0.141692
0.141738
0.141786
0.141835
0.141887
0.141938
0.141994
0.142083
0.14017
0.140144
0.140113
0.14008
0.140045
0.140007
0.139967
0.139925
0.139892
0.139868
0.139854
0.139858
0.139879
0.139923
0.139987
0.140034
0.140077
0.140119
0.140157
0.140183
0.140186
0.140159
0.140109
0.140091
0.140142
0.140172
0.14017
0.140145
0.140106
0.140057
0.14
0.139919
0.139865
0.13984
0.139837
0.139853
0.139881
0.139923
0.139965
0.140002
0.140034
0.140061
0.140084
0.140104
0.14012
0.140135
0.140149
0.140161
0.140174
0.140188
0.140203
0.140219
0.140237
0.140257
0.140279
0.140303
0.140328
0.140354
0.140381
0.14041
0.14044
0.14047
0.140501
0.140532
0.140564
0.140595
0.140626
0.140657
0.140686
0.140716
0.140745
0.140775
0.140805
0.140835
0.140864
0.140894
0.140925
0.140955
0.140987
0.141019
0.141052
0.141086
0.141121
0.141156
0.141193
0.14123
0.141268
0.141307
0.141348
0.14139
0.141434
0.141478
0.141524
0.141572
0.141621
0.141671
0.141723
0.141774
0.141828
0.141914
0.140064
0.140041
0.139987
0.139945
0.139909
0.139871
0.139832
0.139797
0.139773
0.139766
0.139781
0.139826
0.139879
0.139941
0.140008
0.140064
0.140114
0.140158
0.140194
0.140212
0.140206
0.140169
0.14011
0.140077
0.140145
0.140186
0.140194
0.140175
0.140138
0.140088
0.140025
0.139944
0.139867
0.139795
0.139757
0.139749
0.139763
0.139794
0.139835
0.139875
0.139911
0.139944
0.139985
0.140029
0.140066
0.140095
0.140119
0.140138
0.140155
0.14017
0.140185
0.140201
0.140217
0.140234
0.140252
0.140271
0.140291
0.140313
0.140336
0.14036
0.140385
0.140411
0.140437
0.140464
0.140492
0.140519
0.140548
0.140576
0.140604
0.140632
0.14066
0.140688
0.140716
0.140743
0.140771
0.140798
0.140825
0.140851
0.140878
0.140906
0.140933
0.140961
0.14099
0.14102
0.14105
0.141081
0.141113
0.141146
0.141181
0.141217
0.141254
0.141292
0.141332
0.141373
0.141415
0.141458
0.141501
0.141545
0.141589
0.141665
0.139874
0.13984
0.139798
0.139763
0.139732
0.139703
0.139679
0.139666
0.139674
0.139712
0.139778
0.139843
0.139912
0.139982
0.140048
0.140107
0.140158
0.1402
0.140228
0.140237
0.140218
0.140167
0.140092
0.14004
0.14013
0.140189
0.140211
0.140202
0.140171
0.140123
0.140061
0.139985
0.1399
0.139812
0.139731
0.139673
0.139652
0.139658
0.139681
0.139711
0.139745
0.13978
0.13982
0.139862
0.139906
0.139957
0.14001
0.140055
0.140092
0.140122
0.140147
0.140168
0.140187
0.140204
0.140222
0.140239
0.140256
0.140274
0.140292
0.140311
0.140331
0.140351
0.140372
0.140394
0.140415
0.140438
0.14046
0.140483
0.140506
0.14053
0.140553
0.140577
0.140601
0.140624
0.140648
0.140672
0.140695
0.140719
0.140743
0.140767
0.140791
0.140815
0.14084
0.140866
0.140892
0.140919
0.140947
0.140975
0.141005
0.141036
0.141068
0.1411
0.141134
0.141169
0.141204
0.141239
0.141276
0.141311
0.141347
0.141408
0.139637
0.139606
0.13958
0.139558
0.139541
0.139534
0.139543
0.139578
0.139645
0.139725
0.139811
0.139887
0.139962
0.140033
0.140097
0.140154
0.140201
0.140236
0.140254
0.140249
0.140214
0.140146
0.140045
0.139995
0.140098
0.140173
0.140212
0.140217
0.140197
0.140156
0.140099
0.140027
0.139942
0.139848
0.139747
0.139647
0.13957
0.139534
0.139526
0.139535
0.139554
0.13958
0.139611
0.139646
0.139686
0.139731
0.139779
0.139826
0.139873
0.139925
0.139978
0.140026
0.140068
0.140104
0.140135
0.140161
0.140185
0.140206
0.140226
0.140245
0.140263
0.140281
0.140298
0.140316
0.140333
0.14035
0.140367
0.140384
0.140401
0.140418
0.140436
0.140453
0.140471
0.140489
0.140507
0.140526
0.140545
0.140564
0.140584
0.140604
0.140625
0.140646
0.140668
0.140691
0.140714
0.140738
0.140763
0.140789
0.140815
0.140842
0.14087
0.140898
0.140927
0.140956
0.140985
0.141014
0.141044
0.141072
0.1411
0.141147
0.139418
0.139377
0.139373
0.139381
0.139406
0.139455
0.139524
0.139604
0.139695
0.139787
0.139876
0.139954
0.140027
0.140094
0.140153
0.140203
0.140241
0.140263
0.140266
0.140242
0.140186
0.140093
0.139963
0.13993
0.140042
0.140135
0.140191
0.140214
0.140207
0.140178
0.14013
0.140065
0.139986
0.139893
0.139787
0.139671
0.139555
0.139458
0.139396
0.139366
0.139357
0.139361
0.139375
0.139394
0.139419
0.13945
0.139484
0.139521
0.13956
0.139603
0.139647
0.13969
0.139732
0.139772
0.139816
0.139862
0.139907
0.139949
0.139987
0.140021
0.140051
0.140078
0.140103
0.140126
0.140147
0.140167
0.140187
0.140206
0.140224
0.140242
0.140259
0.140277
0.140294
0.140311
0.140328
0.140345
0.140363
0.14038
0.140398
0.140417
0.140436
0.140455
0.140475
0.140496
0.140517
0.140538
0.14056
0.140583
0.140606
0.140629
0.140652
0.140675
0.140698
0.140721
0.140743
0.140765
0.140786
0.140805
0.140825
0.140855
0.139201
0.139179
0.13922
0.139286
0.139376
0.139478
0.13958
0.139681
0.139777
0.139868
0.139952
0.140026
0.140092
0.14015
0.140199
0.140237
0.14026
0.140265
0.140247
0.1402
0.140119
0.14
0.139855
0.139835
0.139953
0.140068
0.140145
0.140187
0.140198
0.140184
0.14015
0.140096
0.140027
0.139942
0.139842
0.139727
0.139601
0.139472
0.139352
0.139257
0.139196
0.139159
0.139141
0.139135
0.139137
0.139146
0.139159
0.139177
0.139198
0.139221
0.139247
0.139274
0.139302
0.13933
0.139359
0.139389
0.139419
0.139448
0.139476
0.139503
0.139528
0.139554
0.13958
0.139608
0.139638
0.139669
0.139699
0.139729
0.139759
0.139788
0.139817
0.139846
0.139875
0.139904
0.139934
0.139963
0.139993
0.140023
0.140053
0.140082
0.140111
0.140139
0.140167
0.140193
0.140219
0.140245
0.140269
0.140292
0.140315
0.140337
0.140357
0.140376
0.140395
0.140412
0.140427
0.140442
0.140455
0.140466
0.140477
0.140493
0.139211
0.139243
0.139319
0.139413
0.139515
0.139618
0.139717
0.13981
0.139896
0.139975
0.140047
0.140109
0.140162
0.140206
0.14024
0.140259
0.140262
0.140245
0.140202
0.140129
0.140023
0.13988
0.139719
0.139683
0.139762
0.139916
0.140029
0.1401
0.140136
0.140144
0.140129
0.140093
0.140039
0.139968
0.13988
0.139775
0.139653
0.139513
0.139361
0.139215
0.139095
0.139005
0.13894
0.138894
0.138862
0.138841
0.138828
0.138821
0.138818
0.13882
0.138825
0.138832
0.13884
0.138851
0.138863
0.138875
0.138888
0.138901
0.138914
0.138927
0.138939
0.138951
0.138963
0.138975
0.138988
0.139001
0.139015
0.139029
0.139045
0.139061
0.13908
0.139104
0.139133
0.139167
0.139204
0.139243
0.139284
0.139327
0.139371
0.139416
0.13946
0.139503
0.139545
0.139585
0.139623
0.139658
0.13969
0.139719
0.139745
0.139768
0.139787
0.139804
0.139818
0.139828
0.139836
0.139842
0.139845
0.139845
0.139844
0.139841
0.139188
0.139217
0.139317
0.139438
0.13956
0.139671
0.13977
0.139857
0.139934
0.140003
0.140066
0.140115
0.140153
0.14018
0.140193
0.14019
0.140167
0.140121
0.140047
0.13994
0.1398
0.139632
0.139498
0.139468
0.139544
0.13972
0.139874
0.139983
0.140051
0.140087
0.140097
0.140082
0.140048
0.139998
0.139931
0.139848
0.139749
0.139633
0.1395
0.139357
0.139211
0.139069
0.138943
0.138838
0.138752
0.138683
0.138626
0.138581
0.138543
0.138513
0.138487
0.138466
0.138449
0.138434
0.138422
0.138412
0.138405
0.138398
0.138392
0.138386
0.138381
0.138376
0.138371
0.138368
0.138365
0.138362
0.13836
0.138358
0.138357
0.138356
0.138355
0.138356
0.138358
0.138361
0.138365
0.13837
0.138377
0.138386
0.138399
0.13842
0.138449
0.138483
0.13852
0.138558
0.138596
0.138632
0.138666
0.138698
0.138726
0.138752
0.138774
0.138793
0.138808
0.13882
0.138829
0.138835
0.138838
0.138839
0.138838
0.138829
0.139529
0.139585
0.139667
0.139756
0.139842
0.139921
0.13999
0.140051
0.140104
0.140148
0.140184
0.140206
0.140216
0.14021
0.140188
0.140148
0.140086
0.139999
0.139887
0.139747
0.139581
0.139398
0.139223
0.139152
0.139168
0.139255
0.139372
0.139508
0.139633
0.13973
0.139796
0.139826
0.139826
0.1398
0.139751
0.139679
0.139587
0.139478
0.139359
0.139237
0.139112
0.138987
0.138866
0.138751
0.138643
0.138544
0.138453
0.138369
0.138293
0.138224
0.138162
0.138105
0.138055
0.138009
0.137968
0.137932
0.137899
0.137869
0.137842
0.137816
0.137791
0.137767
0.137745
0.137724
0.137705
0.137687
0.137669
0.137651
0.137634
0.137617
0.137601
0.137584
0.137568
0.137552
0.137536
0.13752
0.137503
0.137485
0.137468
0.137451
0.137435
0.137419
0.137405
0.137394
0.137387
0.137384
0.137384
0.137386
0.137388
0.13739
0.137391
0.137392
0.13739
0.137386
0.137381
0.137374
0.137365
0.137353
0.13734
0.137296
0.139284
0.13927
0.13931
0.139362
0.139413
0.139457
0.139494
0.139523
0.139544
0.139555
0.139557
0.139546
0.139521
0.139481
0.139427
0.139356
0.13927
0.13917
0.139059
0.138941
0.138825
0.138725
0.138661
0.138661
0.138731
0.138878
0.139061
0.139235
0.139392
0.139525
0.139634
0.139711
0.139761
0.139784
0.139784
0.139762
0.139721
0.139664
0.139593
0.139512
0.139422
0.139324
0.139219
0.139108
0.138992
0.138873
0.138751
0.138627
0.1385
0.138373
0.138247
0.138122
0.138001
0.137886
0.137778
0.137679
0.137587
0.137504
0.137428
0.137358
0.137294
0.137235
0.13718
0.137128
0.13708
0.137035
0.136991
0.136949
0.136908
0.136869
0.13683
0.136791
0.136752
0.136714
0.136675
0.136636
0.136598
0.13656
0.136521
0.136482
0.136443
0.136403
0.136362
0.13632
0.136277
0.136234
0.136191
0.136147
0.136102
0.136058
0.136015
0.135978
0.135946
0.135921
0.135902
0.135887
0.135875
0.135865
0.135855
0.135803
0.139444
0.139444
0.139457
0.139475
0.139492
0.139504
0.139509
0.139507
0.139496
0.139476
0.139446
0.139403
0.139346
0.139274
0.13919
0.139094
0.138988
0.138874
0.138755
0.138634
0.138514
0.138399
0.138287
0.13818
0.138091
0.138085
0.138135
0.138213
0.138302
0.138393
0.13848
0.138557
0.138618
0.138663
0.138691
0.138704
0.138701
0.138683
0.138651
0.138606
0.13855
0.138483
0.138406
0.13832
0.138225
0.138124
0.138016
0.137904
0.137787
0.137667
0.137545
0.137421
0.137298
0.137175
0.137054
0.136937
0.136824
0.136716
0.136615
0.13652
0.136431
0.136347
0.136269
0.136196
0.136127
0.136061
0.135999
0.135939
0.135881
0.135825
0.135771
0.135718
0.135665
0.135613
0.135561
0.135509
0.135458
0.135405
0.135353
0.135299
0.135246
0.135192
0.135136
0.13508
0.135022
0.134963
0.134903
0.134842
0.13478
0.134716
0.134651
0.134584
0.134517
0.134447
0.134375
0.134301
0.134225
0.134147
0.134068
0.133993
0.138488
0.138585
0.138662
0.138678
0.138663
0.138637
0.138608
0.138579
0.138546
0.138497
0.138427
0.138364
0.138301
0.138236
0.138172
0.138109
0.13805
0.137997
0.13795
0.13791
0.137878
0.137853
0.137837
0.137832
0.137839
0.137864
0.137907
0.137961
0.138022
0.138087
0.138152
0.138212
0.138266
0.138312
0.138349
0.138377
0.138394
0.1384
0.138396
0.138381
0.138357
0.138323
0.13828
0.138229
0.13817
0.138104
0.138032
0.137955
0.137872
0.137784
0.137693
0.137597
0.137499
0.137397
0.137293
0.137187
0.137079
0.136969
0.136859
0.136749
0.13664
0.136533
0.136425
0.136314
0.136199
0.136077
0.135949
0.135816
0.135678
0.135539
0.135401
0.135266
0.135134
0.135006
0.134881
0.134759
0.13464
0.134524
0.13441
0.134297
0.134188
0.13408
0.133973
0.133867
0.133761
0.133656
0.133552
0.133447
0.133342
0.133237
0.133133
0.133029
0.132926
0.132823
0.132717
0.13261
0.132502
0.132392
0.132283
0.132179
0.138592
0.138579
0.13855
0.138509
0.138463
0.138413
0.138364
0.138314
0.138266
0.138217
0.138168
0.138122
0.138076
0.138031
0.137986
0.137942
0.1379
0.137861
0.137824
0.13779
0.137758
0.137728
0.137699
0.137672
0.137646
0.13762
0.137593
0.137566
0.137539
0.137509
0.137479
0.137454
0.137436
0.137422
0.137411
0.137399
0.137385
0.137367
0.137346
0.137322
0.137295
0.137263
0.137226
0.137185
0.137139
0.137089
0.137035
0.136979
0.136919
0.136854
0.136785
0.136713
0.136638
0.136559
0.136477
0.136393
0.136306
0.136217
0.136126
0.136032
0.135935
0.135837
0.135739
0.135643
0.135548
0.13545
0.135351
0.135251
0.135152
0.135053
0.134952
0.134852
0.134755
0.134657
0.134559
0.134462
0.134366
0.134273
0.134181
0.13409
0.134001
0.133912
0.133822
0.133733
0.133642
0.13355
0.133458
0.133364
0.133269
0.133172
0.133074
0.132974
0.132872
0.132767
0.132659
0.132544
0.132414
0.132266
0.132094
0.13192
0.140383
0.140643
0.140842
0.140982
0.141075
0.141133
0.141162
0.141168
0.141151
0.141112
0.141078
0.141039
0.140998
0.140956
0.140914
0.140873
0.140834
0.140796
0.140761
0.140728
0.140696
0.140665
0.140635
0.140606
0.140576
0.140545
0.140513
0.140479
0.140441
0.140398
0.140351
0.140327
0.140295
0.140262
0.140229
0.140197
0.140164
0.140129
0.140094
0.140057
0.140017
0.139975
0.139932
0.139887
0.13984
0.139789
0.139735
0.139679
0.13962
0.139558
0.139491
0.139421
0.139347
0.139269
0.139188
0.139104
0.139017
0.138927
0.138837
0.138745
0.138649
0.138554
0.13847
0.138372
0.138272
0.138166
0.138056
0.137943
0.137824
0.1377
0.13757
0.137432
0.137284
0.137125
0.136957
0.136774
0.136579
0.136364
0.136128
0.135873
0.135603
0.135322
0.135031
0.134736
0.13444
0.134145
0.133852
0.13356
0.133269
0.132978
0.132687
0.132396
0.132102
0.131806
0.131508
0.131208
0.130909
0.130617
0.130349
0.13015
0.129682
0.128571
0.128113
0.127984
0.128009
0.128062
0.127984
0.127747
0.127369
0.126927
0.127073
0.126402
0.125702
0.125075
0.124497
0.123952
0.12343
0.12292
0.122419
0.121924
0.121433
0.120947
0.120469
0.120002
0.11955
0.119116
0.118704
0.118317
0.117954
0.117624
0.117439
0.117866
0.117556
0.117238
0.116906
0.116557
0.116195
0.11582
0.115437
0.115048
0.114655
0.11426
0.113865
0.11347
0.113075
0.112682
0.11229
0.111898
0.111508
0.111118
0.110729
0.11034
0.109952
0.109563
0.109175
0.108789
0.108406
0.108026
0.107649
0.107275
0.106902
0.106718
0.106905
0.10665
0.106374
0.106086
0.105788
0.10548
0.105163
0.104838
0.104505
0.104164
0.103817
0.103462
0.1031
0.102732
0.102358
0.101977
0.10159
0.101198
0.1008
0.100397
0.0999887
0.0995766
0.0991607
0.0987411
0.098318
0.0978917
0.0974628
0.0970325
0.0966023
0.0961746
0.0957529
0.0953429
0.0949534
0.0945985
0.094301
0.0940972
0.0940462
0.0942484
0.335463
0.352473
0.36844
0.383403
0.397486
0.410791
0.423401
0.435385
0.446803
0.457704
0.468133
0.478127
0.487719
0.496937
0.505808
0.514353
0.522611
0.53056
0.538236
0.545663
0.552856
0.559827
0.566588
0.57315
0.579523
0.585717
0.591741
0.597603
0.603312
0.608875
0.6143
0.619594
0.624687
0.629569
0.634505
0.639341
0.64408
0.648728
0.653291
0.657777
0.66219
0.666537
0.670825
0.67506
0.679249
0.683398
0.687516
0.691406
0.69519
0.699283
0.703377
0.707476
0.711588
0.71572
0.71988
0.724076
0.728315
0.732604
0.736953
0.740935
0.74503
0.749728
0.754513
0.759383
0.764342
0.769396
0.774547
0.778608
0.784707
0.790114
0.149505
0.149989
0.150536
0.15113
0.151771
0.152461
0.153199
0.153987
0.154823
0.155708
0.156638
0.157613
0.15863
0.159688
0.160786
0.161925
0.163109
0.164325
0.165579
0.166872
0.168206
0.169578
0.170989
0.17244
0.173929
0.175456
0.17702
0.17862
0.180255
0.181924
0.183627
0.185361
0.187098
0.18883
0.190664
0.192533
0.194433
0.196361
0.198318
0.200302
0.202314
0.204353
0.206418
0.20851
0.21063
0.212777
0.214953
0.217063
0.219173
0.221489
0.223846
0.226239
0.22867
0.231143
0.233664
0.236238
0.238876
0.241586
0.244384
0.247044
0.249887
0.253208
0.256697
0.260371
0.264262
0.268409
0.272854
0.276941
0.28278
0.288489
0.145425
0.145433
0.145435
0.14543
0.145418
0.145404
0.145387
0.145371
0.145356
0.145343
0.145331
0.145321
0.145312
0.145304
0.145296
0.145289
0.145283
0.145276
0.145269
0.145263
0.145257
0.14525
0.145243
0.145234
0.145223
0.14521
0.145195
0.145177
0.145158
0.145138
0.145117
0.145094
0.145067
0.145035
0.145009
0.144984
0.144959
0.144935
0.144912
0.14489
0.144869
0.144849
0.144831
0.144814
0.144799
0.144786
0.144774
0.14475
0.14472
0.144717
0.144719
0.144726
0.144738
0.144754
0.144777
0.144805
0.14484
0.144883
0.144934
0.144948
0.144979
0.145085
0.145216
0.145373
0.145562
0.145793
0.146078
0.146268
0.146849
0.147448
0.142439
0.142415
0.142395
0.142377
0.142359
0.14234
0.142319
0.142298
0.142276
0.142254
0.142232
0.14221
0.14219
0.142169
0.142149
0.142129
0.142109
0.142088
0.142068
0.142047
0.142026
0.142005
0.141984
0.141963
0.141941
0.14192
0.141899
0.141878
0.141857
0.141836
0.141814
0.141793
0.14177
0.141748
0.141726
0.141704
0.141682
0.14166
0.141638
0.141616
0.141593
0.14157
0.141547
0.141524
0.1415
0.141475
0.14145
0.141424
0.141395
0.141367
0.141338
0.141308
0.141277
0.141244
0.14121
0.141175
0.141138
0.1411
0.141059
0.141014
0.140966
0.140919
0.140872
0.140825
0.140779
0.140733
0.140689
0.140638
0.140606
0.140581
0.142019
0.141992
0.141964
0.141936
0.141911
0.141886
0.141861
0.141836
0.141811
0.141786
0.141763
0.141739
0.141715
0.141691
0.141667
0.141643
0.141619
0.141596
0.141574
0.141552
0.141532
0.141512
0.141494
0.141476
0.141458
0.141441
0.141424
0.141407
0.14139
0.141373
0.141356
0.141339
0.141322
0.141305
0.141288
0.141271
0.141253
0.141235
0.141218
0.1412
0.141182
0.141164
0.141145
0.141127
0.141109
0.141091
0.141074
0.141056
0.141039
0.141021
0.141003
0.140985
0.140968
0.14095
0.140933
0.140916
0.140899
0.140882
0.140866
0.14085
0.140834
0.140818
0.140802
0.140787
0.140773
0.14076
0.140749
0.140741
0.140736
0.140735
0.141864
0.141839
0.141811
0.141784
0.141757
0.141733
0.141708
0.141684
0.14166
0.141636
0.141612
0.141589
0.141567
0.141544
0.14152
0.141496
0.141472
0.141448
0.141424
0.141402
0.141379
0.141358
0.141338
0.141318
0.141299
0.141282
0.141265
0.141248
0.141231
0.141214
0.141197
0.14118
0.141164
0.141147
0.14113
0.141113
0.141095
0.141078
0.14106
0.141042
0.141024
0.141006
0.140988
0.14097
0.140952
0.140934
0.140916
0.140899
0.140882
0.140864
0.140847
0.14083
0.140812
0.140795
0.140778
0.140762
0.140745
0.14073
0.140715
0.140701
0.140687
0.140672
0.140658
0.140645
0.140633
0.140622
0.140614
0.140608
0.140605
0.140607
0.141622
0.1416
0.141574
0.141549
0.141524
0.141502
0.14148
0.141458
0.141436
0.141414
0.141392
0.14137
0.141349
0.141328
0.141307
0.141285
0.141264
0.141242
0.141222
0.141201
0.14118
0.14116
0.141139
0.141119
0.141099
0.141079
0.14106
0.141042
0.141025
0.141009
0.140994
0.140979
0.140964
0.140949
0.140934
0.140918
0.140902
0.140886
0.140869
0.140852
0.140835
0.140817
0.140799
0.140781
0.140762
0.140744
0.140726
0.140709
0.140691
0.140672
0.140653
0.140635
0.140616
0.140597
0.140578
0.14056
0.140542
0.140525
0.140508
0.140492
0.140476
0.14046
0.140445
0.14043
0.140417
0.140405
0.140395
0.140388
0.140384
0.140385
0.141367
0.141346
0.141323
0.1413
0.141278
0.141258
0.141239
0.141221
0.141201
0.141182
0.141162
0.141143
0.141123
0.141104
0.141086
0.141069
0.141052
0.141035
0.141018
0.141001
0.140983
0.140964
0.140945
0.140925
0.140904
0.140884
0.140862
0.140841
0.140819
0.140798
0.140776
0.140754
0.140733
0.140712
0.140692
0.140673
0.140654
0.140636
0.140618
0.1406
0.140583
0.140566
0.140549
0.140532
0.140516
0.1405
0.140484
0.140468
0.140452
0.140436
0.14042
0.140403
0.140386
0.14037
0.140353
0.140336
0.140319
0.140302
0.140286
0.14027
0.140252
0.140235
0.140217
0.1402
0.140184
0.14017
0.140159
0.14015
0.140144
0.140144
0.141107
0.141087
0.141065
0.141044
0.141025
0.141008
0.140991
0.140975
0.140959
0.140942
0.140925
0.140909
0.140893
0.140877
0.140862
0.140848
0.140833
0.140819
0.140805
0.14079
0.140775
0.14076
0.140743
0.140727
0.14071
0.140693
0.140675
0.140657
0.140639
0.14062
0.140602
0.140583
0.140565
0.140546
0.140527
0.140507
0.140488
0.140469
0.140451
0.140432
0.140415
0.140398
0.140381
0.140365
0.14035
0.140335
0.14032
0.140306
0.140292
0.140278
0.140264
0.14025
0.140236
0.140223
0.14021
0.140196
0.140182
0.140167
0.140151
0.140134
0.140116
0.140098
0.140079
0.14006
0.140041
0.140023
0.140006
0.139991
0.139981
0.139978
0.140808
0.140787
0.140765
0.140745
0.140727
0.140713
0.140699
0.140685
0.14067
0.140655
0.14064
0.140626
0.140611
0.140597
0.140584
0.14057
0.140557
0.140544
0.140531
0.140517
0.140503
0.140489
0.140475
0.140459
0.140444
0.140428
0.140412
0.140396
0.14038
0.140363
0.140347
0.140331
0.140314
0.140298
0.140281
0.140265
0.140249
0.140232
0.140216
0.140199
0.140183
0.140167
0.140151
0.140134
0.140118
0.140102
0.140087
0.140071
0.140055
0.140038
0.140022
0.140005
0.139988
0.13997
0.139953
0.139934
0.139916
0.139897
0.139879
0.139861
0.139841
0.13982
0.139799
0.139777
0.139755
0.139734
0.139715
0.139696
0.139682
0.139678
0.140431
0.140407
0.140383
0.140362
0.140343
0.140329
0.140314
0.1403
0.140285
0.140269
0.140254
0.140238
0.140222
0.140207
0.140192
0.140177
0.140162
0.140147
0.140133
0.140118
0.140102
0.140087
0.14007
0.140054
0.140037
0.14002
0.140002
0.139985
0.139967
0.139949
0.139931
0.139914
0.139896
0.139878
0.139861
0.139843
0.139825
0.139807
0.13979
0.139772
0.139754
0.139736
0.139719
0.139701
0.139683
0.139666
0.139649
0.139632
0.139615
0.139598
0.13958
0.139562
0.139544
0.139525
0.139507
0.139488
0.139468
0.139449
0.139431
0.139413
0.139393
0.139373
0.139351
0.13933
0.139308
0.139288
0.139269
0.13925
0.139235
0.139229
0.13976
0.139731
0.139704
0.13968
0.139662
0.139646
0.139631
0.139615
0.139599
0.139582
0.139565
0.139548
0.139531
0.139514
0.139498
0.139482
0.139466
0.13945
0.139434
0.139418
0.139402
0.139386
0.13937
0.139353
0.139336
0.139318
0.139301
0.139283
0.139266
0.139248
0.13923
0.139213
0.139196
0.139179
0.139162
0.139145
0.139128
0.139111
0.139095
0.139078
0.139062
0.139046
0.139029
0.139013
0.138997
0.138982
0.138967
0.138952
0.138937
0.138921
0.138906
0.138891
0.138875
0.13886
0.138844
0.138828
0.138812
0.138796
0.138781
0.138765
0.138749
0.138732
0.138715
0.138697
0.138678
0.13866
0.138644
0.138626
0.13861
0.1386
0.138745
0.138718
0.138693
0.138672
0.138656
0.138643
0.138629
0.138615
0.138601
0.138586
0.13857
0.138555
0.138541
0.138527
0.138513
0.1385
0.138488
0.138476
0.138463
0.138451
0.138439
0.138426
0.138414
0.138401
0.138388
0.138374
0.138361
0.138347
0.138334
0.13832
0.138307
0.138294
0.138281
0.138268
0.138255
0.138243
0.138231
0.138219
0.138207
0.138196
0.138185
0.138174
0.138163
0.138152
0.138142
0.138132
0.138122
0.138112
0.138102
0.138092
0.138082
0.138072
0.138062
0.138052
0.138041
0.138031
0.13802
0.138009
0.137998
0.137987
0.137975
0.137963
0.13795
0.137937
0.137923
0.137908
0.137895
0.137878
0.137863
0.137854
0.137234
0.137222
0.137212
0.137204
0.137198
0.137194
0.137189
0.137182
0.137174
0.137166
0.137157
0.13715
0.137143
0.137136
0.137131
0.137126
0.137121
0.137117
0.137113
0.137108
0.137103
0.137098
0.137092
0.137086
0.137079
0.137072
0.137065
0.137058
0.13705
0.137043
0.137035
0.137028
0.137021
0.137013
0.137006
0.136999
0.136993
0.136987
0.136981
0.136977
0.136973
0.136969
0.136966
0.136963
0.136959
0.136956
0.136953
0.136948
0.136944
0.13694
0.136937
0.136934
0.136931
0.136929
0.136926
0.136923
0.136918
0.136914
0.136908
0.136901
0.136894
0.136887
0.13688
0.136873
0.136864
0.136855
0.136845
0.136831
0.136818
0.136808
0.13575
0.135745
0.135743
0.135741
0.135738
0.135736
0.135732
0.135728
0.135721
0.135713
0.135703
0.135693
0.135683
0.135675
0.135667
0.13566
0.135654
0.135648
0.135642
0.135635
0.135629
0.135622
0.135615
0.135608
0.1356
0.135593
0.135586
0.135579
0.135573
0.135566
0.13556
0.135553
0.135547
0.13554
0.135534
0.135528
0.135523
0.135517
0.135513
0.135508
0.135504
0.135501
0.135497
0.135494
0.135492
0.135489
0.135486
0.135483
0.135478
0.135475
0.135473
0.135471
0.13547
0.135469
0.13547
0.135471
0.135471
0.135471
0.13547
0.135466
0.135462
0.13546
0.13546
0.135461
0.135461
0.13546
0.135457
0.135448
0.135444
0.135437
0.133927
0.133923
0.13392
0.133918
0.133916
0.133915
0.133912
0.13391
0.133908
0.133905
0.133902
0.133899
0.133896
0.133893
0.13389
0.133887
0.133884
0.133881
0.133878
0.133874
0.133871
0.133867
0.133864
0.13386
0.133857
0.133853
0.13385
0.133847
0.133844
0.133841
0.133838
0.133835
0.133831
0.133827
0.133823
0.133819
0.133815
0.133812
0.133809
0.133807
0.133805
0.133803
0.133802
0.133801
0.1338
0.133799
0.133798
0.133795
0.13379
0.133788
0.133786
0.133784
0.133784
0.133784
0.133785
0.133786
0.133788
0.133789
0.13379
0.133787
0.133783
0.133783
0.133784
0.133787
0.133791
0.133794
0.133795
0.133786
0.133785
0.133777
0.132106
0.13209
0.132076
0.132062
0.132048
0.132034
0.132021
0.132007
0.131993
0.131978
0.131964
0.13195
0.131936
0.131923
0.131909
0.131896
0.131883
0.13187
0.131856
0.131843
0.13183
0.131817
0.131804
0.131791
0.131779
0.131767
0.131755
0.131744
0.131733
0.131722
0.131712
0.131701
0.13169
0.131677
0.131665
0.131652
0.131641
0.131629
0.131619
0.131609
0.131599
0.13159
0.131582
0.131574
0.131567
0.131559
0.131552
0.131541
0.131529
0.131518
0.131509
0.131501
0.131494
0.131488
0.131483
0.131479
0.131476
0.131473
0.131469
0.13146
0.13145
0.131443
0.13144
0.131438
0.131438
0.131438
0.131436
0.131419
0.131411
0.131395
0.13176
0.13169
0.131622
0.131555
0.131488
0.131422
0.131355
0.13129
0.131224
0.131158
0.131092
0.131027
0.130961
0.130895
0.130829
0.130763
0.130696
0.130629
0.130562
0.130495
0.130428
0.13036
0.130293
0.130226
0.130159
0.130093
0.130027
0.129961
0.129896
0.129832
0.129769
0.129706
0.129643
0.129576
0.12951
0.129444
0.12938
0.129316
0.129253
0.129191
0.129131
0.129071
0.129013
0.128957
0.128902
0.128848
0.128796
0.128741
0.12868
0.12862
0.128562
0.128507
0.128454
0.128403
0.128355
0.128309
0.128266
0.128225
0.128186
0.128137
0.128082
0.128032
0.127988
0.127949
0.127915
0.127885
0.127858
0.127803
0.12777
0.127737
0.129089
0.128894
0.128754
0.128619
0.128481
0.128342
0.128201
0.128057
0.127913
0.127766
0.127618
0.127469
0.127319
0.127167
0.127015
0.126862
0.12671
0.126556
0.126401
0.126246
0.126089
0.125933
0.125777
0.125621
0.125465
0.125308
0.125151
0.124994
0.124839
0.124686
0.124534
0.124384
0.124229
0.124063
0.123902
0.123743
0.123584
0.123427
0.123272
0.123119
0.122967
0.122817
0.122669
0.122525
0.122384
0.122246
0.122112
0.121962
0.121795
0.121638
0.121488
0.121343
0.121201
0.121065
0.120934
0.120809
0.12069
0.120578
0.120473
0.120329
0.120173
0.120044
0.11993
0.119829
0.119743
0.119673
0.119621
0.119462
0.119449
0.119434
0.0864086
0.0849668
0.0841836
0.083482
0.0828081
0.0821557
0.0815232
0.0809095
0.0803136
0.0797346
0.0791716
0.0786239
0.0780907
0.0775713
0.0770653
0.0765721
0.076096
0.0756286
0.0751691
0.0747185
0.0742776
0.0738466
0.0734259
0.0730158
0.0726166
0.0722285
0.0718518
0.0714866
0.0711331
0.0707914
0.0704618
0.070144
0.0698169
0.0694617
0.0691281
0.068807
0.068496
0.0681952
0.0679046
0.0676243
0.0673545
0.0670953
0.0668468
0.0666092
0.0663826
0.0661671
0.0659632
0.065712
0.065418
0.065165
0.0649314
0.0647118
0.0645057
0.0643128
0.0641334
0.0639676
0.0638157
0.0636785
0.0635575
0.0633212
0.0630535
0.0628597
0.0627038
0.0625772
0.0624808
0.0624188
0.0624007
0.0620692
0.0621788
0.0623962
0.850384
0.916263
0.95241
0.973712
0.987599
0.997561
1.00525
1.01149
1.01674
1.02127
1.02526
1.02882
1.03203
1.03496
1.03766
1.04017
1.04251
1.04471
1.04678
1.04875
1.05063
1.05243
1.05415
1.0558
1.0574
1.05895
1.06046
1.06192
1.06334
1.06474
1.0661
1.06744
1.06875
1.07004
1.07131
1.07257
1.07381
1.07503
1.07625
1.07745
1.07864
1.07982
1.081
1.08217
1.08333
1.08448
1.08564
1.08678
1.08793
1.08907
1.09021
1.09135
1.09248
1.09362
1.09475
1.09589
1.09702
1.09815
1.09929
1.10043
1.10157
1.1027
1.10384
1.10498
1.10612
1.10726
1.10839
1.1095
1.1106
1.11166
1.11266
1.11357
1.11432
1.11486
1.11509
0.356648
0.480316
0.585576
0.669693
0.735243
0.786319
0.8267
0.859311
0.886245
0.908955
0.928446
0.945431
0.960422
0.973803
0.985863
0.996827
1.00687
1.01612
1.02471
1.0327
1.04019
1.04722
1.05386
1.06014
1.06611
1.07179
1.07722
1.08242
1.08741
1.0922
1.09683
1.1013
1.10562
1.10981
1.11388
1.11784
1.1217
1.12546
1.12913
1.13272
1.13623
1.13968
1.14306
1.14638
1.14964
1.15285
1.15601
1.15912
1.1622
1.16523
1.16822
1.17119
1.17411
1.17701
1.17988
1.18272
1.18554
1.18834
1.19111
1.19386
1.1966
1.19931
1.20201
1.20468
1.20734
1.20998
1.21259
1.21517
1.21769
1.22015
1.22249
1.22466
1.22653
1.22796
1.2287
0.155311
0.186874
0.237264
0.301729
0.37265
0.443395
0.509687
0.569463
0.622224
0.66837
0.708706
0.744132
0.775482
0.803459
0.828632
0.851446
0.872257
0.891347
0.908948
0.925251
0.940416
0.954579
0.967854
0.980338
0.992116
1.00326
1.01383
1.02388
1.03346
1.04261
1.05137
1.05976
1.06783
1.0756
1.08309
1.09032
1.09731
1.10408
1.11065
1.11702
1.12322
1.12925
1.13513
1.14086
1.14646
1.15193
1.15729
1.16253
1.16767
1.1727
1.17765
1.18251
1.18729
1.19198
1.19661
1.20117
1.20566
1.21008
1.21445
1.21877
1.22303
1.22724
1.2314
1.23551
1.23958
1.2436
1.24757
1.25149
1.25533
1.25909
1.2627
1.2661
1.26915
1.27161
1.27308
0.140343
0.140328
0.142931
0.151005
0.166955
0.192028
0.225876
0.26691
0.31285
0.361287
0.410095
0.457652
0.50288
0.545194
0.584385
0.620501
0.653741
0.684372
0.712676
0.73892
0.763342
0.786144
0.8075
0.827557
0.846443
0.864268
0.88113
0.897114
0.912299
0.926752
0.940536
0.953705
0.966308
0.97839
0.989989
1.00114
1.01188
1.02224
1.03223
1.0419
1.05125
1.06032
1.06911
1.07764
1.08594
1.09402
1.10188
1.10955
1.11703
1.12433
1.13146
1.13844
1.14527
1.15196
1.15852
1.16495
1.17126
1.17746
1.18354
1.18953
1.19542
1.20121
1.20691
1.21253
1.21807
1.22352
1.22889
1.23418
1.23938
1.24447
1.24941
1.25412
1.25847
1.26214
1.26459
0.140781
0.140706
0.140348
0.139783
0.139424
0.140046
0.142676
0.148417
0.158238
0.172812
0.192404
0.21685
0.245601
0.27783
0.312552
0.348758
0.385513
0.42203
0.457703
0.492111
0.524998
0.556244
0.585829
0.6138
0.640243
0.665263
0.68897
0.711468
0.732854
0.753215
0.772631
0.791169
0.808895
0.825865
0.842133
0.857747
0.872751
0.887188
0.901094
0.914505
0.927452
0.939965
0.952071
0.963795
0.975159
0.986185
0.996891
1.0073
1.01742
1.02727
1.03687
1.04623
1.05536
1.06428
1.07298
1.0815
1.08983
1.09798
1.10596
1.11379
1.12146
1.12898
1.13637
1.14362
1.15074
1.15774
1.16462
1.17137
1.17801
1.18451
1.19086
1.19698
1.20274
1.20783
1.21154
0.140667
0.140774
0.140855
0.140866
0.140742
0.140434
0.139956
0.139418
0.139048
0.13919
0.140276
0.142799
0.147259
0.15412
0.163757
0.176418
0.192195
0.211018
0.232657
0.256753
0.282853
0.310452
0.339035
0.368117
0.397269
0.426134
0.454435
0.481972
0.508616
0.534298
0.55899
0.582701
0.605458
0.627303
0.648284
0.668451
0.68785
0.706528
0.724528
0.741888
0.758645
0.774834
0.790484
0.805627
0.82029
0.834499
0.848279
0.861652
0.874639
0.887262
0.899538
0.911485
0.92312
0.934457
0.945511
0.956296
0.966823
0.977105
0.987153
0.996977
1.00659
1.01599
1.0252
1.03422
1.04306
1.05172
1.06022
1.06855
1.07672
1.08473
1.09256
1.10017
1.10745
1.11412
1.1194
0.140428
0.140508
0.14059
0.140673
0.140753
0.140817
0.140841
0.140792
0.140641
0.14037
0.139989
0.139539
0.139107
0.138823
0.138862
0.139436
0.140789
0.143181
0.146875
0.152119
0.159132
0.168082
0.179076
0.192149
0.207261
0.224297
0.243076
0.263367
0.284902
0.307393
0.330552
0.354107
0.377808
0.401443
0.424833
0.447841
0.470366
0.492337
0.513712
0.534471
0.55461
0.574137
0.593069
0.611426
0.62923
0.646507
0.663279
0.67957
0.6954
0.710791
0.725762
0.74033
0.754514
0.768329
0.781791
0.794916
0.807716
0.820206
0.832399
0.844306
0.855939
0.867309
0.878426
0.8893
0.899939
0.910352
0.920547
0.93053
0.940306
0.949879
0.959244
0.968385
0.977238
0.985601
0.992795
0.140177
0.140239
0.1403
0.140362
0.140426
0.140494
0.140564
0.140636
0.140703
0.140754
0.140775
0.140751
0.140664
0.140504
0.140266
0.139959
0.139603
0.13924
0.138928
0.138746
0.138792
0.139181
0.140044
0.141524
0.143767
0.146922
0.15113
0.156519
0.163195
0.171238
0.180695
0.191576
0.203854
0.217466
0.232316
0.24828
0.265211
0.282951
0.301333
0.320192
0.339369
0.35872
0.378112
0.397435
0.416593
0.435512
0.454134
0.472416
0.49033
0.507858
0.524992
0.54173
0.558074
0.574034
0.589616
0.604833
0.619694
0.634212
0.648397
0.662259
0.67581
0.689058
0.702013
0.714684
0.727079
0.739205
0.751071
0.762684
0.774048
0.78517
0.796052
0.806691
0.817071
0.827126
0.836583
0.139997
0.140033
0.140068
0.140103
0.140139
0.140179
0.140221
0.140267
0.140317
0.140371
0.140429
0.140488
0.140545
0.140594
0.140629
0.14064
0.140619
0.140558
0.140452
0.140295
0.14009
0.139843
0.139568
0.139287
0.139029
0.138833
0.138748
0.138832
0.13915
0.139774
0.140784
0.142263
0.144295
0.146964
0.150352
0.154532
0.159571
0.165521
0.17242
0.180293
0.189141
0.198953
0.209696
0.221323
0.233769
0.246958
0.260807
0.275222
0.290107
0.305369
0.320912
0.336648
0.352495
0.368379
0.384233
0.400003
0.415639
0.431104
0.446367
0.461405
0.4762
0.490741
0.505021
0.519034
0.532781
0.546262
0.559477
0.572431
0.585126
0.597564
0.609748
0.621679
0.633363
0.644873
0.656857
0.139684
0.139696
0.139707
0.13972
0.139735
0.139753
0.139774
0.139799
0.139828
0.139861
0.139897
0.139937
0.139981
0.140028
0.140077
0.140128
0.140179
0.140227
0.14027
0.140303
0.140323
0.140326
0.140305
0.140259
0.140183
0.140076
0.139938
0.139773
0.139586
0.139385
0.139183
0.138996
0.138845
0.138755
0.138753
0.138873
0.139152
0.139629
0.140347
0.141351
0.142689
0.144407
0.146554
0.149176
0.152316
0.156014
0.160306
0.165221
0.170783
0.177006
0.183896
0.191451
0.199659
0.208502
0.217948
0.227964
0.238506
0.249525
0.26097
0.272785
0.284914
0.2973
0.309887
0.32262
0.33545
0.348328
0.361211
0.374061
0.386841
0.399521
0.412075
0.424479
0.436715
0.448837
0.463137
0.139224
0.139215
0.139203
0.139189
0.139175
0.139164
0.139157
0.139156
0.13916
0.139171
0.139187
0.139207
0.139231
0.139259
0.13929
0.139323
0.139358
0.139396
0.139435
0.139476
0.139517
0.139558
0.139598
0.139635
0.139668
0.139695
0.139713
0.139721
0.139716
0.139697
0.139663
0.139611
0.139541
0.139455
0.139353
0.139237
0.139113
0.138984
0.138858
0.138744
0.138652
0.138593
0.138582
0.138635
0.138769
0.139003
0.139359
0.139859
0.140526
0.141385
0.142463
0.143785
0.145378
0.147269
0.149483
0.152045
0.154978
0.158303
0.162039
0.1662
0.170797
0.17584
0.181329
0.187265
0.193641
0.200446
0.207664
0.215277
0.223259
0.231584
0.240222
0.249138
0.258314
0.267475
0.280419
0.13851
0.138347
0.138191
0.138048
0.137922
0.137822
0.137754
0.137719
0.137709
0.137718
0.13774
0.13777
0.137805
0.137844
0.137885
0.137927
0.137969
0.138012
0.138054
0.138096
0.138138
0.138179
0.138219
0.13826
0.1383
0.138339
0.138378
0.138417
0.138454
0.13849
0.138524
0.138555
0.138583
0.138606
0.138623
0.138635
0.138639
0.138634
0.138622
0.1386
0.138568
0.138528
0.138479
0.138423
0.138361
0.138295
0.138229
0.138166
0.13811
0.138066
0.138039
0.138037
0.138066
0.138135
0.138253
0.138429
0.138674
0.138998
0.139415
0.139936
0.140574
0.141342
0.142256
0.143328
0.144572
0.146002
0.147632
0.149475
0.151542
0.153844
0.156393
0.15919
0.162279
0.165386
0.170719
0.137741
0.137529
0.137317
0.137108
0.136908
0.136722
0.136556
0.13642
0.136321
0.136258
0.136227
0.136218
0.136225
0.136242
0.136265
0.136292
0.13632
0.13635
0.13638
0.13641
0.13644
0.13647
0.1365
0.136529
0.136558
0.136587
0.136616
0.136646
0.136676
0.136707
0.136738
0.136771
0.136804
0.136839
0.136874
0.136909
0.136945
0.13698
0.137014
0.137047
0.137078
0.137106
0.137131
0.137152
0.137168
0.13718
0.137186
0.137187
0.137182
0.137171
0.137155
0.137134
0.137109
0.137079
0.137047
0.137014
0.136981
0.13695
0.136923
0.136902
0.136891
0.136892
0.136909
0.136945
0.137004
0.137091
0.13721
0.137365
0.137562
0.137807
0.138103
0.138457
0.138881
0.139323
0.140199
0.136648
0.136346
0.136053
0.135774
0.135511
0.135267
0.135043
0.134841
0.134662
0.134507
0.134375
0.134265
0.134175
0.134104
0.134048
0.134007
0.133978
0.133959
0.133955
0.133971
0.134003
0.134043
0.134087
0.134131
0.134175
0.134219
0.134261
0.134302
0.134342
0.134381
0.13442
0.134459
0.134498
0.134538
0.134578
0.134618
0.134659
0.134701
0.134743
0.134786
0.134828
0.13487
0.134911
0.134952
0.134991
0.135029
0.135064
0.135097
0.135128
0.135155
0.135179
0.1352
0.135218
0.135231
0.135241
0.135247
0.135249
0.135248
0.135243
0.135234
0.135223
0.135209
0.135193
0.135175
0.135157
0.135138
0.135119
0.135102
0.135088
0.135076
0.13507
0.135069
0.135074
0.135089
0.135131
0.135232
0.134845
0.134472
0.13412
0.133793
0.133494
0.133226
0.132986
0.132775
0.13259
0.13243
0.132292
0.132173
0.132073
0.131989
0.131919
0.131862
0.131815
0.131779
0.131754
0.131741
0.131742
0.131753
0.131772
0.131796
0.131822
0.13185
0.131879
0.131908
0.131938
0.131969
0.132
0.132032
0.132066
0.132101
0.132138
0.132176
0.132216
0.132257
0.132299
0.132342
0.132385
0.132428
0.13247
0.132513
0.132554
0.132594
0.132633
0.13267
0.132705
0.132739
0.13277
0.1328
0.132827
0.132851
0.132874
0.132893
0.132911
0.132926
0.132939
0.132949
0.132957
0.132963
0.132967
0.132968
0.132968
0.132967
0.132963
0.132959
0.132953
0.132946
0.132938
0.132929
0.132923
0.132911
0.133481
0.132924
0.132398
0.131915
0.13148
0.131097
0.130764
0.130478
0.130236
0.130031
0.129858
0.129715
0.129595
0.129497
0.129416
0.129351
0.129298
0.129257
0.129225
0.129202
0.129186
0.129176
0.129172
0.129174
0.12918
0.129189
0.129202
0.129218
0.129237
0.129261
0.129289
0.129322
0.129359
0.129402
0.12945
0.129502
0.129558
0.129615
0.129674
0.129732
0.12979
0.129845
0.1299
0.129952
0.130002
0.130051
0.130099
0.130144
0.130188
0.130231
0.130272
0.130312
0.130351
0.130388
0.130424
0.130459
0.130492
0.130524
0.130555
0.130584
0.130613
0.13064
0.130666
0.130691
0.130715
0.130738
0.13076
0.130781
0.130802
0.130821
0.13084
0.130858
0.130877
0.130889
0.130916
0.130891
0.12997
0.129135
0.128405
0.127786
0.127275
0.126859
0.126526
0.126262
0.126055
0.125897
0.125777
0.125689
0.125627
0.125586
0.125563
0.125555
0.125559
0.125572
0.125594
0.125622
0.125655
0.125693
0.125735
0.12578
0.125825
0.125873
0.125935
0.126014
0.126102
0.126192
0.126283
0.126373
0.126462
0.126549
0.126634
0.126717
0.126798
0.126878
0.126954
0.127029
0.127102
0.127172
0.127241
0.127307
0.127372
0.127436
0.127498
0.12756
0.12762
0.127679
0.127738
0.127796
0.127854
0.127911
0.127968
0.128025
0.128081
0.128138
0.128194
0.12825
0.128307
0.128363
0.128419
0.128476
0.128533
0.12859
0.128647
0.128704
0.128762
0.12882
0.128878
0.128938
0.12899
0.129081
0.126796
0.125147
0.123766
0.122672
0.121843
0.121235
0.1208
0.120497
0.120296
0.120219
0.120252
0.120347
0.120474
0.120614
0.120758
0.120901
0.121043
0.121182
0.121317
0.121448
0.121576
0.1217
0.121822
0.121941
0.122057
0.122171
0.122282
0.122392
0.122503
0.122614
0.122725
0.122838
0.12295
0.123063
0.123175
0.123287
0.123399
0.12351
0.123621
0.123731
0.123841
0.12395
0.124059
0.124168
0.124276
0.124384
0.124493
0.124602
0.124711
0.124822
0.124933
0.125045
0.125158
0.125273
0.125389
0.125507
0.125627
0.125748
0.125871
0.125997
0.126125
0.126254
0.126386
0.126521
0.126658
0.126797
0.126939
0.127083
0.12723
0.127379
0.127531
0.127686
0.127846
0.127991
0.128238
0.116942
0.113241
0.110785
0.109284
0.10877
0.108836
0.109144
0.109544
0.109972
0.110404
0.11083
0.111249
0.111659
0.112059
0.11245
0.112832
0.113205
0.11357
0.113927
0.114278
0.114622
0.11496
0.115292
0.11562
0.115943
0.116261
0.116575
0.116885
0.117191
0.117493
0.117792
0.118088
0.11838
0.11867
0.118957
0.119242
0.119525
0.119805
0.120084
0.120361
0.120636
0.12091
0.121183
0.121456
0.121728
0.122
0.122273
0.122546
0.122821
0.123097
0.123374
0.123654
0.123936
0.12422
0.124508
0.124799
0.125094
0.125393
0.125696
0.126004
0.126316
0.126633
0.126955
0.127282
0.127614
0.127952
0.128296
0.128645
0.129
0.129361
0.129728
0.1301
0.130485
0.130839
0.131429
0.062321
0.0642022
0.0670406
0.0703145
0.0737377
0.0771453
0.0804443
0.0835814
0.0865253
0.0892606
0.0917848
0.0941046
0.0962309
0.098179
0.0999656
0.101607
0.103118
0.104513
0.105805
0.107006
0.108127
0.109176
0.110162
0.111092
0.111973
0.11281
0.113609
0.114373
0.115106
0.115811
0.116492
0.117151
0.11779
0.118411
0.119017
0.119608
0.120188
0.120759
0.121321
0.121877
0.122428
0.122976
0.123521
0.124066
0.124612
0.125158
0.125708
0.126261
0.126819
0.127383
0.127953
0.12853
0.129115
0.129708
0.130311
0.130923
0.131545
0.132177
0.13282
0.133474
0.134139
0.134815
0.135502
0.1362
0.13691
0.13763
0.138362
0.139105
0.139859
0.140624
0.1414
0.142185
0.142991
0.143739
0.144954
0.0439613
0.0437443
0.0458671
0.0497695
0.0541505
0.0584556
0.0625113
0.0662902
0.0698016
0.0730567
0.0759635
0.078806
0.0815881
0.0842968
0.0869113
0.0894223
0.0918319
0.0941464
0.0963722
0.0985153
0.100581
0.102575
0.104501
0.106363
0.108166
0.109912
0.111605
0.113249
0.114845
0.116397
0.117906
0.119376
0.120808
0.122166
0.123539
0.124918
0.126296
0.127673
0.129048
0.130424
0.1318
0.133178
0.134558
0.135942
0.13733
0.138722
0.14012
0.141524
0.142934
0.14435
0.145773
0.147202
0.148638
0.150081
0.151529
0.152984
0.154443
0.155908
0.157376
0.158848
0.160323
0.161799
0.163277
0.16476
0.166245
0.167732
0.16922
0.170707
0.172193
0.173676
0.175155
0.176629
0.178109
0.179503
0.181585
0.127323
0.128303
0.129854
0.131738
0.133872
0.136178
0.138568
0.140972
0.143342
0.145648
0.147863
0.149979
0.151995
0.153916
0.15575
0.157503
0.159183
0.160798
0.162357
0.163867
0.165333
0.166762
0.168159
0.169528
0.170871
0.172193
0.173495
0.174779
0.176047
0.1773
0.17854
0.179766
0.18098
0.182182
0.183373
0.184555
0.185729
0.186898
0.18806
0.189219
0.190373
0.191525
0.192675
0.193823
0.194969
0.196113
0.197256
0.198397
0.199536
0.200672
0.201806
0.202935
0.20406
0.20518
0.206294
0.207402
0.208502
0.209594
0.210678
0.211752
0.212816
0.213871
0.214913
0.215941
0.216953
0.217951
0.218933
0.219901
0.220854
0.221793
0.222718
0.22363
0.224532
0.225382
0.2266
0.146689
0.14671
0.147115
0.147776
0.148635
0.149661
0.150832
0.152131
0.153542
0.15505
0.156642
0.158304
0.160022
0.161785
0.16358
0.1654
0.167234
0.169073
0.170912
0.172744
0.174561
0.176361
0.178139
0.179893
0.181621
0.18332
0.18499
0.186628
0.188234
0.189807
0.191346
0.192851
0.194321
0.195757
0.197158
0.198526
0.199859
0.201159
0.202426
0.203661
0.204864
0.206037
0.20718
0.208293
0.209378
0.210436
0.211467
0.212467
0.213438
0.214379
0.215292
0.216178
0.217038
0.217874
0.218687
0.219478
0.220247
0.220997
0.221728
0.222441
0.223136
0.223815
0.224479
0.225128
0.225762
0.226383
0.22699
0.227585
0.228167
0.228738
0.229297
0.229845
0.230386
0.230888
0.231631
0.143667
0.145119
0.146406
0.147554
0.148588
0.149529
0.150391
0.15119
0.151935
0.152638
0.153305
0.153943
0.154559
0.155155
0.155735
0.156302
0.156858
0.157404
0.157938
0.15847
0.158944
0.159499
0.160125
0.160808
0.161539
0.162312
0.16312
0.163959
0.164824
0.165711
0.166615
0.167535
0.168466
0.169406
0.170353
0.171304
0.172257
0.17321
0.174161
0.175109
0.176053
0.176991
0.177921
0.178844
0.179757
0.18066
0.181553
0.182437
0.183316
0.184187
0.185051
0.185907
0.186755
0.187593
0.188421
0.18924
0.190048
0.190846
0.191632
0.192408
0.193174
0.193928
0.194671
0.195403
0.196125
0.196835
0.197535
0.198224
0.198902
0.199569
0.200226
0.200871
0.201512
0.202098
0.203001
0.138475
0.139586
0.140755
0.141958
0.143172
0.144381
0.145572
0.146736
0.147868
0.148964
0.150022
0.151042
0.152022
0.152965
0.153871
0.154742
0.155579
0.156385
0.15716
0.157909
0.158629
0.159325
0.160001
0.16066
0.161307
0.161942
0.162568
0.163186
0.163797
0.164402
0.165002
0.165596
0.166186
0.166771
0.167352
0.167929
0.168502
0.169072
0.169639
0.170202
0.170763
0.17132
0.171874
0.172425
0.172973
0.173518
0.17406
0.174599
0.175135
0.175667
0.176196
0.17672
0.177241
0.177758
0.178272
0.178782
0.179289
0.179792
0.180292
0.180789
0.181283
0.181773
0.18226
0.182744
0.183224
0.183701
0.184175
0.184645
0.185112
0.185575
0.186035
0.18649
0.186947
0.187364
0.188022
0.137926
0.138148
0.138457
0.138851
0.139325
0.139869
0.140475
0.141133
0.141835
0.142573
0.143339
0.144129
0.144935
0.145752
0.146577
0.147406
0.148235
0.149062
0.149885
0.150702
0.151511
0.152312
0.153103
0.153882
0.154651
0.155408
0.156153
0.156886
0.157607
0.158316
0.159012
0.159697
0.16037
0.161032
0.161681
0.162319
0.162946
0.163562
0.164167
0.164761
0.165345
0.165919
0.166481
0.167034
0.167576
0.168109
0.168632
0.169145
0.169649
0.170144
0.17063
0.171108
0.171579
0.172041
0.172496
0.172944
0.173386
0.173821
0.17425
0.174674
0.175092
0.175505
0.175913
0.176316
0.176715
0.177109
0.177499
0.177885
0.178267
0.178645
0.179019
0.179389
0.17976
0.180097
0.18063
0.138486
0.13861
0.138738
0.138879
0.139038
0.139218
0.139422
0.139651
0.139907
0.140189
0.140496
0.140827
0.141181
0.141556
0.14195
0.142361
0.142788
0.143229
0.143682
0.144145
0.144618
0.145098
0.145585
0.146077
0.146573
0.147072
0.147573
0.148076
0.14858
0.149083
0.149585
0.150086
0.150585
0.151081
0.151574
0.152064
0.15255
0.153032
0.15351
0.153983
0.154451
0.154914
0.155374
0.155829
0.156279
0.156725
0.157165
0.157602
0.158033
0.15846
0.158882
0.159299
0.159712
0.160121
0.160525
0.160925
0.161321
0.161714
0.162102
0.162488
0.162869
0.163248
0.163623
0.163996
0.164365
0.164732
0.165096
0.165458
0.165817
0.166173
0.166527
0.166877
0.16723
0.167552
0.168062
0.138803
0.138925
0.139047
0.139171
0.139296
0.139423
0.139552
0.139686
0.139823
0.139967
0.140116
0.140272
0.140436
0.140608
0.140788
0.140976
0.141172
0.141375
0.141587
0.141806
0.142033
0.142266
0.142505
0.14275
0.143001
0.143257
0.143518
0.143783
0.144052
0.144324
0.144599
0.144877
0.145158
0.145441
0.145726
0.146013
0.146302
0.146592
0.146882
0.147174
0.147466
0.147759
0.148052
0.148345
0.148639
0.148932
0.149225
0.149518
0.14981
0.150101
0.150392
0.150683
0.150972
0.151261
0.151549
0.151836
0.152122
0.152407
0.152691
0.152974
0.153256
0.153536
0.153816
0.154094
0.154371
0.154648
0.154923
0.155197
0.15547
0.155742
0.156014
0.156285
0.156559
0.156812
0.157217
0.138944
0.139094
0.139243
0.139393
0.139542
0.13969
0.139837
0.139983
0.140128
0.140272
0.140416
0.140559
0.140702
0.140845
0.140989
0.141135
0.141282
0.14143
0.141581
0.141733
0.141888
0.142045
0.142205
0.142367
0.142531
0.142697
0.142865
0.143035
0.143207
0.143381
0.143556
0.143733
0.143911
0.144089
0.144268
0.144448
0.144629
0.14481
0.144992
0.145175
0.145358
0.145542
0.145726
0.14591
0.146095
0.146279
0.146464
0.146648
0.146831
0.147014
0.147197
0.147378
0.147559
0.147738
0.147916
0.148092
0.148268
0.148442
0.148615
0.148787
0.148959
0.149132
0.149305
0.14948
0.149659
0.149842
0.150031
0.150228
0.150436
0.150657
0.150894
0.15115
0.151435
0.151713
0.152239
0.13927
0.13938
0.139495
0.139616
0.139742
0.139872
0.140005
0.140141
0.140278
0.140416
0.140555
0.140694
0.140834
0.140974
0.141114
0.141254
0.141395
0.141536
0.141677
0.141819
0.141962
0.142105
0.142249
0.142393
0.142538
0.142684
0.14283
0.142977
0.143123
0.14327
0.143417
0.143563
0.143709
0.143854
0.143999
0.144143
0.144286
0.144427
0.144567
0.144705
0.144841
0.144975
0.145107
0.145236
0.145362
0.145486
0.145607
0.145725
0.145842
0.145957
0.146073
0.146189
0.146308
0.146432
0.146564
0.146707
0.146866
0.147044
0.147247
0.147481
0.147754
0.148074
0.148448
0.148887
0.149402
0.150004
0.150704
0.151517
0.152456
0.153535
0.154769
0.156168
0.157779
0.15941
0.162483
0.139537
0.139656
0.139776
0.139897
0.14002
0.140144
0.140271
0.140398
0.140527
0.140657
0.140788
0.140919
0.14105
0.141182
0.141314
0.141447
0.14158
0.141713
0.141846
0.14198
0.142114
0.142248
0.142383
0.142518
0.142653
0.142787
0.142921
0.143055
0.143186
0.143316
0.143443
0.143567
0.143688
0.143804
0.143916
0.144023
0.144125
0.144224
0.144319
0.144412
0.144505
0.144601
0.144704
0.144817
0.144947
0.145101
0.145286
0.145514
0.145793
0.146138
0.146564
0.147085
0.14772
0.148488
0.149411
0.150511
0.151811
0.153336
0.155112
0.157166
0.159521
0.162205
0.165242
0.168655
0.172465
0.176692
0.18135
0.186452
0.192006
0.198018
0.204485
0.2114
0.218794
0.226249
0.237877
0.139865
0.139973
0.140083
0.140194
0.140309
0.140427
0.140546
0.140668
0.140791
0.140915
0.14104
0.141166
0.141292
0.141419
0.141546
0.141673
0.141801
0.141928
0.142056
0.142182
0.142308
0.142432
0.142554
0.142672
0.142786
0.142894
0.142997
0.143093
0.143185
0.143272
0.143358
0.143447
0.143545
0.143659
0.143799
0.143977
0.144209
0.144512
0.144906
0.145414
0.146064
0.146884
0.147907
0.149167
0.1507
0.152546
0.154742
0.157331
0.160349
0.163837
0.16783
0.17236
0.177457
0.183145
0.189441
0.196358
0.2039
0.212066
0.220846
0.230224
0.240175
0.250672
0.261677
0.273151
0.285049
0.297325
0.309928
0.322809
0.335916
0.349199
0.36261
0.3761
0.389626
0.403133
0.419988
0.140205
0.140325
0.140444
0.140563
0.140684
0.140805
0.140929
0.141053
0.141179
0.141306
0.141434
0.141563
0.141692
0.141821
0.14195
0.142076
0.142198
0.142313
0.14242
0.142519
0.14261
0.142696
0.142783
0.14288
0.143
0.14316
0.143383
0.143698
0.144137
0.14474
0.145551
0.14662
0.148001
0.14975
0.15193
0.1546
0.157823
0.161658
0.166159
0.171379
0.177359
0.184133
0.191725
0.200147
0.2094
0.219471
0.230336
0.241959
0.254294
0.267287
0.280876
0.294991
0.309563
0.324517
0.339782
0.355287
0.370964
0.386749
0.402586
0.418422
0.434212
0.449916
0.465502
0.480943
0.496215
0.511303
0.526193
0.540874
0.555339
0.569582
0.5836
0.597386
0.610943
0.624358
0.638665
0.140569
0.140698
0.140826
0.140954
0.141083
0.141213
0.141345
0.141479
0.141615
0.141753
0.141895
0.142034
0.142165
0.142286
0.142401
0.14252
0.142665
0.142866
0.143165
0.143619
0.144294
0.145269
0.146633
0.148483
0.150921
0.154051
0.157976
0.162792
0.168583
0.175423
0.183364
0.192441
0.202664
0.21402
0.226476
0.239975
0.254442
0.269786
0.285903
0.302682
0.320007
0.337761
0.355831
0.374109
0.392497
0.410906
0.429258
0.447488
0.465542
0.483377
0.500962
0.518274
0.535296
0.552022
0.568447
0.584573
0.600402
0.615943
0.6312
0.646182
0.660896
0.675351
0.689553
0.703508
0.717223
0.730704
0.743953
0.756976
0.769775
0.782352
0.794706
0.806831
0.818705
0.830258
0.841219
0.140934
0.141088
0.14124
0.141392
0.141548
0.14171
0.141883
0.142085
0.142286
0.142496
0.142756
0.14315
0.143794
0.144838
0.146455
0.148838
0.152188
0.156699
0.162553
0.1699
0.178855
0.189485
0.20181
0.215797
0.231366
0.248392
0.266716
0.286153
0.306502
0.327553
0.349103
0.370957
0.392936
0.414887
0.436674
0.458192
0.479357
0.500107
0.520402
0.540216
0.55954
0.578373
0.596726
0.614611
0.632047
0.649052
0.665646
0.681848
0.697677
0.71315
0.728282
0.743088
0.757582
0.771775
0.78568
0.799305
0.812663
0.825762
0.838611
0.851219
0.863594
0.875744
0.887677
0.899399
0.910916
0.922235
0.933361
0.944298
0.955049
0.965614
0.975987
0.986144
0.996012
1.00535
1.01337
0.141229
0.141418
0.14163
0.141907
0.142331
0.142876
0.143733
0.145231
0.147849
0.152075
0.158365
0.167092
0.178511
0.192734
0.209729
0.229328
0.251253
0.275139
0.300573
0.327123
0.354367
0.381917
0.409434
0.436635
0.463301
0.489271
0.514438
0.538741
0.562156
0.584688
0.606363
0.627219
0.647302
0.666662
0.685347
0.703402
0.720872
0.737793
0.754202
0.770128
0.785599
0.80064
0.815274
0.829522
0.843403
0.856937
0.870139
0.883027
0.895615
0.907919
0.919951
0.931725
0.943253
0.954544
0.965611
0.976462
0.987107
0.997554
1.00781
1.01788
1.02778
1.03751
1.04708
1.05648
1.06574
1.07484
1.08381
1.09263
1.1013
1.10984
1.1182
1.12636
1.13417
1.14131
1.14691
0.141814
0.142714
0.144434
0.148074
0.155137
0.16707
0.18461
0.207774
0.235986
0.268274
0.303472
0.340398
0.377978
0.415317
0.451733
0.48675
0.520079
0.55158
0.581232
0.60909
0.635263
0.659884
0.683096
0.705039
0.72584
0.745615
0.764462
0.782468
0.799706
0.816238
0.832118
0.847396
0.862114
0.876311
0.890022
0.90328
0.916116
0.928556
0.940627
0.952351
0.96375
0.974842
0.985647
0.99618
1.00646
1.01649
1.02629
1.03588
1.04525
1.05443
1.06343
1.07224
1.08089
1.08937
1.0977
1.10588
1.11392
1.12182
1.1296
1.13725
1.14478
1.1522
1.15951
1.16671
1.1738
1.1808
1.1877
1.1945
1.2012
1.20777
1.21421
1.22042
1.22626
1.23139
1.23506
0.15231
0.173146
0.208622
0.25683
0.312952
0.37202
0.430212
0.485106
0.535472
0.580922
0.621594
0.657911
0.690412
0.719649
0.74613
0.770294
0.792501
0.813044
0.832155
0.850021
0.86679
0.882586
0.897513
0.911659
0.925102
0.937908
0.950138
0.961844
0.973072
0.983862
0.99425
1.00427
1.01394
1.0233
1.03237
1.04116
1.04969
1.05798
1.06605
1.07391
1.08158
1.08905
1.09636
1.1035
1.11048
1.11732
1.12402
1.13059
1.13703
1.14336
1.14957
1.15568
1.16169
1.1676
1.17342
1.17915
1.1848
1.19037
1.19587
1.20129
1.20664
1.21193
1.21715
1.22231
1.2274
1.23244
1.23742
1.24233
1.24716
1.2519
1.25651
1.26089
1.26491
1.26828
1.27046
0.324611
0.441538
0.542663
0.624799
0.689835
0.741205
0.782238
0.815635
0.843419
0.867039
0.887511
0.905546
0.921648
0.936183
0.949423
0.96158
0.972821
0.98328
0.993064
1.00226
1.01095
1.01917
1.027
1.03445
1.04158
1.04842
1.05498
1.0613
1.06739
1.07327
1.07896
1.08448
1.08983
1.09504
1.1001
1.10504
1.10985
1.11455
1.11915
1.12364
1.12805
1.13236
1.13659
1.14075
1.14483
1.14885
1.1528
1.15669
1.16052
1.16429
1.16802
1.1717
1.17533
1.17891
1.18246
1.18597
1.18944
1.19287
1.19627
1.19964
1.20298
1.20629
1.20957
1.21283
1.21605
1.21925
1.22241
1.22554
1.22861
1.23161
1.23449
1.23718
1.23956
1.24144
1.24252
0.821847
0.89414
0.934322
0.958369
0.974192
0.985588
0.994411
1.00161
1.00772
1.01304
1.01777
1.02205
1.02597
1.02959
1.03296
1.03612
1.0391
1.04192
1.04459
1.04715
1.0496
1.05195
1.05421
1.0564
1.05852
1.06057
1.06256
1.0645
1.06639
1.06824
1.07004
1.07181
1.07354
1.07523
1.0769
1.07854
1.08015
1.08174
1.08331
1.08486
1.08639
1.0879
1.08939
1.09087
1.09233
1.09378
1.09522
1.09665
1.09806
1.09947
1.10087
1.10226
1.10365
1.10502
1.10639
1.10776
1.10912
1.11048
1.11183
1.11318
1.11453
1.11587
1.11721
1.11855
1.11988
1.12121
1.12253
1.12383
1.12511
1.12635
1.12752
1.12858
1.12947
1.13012
1.13041
0.0977282
0.096164
0.0953968
0.0947408
0.0941052
0.0934777
0.0928563
0.0922402
0.0916285
0.0910205
0.0904155
0.0898124
0.0892105
0.0886087
0.0880057
0.0874
0.0867863
0.0861602
0.0855261
0.0848857
0.0842404
0.0835914
0.0829397
0.0822867
0.0816336
0.0809815
0.0803317
0.0796854
0.0790435
0.0784067
0.0777751
0.0771484
0.0765239
0.0758016
0.0750765
0.0743525
0.0736279
0.0729041
0.0721828
0.071466
0.0707556
0.0700535
0.0693611
0.0686798
0.0680097
0.0673496
0.0666961
0.0660098
0.0651446
0.0642786
0.0634329
0.0626046
0.061797
0.0610134
0.0602564
0.0595271
0.0588245
0.0581442
0.0574781
0.0566653
0.0556305
0.0546281
0.053715
0.0528804
0.0521144
0.0514019
0.0507238
0.0494231
0.0483059
0.0471994
0.139921
0.140035
0.140177
0.140307
0.140421
0.14052
0.140604
0.140673
0.140728
0.140768
0.140794
0.140805
0.140801
0.140781
0.140744
0.140686
0.140603
0.140486
0.140327
0.140117
0.139868
0.139604
0.139331
0.13905
0.138767
0.138487
0.138215
0.137964
0.137753
0.137573
0.137407
0.137247
0.137089
0.136898
0.136707
0.136515
0.136321
0.136124
0.135926
0.135727
0.135528
0.135328
0.13513
0.134934
0.13474
0.134546
0.134352
0.13414
0.133853
0.133566
0.133283
0.133002
0.132726
0.132457
0.132196
0.131945
0.131704
0.131471
0.131241
0.13094
0.130535
0.13015
0.129804
0.129496
0.129223
0.128981
0.128754
0.12822
0.127796
0.127315
0.137591
0.137809
0.138025
0.138243
0.138463
0.138684
0.138907
0.139131
0.139357
0.139584
0.139812
0.140042
0.140272
0.140504
0.140736
0.140968
0.1412
0.141432
0.141663
0.141892
0.142117
0.142339
0.142556
0.142768
0.142974
0.143176
0.143372
0.143562
0.143748
0.143928
0.144104
0.144276
0.144443
0.144615
0.144789
0.14496
0.145126
0.145286
0.145442
0.145592
0.145736
0.145874
0.146006
0.146132
0.146251
0.146365
0.146473
0.146578
0.146686
0.146796
0.146899
0.146992
0.147077
0.147154
0.147221
0.14728
0.147331
0.147373
0.147408
0.147433
0.147443
0.14743
0.147391
0.147347
0.147302
0.14726
0.147225
0.147152
0.147089
0.147012
0.133743
0.1338
0.13386
0.133922
0.133987
0.134053
0.134122
0.134193
0.134266
0.134341
0.134419
0.1345
0.134585
0.134672
0.134763
0.134857
0.134955
0.135057
0.135164
0.135274
0.135387
0.135505
0.135626
0.13575
0.135877
0.136006
0.136138
0.136272
0.136408
0.136545
0.136683
0.136822
0.136962
0.137112
0.137269
0.137427
0.137587
0.137747
0.137909
0.138071
0.138232
0.138393
0.138553
0.138712
0.138869
0.139024
0.139177
0.139334
0.139511
0.139697
0.13988
0.14006
0.140235
0.140406
0.140571
0.140731
0.140884
0.141033
0.141177
0.141334
0.141522
0.141712
0.141885
0.14204
0.14218
0.142305
0.14242
0.142582
0.14272
0.142829
0.138032
0.138003
0.137975
0.137948
0.137921
0.137895
0.137868
0.137841
0.137813
0.137786
0.137758
0.13773
0.137701
0.137673
0.137644
0.137615
0.137586
0.137557
0.137528
0.1375
0.137472
0.137445
0.137418
0.137393
0.137369
0.137346
0.137325
0.137305
0.137286
0.137269
0.137254
0.137239
0.137226
0.137212
0.1372
0.13719
0.137182
0.137175
0.137171
0.137168
0.137168
0.137169
0.137172
0.137177
0.137183
0.13719
0.137199
0.137209
0.137222
0.137238
0.137256
0.137276
0.137297
0.13732
0.137344
0.137369
0.137394
0.13742
0.137447
0.137479
0.137521
0.137565
0.137608
0.13765
0.137689
0.137727
0.137765
0.137826
0.137883
0.137938
0.136764
0.136813
0.136863
0.136911
0.136959
0.137005
0.137051
0.137095
0.137138
0.13718
0.137222
0.137262
0.137301
0.137339
0.137376
0.137412
0.137447
0.13748
0.137513
0.137544
0.137574
0.137603
0.13763
0.137656
0.137681
0.137705
0.137727
0.137748
0.137769
0.137787
0.137805
0.137822
0.137837
0.13785
0.137864
0.137876
0.137887
0.137898
0.137907
0.137915
0.137922
0.137929
0.137934
0.137939
0.137943
0.137947
0.137949
0.13795
0.13795
0.137949
0.137947
0.137945
0.137942
0.137939
0.137935
0.137931
0.137927
0.137923
0.137918
0.137912
0.137904
0.137896
0.137889
0.137881
0.137874
0.137868
0.137863
0.137855
0.13785
0.137849
0.138717
0.138706
0.138698
0.138691
0.138684
0.138678
0.138673
0.138668
0.138663
0.138659
0.138654
0.13865
0.138647
0.138643
0.13864
0.138637
0.138634
0.138631
0.138628
0.138626
0.138624
0.138622
0.13862
0.138619
0.138617
0.138616
0.138615
0.138615
0.138614
0.138613
0.138613
0.138612
0.138611
0.13861
0.138609
0.138607
0.138606
0.138604
0.138603
0.138601
0.138599
0.138596
0.138594
0.138591
0.138587
0.138584
0.13858
0.138576
0.13857
0.138565
0.138559
0.138553
0.138547
0.13854
0.138533
0.138526
0.138519
0.138511
0.138504
0.138496
0.138487
0.138478
0.138468
0.138459
0.138451
0.138443
0.138437
0.138429
0.138425
0.138424
0.138337
0.138339
0.138342
0.138347
0.138353
0.13836
0.138367
0.138374
0.138382
0.13839
0.138398
0.138406
0.138414
0.138422
0.13843
0.138438
0.138446
0.138455
0.138463
0.138471
0.138479
0.138488
0.138496
0.138504
0.138512
0.13852
0.138528
0.138535
0.138543
0.138551
0.138558
0.138566
0.138573
0.138581
0.138589
0.138596
0.138604
0.138611
0.138618
0.138625
0.138631
0.138637
0.138643
0.138648
0.138653
0.138658
0.138663
0.138668
0.138673
0.138678
0.138683
0.138688
0.138692
0.138695
0.138699
0.138702
0.138705
0.138708
0.138711
0.138714
0.138717
0.138721
0.138724
0.138726
0.138729
0.138731
0.138733
0.138735
0.138738
0.13874
0.139725
0.139688
0.139653
0.139621
0.13959
0.139561
0.139533
0.139506
0.139479
0.139454
0.139429
0.139404
0.139381
0.139358
0.139335
0.139313
0.139292
0.139272
0.139252
0.139232
0.139214
0.139196
0.139178
0.139162
0.139146
0.13913
0.139116
0.139102
0.139088
0.139075
0.139063
0.139052
0.139041
0.13903
0.13902
0.13901
0.139
0.138991
0.138982
0.138974
0.138966
0.138958
0.13895
0.138943
0.138936
0.138929
0.138923
0.138917
0.138911
0.138905
0.1389
0.138895
0.13889
0.138885
0.138881
0.138877
0.138873
0.13887
0.138867
0.138865
0.138862
0.138861
0.138859
0.138858
0.138858
0.138858
0.138859
0.13886
0.138863
0.138866
0.140124
0.140093
0.140064
0.140037
0.140011
0.139987
0.139964
0.139941
0.13992
0.139898
0.139878
0.139857
0.139837
0.139818
0.139799
0.13978
0.139761
0.139743
0.139726
0.139708
0.139692
0.139675
0.139659
0.139643
0.139628
0.139612
0.139598
0.139584
0.13957
0.139556
0.139543
0.139531
0.139519
0.139508
0.139497
0.139486
0.139475
0.139464
0.139453
0.139443
0.139432
0.139422
0.139412
0.139402
0.139392
0.139383
0.139374
0.139365
0.139357
0.139348
0.139339
0.13933
0.139322
0.139313
0.139304
0.139296
0.139288
0.13928
0.139274
0.139267
0.13926
0.139253
0.139245
0.139239
0.139232
0.139227
0.139222
0.139218
0.139216
0.139216
0.140435
0.140403
0.140371
0.140342
0.140315
0.140289
0.140265
0.140243
0.140221
0.140199
0.140179
0.140159
0.14014
0.140121
0.140102
0.140084
0.140067
0.140049
0.140033
0.140016
0.14
0.139984
0.139968
0.139953
0.139938
0.139923
0.139909
0.139895
0.139881
0.139868
0.139855
0.139842
0.13983
0.139818
0.139806
0.139794
0.139782
0.13977
0.139759
0.139747
0.139736
0.139724
0.139713
0.139701
0.13969
0.139679
0.139668
0.139658
0.139647
0.139636
0.139626
0.139615
0.139604
0.139594
0.139583
0.139573
0.139563
0.139553
0.139544
0.139536
0.139527
0.139518
0.139509
0.139501
0.139493
0.139487
0.139482
0.139477
0.139476
0.139476
0.140647
0.140625
0.140604
0.140585
0.140568
0.140552
0.140537
0.140523
0.14051
0.140497
0.140484
0.140472
0.14046
0.140449
0.140438
0.140426
0.140415
0.140404
0.140393
0.140383
0.140372
0.140361
0.14035
0.140339
0.140328
0.140317
0.140306
0.140295
0.140284
0.140274
0.140263
0.140252
0.140241
0.14023
0.140219
0.140208
0.140197
0.140185
0.140174
0.140162
0.140149
0.140137
0.140125
0.140112
0.140099
0.140086
0.140074
0.140061
0.140049
0.140036
0.140022
0.140009
0.139995
0.139981
0.139967
0.139953
0.13994
0.139927
0.139915
0.139903
0.13989
0.139877
0.139864
0.139852
0.139841
0.139831
0.139823
0.139815
0.139811
0.13981
0.14096
0.140946
0.140933
0.140921
0.140909
0.140898
0.140888
0.140879
0.140869
0.14086
0.140851
0.140842
0.140834
0.140825
0.140816
0.140807
0.140797
0.140788
0.140778
0.140769
0.140759
0.140748
0.140738
0.140727
0.140716
0.140705
0.140694
0.140683
0.140671
0.140659
0.140647
0.140635
0.140623
0.14061
0.140597
0.140584
0.140571
0.140557
0.140543
0.140529
0.140515
0.1405
0.140485
0.14047
0.140455
0.14044
0.140425
0.140411
0.140396
0.14038
0.140365
0.140349
0.140334
0.140318
0.140303
0.140287
0.140273
0.140258
0.140245
0.140232
0.140218
0.140205
0.140192
0.14018
0.140168
0.140159
0.140151
0.140144
0.140141
0.140142
0.141466
0.141457
0.141449
0.14144
0.141432
0.141423
0.141415
0.141407
0.141398
0.14139
0.141381
0.141372
0.141363
0.141353
0.141344
0.141333
0.141323
0.141312
0.141301
0.141289
0.141277
0.141264
0.141251
0.141238
0.141224
0.14121
0.141195
0.14118
0.141165
0.141149
0.141134
0.141118
0.141101
0.141085
0.141068
0.141051
0.141033
0.141015
0.140997
0.140978
0.140959
0.14094
0.140921
0.140901
0.140882
0.140862
0.140844
0.140825
0.140806
0.140787
0.140768
0.140748
0.140729
0.14071
0.140691
0.140673
0.140655
0.140638
0.140621
0.140606
0.14059
0.140574
0.140559
0.140545
0.140532
0.140521
0.140513
0.140505
0.140502
0.140502
0.141994
0.141985
0.141975
0.141965
0.141954
0.141944
0.141932
0.141921
0.141909
0.141897
0.141884
0.141871
0.141858
0.141845
0.141831
0.141816
0.141801
0.141786
0.14177
0.141754
0.141737
0.14172
0.141702
0.141684
0.141666
0.141647
0.141628
0.141608
0.141588
0.141568
0.141547
0.141526
0.141506
0.141485
0.141463
0.141442
0.14142
0.141398
0.141375
0.141353
0.14133
0.141307
0.141284
0.141262
0.141239
0.141217
0.141195
0.141174
0.141153
0.141131
0.14111
0.141089
0.141068
0.141048
0.141028
0.141009
0.14099
0.140973
0.140957
0.140941
0.140926
0.140911
0.140896
0.140884
0.140872
0.140863
0.140856
0.140851
0.14085
0.140852
0.142511
0.142496
0.14248
0.142464
0.142448
0.142431
0.142414
0.142396
0.142378
0.14236
0.142341
0.142322
0.142302
0.142282
0.142261
0.14224
0.142219
0.142197
0.142175
0.142153
0.142129
0.142106
0.142082
0.142058
0.142033
0.142008
0.141983
0.141958
0.141932
0.141906
0.14188
0.141854
0.141828
0.141802
0.141776
0.141749
0.141723
0.141696
0.14167
0.141643
0.141617
0.14159
0.141564
0.141539
0.141513
0.141489
0.141465
0.141441
0.141418
0.141395
0.141373
0.141351
0.141329
0.141308
0.141288
0.141269
0.141251
0.141234
0.141219
0.141204
0.14119
0.141176
0.141164
0.141153
0.141144
0.141137
0.141133
0.141129
0.14113
0.141134
0.142995
0.142973
0.142949
0.142926
0.142902
0.142877
0.142852
0.142827
0.142801
0.142775
0.142749
0.142722
0.142696
0.142669
0.142641
0.142614
0.142586
0.142558
0.142529
0.1425
0.142472
0.142442
0.142413
0.142383
0.142354
0.142324
0.142294
0.142264
0.142234
0.142205
0.142175
0.142146
0.142117
0.142088
0.14206
0.142032
0.142004
0.141976
0.141949
0.141922
0.141896
0.14187
0.141846
0.141822
0.141798
0.141776
0.141756
0.141736
0.141716
0.141697
0.141679
0.141663
0.141647
0.141633
0.14162
0.141608
0.141598
0.14159
0.141584
0.141577
0.14157
0.141567
0.141565
0.141565
0.141568
0.141573
0.14158
0.141582
0.141595
0.141605
0.143366
0.143345
0.143324
0.143303
0.143283
0.143263
0.143244
0.143225
0.143208
0.143192
0.143176
0.143162
0.143149
0.143137
0.143127
0.143117
0.143109
0.143102
0.143096
0.143091
0.143088
0.143087
0.143088
0.14309
0.143095
0.143101
0.14311
0.143122
0.143136
0.143153
0.143173
0.143197
0.143224
0.143243
0.143275
0.14331
0.14335
0.143394
0.143444
0.143497
0.143555
0.143617
0.143683
0.143754
0.143828
0.143908
0.143992
0.144075
0.144134
0.144222
0.144314
0.14441
0.144509
0.144613
0.144721
0.144833
0.144952
0.145077
0.145211
0.14532
0.145405
0.145549
0.145705
0.145875
0.14606
0.146265
0.146497
0.146604
0.146944
0.147247
0.152296
0.152947
0.15366
0.154429
0.155252
0.156126
0.157049
0.158019
0.159033
0.160088
0.161182
0.162313
0.163478
0.164674
0.165899
0.16715
0.168423
0.169712
0.171024
0.172354
0.173701
0.175063
0.176438
0.177825
0.179222
0.180628
0.182042
0.183463
0.18489
0.186322
0.187758
0.1892
0.190645
0.19198
0.19341
0.194842
0.196271
0.197699
0.199125
0.200549
0.201972
0.203394
0.204816
0.206241
0.207669
0.209104
0.210547
0.211962
0.213193
0.214637
0.216102
0.217584
0.219088
0.220623
0.222195
0.223817
0.225498
0.227254
0.229101
0.230865
0.232592
0.234802
0.237197
0.239798
0.242642
0.245769
0.249227
0.252325
0.25696
0.261571
0.384912
0.398487
0.411311
0.423446
0.434961
0.445912
0.45635
0.466316
0.475846
0.484973
0.493722
0.502119
0.510185
0.517939
0.525399
0.532579
0.539486
0.546126
0.552534
0.558715
0.56468
0.570439
0.576
0.581372
0.586562
0.591579
0.596429
0.601121
0.60566
0.610054
0.61431
0.618434
0.622432
0.626045
0.629785
0.633422
0.63696
0.640407
0.64377
0.647057
0.650277
0.653437
0.656547
0.659616
0.662652
0.665665
0.668666
0.671582
0.674117
0.67711
0.680133
0.683193
0.686302
0.68947
0.692711
0.696034
0.699453
0.702978
0.70662
0.710051
0.713352
0.717445
0.7217
0.726121
0.730716
0.735491
0.740453
0.7444
0.750402
0.755806
0.128337
0.127926
0.127616
0.127332
0.127057
0.126774
0.12643
0.125943
0.125183
0.124663
0.125692
0.125628
0.125474
0.125301
0.125116
0.124919
0.124711
0.124492
0.124262
0.124022
0.123772
0.123512
0.123243
0.122964
0.122674
0.122372
0.122053
0.121709
0.121318
0.120831
0.121245
0.121319
0.12115
0.12095
0.12074
0.120521
0.120293
0.120057
0.119813
0.119562
0.119303
0.119037
0.118763
0.118483
0.118196
0.117903
0.117604
0.117298
0.116987
0.11667
0.116346
0.116015
0.115678
0.115335
0.114984
0.114626
0.114259
0.113881
0.113485
0.113054
0.11255
0.112615
0.11248
0.112187
0.111869
0.111542
0.111206
0.110863
0.110512
0.110156
0.109794
0.109429
0.109062
0.108696
0.108334
0.107979
0.107634
0.107302
0.106985
0.106683
0.106395
0.106122
0.105862
0.105614
0.105378
0.105151
0.104934
0.104725
0.104524
0.104329
0.104141
0.103959
0.103782
0.103609
0.103441
0.10328
0.103137
0.103057
0.103259
0.104165
0.140094
0.139956
0.139874
0.139819
0.13978
0.139755
0.139741
0.139735
0.139727
0.139717
0.139736
0.139738
0.139742
0.139746
0.139751
0.139754
0.139756
0.139756
0.139754
0.13975
0.139742
0.139731
0.139715
0.139696
0.139673
0.139646
0.139617
0.139586
0.139552
0.139511
0.139492
0.139469
0.139441
0.139409
0.139375
0.139339
0.1393
0.139259
0.139217
0.139172
0.139127
0.139079
0.139031
0.138982
0.138933
0.138883
0.138834
0.138786
0.138739
0.138697
0.13866
0.138629
0.138605
0.138587
0.138575
0.138568
0.138566
0.138569
0.138575
0.138581
0.138581
0.138594
0.138604
0.138614
0.138628
0.138645
0.138666
0.13869
0.138717
0.138746
0.138777
0.138811
0.138847
0.138885
0.138924
0.138964
0.139004
0.139046
0.139089
0.139132
0.139176
0.139219
0.139262
0.139303
0.139344
0.139383
0.139421
0.139458
0.139494
0.139528
0.13956
0.139591
0.139621
0.139648
0.139676
0.139705
0.139742
0.139805
0.139937
0.140253
0.138599
0.138598
0.138591
0.138578
0.13856
0.138536
0.138507
0.138478
0.138451
0.138429
0.138408
0.138386
0.13836
0.138331
0.138297
0.13826
0.138218
0.138172
0.13812
0.138062
0.137996
0.13792
0.137829
0.137718
0.137583
0.137422
0.137254
0.137088
0.136927
0.136775
0.136637
0.136505
0.136366
0.136227
0.136088
0.135949
0.135811
0.135674
0.135538
0.135403
0.135273
0.135146
0.135022
0.134901
0.134784
0.134671
0.134565
0.134472
0.134405
0.134362
0.134336
0.134321
0.134314
0.134313
0.134317
0.134325
0.134336
0.13435
0.134367
0.134384
0.134402
0.134419
0.134436
0.134457
0.134481
0.134507
0.134535
0.134566
0.134599
0.134635
0.134673
0.134714
0.134757
0.134802
0.13485
0.134901
0.134955
0.135012
0.135071
0.135133
0.135198
0.135267
0.13534
0.135416
0.135496
0.135579
0.135666
0.135756
0.13585
0.135948
0.136049
0.136155
0.136264
0.136378
0.136496
0.136619
0.136747
0.136882
0.137033
0.13723
0.138407
0.13834
0.138276
0.138217
0.138164
0.138114
0.138068
0.138024
0.137982
0.137946
0.137918
0.13789
0.137863
0.137836
0.137807
0.137778
0.137747
0.137714
0.137679
0.137641
0.1376
0.137555
0.137507
0.137455
0.1374
0.137344
0.137285
0.137225
0.137164
0.137104
0.137047
0.136992
0.136937
0.13688
0.136822
0.136763
0.136704
0.136644
0.136584
0.136523
0.136461
0.136399
0.136338
0.136276
0.136215
0.136156
0.136096
0.136037
0.135979
0.135921
0.135864
0.135806
0.135749
0.135693
0.135637
0.135581
0.135527
0.135472
0.135418
0.135365
0.135311
0.135259
0.135208
0.135158
0.135108
0.135058
0.135008
0.134958
0.134908
0.134857
0.134806
0.134755
0.134704
0.134652
0.1346
0.134547
0.134495
0.134442
0.134389
0.134334
0.134279
0.134223
0.134166
0.134108
0.134048
0.133987
0.133924
0.133861
0.133798
0.133737
0.133679
0.133624
0.133575
0.133538
0.133527
0.133534
0.133552
0.133578
0.133615
0.133676
0.13945
0.139456
0.139461
0.139465
0.139466
0.139464
0.139459
0.139451
0.139441
0.139433
0.139426
0.139414
0.139399
0.139378
0.139353
0.139323
0.139289
0.139249
0.139205
0.139152
0.13909
0.139015
0.138925
0.138829
0.138735
0.138642
0.138552
0.138464
0.138379
0.138296
0.138219
0.138146
0.138073
0.138002
0.137932
0.137863
0.137797
0.137732
0.13767
0.137611
0.137553
0.137497
0.137444
0.1374
0.137371
0.137355
0.137347
0.137344
0.137345
0.137349
0.137353
0.13736
0.137367
0.137374
0.137383
0.137392
0.137402
0.137412
0.137422
0.137433
0.137444
0.137454
0.137464
0.137475
0.137487
0.1375
0.137513
0.137527
0.137542
0.137558
0.137575
0.137593
0.137612
0.137633
0.137654
0.137677
0.137701
0.137726
0.137753
0.137782
0.137812
0.137844
0.137878
0.137915
0.137953
0.137991
0.138026
0.138057
0.138085
0.138108
0.138127
0.138141
0.138152
0.138158
0.138159
0.138157
0.138151
0.13814
0.138125
0.1381
0.139324
0.139347
0.139358
0.139356
0.139346
0.139328
0.139306
0.13928
0.139251
0.139215
0.139169
0.139121
0.139071
0.139018
0.138966
0.138916
0.138868
0.138823
0.13878
0.13874
0.138701
0.138662
0.138623
0.138584
0.138544
0.138504
0.138463
0.138421
0.138379
0.138336
0.138294
0.138253
0.138211
0.13817
0.138129
0.138087
0.138046
0.138004
0.137963
0.137921
0.137879
0.137837
0.137795
0.137754
0.137715
0.137676
0.137638
0.137601
0.137565
0.137531
0.137497
0.137464
0.137432
0.137401
0.137371
0.137341
0.137312
0.137283
0.137255
0.137228
0.1372
0.137174
0.137149
0.137123
0.137097
0.137072
0.137046
0.13702
0.136994
0.136968
0.136941
0.136914
0.136887
0.136859
0.136831
0.136802
0.136773
0.136743
0.136713
0.136682
0.136651
0.136619
0.136588
0.136559
0.136535
0.136505
0.136472
0.13644
0.136408
0.13638
0.136357
0.136346
0.136359
0.136383
0.136415
0.136453
0.136495
0.136541
0.136595
0.136675
0.139503
0.139488
0.139475
0.13946
0.139445
0.139428
0.13941
0.139391
0.139373
0.139357
0.139344
0.139332
0.13932
0.13931
0.139299
0.139288
0.139277
0.139263
0.139246
0.139223
0.139192
0.139151
0.139102
0.139049
0.138996
0.138942
0.138889
0.138835
0.138782
0.138729
0.138679
0.138631
0.138584
0.138538
0.138494
0.138451
0.13841
0.13837
0.138332
0.138295
0.138259
0.138226
0.138201
0.138186
0.138178
0.138175
0.138175
0.138178
0.138182
0.138187
0.138193
0.138199
0.138206
0.138213
0.138221
0.13823
0.138239
0.138249
0.138259
0.13827
0.138281
0.138292
0.138304
0.138316
0.13833
0.138343
0.138358
0.138373
0.138389
0.138405
0.138422
0.138439
0.138457
0.138475
0.138493
0.138512
0.138531
0.138551
0.138571
0.138592
0.138613
0.138636
0.138659
0.138683
0.138708
0.138733
0.138755
0.138774
0.138789
0.1388
0.138809
0.138813
0.138815
0.138813
0.138808
0.138801
0.138792
0.13878
0.138767
0.138749
0.139194
0.139205
0.139215
0.139224
0.139232
0.13924
0.139247
0.139254
0.139261
0.139268
0.139274
0.13928
0.139285
0.139289
0.139292
0.139291
0.139289
0.139282
0.13927
0.139253
0.139229
0.139198
0.13916
0.139117
0.139071
0.139022
0.138974
0.138926
0.13888
0.138836
0.138794
0.138756
0.138719
0.138686
0.138655
0.138626
0.138601
0.138579
0.138561
0.138545
0.138532
0.138522
0.138513
0.138506
0.1385
0.138494
0.138489
0.138484
0.13848
0.138476
0.138472
0.138467
0.138463
0.138459
0.138455
0.138451
0.138447
0.138442
0.138438
0.138434
0.138434
0.138437
0.138442
0.138448
0.138453
0.138458
0.138463
0.138467
0.13847
0.138473
0.138474
0.138474
0.138471
0.138466
0.138458
0.138448
0.138435
0.138418
0.138397
0.138371
0.138339
0.138301
0.138257
0.13821
0.138172
0.138149
0.138134
0.138126
0.138123
0.138125
0.13813
0.138139
0.138152
0.138169
0.138188
0.13821
0.138235
0.138263
0.138293
0.138333
0.139213
0.139225
0.139241
0.13926
0.13928
0.139301
0.139321
0.13934
0.139358
0.139375
0.139392
0.139405
0.139415
0.139421
0.139421
0.139417
0.139406
0.13939
0.139365
0.139334
0.1393
0.139266
0.139231
0.139198
0.139167
0.139137
0.13911
0.139085
0.139064
0.139046
0.139032
0.139021
0.139015
0.139012
0.139014
0.139024
0.139045
0.139073
0.139106
0.13914
0.139176
0.139211
0.139246
0.13928
0.139313
0.139345
0.139375
0.139404
0.139431
0.139458
0.139483
0.139508
0.139532
0.139555
0.139577
0.139599
0.13962
0.13964
0.13966
0.139679
0.139698
0.139716
0.139733
0.139749
0.139765
0.139781
0.139796
0.139811
0.139825
0.139839
0.139852
0.139865
0.139878
0.13989
0.139903
0.139915
0.139927
0.139939
0.139951
0.139963
0.139975
0.139988
0.14
0.140011
0.14002
0.140025
0.140028
0.140027
0.140023
0.140016
0.140006
0.139993
0.139978
0.13996
0.139941
0.139919
0.139896
0.139872
0.139847
0.139815
0.139247
0.139289
0.13933
0.139368
0.139402
0.139431
0.139454
0.139472
0.139484
0.139492
0.139495
0.139494
0.139488
0.139476
0.13946
0.139442
0.139426
0.139412
0.1394
0.139392
0.139386
0.139383
0.139384
0.139388
0.139396
0.139408
0.139422
0.139439
0.139458
0.139479
0.139501
0.139527
0.139558
0.139594
0.139632
0.13967
0.139707
0.139742
0.139776
0.139806
0.139834
0.139859
0.139882
0.139902
0.13992
0.139936
0.13995
0.139962
0.139973
0.139982
0.13999
0.139997
0.140003
0.140009
0.140014
0.140018
0.140022
0.140025
0.140028
0.140031
0.140034
0.140037
0.140039
0.140041
0.140043
0.140045
0.140046
0.140048
0.140048
0.140049
0.140049
0.140049
0.140049
0.140048
0.140046
0.140045
0.140043
0.14004
0.140037
0.140033
0.140029
0.140025
0.140022
0.14002
0.14002
0.140022
0.140025
0.140031
0.140038
0.140046
0.140057
0.140068
0.140081
0.140094
0.140109
0.140124
0.140139
0.140155
0.140172
0.140188
0.139474
0.139523
0.139566
0.139601
0.139625
0.139639
0.139644
0.139642
0.139634
0.139622
0.139611
0.139604
0.1396
0.139601
0.139607
0.139618
0.139635
0.139655
0.139678
0.139704
0.139734
0.139771
0.139811
0.139852
0.139893
0.139933
0.139971
0.140007
0.14004
0.140071
0.140099
0.140125
0.140147
0.140168
0.140185
0.1402
0.140213
0.140223
0.140231
0.140237
0.140242
0.140245
0.140247
0.140248
0.140248
0.140247
0.140246
0.140244
0.140242
0.14024
0.140237
0.140235
0.140232
0.14023
0.140229
0.140227
0.140226
0.140226
0.140226
0.140227
0.140228
0.14023
0.140233
0.140236
0.140239
0.140244
0.140249
0.140255
0.140262
0.140269
0.140277
0.140285
0.140294
0.140304
0.140315
0.140326
0.140338
0.140351
0.140364
0.140377
0.140391
0.140404
0.140416
0.140427
0.140437
0.140446
0.140455
0.140462
0.140469
0.140474
0.140479
0.140484
0.140488
0.140491
0.140495
0.140498
0.140501
0.140504
0.140508
0.140512
0.139694
0.13974
0.139774
0.139794
0.139799
0.13979
0.139783
0.139782
0.13979
0.139804
0.139824
0.139849
0.139878
0.139914
0.139959
0.140005
0.14005
0.140093
0.140132
0.140168
0.140199
0.140225
0.140248
0.140266
0.14028
0.14029
0.140297
0.140301
0.140302
0.140302
0.140299
0.140294
0.140288
0.140281
0.140273
0.140264
0.140256
0.140247
0.140238
0.140229
0.14022
0.140212
0.140204
0.140196
0.140189
0.140182
0.140175
0.14017
0.140164
0.14016
0.140156
0.140152
0.140149
0.140147
0.140146
0.140145
0.140145
0.140145
0.140146
0.140148
0.14015
0.140153
0.140157
0.140161
0.140165
0.140171
0.140176
0.140182
0.140189
0.140196
0.140203
0.14021
0.140218
0.140226
0.140233
0.140242
0.14025
0.140259
0.140268
0.140279
0.140291
0.140304
0.140318
0.140333
0.14035
0.140368
0.140387
0.140406
0.140427
0.140449
0.140471
0.140494
0.140518
0.140541
0.140565
0.140589
0.140613
0.140637
0.140661
0.140694
0.139915
0.13994
0.139945
0.139946
0.139954
0.139969
0.139991
0.140024
0.140069
0.140114
0.140157
0.140197
0.140233
0.140265
0.140293
0.140316
0.140334
0.140347
0.140355
0.140359
0.140359
0.140356
0.140349
0.14034
0.140328
0.140315
0.1403
0.140285
0.140269
0.140253
0.140237
0.140222
0.140208
0.140195
0.140183
0.140173
0.140164
0.140156
0.14015
0.140145
0.140142
0.140139
0.140138
0.140139
0.14014
0.140142
0.140146
0.14015
0.140155
0.140161
0.140168
0.140176
0.140184
0.140193
0.140203
0.140214
0.140225
0.140236
0.140249
0.140262
0.140275
0.140289
0.140304
0.140319
0.140335
0.140351
0.140368
0.140386
0.140404
0.140422
0.140442
0.140461
0.140481
0.140501
0.140522
0.140542
0.140563
0.140583
0.140602
0.140621
0.14064
0.140658
0.140676
0.140694
0.140711
0.140728
0.140745
0.140762
0.140778
0.140795
0.140812
0.140829
0.140846
0.140864
0.140882
0.1409
0.140918
0.140937
0.140957
0.14099
0.140074
0.14008
0.140088
0.140103
0.140138
0.140178
0.140216
0.140251
0.140282
0.140307
0.140327
0.140342
0.140352
0.140357
0.140357
0.140353
0.140346
0.140335
0.140322
0.140307
0.140291
0.140274
0.140257
0.140239
0.140223
0.140207
0.140192
0.140179
0.140168
0.140159
0.140151
0.140145
0.140142
0.14014
0.14014
0.140142
0.140145
0.14015
0.140156
0.140163
0.140171
0.14018
0.14019
0.140202
0.140214
0.140227
0.140241
0.140255
0.14027
0.140286
0.140302
0.140319
0.140337
0.140354
0.140372
0.14039
0.140409
0.140428
0.140447
0.140466
0.140486
0.140506
0.140526
0.140546
0.140566
0.140586
0.140607
0.140627
0.140648
0.140669
0.14069
0.140712
0.140734
0.140756
0.14078
0.140803
0.140827
0.140852
0.140877
0.140903
0.14093
0.140957
0.140984
0.141012
0.14104
0.141068
0.141096
0.141125
0.141154
0.141182
0.141211
0.14124
0.141268
0.141296
0.141325
0.141353
0.14138
0.141408
0.141435
0.14148
0.140183
0.140195
0.140213
0.140235
0.140258
0.140281
0.1403
0.140315
0.140325
0.140329
0.140328
0.140321
0.140311
0.140298
0.140282
0.140265
0.140248
0.140232
0.140216
0.140202
0.140191
0.140181
0.140173
0.140169
0.140167
0.140167
0.14017
0.140174
0.140181
0.14019
0.1402
0.140211
0.140223
0.140236
0.14025
0.140264
0.14028
0.140296
0.140312
0.14033
0.140348
0.140367
0.140387
0.140408
0.14043
0.140452
0.140475
0.140499
0.140522
0.140547
0.140571
0.140596
0.14062
0.140646
0.140671
0.140697
0.140723
0.14075
0.140777
0.140804
0.140832
0.14086
0.140889
0.140917
0.140946
0.140974
0.141003
0.141032
0.14106
0.141088
0.141117
0.141144
0.141172
0.1412
0.141227
0.141254
0.141282
0.141309
0.141336
0.141363
0.141391
0.141419
0.141447
0.141475
0.141503
0.141532
0.141562
0.141592
0.141622
0.141653
0.141685
0.141717
0.14175
0.141783
0.141816
0.14185
0.141885
0.14192
0.141955
0.142011
0.140205
0.14022
0.140236
0.140253
0.140268
0.140278
0.140282
0.14028
0.140273
0.140262
0.140248
0.140233
0.140218
0.140204
0.140193
0.140184
0.140179
0.140178
0.14018
0.140185
0.140193
0.140204
0.140217
0.140232
0.140249
0.140266
0.140285
0.140305
0.140325
0.140346
0.140367
0.140388
0.140409
0.14043
0.140452
0.140474
0.140497
0.14052
0.140545
0.140571
0.140597
0.140625
0.140654
0.140683
0.140712
0.140742
0.14077
0.140798
0.140826
0.140852
0.140877
0.140902
0.140926
0.14095
0.140975
0.141
0.141025
0.141051
0.141076
0.141103
0.141129
0.141156
0.141183
0.14121
0.141238
0.141265
0.141294
0.141322
0.141351
0.14138
0.141409
0.141439
0.14147
0.141502
0.141534
0.141567
0.1416
0.141635
0.14167
0.141705
0.141742
0.141778
0.141815
0.141853
0.141891
0.141929
0.141968
0.142007
0.142047
0.142087
0.142127
0.142168
0.14221
0.142252
0.142294
0.142337
0.142381
0.142425
0.14247
0.142541
0.140195
0.140206
0.140216
0.14022
0.140218
0.140211
0.140202
0.140193
0.140183
0.140173
0.140164
0.140159
0.140159
0.140163
0.140169
0.140178
0.14019
0.140205
0.140223
0.140243
0.140266
0.140291
0.140318
0.140346
0.140376
0.140409
0.140445
0.140482
0.140521
0.14056
0.1406
0.14064
0.140681
0.140726
0.140773
0.140821
0.14087
0.14092
0.140971
0.141023
0.141075
0.141127
0.14118
0.141231
0.141281
0.141329
0.141374
0.141415
0.141453
0.141485
0.141514
0.141539
0.141562
0.141583
0.141602
0.141619
0.141636
0.141652
0.141668
0.141684
0.1417
0.141717
0.141733
0.14175
0.141768
0.141785
0.141802
0.14182
0.141838
0.141856
0.141874
0.141893
0.141913
0.141934
0.141956
0.14198
0.142005
0.142032
0.142061
0.142091
0.142124
0.142158
0.142193
0.142231
0.14227
0.14231
0.142352
0.142396
0.142441
0.142487
0.142535
0.142584
0.142634
0.142686
0.142738
0.142792
0.142847
0.142904
0.142962
0.143047
0.140176
0.140181
0.140179
0.140163
0.140153
0.14015
0.14015
0.140153
0.140159
0.140167
0.140178
0.14019
0.140204
0.140211
0.140222
0.140237
0.140257
0.140282
0.140309
0.14034
0.140374
0.140409
0.140448
0.140492
0.140545
0.140606
0.140672
0.140742
0.140817
0.140897
0.140982
0.141074
0.141169
0.141267
0.141373
0.141487
0.141608
0.141734
0.141862
0.141992
0.142122
0.142252
0.142382
0.142512
0.142642
0.142774
0.142905
0.143034
0.143161
0.143286
0.143408
0.143525
0.143636
0.143742
0.14384
0.143931
0.144013
0.144087
0.144152
0.144208
0.144254
0.144291
0.144319
0.144337
0.144347
0.144348
0.144341
0.144325
0.144303
0.144274
0.144238
0.144196
0.144148
0.144096
0.144039
0.143979
0.143914
0.143848
0.143779
0.143708
0.143636
0.143563
0.14349
0.143416
0.143337
0.143247
0.143185
0.143141
0.143109
0.143089
0.143079
0.143078
0.143085
0.143101
0.143123
0.143152
0.143188
0.143232
0.143294
0.143419
0.140132
0.140138
0.140138
0.140134
0.140127
0.140122
0.14012
0.140125
0.140137
0.140155
0.140179
0.140206
0.140236
0.140269
0.140305
0.140344
0.140386
0.140431
0.14048
0.140533
0.140592
0.140656
0.140727
0.140807
0.140897
0.140999
0.141115
0.141248
0.141402
0.141582
0.141794
0.142066
0.142303
0.142442
0.142543
0.14263
0.142722
0.142809
0.142879
0.142922
0.14294
0.142962
0.142978
0.142984
0.142974
0.142974
0.142992
0.143017
0.143048
0.143084
0.143125
0.143172
0.143224
0.143283
0.143349
0.143423
0.143504
0.143592
0.143689
0.143791
0.1439
0.144012
0.144128
0.144246
0.144363
0.144479
0.144593
0.144703
0.144808
0.144907
0.144999
0.145083
0.145158
0.145223
0.145278
0.14532
0.145351
0.145369
0.145373
0.145365
0.145343
0.145309
0.145263
0.145205
0.145135
0.145054
0.144965
0.14487
0.14477
0.144668
0.144563
0.144456
0.14433
0.144239
0.144177
0.144139
0.144142
0.144298
0.145262
0.149395
0.140028
0.140043
0.140045
0.140037
0.140021
0.140009
0.140007
0.140012
0.140021
0.140031
0.140042
0.140054
0.140067
0.14008
0.140095
0.140112
0.14013
0.140151
0.140175
0.140203
0.140236
0.140275
0.140322
0.140378
0.140448
0.140534
0.140643
0.140785
0.140975
0.141235
0.141615
0.142285
0.142869
0.143402
0.144063
0.144457
0.144946
0.145398
0.145867
0.146267
0.146541
0.146679
0.146698
0.146624
0.146485
0.146313
0.146132
0.145963
0.145823
0.145718
0.145654
0.145627
0.145632
0.145658
0.145695
0.145731
0.145756
0.145762
0.145742
0.145696
0.145624
0.145527
0.145418
0.145323
0.145252
0.145209
0.145195
0.145208
0.145248
0.14531
0.14539
0.145486
0.145594
0.145711
0.145835
0.145962
0.146091
0.146221
0.146349
0.146474
0.146594
0.146709
0.146816
0.146915
0.147005
0.147085
0.147153
0.147211
0.147257
0.147292
0.147317
0.147332
0.147339
0.147341
0.147356
0.147486
0.148573
0.156557
0.196278
0.2998
)
;

boundaryField
{
    airfoil
    {
        type            fixedValue;
        value           uniform 0;
    }
    farBoundaries
    {
        type            fixedValue;
        value           uniform 1;
    }
    inlet
    {
        type            freestream;
        freestreamValue uniform 0.14;
        value           nonuniform List<scalar> 
200
(
0.14
0.14
0.14
0.14
0.14
0.14
0.14
0.14
0.14
0.14
0.14
0.14
0.14
0.14
0.14
0.14
0.14
0.14
0.14
0.14
0.14
0.14
0.14
0.14
0.14
0.14
0.14
0.14
0.14
0.14
0.14
0.14
0.14
0.14
0.144063
0.144457
0.144946
0.145398
0.145867
0.146267
0.146541
0.146679
0.146698
0.146624
0.146485
0.146313
0.146132
0.145963
0.145823
0.145718
0.145654
0.145627
0.145632
0.145658
0.145695
0.145731
0.145756
0.145762
0.145742
0.145696
0.145624
0.145527
0.145418
0.145323
0.145252
0.145209
0.145195
0.145208
0.145248
0.14531
0.14539
0.145486
0.145594
0.145711
0.145835
0.145962
0.146091
0.146221
0.146349
0.146474
0.146594
0.146709
0.146816
0.146915
0.147005
0.147085
0.147153
0.147211
0.147257
0.147292
0.147317
0.147332
0.147339
0.147341
0.147356
0.147486
0.148573
0.156557
0.196278
0.2998
0.14
0.14
0.14
0.14
0.14
0.14
0.14
0.14
0.14
0.14
0.14
0.14
0.14
0.14
0.14
0.14
0.14
0.14
0.14
0.14
0.14
0.14
0.14
0.14
0.14
0.14
0.14
0.14
0.14
0.14
0.14
0.14
0.14
0.14
0.14
0.14
0.14
0.14
0.14
0.14
0.14
0.14
0.14
0.14
0.14
0.14
0.14
0.14
0.14
0.14
0.14
0.14
0.14
0.14
0.14
0.14
0.14
0.14
0.14
0.14
0.14
0.14
0.14
0.14
0.14
0.14
0.14
0.14
0.14
0.144851
0.14511
0.145355
0.145584
0.145985
0.146544
0.147189
0.147817
0.148355
0.148761
0.149021
0.149141
0.149139
0.149038
0.148861
0.14863
0.148366
0.148083
0.147792
0.1475
0.147206
0.146953
0.146782
0.146687
0.146659
0.146688
0.14677
0.146902
0.14703
0.151295
0.217042
)
;
    }
    outlet
    {
        type            freestream;
        freestreamValue uniform 0.14;
        value           nonuniform List<scalar> 
40
(
0.181585
0.2266
0.231631
0.203001
0.188022
0.18063
0.168062
0.157217
0.152239
0.162483
0.237877
0.419988
0.638665
0.841219
1.01337
1.14691
1.23506
1.27046
1.24252
1.13041
1.11509
1.2287
1.27308
1.26459
1.21154
1.1194
0.992795
0.836583
0.656857
0.463137
0.280419
0.170719
0.140199
0.135131
0.132911
0.130916
0.129081
0.128238
0.131429
0.144954
)
;
    }
    defaultFaces
    {
        type            empty;
    }
}


// ************************************************************************* //
