/*--------------------------------*- C++ -*----------------------------------*\
  =========                 |
  \\      /  F ield         | OpenFOAM: The Open Source CFD Toolbox
   \\    /   O peration     | Website:  https://openfoam.org
    \\  /    A nd           | Version:  6.0
     \\/     M anipulation  |
\*---------------------------------------------------------------------------*/
FoamFile
{
    version     2.0;
    format      ascii;
    class       volScalarField;
    location    "400";
    object      p;
}
// * * * * * * * * * * * * * * * * * * * * * * * * * * * * * * * * * * * * * //

dimensions      [0 2 -2 0 0 0 0];

internalField   nonuniform List<scalar> 
9800
(
134.571
132.598
131.202
130.153
129.297
128.549
127.853
127.181
126.515
125.848
125.154
124.434
123.691
122.924
122.133
121.319
120.486
119.64
118.793
117.965
117.188
116.517
116.068
116.088
116.584
117.308
118.141
119.027
119.933
120.837
121.729
122.593
123.432
124.242
125.023
125.771
126.486
127.169
127.817
128.43
129.008
129.551
130.056
130.524
130.952
131.339
131.683
131.982
132.232
132.431
132.575
132.66
132.682
132.635
132.515
132.318
132.044
131.695
131.284
130.839
130.415
130.119
130.134
130.8
132.637
136.527
143.915
155.657
174.553
185.446
200.171
204.962
208.621
214.52
221.34
227.244
231.975
236.088
240.07
244.042
247.995
251.872
255.634
259.247
262.714
266.053
269.29
272.436
275.493
278.455
281.323
284.101
286.802
289.437
292.02
294.558
297.059
299.53
301.916
304.317
210.617
211.138
211.428
211.64
211.824
212.005
212.185
212.362
212.53
212.689
212.834
212.957
213.056
213.132
213.186
213.223
213.245
213.263
213.284
213.32
213.383
213.465
213.522
213.564
213.597
213.612
213.647
213.708
213.784
213.861
213.931
213.984
214.008
214.002
213.96
213.882
213.763
213.603
213.4
213.152
212.858
212.517
212.126
211.684
211.188
210.637
210.027
209.356
208.619
207.815
206.938
205.985
204.95
203.829
202.617
201.308
199.896
198.375
196.735
194.968
193.051
190.968
188.666
186.087
183.117
179.649
175.646
171.187
168.97
172.082
179.993
190.93
201
208.799
215.155
220.902
226.266
231.224
235.846
240.211
244.361
248.279
251.964
255.431
258.72
261.856
264.86
267.735
270.483
273.103
275.599
277.974
280.23
282.368
284.381
286.257
287.976
289.509
290.786
291.762
134.357
136.442
138.195
139.707
141.052
142.293
143.471
144.617
145.747
146.874
148.026
149.213
150.426
151.665
152.928
154.211
155.505
156.796
158.062
159.269
160.367
161.283
161.878
161.948
161.482
160.679
159.682
158.568
157.388
156.176
154.954
153.745
152.556
151.389
150.244
149.125
148.034
146.969
145.932
144.922
143.94
142.986
142.061
141.165
140.3
139.468
138.67
137.911
137.193
136.522
135.905
135.349
134.864
134.462
134.158
133.972
133.926
134.049
134.377
134.959
135.849
137.131
138.897
141.292
144.48
148.707
154.265
161.433
170.603
180.79
190.804
199.51
206.561
212.385
217.642
222.643
227.406
231.876
236.081
240.026
243.72
247.177
250.454
253.585
256.599
259.491
262.258
264.889
267.39
269.759
272.005
274.127
276.121
277.978
279.688
281.233
282.596
283.745
284.664
285.254
144.317
142.953
141.93
141.138
140.505
139.984
139.545
139.17
138.847
138.569
138.326
138.118
137.945
137.805
137.695
137.611
137.549
137.503
137.465
137.43
137.393
137.367
137.382
137.44
137.538
137.673
137.818
137.961
138.103
138.254
138.418
138.602
138.813
139.052
139.325
139.632
139.977
140.36
140.784
141.249
141.757
142.311
142.912
143.563
144.266
145.026
145.847
146.732
147.688
148.722
149.84
151.051
152.364
153.792
155.344
157.037
158.885
160.905
163.112
165.531
168.173
171.062
174.203
177.612
181.28
185.193
189.297
193.503
197.688
201.71
205.555
209.305
213.077
216.909
220.79
224.663
228.484
232.186
235.733
239.1
242.307
245.376
248.332
251.179
253.917
256.525
258.998
261.33
263.531
265.606
267.56
269.39
271.091
272.652
274.066
275.321
276.409
277.312
278.033
278.498
166.427
165.787
165.121
164.463
163.825
163.216
162.633
162.077
161.547
161.038
160.531
160.024
159.519
159.018
158.518
158.02
157.527
157.046
156.585
156.159
155.788
155.502
155.353
155.407
155.668
156.074
156.569
157.12
157.708
158.316
158.933
159.549
160.157
160.763
161.366
161.966
162.565
163.163
163.762
164.364
164.971
165.586
166.211
166.848
167.501
168.173
168.867
169.586
170.336
171.12
171.942
172.809
173.726
174.698
175.733
176.838
178.019
179.286
180.647
182.113
183.691
185.397
187.235
189.222
191.369
193.693
196.207
198.927
201.866
205.035
208.424
211.974
215.606
219.23
222.791
226.244
229.574
232.76
235.809
238.73
241.547
244.265
246.887
249.399
251.795
254.068
256.223
258.261
260.193
262.017
263.736
265.342
266.832
268.2
269.441
270.549
271.523
272.351
273.05
273.553
171.28
171.097
170.919
170.748
170.586
170.435
170.298
170.178
170.078
169.999
169.932
169.878
169.839
169.816
169.807
169.812
169.831
169.864
169.911
169.973
170.048
170.131
170.21
170.284
170.354
170.42
170.489
170.57
170.663
170.768
170.884
171.007
171.137
171.277
171.432
171.599
171.782
171.982
172.201
172.443
172.71
173.004
173.329
173.688
174.085
174.523
175.008
175.542
176.131
176.78
177.493
178.278
179.139
180.085
181.12
182.253
183.491
184.843
186.314
187.915
189.648
191.524
193.54
195.704
198.012
200.465
203.05
205.757
208.562
211.437
214.348
217.255
220.132
222.954
225.713
228.4
231.023
233.581
236.086
238.533
240.921
243.234
245.465
247.603
249.651
251.605
253.472
255.248
256.937
258.53
260.028
261.423
262.715
263.9
264.976
265.941
266.792
267.523
268.151
268.613
177.477
176.832
176.264
175.766
175.332
174.955
174.633
174.361
174.139
173.965
173.826
173.724
173.661
173.635
173.644
173.685
173.755
173.85
173.966
174.096
174.232
174.365
174.483
174.569
174.623
174.656
174.683
174.714
174.757
174.816
174.899
175.005
175.137
175.302
175.502
175.738
176.011
176.324
176.677
177.072
177.51
177.993
178.523
179.101
179.73
180.411
181.146
181.937
182.787
183.698
184.672
185.711
186.818
187.995
189.244
190.566
191.963
193.436
194.985
196.61
198.309
200.082
201.923
203.829
205.798
207.827
209.908
212.034
214.197
216.388
218.6
220.822
223.049
225.272
227.488
229.691
231.879
234.042
236.175
238.263
240.298
242.269
244.175
246.011
247.781
249.48
251.11
252.664
254.141
255.536
256.85
258.079
259.224
260.283
261.256
262.141
262.941
263.651
264.29
264.798
185.217
184.561
183.943
183.363
182.823
182.325
181.867
181.45
181.077
180.745
180.443
180.169
179.93
179.724
179.549
179.405
179.292
179.207
179.151
179.122
179.121
179.149
179.209
179.301
179.424
179.576
179.757
179.964
180.197
180.457
180.743
181.052
181.384
181.744
182.135
182.555
183.005
183.486
183.999
184.544
185.121
185.733
186.379
187.061
187.779
188.534
189.328
190.161
191.035
191.951
192.909
193.912
194.96
196.055
197.197
198.387
199.626
200.916
202.255
203.645
205.085
206.576
208.112
209.695
211.324
212.998
214.712
216.464
218.249
220.062
221.898
223.75
225.614
227.482
229.349
231.207
233.049
234.865
236.65
238.395
240.098
241.754
243.364
244.923
246.431
247.882
249.275
250.606
251.876
253.08
254.221
255.296
256.305
257.247
258.123
258.932
259.675
260.35
260.971
261.483
191.843
191.249
190.693
190.174
189.69
189.242
188.829
188.451
188.111
187.807
187.526
187.269
187.04
186.84
186.669
186.525
186.409
186.321
186.262
186.232
186.232
186.264
186.329
186.429
186.566
186.734
186.933
187.16
187.414
187.693
187.999
188.323
188.667
189.035
189.429
189.847
190.291
190.76
191.256
191.779
192.33
192.909
193.518
194.157
194.828
195.531
196.268
197.038
197.844
198.686
199.565
200.481
201.437
202.431
203.465
204.539
205.654
206.808
208.003
209.237
210.509
211.817
213.16
214.533
215.938
217.374
218.837
220.323
221.832
223.357
224.897
226.446
228.001
229.554
231.103
232.64
234.161
235.662
237.139
238.589
240.01
241.397
242.752
244.067
245.343
246.575
247.765
248.907
250.005
251.055
252.058
253.011
253.916
254.771
255.578
256.334
257.042
257.696
258.313
258.836
197.399
196.864
196.362
195.894
195.461
195.062
194.699
194.37
194.08
193.826
193.596
193.39
193.215
193.068
192.951
192.861
192.8
192.765
192.758
192.777
192.822
192.891
192.983
193.098
193.235
193.393
193.573
193.777
194.005
194.258
194.536
194.834
195.151
195.494
195.864
196.26
196.682
197.131
197.607
198.111
198.642
199.201
199.789
200.406
201.052
201.727
202.432
203.167
203.932
204.728
205.554
206.411
207.298
208.215
209.163
210.14
211.147
212.181
213.245
214.335
215.451
216.592
217.755
218.937
220.141
221.365
222.608
223.865
225.137
226.419
227.709
229.003
230.298
231.589
232.875
234.151
235.417
236.667
237.901
239.115
240.309
241.478
242.622
243.738
244.826
245.883
246.91
247.903
248.865
249.791
250.682
251.537
252.356
253.138
253.882
254.587
255.255
255.88
256.476
256.994
203.375
202.833
202.326
201.854
201.418
201.016
200.65
200.319
200.028
199.773
199.543
199.338
199.163
199.017
198.9
198.812
198.751
198.718
198.712
198.733
198.78
198.853
198.952
199.076
199.224
199.396
199.592
199.812
200.057
200.325
200.617
200.928
201.256
201.607
201.982
202.381
202.803
203.249
203.718
204.21
204.725
205.264
205.827
206.413
207.023
207.656
208.313
208.993
209.697
210.423
211.174
211.947
212.744
213.562
214.404
215.267
216.152
217.057
217.984
218.929
219.895
220.876
221.873
222.882
223.906
224.942
225.991
227.047
228.112
229.18
230.253
231.326
232.398
233.466
234.531
235.587
236.636
237.674
238.701
239.713
240.711
241.692
242.657
243.601
244.527
245.431
246.314
247.172
248.008
248.817
249.6
250.357
251.086
251.786
252.458
253.101
253.715
254.298
254.861
255.359
207.031
206.685
206.356
206.046
205.759
205.494
205.254
205.039
204.855
204.699
204.558
204.435
204.334
204.257
204.203
204.171
204.163
204.177
204.214
204.273
204.355
204.46
204.587
204.737
204.91
205.104
205.321
205.558
205.817
206.096
206.397
206.71
207.038
207.385
207.752
208.139
208.546
208.972
209.418
209.884
210.37
210.875
211.4
211.945
212.51
213.094
213.698
214.322
214.965
215.627
216.308
217.007
217.725
218.461
219.215
219.984
220.771
221.573
222.391
223.221
224.066
224.921
225.787
226.658
227.539
228.427
229.324
230.224
231.13
232.037
232.948
233.857
234.767
235.673
236.578
237.477
238.371
239.258
240.138
241.008
241.868
242.717
243.554
244.377
245.186
245.979
246.756
247.514
248.255
248.975
249.677
250.357
251.017
251.655
252.272
252.867
253.442
253.995
254.534
255.018
213.906
213.435
212.998
212.594
212.224
211.885
211.579
211.305
211.067
210.865
210.686
210.53
210.402
210.301
210.226
210.178
210.155
210.157
210.183
210.234
210.308
210.405
210.526
210.669
210.836
211.024
211.233
211.461
211.708
211.974
212.258
212.553
212.86
213.183
213.525
213.884
214.26
214.653
215.064
215.491
215.936
216.397
216.875
217.369
217.88
218.406
218.948
219.505
220.078
220.665
221.267
221.882
222.511
223.152
223.806
224.471
225.148
225.835
226.532
227.238
227.953
228.674
229.401
230.13
230.866
231.605
232.351
233.099
233.85
234.603
235.357
236.111
236.866
237.618
238.369
239.115
239.86
240.597
241.331
242.056
242.776
243.485
244.186
244.877
245.557
246.224
246.881
247.523
248.154
248.77
249.373
249.962
250.537
251.098
251.645
252.178
252.698
253.202
253.698
254.147
212.797
212.772
212.747
212.727
212.715
212.713
212.724
212.749
212.795
212.86
212.923
212.991
213.072
213.167
213.277
213.401
213.54
213.693
213.86
214.04
214.234
214.441
214.66
214.891
215.133
215.385
215.649
215.925
216.215
216.519
216.836
217.159
217.489
217.833
218.193
218.568
218.957
219.361
219.779
220.211
220.659
221.119
221.593
222.081
222.582
223.095
223.621
224.158
224.708
225.268
225.84
226.421
227.013
227.613
228.224
228.842
229.469
230.102
230.743
231.39
232.044
232.701
233.362
234.023
234.689
235.357
236.03
236.703
237.38
238.057
238.735
239.411
240.088
240.762
241.434
242.102
242.767
243.427
244.082
244.73
245.373
246.007
246.635
247.253
247.863
248.464
249.055
249.636
250.208
250.769
251.32
251.859
252.388
252.905
253.411
253.905
254.387
254.856
255.316
255.737
226.056
225.547
225.077
224.642
224.239
223.868
223.528
223.218
222.939
222.693
222.48
222.294
222.135
222.002
221.895
221.814
221.758
221.728
221.722
221.741
221.785
221.852
221.943
222.058
222.197
222.358
222.541
222.742
222.962
223.198
223.451
223.714
223.984
224.267
224.565
224.876
225.2
225.536
225.884
226.244
226.615
226.996
227.389
227.791
228.204
228.625
229.056
229.495
229.944
230.4
230.864
231.335
231.815
232.3
232.793
233.291
233.796
234.305
234.82
235.339
235.864
236.39
236.918
237.445
237.976
238.508
239.044
239.58
240.119
240.657
241.197
241.735
242.274
242.81
243.346
243.879
244.41
244.937
245.463
245.983
246.501
247.013
247.523
248.026
248.525
249.019
249.507
249.99
250.466
250.937
251.401
251.857
252.308
252.75
253.186
253.613
254.033
254.445
254.85
255.226
210.253
210.756
211.244
211.723
212.201
212.68
213.163
213.654
214.163
214.683
215.168
215.631
216.096
216.563
217.033
217.506
217.981
218.457
218.935
219.415
219.896
220.377
220.859
221.341
221.822
222.302
222.78
223.259
223.741
224.225
224.712
225.19
225.664
226.143
226.629
227.12
227.618
228.121
228.631
229.146
229.667
230.194
230.726
231.264
231.807
232.354
232.907
233.464
234.026
234.592
235.162
235.734
236.311
236.89
237.472
238.055
238.641
239.227
239.816
240.404
240.993
241.579
242.163
242.742
243.321
243.897
244.472
245.045
245.616
246.183
246.748
247.309
247.866
248.418
248.967
249.51
250.048
250.58
251.106
251.626
252.14
252.647
253.147
253.639
254.124
254.601
255.07
255.53
255.981
256.423
256.856
257.279
257.693
258.098
258.493
258.877
259.252
259.617
259.972
260.305
247.877
247.089
246.343
245.636
244.959
244.309
243.683
243.075
242.478
241.902
241.408
240.955
240.53
240.133
239.764
239.422
239.109
238.825
238.569
238.342
238.144
237.976
237.837
237.726
237.646
237.595
237.572
237.574
237.601
237.651
237.722
237.814
237.912
238.026
238.155
238.299
238.457
238.628
238.813
239.01
239.219
239.439
239.671
239.913
240.167
240.43
240.703
240.984
241.276
241.575
241.882
242.197
242.519
242.848
243.183
243.524
243.871
244.222
244.579
244.939
245.304
245.67
246.037
246.402
246.769
247.139
247.512
247.888
248.266
248.646
249.028
249.41
249.795
250.18
250.565
250.951
251.337
251.722
252.107
252.49
252.873
253.253
253.633
254.009
254.384
254.756
255.125
255.491
255.853
256.212
256.567
256.918
257.264
257.606
257.944
258.276
258.603
258.924
259.236
259.549
184.859
186.448
188.015
189.561
191.102
192.647
194.207
195.796
197.44
199.107
200.609
202.039
203.456
204.867
206.273
207.672
209.062
210.442
211.812
213.169
214.514
215.844
217.159
218.458
219.74
221.005
222.252
223.48
224.693
225.89
227.061
228.168
229.25
230.317
231.371
232.413
233.444
234.463
235.471
236.468
237.454
238.428
239.392
240.344
241.285
242.215
243.134
244.041
244.937
245.822
246.695
247.557
248.406
249.244
250.07
250.884
251.685
252.475
253.252
254.016
254.767
255.503
256.219
256.925
257.616
258.293
258.959
259.613
260.255
260.884
261.501
262.106
262.698
263.276
263.842
264.395
264.935
265.461
265.974
266.474
266.96
267.432
267.891
268.336
268.768
269.186
269.589
269.98
270.356
270.718
271.067
271.401
271.722
272.03
272.323
272.603
272.869
273.122
273.353
273.606
303.323
301.737
299.95
298.181
296.45
294.735
293.018
291.288
289.484
287.577
286.12
284.699
283.266
281.872
280.521
279.214
277.95
276.733
275.564
274.444
273.376
272.359
271.394
270.48
269.617
268.806
268.047
267.34
266.686
266.073
265.479
265.003
264.528
264.05
263.606
263.201
262.83
262.492
262.187
261.914
261.671
261.459
261.276
261.121
260.993
260.891
260.815
260.763
260.734
260.727
260.741
260.775
260.828
260.899
260.987
261.09
261.209
261.341
261.487
261.646
261.81
261.969
262.151
262.361
262.545
262.733
262.937
263.154
263.381
263.617
263.862
264.116
264.377
264.646
264.921
265.201
265.488
265.778
266.074
266.372
266.674
266.979
267.286
267.595
267.905
268.216
268.528
268.839
269.151
269.462
269.771
270.08
270.386
270.691
270.993
271.294
271.59
271.876
272.147
272.742
89.8092
97.0997
102.331
108.351
114.854
121.571
128.572
136.224
143.332
145.598
147.499
152.169
157.147
161.888
166.571
171.213
175.813
180.353
184.835
189.246
193.59
197.855
202.046
206.153
210.181
214.115
217.956
221.75
225.57
229.053
231.316
233.592
236.759
239.673
242.479
245.229
247.929
250.57
253.155
255.681
258.151
260.562
262.916
265.212
267.452
269.632
271.758
273.825
275.836
277.791
279.69
281.533
283.321
285.054
286.736
288.367
289.945
291.468
292.945
294.378
295.716
296.829
297.931
299.34
300.532
301.633
302.708
303.751
304.758
305.727
306.661
307.558
308.421
309.249
310.043
310.804
311.533
312.23
312.896
313.532
314.138
314.715
315.264
315.787
316.282
316.753
317.199
317.621
318.019
318.396
318.752
319.087
319.403
319.699
319.979
320.244
320.485
320.646
320.761
322.134
305.175
304.84
304.604
304.477
304.397
304.346
304.329
304.341
304.384
304.451
304.547
304.664
304.806
304.968
305.151
305.357
305.575
305.801
306.055
306.327
306.616
306.917
307.234
307.563
307.907
308.262
308.631
309.011
309.404
309.81
310.227
310.612
310.972
311.451
311.988
312.457
312.923
313.403
313.893
314.391
314.898
315.414
315.937
316.471
317.02
317.569
318.003
318.414
319.117
319.885
320.474
321.047
321.64
322.246
322.86
323.49
324.145
324.781
325.145
325.574
326.607
327.646
328.336
329.021
329.774
330.41
330.405
331.73
333.349
333.049
291.323
291.379
291.774
292.191
292.576
292.951
293.331
293.708
294.085
294.46
294.836
295.21
295.586
295.964
296.344
296.726
297.111
297.496
297.886
298.278
298.673
299.07
299.47
299.873
300.28
300.689
301.102
301.518
301.938
302.361
302.788
303.217
303.648
304.085
304.529
304.972
305.418
305.868
306.322
306.78
307.243
307.71
308.181
308.657
309.138
309.624
310.109
310.594
311.095
311.605
312.104
312.608
313.117
313.634
314.155
314.683
315.218
315.76
316.29
316.824
317.398
317.98
318.539
319.107
319.694
320.288
320.843
321.498
322.248
322.612
285.625
285.865
286.336
286.806
287.257
287.705
288.156
288.603
289.05
289.494
289.938
290.38
290.822
291.262
291.703
292.141
292.58
293.016
293.452
293.887
294.321
294.754
295.186
295.618
296.049
296.479
296.909
297.338
297.768
298.197
298.627
299.056
299.483
299.909
300.336
300.761
301.184
301.609
302.032
302.456
302.88
303.304
303.727
304.151
304.575
305
305.423
305.843
306.262
306.681
307.095
307.51
307.924
308.34
308.755
309.171
309.587
310.004
310.419
310.827
311.233
311.639
312.039
312.44
312.846
313.255
313.659
314.055
314.495
314.797
278.865
279.147
279.65
280.147
280.624
281.099
281.578
282.054
282.53
283.004
283.478
283.951
284.425
284.897
285.369
285.84
286.312
286.782
287.252
287.72
288.189
288.656
289.124
289.59
290.056
290.522
290.987
291.452
291.918
292.383
292.848
293.312
293.775
294.237
294.698
295.156
295.614
296.072
296.529
296.986
297.443
297.901
298.358
298.816
299.274
299.733
300.191
300.645
301.097
301.55
301.995
302.442
302.889
303.337
303.786
304.237
304.688
305.142
305.593
306.037
306.48
306.921
307.354
307.79
308.232
308.679
309.116
309.555
310.03
310.357
274.01
274.315
274.836
275.349
275.841
276.33
276.822
277.31
277.797
278.282
278.768
279.252
279.736
280.218
280.701
281.182
281.664
282.143
282.623
283.101
283.579
284.056
284.532
285.007
285.482
285.957
286.431
286.905
287.379
287.853
288.327
288.801
289.273
289.743
290.213
290.679
291.144
291.61
292.076
292.542
293.008
293.475
293.941
294.409
294.877
295.346
295.815
296.279
296.741
297.202
297.656
298.112
298.569
299.029
299.489
299.952
300.416
300.884
301.349
301.807
302.263
302.715
303.159
303.61
304.068
304.534
304.99
305.447
305.939
306.285
269.066
269.39
269.929
270.456
270.96
271.46
271.964
272.464
272.964
273.462
273.961
274.458
274.955
275.451
275.947
276.441
276.936
277.43
277.923
278.416
278.908
279.399
279.89
280.38
280.871
281.361
281.851
282.341
282.831
283.322
283.814
284.305
284.795
285.283
285.77
286.254
286.737
287.222
287.707
288.192
288.678
289.165
289.652
290.141
290.63
291.122
291.613
292.101
292.583
293.064
293.538
294.015
294.493
294.973
295.455
295.939
296.425
296.916
297.404
297.883
298.357
298.824
299.285
299.754
300.231
300.717
301.195
301.67
302.176
302.542
265.306
265.648
266.198
266.735
267.247
267.756
268.267
268.775
269.283
269.788
270.294
270.799
271.303
271.806
272.309
272.811
273.313
273.814
274.315
274.815
275.314
275.812
276.31
276.808
277.305
277.803
278.3
278.797
279.295
279.793
280.292
280.791
281.288
281.783
282.276
282.766
283.255
283.747
284.237
284.73
285.221
285.715
286.209
286.705
287.201
287.701
288.2
288.695
289.183
289.668
290.147
290.63
291.114
291.602
292.09
292.582
293.075
293.574
294.071
294.559
295.039
295.509
295.976
296.452
296.938
297.433
297.923
298.406
298.917
299.293
261.998
262.348
262.898
263.433
263.944
264.454
264.965
265.475
265.985
266.492
267
267.507
268.013
268.519
269.024
269.529
270.034
270.538
271.042
271.545
272.048
272.549
273.051
273.552
274.053
274.554
275.055
275.556
276.058
276.561
277.064
277.568
278.071
278.57
279.066
279.559
280.053
280.548
281.043
281.539
282.036
282.534
283.033
283.533
284.035
284.54
285.045
285.545
286.038
286.526
287.009
287.496
287.985
288.478
288.973
289.471
289.973
290.481
290.989
291.487
291.973
292.45
292.924
293.41
293.907
294.417
294.921
295.419
295.938
296.329
259.358
259.715
260.267
260.803
261.317
261.828
262.342
262.853
263.364
263.873
264.382
264.89
265.398
265.905
266.411
266.918
267.424
267.929
268.435
268.939
269.442
269.945
270.448
270.95
271.452
271.954
272.456
272.958
273.461
273.965
274.47
274.975
275.479
275.979
276.474
276.968
277.462
277.958
278.453
278.95
279.447
279.946
280.446
280.948
281.451
281.957
282.464
282.967
283.46
283.947
284.43
284.917
285.408
285.902
286.398
286.898
287.402
287.913
288.424
288.925
289.411
289.886
290.361
290.848
291.348
291.862
292.37
292.872
293.391
293.788
257.515
257.875
258.42
258.952
259.46
259.966
260.474
260.981
261.486
261.99
262.494
262.997
263.5
264.002
264.504
265.005
265.507
266.008
266.508
267.008
267.506
268.004
268.502
268.999
269.496
269.994
270.491
270.989
271.488
271.988
272.488
272.991
273.491
273.987
274.478
274.968
275.458
275.951
276.443
276.936
277.431
277.927
278.425
278.925
279.426
279.931
280.437
280.939
281.43
281.913
282.393
282.878
283.366
283.857
284.351
284.849
285.352
285.861
286.371
286.871
287.352
287.82
288.289
288.772
289.268
289.78
290.288
290.787
291.297
291.693
255.868
256.233
256.775
257.302
257.805
258.306
258.809
259.31
259.81
260.309
260.808
261.307
261.806
262.304
262.801
263.299
263.796
264.294
264.791
265.287
265.782
266.277
266.771
267.266
267.76
268.255
268.749
269.245
269.741
270.238
270.736
271.237
271.734
272.228
272.716
273.203
273.69
274.179
274.668
275.159
275.65
276.144
276.638
277.135
277.633
278.136
278.64
279.139
279.626
280.104
280.579
281.06
281.544
282.031
282.521
283.016
283.515
284.022
284.529
285.026
285.503
285.964
286.428
286.908
287.402
287.912
288.419
288.918
289.423
289.821
255.522
255.885
256.411
256.923
257.412
257.899
258.388
258.876
259.363
259.851
260.337
260.824
261.309
261.795
262.28
262.765
263.249
263.734
264.217
264.7
265.182
265.664
266.144
266.626
267.106
267.587
268.069
268.551
269.033
269.517
270.002
270.489
270.974
271.454
271.927
272.399
272.872
273.347
273.822
274.298
274.775
275.254
275.735
276.218
276.703
277.192
277.683
278.169
278.641
279.103
279.562
280.029
280.498
280.971
281.448
281.93
282.417
282.913
283.411
283.898
284.361
284.807
285.259
285.728
286.212
286.716
287.217
287.71
288.202
288.593
254.618
254.976
255.492
255.993
256.471
256.949
257.428
257.907
258.385
258.863
259.341
259.819
260.296
260.773
261.25
261.727
262.204
262.681
263.158
263.634
264.109
264.584
265.058
265.533
266.007
266.482
266.957
267.434
267.91
268.388
268.868
269.349
269.828
270.303
270.77
271.235
271.702
272.171
272.64
273.111
273.583
274.057
274.532
275.01
275.49
275.974
276.46
276.942
277.409
277.864
278.318
278.779
279.244
279.713
280.185
280.663
281.146
281.638
282.133
282.617
283.075
283.516
283.963
284.429
284.911
285.413
285.912
286.405
286.893
287.287
256.193
256.54
257.03
257.508
257.966
258.423
258.881
259.34
259.796
260.253
260.709
261.164
261.619
262.074
262.528
262.981
263.435
263.888
264.341
264.793
265.243
265.693
266.142
266.592
267.04
267.49
267.94
268.391
268.842
269.294
269.748
270.205
270.658
271.107
271.547
271.986
272.426
272.868
273.311
273.755
274.2
274.648
275.097
275.549
276.004
276.463
276.924
277.38
277.82
278.246
278.671
279.105
279.541
279.983
280.428
280.879
281.336
281.803
282.273
282.732
283.159
283.567
283.983
284.42
284.874
285.351
285.828
286.294
286.748
287.115
255.636
255.965
256.438
256.902
257.345
257.788
258.232
258.676
259.119
259.563
260.006
260.45
260.893
261.337
261.779
262.223
262.666
263.11
263.552
263.995
264.436
264.877
265.317
265.758
266.199
266.64
267.082
267.525
267.968
268.414
268.861
269.31
269.757
270.198
270.631
271.063
271.498
271.934
272.37
272.809
273.248
273.69
274.134
274.581
275.031
275.485
275.942
276.394
276.83
277.251
277.673
278.103
278.536
278.975
279.417
279.865
280.319
280.784
281.252
281.708
282.135
282.542
282.957
283.393
283.847
284.324
284.799
285.269
285.722
286.098
260.696
260.995
261.423
261.848
262.254
262.657
263.061
263.465
263.867
264.269
264.669
265.069
265.468
265.866
266.263
266.659
267.055
267.45
267.844
268.237
268.628
269.018
269.407
269.797
270.185
270.574
270.963
271.352
271.742
272.134
272.527
272.923
273.316
273.701
274.077
274.451
274.828
275.206
275.584
275.964
276.346
276.73
277.115
277.505
277.897
278.294
278.694
279.088
279.462
279.818
280.175
280.541
280.911
281.286
281.667
282.054
282.448
282.854
283.266
283.663
284.02
284.354
284.7
285.07
285.461
285.88
286.303
286.709
287.089
287.402
259.895
260.093
260.477
260.885
261.27
261.648
262.028
262.408
262.787
263.166
263.543
263.92
264.296
264.672
265.047
265.422
265.796
266.171
266.545
266.917
267.288
267.659
268.029
268.4
268.77
269.141
269.513
269.886
270.259
270.635
271.013
271.393
271.772
272.144
272.505
272.866
273.231
273.597
273.965
274.335
274.707
275.082
275.46
275.841
276.226
276.617
277.011
277.401
277.771
278.125
278.481
278.847
279.218
279.594
279.976
280.365
280.761
281.169
281.582
281.984
282.35
282.696
283.054
283.436
283.836
284.263
284.69
285.112
285.509
285.848
273.957
274.037
274.311
274.631
274.926
275.208
275.488
275.765
276.038
276.308
276.574
276.837
277.095
277.351
277.603
277.852
278.098
278.343
278.583
278.82
279.052
279.282
279.509
279.734
279.957
280.179
280.4
280.621
280.842
281.063
281.286
281.512
281.734
281.942
282.135
282.328
282.522
282.718
282.915
283.113
283.314
283.518
283.725
283.937
284.153
284.376
284.605
284.825
285.013
285.175
285.343
285.522
285.708
285.903
286.106
286.32
286.546
286.787
287.04
287.271
287.442
287.583
287.747
287.945
288.173
288.44
288.725
288.971
289.176
289.351
273.178
272.106
272.131
272.52
272.802
273.021
273.24
273.465
273.685
273.9
274.11
274.317
274.519
274.719
274.915
275.107
275.297
275.486
275.671
275.852
276.029
276.205
276.378
276.549
276.719
276.889
277.058
277.228
277.398
277.57
277.744
277.921
278.096
278.256
278.4
278.547
278.697
278.85
279.005
279.163
279.324
279.49
279.66
279.835
280.017
280.206
280.403
280.593
280.752
280.891
281.039
281.2
281.37
281.549
281.738
281.939
282.152
282.38
282.62
282.843
283.021
283.181
283.364
283.576
283.816
284.089
284.37
284.629
284.881
285.065
323.878
320.056
318.823
318.731
318.432
317.954
317.479
317.027
316.573
316.114
315.651
315.187
314.719
314.25
313.777
313.301
312.825
312.348
311.867
311.382
310.893
310.403
309.91
309.417
308.923
308.429
307.937
307.446
306.957
306.472
305.99
305.514
305.031
304.51
303.952
303.398
302.844
302.291
301.737
301.186
300.637
300.094
299.555
299.023
298.498
297.984
297.481
296.954
296.331
295.641
294.961
294.294
293.634
292.986
292.352
291.736
291.14
290.569
290.029
289.421
288.616
287.724
286.889
286.121
285.421
284.803
284.276
283.524
282.644
281.927
327.409
318.575
312.115
307.462
303.955
301.254
299.162
297.521
296.205
295.129
294.231
293.47
292.815
292.246
291.748
291.31
290.923
290.58
290.275
290.004
289.762
289.546
289.353
289.181
289.027
288.89
288.767
288.658
288.56
288.474
288.397
288.329
288.269
288.216
288.17
288.129
288.094
288.063
288.036
288.014
287.994
287.978
287.964
287.953
287.944
287.937
287.932
287.927
287.925
287.923
287.922
287.922
287.922
287.923
287.924
287.925
287.926
287.927
287.928
287.929
287.929
287.929
287.929
287.928
287.926
287.924
287.921
287.917
287.914
287.91
287.906
287.902
287.899
287.895
287.888
321.562
316.839
312.482
308.944
305.856
303.157
300.899
299.051
297.533
296.278
295.233
294.354
293.608
292.966
292.408
291.92
291.488
291.106
290.766
290.463
290.193
289.951
289.735
289.542
289.369
289.214
289.075
288.95
288.839
288.739
288.65
288.571
288.5
288.436
288.38
288.33
288.286
288.247
288.213
288.183
288.156
288.133
288.113
288.096
288.081
288.068
288.057
288.048
288.04
288.034
288.029
288.024
288.02
288.017
288.015
288.012
288.01
288.008
288.005
288.003
288
287.997
287.994
287.99
287.985
287.98
287.974
287.968
287.961
287.953
287.945
287.937
287.929
287.919
287.899
314.956
312.279
309.464
307.305
305.372
303.458
301.658
300.043
298.607
297.333
296.212
295.236
294.392
293.663
293.032
292.485
292.006
291.586
291.216
290.887
290.596
290.335
290.103
289.894
289.706
289.538
289.386
289.249
289.126
289.015
288.915
288.825
288.744
288.672
288.607
288.548
288.496
288.45
288.408
288.371
288.338
288.309
288.283
288.26
288.239
288.221
288.205
288.191
288.179
288.167
288.158
288.149
288.141
288.134
288.127
288.121
288.115
288.11
288.104
288.099
288.093
288.086
288.08
288.073
288.065
288.057
288.047
288.037
288.026
288.013
288
287.985
287.969
287.949
287.911
310.905
309.274
307.281
305.638
304.097
302.541
301.083
299.797
298.658
297.626
296.682
295.821
295.039
294.331
293.694
293.12
292.604
292.142
291.729
291.361
291.035
290.746
290.49
290.263
290.061
289.88
289.718
289.571
289.439
289.32
289.211
289.113
289.023
288.942
288.869
288.802
288.742
288.688
288.638
288.594
288.555
288.519
288.487
288.458
288.432
288.408
288.387
288.368
288.351
288.335
288.32
288.307
288.295
288.284
288.274
288.264
288.254
288.245
288.236
288.227
288.217
288.208
288.198
288.187
288.176
288.164
288.151
288.136
288.119
288.101
288.08
288.057
288.032
288
287.94
307.077
305.862
304.415
303.379
302.402
301.309
300.198
299.162
298.209
297.323
296.504
295.756
295.081
294.474
293.928
293.434
292.983
292.569
292.187
291.834
291.51
291.213
290.943
290.698
290.476
290.277
290.098
289.936
289.791
289.66
289.541
289.434
289.336
289.248
289.167
289.094
289.027
288.966
288.91
288.859
288.812
288.77
288.731
288.695
288.663
288.634
288.607
288.582
288.56
288.539
288.519
288.501
288.485
288.469
288.454
288.44
288.427
288.414
288.401
288.389
288.376
288.363
288.35
288.336
288.321
288.305
288.288
288.268
288.247
288.223
288.196
288.165
288.13
288.089
288.007
303.577
302.718
301.653
301.03
300.445
299.707
298.918
298.174
297.478
296.81
296.167
295.554
294.98
294.448
293.96
293.515
293.109
292.738
292.398
292.087
291.801
291.539
291.299
291.079
290.876
290.69
290.519
290.361
290.214
290.078
289.951
289.833
289.724
289.624
289.532
289.447
289.369
289.298
289.233
289.173
289.118
289.068
289.022
288.98
288.942
288.906
288.874
288.844
288.816
288.79
288.765
288.742
288.72
288.699
288.68
288.661
288.643
288.626
288.609
288.592
288.575
288.559
288.542
288.525
288.506
288.487
288.467
288.444
288.419
288.391
288.36
288.323
288.282
288.235
288.137
300.488
299.882
299.087
298.763
298.478
298.02
297.489
296.977
296.49
296.008
295.53
295.066
294.622
294.206
293.817
293.456
293.12
292.806
292.511
292.236
291.978
291.738
291.517
291.314
291.128
290.959
290.806
290.666
290.538
290.419
290.308
290.204
290.105
290.012
289.923
289.839
289.76
289.685
289.613
289.546
289.482
289.422
289.366
289.314
289.266
289.222
289.181
289.144
289.11
289.078
289.048
289.02
288.994
288.969
288.945
288.922
288.9
288.878
288.858
288.837
288.817
288.798
288.778
288.758
288.737
288.715
288.693
288.668
288.642
288.613
288.58
288.543
288.501
288.455
288.352
297.694
297.301
296.725
296.646
296.609
296.388
296.077
295.77
295.469
295.157
294.832
294.503
294.18
293.87
293.575
293.296
293.034
292.786
292.551
292.328
292.117
291.917
291.729
291.553
291.389
291.237
291.096
290.967
290.847
290.736
290.631
290.533
290.441
290.354
290.272
290.194
290.122
290.053
289.987
289.924
289.863
289.805
289.749
289.695
289.643
289.594
289.548
289.505
289.464
289.426
289.39
289.355
289.322
289.291
289.261
289.232
289.204
289.177
289.151
289.126
289.102
289.079
289.056
289.034
289.012
288.99
288.967
288.943
288.918
288.891
288.862
288.83
288.794
288.758
288.667
295.266
295.029
294.614
294.716
294.868
294.831
294.695
294.554
294.41
294.243
294.052
293.847
293.637
293.428
293.224
293.028
292.839
292.658
292.482
292.312
292.147
291.99
291.839
291.695
291.56
291.434
291.316
291.207
291.105
291.009
290.918
290.831
290.748
290.668
290.591
290.517
290.447
290.379
290.315
290.253
290.193
290.135
290.078
290.024
289.973
289.924
289.878
289.835
289.795
289.757
289.722
289.689
289.657
289.626
289.595
289.565
289.536
289.507
289.479
289.451
289.425
289.399
289.374
289.35
289.326
289.304
289.281
289.259
289.237
289.215
289.192
289.17
289.146
289.127
289.065
293.23
293.114
292.829
293.075
293.377
293.488
293.497
293.494
293.481
293.439
293.364
293.268
293.159
293.042
292.922
292.801
292.682
292.562
292.443
292.324
292.205
292.088
291.973
291.861
291.754
291.651
291.554
291.463
291.377
291.295
291.216
291.14
291.066
290.994
290.925
290.858
290.793
290.73
290.669
290.609
290.551
290.493
290.436
290.38
290.326
290.273
290.223
290.176
290.133
290.092
290.054
290.018
289.984
289.952
289.921
289.891
289.861
289.833
289.805
289.778
289.752
289.728
289.705
289.683
289.662
289.642
289.624
289.607
289.591
289.577
289.564
289.553
289.545
289.543
289.525
291.445
291.409
291.203
291.55
291.963
292.186
292.307
292.415
292.511
292.574
292.601
292.603
292.586
292.555
292.516
292.47
292.419
292.363
292.302
292.236
292.167
292.094
292.018
291.941
291.865
291.79
291.717
291.647
291.58
291.514
291.45
291.387
291.324
291.262
291.202
291.142
291.083
291.026
290.969
290.914
290.858
290.803
290.747
290.693
290.639
290.586
290.536
290.488
290.444
290.402
290.364
290.328
290.293
290.261
290.229
290.199
290.169
290.14
290.112
290.085
290.059
290.034
290.012
289.991
289.972
289.956
289.942
289.93
289.921
289.914
289.911
289.912
289.918
289.929
289.956
290.2
290.214
290.076
290.492
290.977
291.279
291.481
291.671
291.848
291.992
292.1
292.179
292.236
292.276
292.302
292.317
292.322
292.319
292.306
292.285
292.256
292.219
292.176
292.128
292.076
292.023
291.969
291.915
291.861
291.807
291.753
291.698
291.643
291.587
291.531
291.475
291.42
291.365
291.31
291.255
291.2
291.144
291.088
291.031
290.975
290.921
290.868
290.818
290.771
290.727
290.686
290.648
290.612
290.578
290.546
290.514
290.484
290.455
290.426
290.399
290.374
290.35
290.328
290.309
290.292
290.278
290.266
290.258
290.253
290.252
290.254
290.26
290.274
290.287
290.335
288.991
289.003
288.856
289.299
289.831
290.192
290.46
290.723
290.977
291.2
291.389
291.548
291.684
291.799
291.897
291.979
292.048
292.103
292.145
292.175
292.192
292.197
292.193
292.179
292.159
292.133
292.103
292.071
292.036
291.998
291.959
291.917
291.874
291.828
291.782
291.734
291.685
291.636
291.586
291.535
291.482
291.429
291.375
291.319
291.264
291.21
291.157
291.106
291.058
291.013
290.972
290.933
290.896
290.862
290.829
290.798
290.767
290.738
290.71
290.683
290.658
290.634
290.614
290.595
290.58
290.568
290.56
290.555
290.554
290.556
290.563
290.574
290.591
290.607
290.658
288.622
288.598
288.457
288.889
289.417
289.788
290.08
290.375
290.67
290.939
291.178
291.389
291.577
291.743
291.889
292.017
292.128
292.222
292.3
292.362
292.408
292.44
292.457
292.463
292.459
292.446
292.428
292.404
292.376
292.344
292.308
292.269
292.228
292.183
292.137
292.089
292.04
291.989
291.937
291.884
291.83
291.773
291.716
291.658
291.599
291.541
291.485
291.43
291.379
291.331
291.285
291.243
291.204
291.167
291.131
291.097
291.065
291.034
291.004
290.976
290.95
290.927
290.906
290.888
290.873
290.862
290.854
290.851
290.851
290.856
290.865
290.877
290.896
290.913
290.964
287.773
287.615
287.335
287.728
288.275
288.692
289.044
289.411
289.784
290.137
290.459
290.753
291.021
291.264
291.482
291.676
291.849
292.001
292.133
292.244
292.335
292.408
292.462
292.502
292.527
292.542
292.547
292.544
292.534
292.518
292.497
292.471
292.44
292.405
292.367
292.327
292.283
292.238
292.191
292.142
292.09
292.036
291.981
291.924
291.866
291.809
291.753
291.698
291.646
291.597
291.551
291.508
291.467
291.429
291.393
291.359
291.326
291.294
291.264
291.236
291.211
291.187
291.167
291.149
291.136
291.126
291.12
291.118
291.12
291.126
291.137
291.151
291.171
291.189
291.239
288.487
288.094
287.703
287.951
288.379
288.732
289.068
289.448
289.853
290.247
290.616
290.959
291.274
291.558
291.813
292.038
292.237
292.41
292.558
292.682
292.783
292.862
292.921
292.962
292.987
292.999
293.001
292.993
292.978
292.956
292.928
292.894
292.856
292.814
292.769
292.721
292.671
292.618
292.564
292.508
292.45
292.389
292.328
292.265
292.202
292.139
292.077
292.017
291.96
291.905
291.854
291.806
291.761
291.719
291.679
291.641
291.605
291.571
291.538
291.508
291.481
291.456
291.435
291.417
291.402
291.392
291.386
291.385
291.387
291.394
291.405
291.42
291.44
291.458
291.507
287.31
286.534
285.92
286.239
286.793
287.257
287.711
288.221
288.754
289.27
289.755
290.208
290.626
291.005
291.347
291.652
291.922
292.16
292.368
292.546
292.695
292.818
292.916
292.991
293.048
293.088
293.113
293.127
293.13
293.124
293.109
293.088
293.061
293.028
292.99
292.949
292.904
292.856
292.804
292.751
292.694
292.636
292.575
292.513
292.45
292.387
292.325
292.265
292.207
292.151
292.099
292.05
292.003
291.959
291.917
291.878
291.84
291.805
291.772
291.741
291.713
291.688
291.666
291.648
291.634
291.625
291.62
291.619
291.623
291.631
291.643
291.659
291.68
291.699
291.748
289.085
287.08
286.044
286.187
286.717
287.289
287.912
288.591
289.276
289.922
290.51
291.037
291.503
291.909
292.26
292.56
292.815
293.032
293.213
293.361
293.481
293.572
293.64
293.686
293.713
293.725
293.724
293.712
293.691
293.663
293.628
293.587
293.541
293.492
293.438
293.381
293.322
293.26
293.196
293.13
293.062
292.992
292.922
292.85
292.779
292.708
292.638
292.57
292.506
292.444
292.385
292.33
292.277
292.228
292.181
292.137
292.095
292.056
292.019
291.985
291.954
291.927
291.903
291.884
291.869
291.859
291.854
291.854
291.858
291.867
291.881
291.898
291.92
291.94
291.985
285.066
283.964
283.434
283.446
283.934
284.747
285.669
286.599
287.515
288.394
289.208
289.94
290.59
291.158
291.651
292.076
292.439
292.748
293.01
293.228
293.407
293.551
293.663
293.747
293.806
293.845
293.867
293.874
293.869
293.854
293.831
293.801
293.764
293.721
293.674
293.621
293.565
293.505
293.441
293.375
293.306
293.235
293.163
293.089
293.016
292.943
292.871
292.801
292.734
292.67
292.609
292.551
292.496
292.444
292.395
292.348
292.303
292.261
292.222
292.185
292.152
292.123
292.099
292.079
292.064
292.054
292.049
292.05
292.056
292.067
292.083
292.103
292.128
292.151
292.199
271.918
274.619
279.128
281.257
283.065
285.071
286.863
288.323
289.539
290.561
291.404
292.091
292.649
293.101
293.465
293.756
293.989
294.176
294.323
294.438
294.523
294.581
294.617
294.631
294.628
294.609
294.579
294.539
294.492
294.439
294.383
294.323
294.26
294.194
294.126
294.054
293.979
293.902
293.822
293.741
293.658
293.574
293.489
293.404
293.32
293.237
293.156
293.077
293.002
292.93
292.862
292.798
292.737
292.68
292.625
292.572
292.522
292.475
292.431
292.39
292.354
292.321
292.294
292.272
292.256
292.246
292.241
292.243
292.25
292.263
292.282
292.307
292.34
292.371
292.441
266.296
267.008
267.61
271.166
275.431
278.902
281.69
284.135
286.272
288.048
289.486
290.647
291.583
292.33
292.923
293.393
293.766
294.063
294.298
294.482
294.624
294.727
294.798
294.84
294.856
294.852
294.83
294.796
294.752
294.702
294.647
294.588
294.525
294.459
294.389
294.316
294.238
294.157
294.073
293.986
293.897
293.807
293.716
293.625
293.535
293.445
293.358
293.274
293.194
293.117
293.045
292.977
292.912
292.85
292.791
292.734
292.68
292.628
292.58
292.534
292.494
292.458
292.427
292.402
292.384
292.372
292.367
292.369
292.377
292.392
292.416
292.446
292.491
292.53
292.672
273.861
273.858
274.675
279.647
284.059
286.58
288.28
289.797
291.101
292.111
292.878
293.476
293.945
294.304
294.576
294.782
294.94
295.061
295.155
295.225
295.275
295.304
295.314
295.305
295.278
295.236
295.181
295.118
295.05
294.98
294.908
294.836
294.763
294.689
294.613
294.534
294.452
294.366
294.278
294.187
294.094
294
293.905
293.809
293.714
293.621
293.53
293.441
293.356
293.276
293.201
293.13
293.064
293
292.94
292.882
292.827
292.773
292.723
292.676
292.634
292.597
292.566
292.542
292.524
292.513
292.509
292.512
292.522
292.539
292.565
292.598
292.648
292.693
292.846
291.227
288.906
287.183
287.763
288.637
289.066
289.459
290.054
290.746
291.417
292.042
292.62
293.143
293.601
293.993
294.327
294.61
294.849
295.051
295.218
295.352
295.454
295.524
295.563
295.574
295.559
295.525
295.474
295.414
295.347
295.277
295.204
295.129
295.051
294.971
294.887
294.799
294.707
294.611
294.513
294.412
294.309
294.205
294.1
293.996
293.893
293.792
293.696
293.604
293.517
293.435
293.358
293.284
293.215
293.148
293.083
293.02
292.96
292.903
292.849
292.799
292.755
292.718
292.687
292.664
292.647
292.638
292.636
292.641
292.652
292.67
292.694
292.727
292.76
292.83
295.448
293.761
292.841
292.82
293.201
293.632
294.087
294.591
295.103
295.57
295.975
296.316
296.594
296.81
296.971
297.084
297.16
297.208
297.233
297.24
297.227
297.195
297.143
297.07
296.977
296.868
296.745
296.613
296.478
296.342
296.207
296.076
295.947
295.822
295.697
295.573
295.448
295.322
295.196
295.068
294.94
294.811
294.683
294.556
294.431
294.308
294.19
294.076
293.968
293.866
293.769
293.678
293.591
293.509
293.43
293.354
293.281
293.21
293.142
293.078
293.018
292.965
292.917
292.878
292.845
292.821
292.803
292.793
292.789
292.791
292.797
292.809
292.822
292.84
292.835
292.493
292.608
292.442
293.117
293.996
294.678
295.207
295.683
296.121
296.502
296.823
297.092
297.312
297.486
297.618
297.714
297.782
297.828
297.856
297.868
297.861
297.833
297.784
297.712
297.618
297.505
297.377
297.239
297.094
296.946
296.799
296.653
296.509
296.368
296.227
296.088
295.947
295.806
295.664
295.521
295.377
295.232
295.088
294.944
294.802
294.663
294.527
294.396
294.27
294.151
294.039
293.933
293.834
293.739
293.649
293.562
293.478
293.397
293.318
293.244
293.174
293.111
293.054
293.004
292.963
292.929
292.903
292.885
292.873
292.867
292.867
292.872
292.88
292.891
292.901
296.832
296.843
296.749
297.134
297.612
297.95
298.206
298.451
298.684
298.885
299.05
299.182
299.28
299.345
299.377
299.381
299.363
299.329
299.281
299.219
299.141
299.045
298.93
298.797
298.646
298.479
298.301
298.114
297.924
297.733
297.543
297.357
297.176
296.998
296.824
296.653
296.483
296.315
296.148
295.981
295.814
295.648
295.483
295.319
295.157
294.998
294.844
294.696
294.555
294.422
294.296
294.177
294.065
293.958
293.856
293.757
293.662
293.57
293.481
293.396
293.317
293.243
293.176
293.117
293.066
293.024
292.99
292.963
292.945
292.933
292.928
292.93
292.939
292.95
292.992
297.485
297.467
297.235
297.771
298.433
298.884
299.201
299.477
299.715
299.899
300.033
300.125
300.18
300.2
300.188
300.151
300.093
300.021
299.936
299.838
299.725
299.598
299.454
299.295
299.121
298.935
298.739
298.537
298.331
298.124
297.919
297.718
297.521
297.328
297.14
296.955
296.772
296.591
296.412
296.234
296.056
295.879
295.703
295.528
295.357
295.189
295.026
294.87
294.72
294.578
294.444
294.316
294.195
294.08
293.969
293.862
293.759
293.659
293.563
293.471
293.384
293.303
293.229
293.162
293.104
293.054
293.013
292.98
292.955
292.939
292.93
292.929
292.938
292.949
293.005
301.37
301.137
300.868
301.201
301.616
301.846
301.964
302.053
302.111
302.126
302.104
302.052
301.976
301.877
301.757
301.621
301.472
301.314
301.146
300.97
300.784
300.589
300.382
300.167
299.942
299.709
299.471
299.229
298.986
298.744
298.504
298.27
298.041
297.819
297.603
297.392
297.186
296.983
296.782
296.584
296.387
296.192
295.998
295.807
295.62
295.437
295.261
295.09
294.928
294.773
294.625
294.485
294.352
294.224
294.102
293.984
293.87
293.76
293.654
293.553
293.457
293.367
293.283
293.208
293.14
293.081
293.03
292.989
292.956
292.932
292.916
292.91
292.915
292.922
292.974
302.982
302.792
302.451
302.79
303.22
303.44
303.527
303.569
303.571
303.523
303.433
303.313
303.17
303.006
302.823
302.624
302.413
302.192
301.963
301.728
301.487
301.239
300.986
300.728
300.466
300.2
299.931
299.66
299.39
299.121
298.857
298.598
298.347
298.103
297.866
297.637
297.413
297.195
296.98
296.768
296.558
296.351
296.147
295.946
295.75
295.559
295.374
295.196
295.026
294.863
294.707
294.558
294.416
294.279
294.148
294.022
293.901
293.784
293.671
293.563
293.46
293.363
293.272
293.188
293.112
293.045
292.985
292.935
292.893
292.861
292.838
292.824
292.823
292.826
292.872
306.554
306.199
305.775
305.926
306.149
306.184
306.1
305.975
305.815
305.615
305.382
305.131
304.865
304.587
304.297
303.997
303.69
303.378
303.063
302.748
302.432
302.116
301.803
301.49
301.179
300.869
300.56
300.251
299.945
299.642
299.344
299.054
298.772
298.5
298.237
297.983
297.737
297.497
297.261
297.031
296.803
296.58
296.36
296.146
295.936
295.733
295.537
295.347
295.165
294.99
294.822
294.662
294.508
294.36
294.218
294.081
293.949
293.823
293.701
293.583
293.471
293.365
293.264
293.17
293.083
293.005
292.934
292.872
292.818
292.774
292.739
292.714
292.702
292.696
292.731
308.982
308.592
308.074
308.149
308.291
308.233
308.045
307.811
307.54
307.231
306.893
306.541
306.18
305.811
305.434
305.05
304.662
304.272
303.884
303.499
303.12
302.747
302.381
302.021
301.668
301.319
300.974
300.632
300.294
299.961
299.636
299.321
299.016
298.722
298.44
298.167
297.904
297.648
297.398
297.153
296.914
296.679
296.449
296.225
296.007
295.796
295.592
295.395
295.205
295.023
294.847
294.678
294.515
294.359
294.209
294.064
293.925
293.79
293.66
293.535
293.414
293.299
293.189
293.085
292.987
292.897
292.814
292.738
292.671
292.611
292.561
292.521
292.493
292.477
292.487
312.578
312.02
311.377
311.253
311.18
310.921
310.544
310.128
309.685
309.214
308.726
308.235
307.744
307.253
306.762
306.272
305.784
305.303
304.83
304.368
303.918
303.482
303.059
302.648
302.248
301.855
301.469
301.089
300.715
300.35
299.994
299.65
299.32
299.003
298.698
298.406
298.123
297.849
297.582
297.321
297.066
296.817
296.575
296.339
296.111
295.889
295.675
295.467
295.267
295.073
294.887
294.707
294.533
294.366
294.205
294.05
293.9
293.755
293.615
293.479
293.348
293.222
293.101
292.986
292.877
292.773
292.676
292.585
292.501
292.423
292.353
292.291
292.238
292.2
292.152
315.579
314.928
314.148
313.869
313.631
313.204
312.66
312.08
311.48
310.861
310.236
309.616
309.006
308.403
307.807
307.22
306.642
306.077
305.529
304.998
304.488
303.996
303.524
303.067
302.625
302.194
301.773
301.361
300.958
300.567
300.188
299.823
299.474
299.138
298.817
298.507
298.207
297.917
297.634
297.358
297.09
296.829
296.576
296.331
296.093
295.864
295.642
295.427
295.22
295.02
294.827
294.64
294.46
294.287
294.119
293.956
293.798
293.645
293.496
293.352
293.212
293.076
292.945
292.819
292.698
292.581
292.47
292.363
292.26
292.162
292.069
291.981
291.897
291.826
291.712
319.397
318.543
317.572
317.035
316.526
315.847
315.068
314.269
313.465
312.659
311.863
311.086
310.331
309.597
308.883
308.187
307.513
306.863
306.239
305.641
305.069
304.523
303.999
303.494
303.007
302.533
302.073
301.625
301.19
300.77
300.367
299.98
299.611
299.257
298.918
298.592
298.276
297.971
297.675
297.387
297.108
296.837
296.575
296.321
296.074
295.836
295.604
295.38
295.163
294.953
294.75
294.554
294.364
294.18
294.002
293.83
293.663
293.501
293.344
293.192
293.045
292.903
292.765
292.632
292.503
292.379
292.257
292.139
292.024
291.911
291.799
291.689
291.578
291.473
291.311
322.872
321.818
320.602
319.803
319.032
318.102
317.087
316.068
315.065
314.08
313.123
312.202
311.318
310.466
309.645
308.853
308.093
307.365
306.672
306.012
305.384
304.787
304.218
303.672
303.148
302.643
302.156
301.686
301.234
300.8
300.384
299.986
299.604
299.236
298.882
298.54
298.209
297.888
297.577
297.276
296.984
296.703
296.431
296.169
295.916
295.672
295.437
295.21
294.991
294.78
294.577
294.381
294.191
294.008
293.831
293.659
293.493
293.331
293.174
293.022
292.875
292.731
292.591
292.455
292.322
292.192
292.064
291.938
291.813
291.688
291.563
291.437
291.308
291.176
290.991
327.088
325.686
324.112
322.905
321.75
320.481
319.163
317.867
316.611
315.398
314.236
313.135
312.094
311.109
310.178
309.298
308.467
307.682
306.942
306.242
305.579
304.947
304.342
303.762
303.204
302.667
302.15
301.654
301.179
300.724
300.289
299.874
299.476
299.095
298.73
298.379
298.042
297.717
297.406
297.106
296.818
296.54
296.273
296.015
295.767
295.527
295.295
295.071
294.855
294.646
294.443
294.247
294.057
293.872
293.693
293.52
293.352
293.188
293.03
292.876
292.726
292.58
292.438
292.299
292.163
292.03
291.898
291.769
291.639
291.51
291.379
291.247
291.11
290.967
290.782
330.918
329.186
327.181
325.507
323.886
322.184
320.496
318.904
317.419
316.033
314.74
313.535
312.408
311.348
310.35
309.408
308.519
307.68
306.889
306.141
305.433
304.762
304.125
303.521
302.948
302.403
301.886
301.395
300.929
300.485
300.061
299.657
299.269
298.898
298.541
298.197
297.867
297.548
297.241
296.946
296.66
296.385
296.12
295.863
295.616
295.377
295.145
294.922
294.706
294.497
294.295
294.099
293.909
293.725
293.547
293.375
293.207
293.045
292.887
292.734
292.584
292.439
292.297
292.158
292.023
291.89
291.759
291.63
291.501
291.373
291.245
291.114
290.981
290.839
290.673
335.303
332.537
329.678
327.378
325.306
323.264
321.301
319.469
317.77
316.194
314.739
313.399
312.165
311.028
309.977
309.007
308.109
307.274
306.496
305.768
305.084
304.439
303.828
303.249
302.698
302.174
301.674
301.197
300.741
300.304
299.886
299.484
299.098
298.728
298.372
298.029
297.699
297.382
297.077
296.783
296.5
296.227
295.964
295.709
295.464
295.227
294.998
294.777
294.563
294.355
294.155
293.961
293.772
293.59
293.413
293.242
293.076
292.914
292.757
292.605
292.456
292.312
292.171
292.034
291.9
291.769
291.641
291.515
291.39
291.268
291.146
291.025
290.902
290.772
290.635
339.742
335.811
331.998
328.81
325.913
323.238
320.853
318.765
316.934
315.321
313.89
312.611
311.455
310.401
309.432
308.533
307.695
306.909
306.168
305.467
304.804
304.174
303.575
303.005
302.462
301.944
301.449
300.977
300.525
300.093
299.679
299.282
298.901
298.535
298.184
297.846
297.522
297.209
296.908
296.618
296.338
296.069
295.809
295.557
295.315
295.08
294.854
294.635
294.423
294.218
294.019
293.827
293.641
293.461
293.286
293.117
292.952
292.793
292.638
292.487
292.341
292.198
292.06
291.925
291.793
291.665
291.54
291.418
291.298
291.182
291.068
290.957
290.847
290.733
290.63
344.461
337.225
331.726
327.583
324.289
321.59
319.35
317.459
315.83
314.398
313.118
311.955
310.887
309.899
308.976
308.113
307.3
306.534
305.811
305.126
304.477
303.86
303.274
302.717
302.185
301.678
301.194
300.731
300.288
299.863
299.457
299.066
298.692
298.332
297.986
297.653
297.333
297.026
296.729
296.443
296.167
295.902
295.645
295.398
295.158
294.927
294.704
294.488
294.279
294.077
293.882
293.693
293.509
293.332
293.16
292.993
292.831
292.673
292.521
292.373
292.228
292.088
291.952
291.82
291.691
291.565
291.443
291.325
291.21
291.098
290.992
290.89
290.793
290.698
290.627
143.876
146.571
151.36
155.246
158.606
161.957
165.311
168.583
171.767
174.875
177.917
180.89
183.8
186.643
189.426
192.146
194.812
197.435
200.01
202.525
204.983
207.378
209.711
211.975
214.176
216.304
218.367
220.357
222.279
224.128
225.911
227.623
229.286
230.906
232.517
234.09
235.615
237.071
238.466
239.796
241.068
242.276
243.427
244.517
245.552
246.53
247.467
248.375
249.249
250.108
250.96
251.765
252.513
253.203
253.846
254.438
254.988
255.495
255.995
256.463
256.873
257.276
257.68
258.041
258.351
258.631
258.968
259.167
259.212
259.377
277.606
279.249
279.289
278.796
278.454
278.199
277.917
277.611
277.296
276.978
276.654
276.326
275.993
275.659
275.323
274.987
274.648
274.303
273.949
273.589
273.224
272.857
272.49
272.123
271.76
271.401
271.049
270.706
270.374
270.054
269.749
269.463
269.204
268.87
268.463
268.076
267.714
267.366
267.034
266.719
266.426
266.155
265.909
265.689
265.497
265.336
265.22
265.129
264.856
264.458
264.146
263.899
263.687
263.508
263.372
263.28
263.236
263.244
263.357
263.397
263.104
262.739
262.574
262.533
262.573
262.728
263.174
263.07
262.704
262.581
213.196
214.814
215.975
216.923
217.908
218.929
219.95
220.969
221.99
223.016
224.047
225.083
226.125
227.173
228.231
229.297
230.374
231.461
232.559
233.663
234.776
235.894
237.019
238.148
239.281
240.417
241.556
242.694
243.834
244.972
246.109
247.245
248.365
249.515
250.689
251.841
252.992
254.144
255.294
256.439
257.58
258.713
259.841
260.961
262.073
263.178
264.273
265.346
266.467
267.607
268.704
269.793
270.878
271.951
273.013
274.062
275.102
276.135
277.146
278.146
279.198
280.237
281.222
282.2
283.177
284.156
285.083
286.069
287.178
287.989
274.61
274.993
275.223
275.403
275.602
275.814
276.028
276.244
276.462
276.683
276.907
277.132
277.359
277.587
277.817
278.047
278.278
278.506
278.734
278.961
279.19
279.42
279.653
279.889
280.13
280.375
280.626
280.884
281.149
281.422
281.704
281.997
282.292
282.579
282.845
283.103
283.369
283.645
283.93
284.224
284.528
284.843
285.171
285.511
285.865
286.235
286.618
286.996
287.361
287.686
287.995
288.326
288.679
289.051
289.441
289.852
290.286
290.745
291.211
291.669
292.107
292.48
292.849
293.272
293.749
294.278
294.771
295.357
295.928
296.377
240.393
241.071
241.824
242.519
243.195
243.877
244.562
245.247
245.933
246.62
247.309
248
248.693
249.389
250.087
250.789
251.493
252.2
252.91
253.619
254.331
255.043
255.757
256.471
257.187
257.902
258.619
259.335
260.054
260.772
261.492
262.214
262.931
263.654
264.374
265.085
265.8
266.516
267.234
267.953
268.673
269.394
270.118
270.842
271.569
272.299
273.031
273.753
274.49
275.215
275.924
276.641
277.365
278.09
278.819
279.552
280.29
281.035
281.774
282.51
283.268
283.996
284.708
285.438
286.187
286.952
287.669
288.495
289.339
290.024
269.539
269.893
270.287
270.653
271.011
271.372
271.736
272.101
272.466
272.833
273.2
273.568
273.937
274.307
274.677
275.048
275.419
275.787
276.155
276.521
276.887
277.252
277.618
277.984
278.352
278.721
279.092
279.466
279.843
280.223
280.607
280.997
281.388
281.768
282.131
282.486
282.848
283.213
283.582
283.953
284.33
284.711
285.098
285.491
285.892
286.3
286.719
287.132
287.519
287.87
288.215
288.574
288.946
289.326
289.718
290.121
290.539
290.974
291.421
291.85
292.227
292.554
292.893
293.273
293.693
294.156
294.625
295.073
295.488
295.819
254.881
255.362
255.965
256.527
257.069
257.614
258.165
258.717
259.272
259.828
260.387
260.947
261.511
262.077
262.647
263.219
263.794
264.371
264.951
265.531
266.113
266.696
267.281
267.867
268.454
269.041
269.631
270.221
270.813
271.406
272.002
272.599
273.195
273.789
274.379
274.961
275.547
276.134
276.724
277.315
277.907
278.501
279.098
279.697
280.299
280.904
281.514
282.116
282.717
283.301
283.876
284.458
285.047
285.639
286.236
286.837
287.445
288.06
288.677
289.284
289.882
290.451
291.017
291.604
292.212
292.841
293.452
294.096
294.743
295.264
270.659
271
271.442
271.862
272.267
272.673
273.083
273.494
273.907
274.319
274.733
275.148
275.565
275.982
276.401
276.821
277.241
277.661
278.08
278.498
278.916
279.334
279.753
280.171
280.592
281.013
281.436
281.859
282.286
282.714
283.146
283.581
284.017
284.445
284.863
285.273
285.689
286.106
286.527
286.949
287.376
287.804
288.238
288.675
289.119
289.567
290.023
290.473
290.908
291.317
291.72
292.134
292.557
292.986
293.424
293.868
294.324
294.792
295.268
295.73
296.159
296.551
296.951
297.38
297.839
298.329
298.817
299.301
299.771
300.139
265.682
266.085
266.631
267.148
267.643
268.14
268.641
269.143
269.646
270.15
270.655
271.161
271.669
272.178
272.69
273.202
273.716
274.229
274.744
275.257
275.771
276.284
276.799
277.312
277.827
278.341
278.857
279.372
279.89
280.408
280.928
281.45
281.971
282.489
283.001
283.507
284.016
284.527
285.04
285.553
286.069
286.586
287.107
287.628
288.154
288.683
289.216
289.743
290.266
290.772
291.271
291.777
292.29
292.805
293.327
293.852
294.384
294.924
295.466
295.998
296.519
297.012
297.506
298.018
298.552
299.106
299.647
300.209
300.772
301.218
275.273
275.611
276.091
276.552
276.992
277.432
277.873
278.314
278.754
279.193
279.632
280.07
280.508
280.944
281.381
281.816
282.252
282.686
283.119
283.55
283.982
284.411
284.843
285.272
285.704
286.134
286.567
286.999
287.435
287.869
288.308
288.748
289.189
289.623
290.051
290.471
290.896
291.321
291.75
292.179
292.611
293.045
293.483
293.922
294.367
294.815
295.269
295.716
296.155
296.573
296.986
297.407
297.835
298.267
298.706
299.149
299.602
300.063
300.529
300.984
301.417
301.821
302.23
302.66
303.114
303.59
304.061
304.537
305.007
305.369
274.971
275.331
275.857
276.361
276.84
277.319
277.8
278.281
278.761
279.24
279.719
280.197
280.675
281.152
281.629
282.106
282.582
283.056
283.531
284.002
284.475
284.945
285.416
285.885
286.356
286.826
287.298
287.768
288.241
288.713
289.189
289.664
290.14
290.612
291.079
291.539
292.004
292.468
292.935
293.401
293.871
294.341
294.815
295.289
295.767
296.247
296.732
297.21
297.684
298.143
298.597
299.055
299.52
299.987
300.46
300.935
301.418
301.906
302.397
302.878
303.349
303.795
304.243
304.706
305.188
305.686
306.172
306.678
307.187
307.582
281.828
282.148
282.639
283.112
283.56
284.005
284.451
284.896
285.339
285.78
286.221
286.659
287.097
287.532
287.967
288.4
288.833
289.264
289.694
290.122
290.55
290.977
291.405
291.831
292.259
292.686
293.115
293.543
293.974
294.404
294.838
295.272
295.706
296.135
296.561
296.979
297.401
297.823
298.248
298.672
299.1
299.528
299.959
300.391
300.828
301.266
301.709
302.145
302.576
302.991
303.402
303.817
304.239
304.663
305.093
305.525
305.966
306.411
306.861
307.299
307.725
308.127
308.532
308.952
309.392
309.847
310.294
310.752
311.212
311.558
283.96
284.281
284.787
285.27
285.727
286.178
286.631
287.082
287.532
287.98
288.427
288.871
289.315
289.758
290.201
290.642
291.085
291.526
291.969
292.409
292.851
293.292
293.734
294.175
294.618
295.059
295.504
295.946
296.392
296.837
297.285
297.733
298.18
298.625
299.066
299.501
299.939
300.377
300.818
301.257
301.7
302.142
302.587
303.033
303.482
303.932
304.386
304.833
305.278
305.711
306.138
306.569
307.005
307.443
307.885
308.33
308.78
309.235
309.692
310.139
310.579
311
311.42
311.853
312.302
312.763
313.215
313.682
314.155
314.511
289.756
290.024
290.468
290.891
291.291
291.687
292.089
292.492
292.898
293.305
293.714
294.124
294.538
294.951
295.369
295.786
296.207
296.627
297.049
297.469
297.892
298.313
298.736
299.158
299.583
300.006
300.431
300.856
301.282
301.709
302.138
302.567
302.995
303.421
303.844
304.261
304.681
305.1
305.522
305.942
306.366
306.789
307.215
307.642
308.071
308.502
308.936
309.363
309.788
310.203
310.612
311.023
311.44
311.858
312.281
312.706
313.136
313.57
314.006
314.433
314.853
315.257
315.659
316.072
316.501
316.942
317.372
317.821
318.275
318.604
293.056
293.33
293.784
294.216
294.625
295.033
295.447
295.863
296.281
296.699
297.119
297.539
297.962
298.384
298.808
299.231
299.657
300.08
300.505
300.928
301.353
301.776
302.201
302.624
303.049
303.472
303.898
304.323
304.75
305.177
305.606
306.035
306.463
306.889
307.314
307.733
308.155
308.576
308.999
309.422
309.847
310.271
310.699
311.126
311.556
311.987
312.421
312.848
313.275
313.694
314.107
314.522
314.941
315.362
315.786
316.212
316.643
317.076
317.511
317.937
318.36
318.77
319.176
319.591
320.019
320.456
320.883
321.33
321.788
322.118
299.048
299.323
299.779
300.216
300.629
301.039
301.451
301.862
302.273
302.682
303.091
303.498
303.907
304.313
304.721
305.127
305.534
305.939
306.345
306.749
307.154
307.557
307.962
308.364
308.768
309.171
309.576
309.979
310.384
310.788
311.195
311.6
312.005
312.408
312.811
313.208
313.607
314.005
314.405
314.804
315.205
315.605
316.008
316.41
316.815
317.22
317.627
318.028
318.429
318.824
319.214
319.603
319.998
320.392
320.79
321.188
321.592
321.997
322.402
322.798
323.195
323.582
323.963
324.352
324.752
325.16
325.554
325.971
326.402
326.696
302.699
302.966
303.421
303.855
304.264
304.67
305.079
305.486
305.895
306.302
306.711
307.118
307.527
307.933
308.342
308.749
309.158
309.564
309.973
310.379
310.787
311.193
311.601
312.007
312.415
312.821
313.23
313.637
314.046
314.455
314.865
315.275
315.684
316.091
316.501
316.905
317.31
317.714
318.12
318.525
318.932
319.338
319.747
320.154
320.564
320.974
321.386
321.791
322.199
322.603
323.001
323.399
323.8
324.201
324.605
325.009
325.418
325.827
326.235
326.636
327.04
327.437
327.827
328.221
328.625
329.033
329.43
329.85
330.288
330.585
309.283
309.542
309.977
310.392
310.785
311.174
311.567
311.959
312.352
312.743
313.136
313.527
313.919
314.309
314.701
315.09
315.482
315.871
316.262
316.651
317.042
317.43
317.82
318.209
318.599
318.987
319.377
319.765
320.155
320.544
320.935
321.324
321.712
322.098
322.488
322.871
323.256
323.639
324.024
324.407
324.792
325.175
325.56
325.944
326.329
326.713
327.099
327.478
327.859
328.237
328.611
328.983
329.358
329.732
330.108
330.483
330.861
331.239
331.616
331.986
332.356
332.722
333.083
333.446
333.817
334.193
334.559
334.939
335.346
335.6
312.31
312.403
312.766
313.13
313.465
313.793
314.124
314.454
314.785
315.115
315.448
315.779
316.114
316.448
316.785
317.123
317.464
317.805
318.15
318.496
318.846
319.197
319.553
319.909
320.271
320.633
321.001
321.37
321.744
322.121
322.504
322.889
323.276
323.667
324.068
324.465
324.868
325.273
325.685
326.099
326.52
326.943
327.373
327.805
328.244
328.687
329.134
329.573
330.027
330.488
330.942
331.397
331.861
332.328
332.802
333.281
333.768
334.26
334.747
335.229
335.742
336.26
336.763
337.273
337.802
338.338
338.844
339.442
340.092
340.448
319.354
319.239
319.262
319.329
319.414
319.515
319.638
319.78
319.942
320.122
320.32
320.534
320.767
321.013
321.277
321.551
321.838
322.141
322.464
322.798
323.146
323.504
323.876
324.257
324.651
325.055
325.47
325.893
326.329
326.773
327.232
327.682
328.051
328.522
329.1
329.595
330.082
330.578
331.085
331.595
332.113
332.635
333.164
333.697
334.242
334.795
335.291
335.644
336.245
337.01
337.588
338.137
338.702
339.276
339.855
340.442
341.048
341.644
342.053
342.376
343.198
344.151
344.785
345.397
346.06
346.628
346.682
347.785
349.073
348.935
73.5453
69.5393
67.6371
64.2469
60.2164
56.3241
52.8859
50.2015
48.8206
50.0019
49.5898
42.8882
41.9061
42.5125
42.5601
42.4234
42.4231
42.5428
42.7348
43.0032
43.3531
43.7897
44.3109
44.9206
45.6178
46.4064
47.286
48.2496
49.2421
50.4144
52.3561
51.125
50.6653
51.7879
53.0088
54.0556
55.1087
56.2234
57.3774
58.5619
59.7778
61.0271
62.3087
63.6223
64.9674
66.3437
67.7506
69.1878
70.6548
72.1516
73.6724
75.2071
76.7518
78.307
79.8739
81.4523
83.0427
84.6465
86.2633
87.8576
89.3267
91.4665
92.5587
93.7124
95.2631
96.8525
98.394
99.9298
101.476
103.026
104.577
106.126
107.675
109.222
110.766
112.305
113.841
115.371
116.895
118.412
119.923
121.425
122.919
124.405
125.882
127.35
128.809
130.258
131.697
133.126
134.545
135.953
137.35
138.736
140.111
141.473
142.81
144.111
145.682
149.008
305.394
306.297
306.849
307.515
308.233
308.899
309.454
309.85
310.109
310.32
310.187
310.044
310.176
310.303
310.342
310.315
310.234
310.102
309.916
309.678
309.387
309.048
308.659
308.223
307.74
307.214
306.642
306.028
305.375
304.787
304.139
303.493
303.032
302.642
302.214
301.75
301.261
300.755
300.227
299.681
299.116
298.536
297.939
297.33
296.705
296.071
295.423
294.768
294.103
293.431
292.756
292.09
291.437
290.799
290.172
289.561
288.963
288.38
287.811
287.259
286.773
286.247
285.661
285.202
284.826
284.458
284.092
283.739
283.401
283.078
282.768
282.474
282.193
281.928
281.678
281.443
281.223
281.02
280.832
280.66
280.504
280.362
280.227
280.097
279.972
279.851
279.731
279.613
279.493
279.372
279.248
279.12
278.986
278.848
278.701
278.547
278.383
278.217
278.049
277.397
183.589
182.905
182.33
181.705
181.078
180.498
179.984
179.556
179.229
178.997
178.793
178.596
178.39
178.223
178.099
178.012
177.958
177.939
177.953
178.001
178.08
178.192
178.332
178.504
178.703
178.93
179.184
179.464
179.768
180.101
180.415
180.719
181.019
181.338
181.678
182.039
182.417
182.812
183.224
183.652
184.094
184.551
185.021
185.504
185.999
186.506
187.023
187.551
188.087
188.633
189.186
189.746
190.312
190.884
191.459
192.038
192.618
193.201
193.783
194.365
194.951
195.518
196.079
196.645
197.211
197.772
198.329
198.881
199.426
199.963
200.493
201.013
201.523
202.022
202.509
202.984
203.445
203.892
204.325
204.741
205.141
205.527
205.904
206.274
206.641
207.008
207.376
207.746
208.117
208.492
208.869
209.251
209.637
210.029
210.426
210.83
211.243
211.667
212.085
212.057
248.599
249.06
249.48
249.93
250.389
250.837
251.264
251.664
252.023
252.352
252.675
253.02
253.373
253.713
254.038
254.354
254.659
254.954
255.239
255.514
255.778
256.033
256.277
256.513
256.738
256.955
257.162
257.361
257.55
257.733
257.925
258.139
258.365
258.589
258.804
259.015
259.222
259.425
259.624
259.82
260.012
260.202
260.389
260.574
260.757
260.938
261.117
261.296
261.473
261.649
261.825
262.002
262.177
262.354
262.531
262.71
262.889
263.07
263.252
263.437
263.624
263.819
264.021
264.233
264.45
264.668
264.888
265.113
265.341
265.573
265.809
266.05
266.296
266.546
266.802
267.063
267.331
267.604
267.885
268.171
268.465
268.765
269.074
269.39
269.712
270.034
270.358
270.679
270.999
271.315
271.629
271.939
272.247
272.55
272.851
273.146
273.439
273.727
274.013
274.249
209.859
209.688
209.553
209.407
209.264
209.144
209.048
208.983
208.953
208.956
208.969
208.988
209.015
209.062
209.126
209.207
209.304
209.419
209.548
209.694
209.854
210.031
210.222
210.428
210.647
210.882
211.129
211.39
211.664
211.951
212.238
212.527
212.819
213.122
213.434
213.758
214.09
214.431
214.78
215.139
215.504
215.878
216.258
216.645
217.038
217.438
217.842
218.253
218.668
219.088
219.512
219.941
220.372
220.807
221.245
221.685
222.128
222.572
223.018
223.465
223.914
224.358
224.802
225.248
225.693
226.137
226.58
227.022
227.462
227.901
228.337
228.77
229.201
229.629
230.054
230.475
230.892
231.305
231.713
232.117
232.516
232.91
233.299
233.681
234.059
234.429
234.795
235.163
235.535
235.909
236.287
236.668
237.053
237.442
237.837
238.237
238.643
239.054
239.472
239.79
226.54
226.924
227.299
227.686
228.083
228.486
228.891
229.299
229.706
230.113
230.523
230.937
231.357
231.781
232.207
232.638
233.071
233.508
233.947
234.389
234.833
235.281
235.73
236.182
236.634
237.09
237.546
238.004
238.462
238.922
239.386
239.855
240.328
240.804
241.279
241.757
242.235
242.715
243.194
243.676
244.157
244.639
245.121
245.603
246.085
246.568
247.049
247.531
248.011
248.491
248.97
249.449
249.925
250.401
250.875
251.349
251.82
252.289
252.757
253.222
253.686
254.148
254.608
255.069
255.527
255.982
256.435
256.885
257.333
257.778
258.22
258.66
259.097
259.531
259.963
260.392
260.818
261.241
261.662
262.08
262.495
262.907
263.317
263.723
264.128
264.529
264.927
265.315
265.695
266.065
266.426
266.777
267.119
267.449
267.769
268.077
268.374
268.657
268.928
269.151
212.844
212.976
213.127
213.276
213.432
213.604
213.793
214
214.228
214.475
214.731
214.99
215.257
215.54
215.835
216.143
216.462
216.794
217.137
217.492
217.858
218.235
218.622
219.021
219.428
219.847
220.273
220.71
221.155
221.61
222.066
222.525
222.986
223.456
223.931
224.414
224.902
225.396
225.895
226.399
226.907
227.42
227.936
228.456
228.978
229.504
230.032
230.562
231.093
231.627
232.16
232.695
233.23
233.765
234.299
234.833
235.365
235.897
236.427
236.955
237.481
238.002
238.519
239.035
239.547
240.055
240.56
241.061
241.557
242.05
242.538
243.021
243.499
243.972
244.44
244.902
245.358
245.809
246.253
246.691
247.123
247.547
247.966
248.377
248.781
249.178
249.571
249.96
250.347
250.73
251.112
251.491
251.868
252.244
252.618
252.99
253.363
253.732
254.105
254.412
214.355
214.757
215.162
215.575
216.001
216.441
216.894
217.36
217.839
218.331
218.829
219.332
219.844
220.369
220.903
221.449
222.005
222.571
223.146
223.732
224.325
224.929
225.54
226.16
226.787
227.422
228.063
228.712
229.366
230.026
230.69
231.356
232.026
232.703
233.382
234.066
234.753
235.444
236.137
236.833
237.53
238.229
238.928
239.629
240.33
241.031
241.731
242.431
243.129
243.826
244.52
245.213
245.903
246.59
247.273
247.953
248.628
249.299
249.965
250.626
251.281
251.93
252.572
253.21
253.84
254.465
255.082
255.692
256.295
256.89
257.478
258.058
258.63
259.194
259.75
260.296
260.835
261.364
261.885
262.397
262.899
263.393
263.877
264.352
264.817
265.272
265.715
266.145
266.563
266.969
267.362
267.742
268.11
268.463
268.804
269.13
269.443
269.741
270.03
270.257
207.359
207.699
208.054
208.413
208.784
209.173
209.58
210.006
210.451
210.916
211.39
211.869
212.36
212.869
213.391
213.928
214.478
215.042
215.619
216.211
216.814
217.431
218.058
218.699
219.35
220.014
220.686
221.37
222.062
222.765
223.471
224.18
224.892
225.614
226.34
227.074
227.811
228.554
229.299
230.05
230.801
231.556
232.312
233.069
233.826
234.584
235.339
236.095
236.848
237.599
238.346
239.091
239.832
240.569
241.301
242.029
242.751
243.468
244.178
244.882
245.578
246.265
246.944
247.615
248.278
248.932
249.576
250.213
250.839
251.457
252.065
252.662
253.25
253.827
254.394
254.951
255.496
256.031
256.555
257.068
257.57
258.061
258.54
259.009
259.468
259.917
260.357
260.788
261.211
261.624
262.029
262.425
262.813
263.192
263.564
263.927
264.284
264.63
264.975
265.258
203.882
204.35
204.83
205.32
205.826
206.354
206.9
207.468
208.057
208.666
209.288
209.917
210.562
211.227
211.907
212.606
213.32
214.051
214.797
215.56
216.337
217.13
217.936
218.757
219.591
220.438
221.297
222.168
223.049
223.942
224.841
225.744
226.652
227.571
228.495
229.428
230.364
231.307
232.252
233.202
234.153
235.107
236.06
237.015
237.969
238.922
239.872
240.82
241.764
242.703
243.637
244.566
245.488
246.403
247.31
248.21
249.1
249.983
250.856
251.719
252.573
253.415
254.245
255.065
255.872
256.668
257.451
258.221
258.978
259.723
260.453
261.171
261.874
262.563
263.238
263.899
264.544
265.175
265.79
266.39
266.974
267.543
268.096
268.632
269.151
269.654
270.14
270.608
271.06
271.494
271.912
272.312
272.696
273.063
273.413
273.746
274.063
274.362
274.651
274.871
197.895
198.367
198.855
199.354
199.872
200.414
200.979
201.569
202.184
202.826
203.483
204.151
204.838
205.549
206.28
207.034
207.806
208.6
209.413
210.246
211.098
211.97
212.858
213.766
214.69
215.632
216.588
217.56
218.546
219.546
220.555
221.57
222.591
223.625
224.666
225.717
226.773
227.836
228.903
229.973
231.045
232.119
233.192
234.265
235.334
236.401
237.464
238.522
239.574
240.621
241.66
242.691
243.713
244.724
245.725
246.714
247.689
248.653
249.602
250.539
251.461
252.368
253.26
254.139
255.002
255.85
256.682
257.498
258.298
259.081
259.846
260.595
261.327
262.041
262.738
263.418
264.08
264.724
265.351
265.96
266.552
267.127
267.685
268.226
268.75
269.258
269.75
270.224
270.682
271.124
271.549
271.957
272.348
272.723
273.082
273.424
273.75
274.057
274.356
274.585
192.393
192.902
193.43
193.976
194.543
195.14
195.764
196.418
197.103
197.819
198.557
199.313
200.094
200.906
201.744
202.61
203.503
204.424
205.37
206.345
207.343
208.369
209.418
210.493
211.59
212.711
213.852
215.015
216.195
217.395
218.608
219.83
221.063
222.31
223.568
224.837
226.114
227.398
228.688
229.983
231.279
232.579
233.876
235.172
236.464
237.75
239.028
240.299
241.559
242.811
244.05
245.28
246.497
247.702
248.894
250.071
251.232
252.376
253.502
254.61
255.698
256.766
257.814
258.843
259.853
260.845
261.817
262.771
263.704
264.616
265.508
266.378
267.227
268.053
268.858
269.64
270.401
271.139
271.856
272.549
273.219
273.866
274.49
275.089
275.666
276.218
276.747
277.251
277.733
278.191
278.626
279.037
279.426
279.791
280.133
280.452
280.749
281.02
281.278
281.458
185.817
186.359
186.914
187.486
188.079
188.7
189.347
190.025
190.734
191.476
192.243
193.031
193.846
194.696
195.578
196.494
197.441
198.424
199.439
200.49
201.574
202.693
203.845
205.033
206.253
207.507
208.791
210.108
211.453
212.827
214.223
215.636
217.067
218.518
219.983
221.463
222.95
224.445
225.944
227.446
228.949
230.451
231.951
233.447
234.937
236.418
237.887
239.344
240.783
242.205
243.606
244.988
246.349
247.691
249.013
250.315
251.599
252.862
254.104
255.323
256.518
257.687
258.829
259.946
261.038
262.104
263.147
264.166
265.162
266.134
267.082
268.006
268.905
269.779
270.628
271.451
272.249
273.023
273.772
274.496
275.197
275.873
276.524
277.15
277.752
278.327
278.877
279.401
279.9
280.373
280.82
281.241
281.637
282.006
282.35
282.667
282.958
283.22
283.465
283.625
178.099
178.677
179.274
179.888
180.528
181.202
181.908
182.65
183.428
184.245
185.093
185.968
186.876
187.826
188.814
189.842
190.909
192.018
193.166
194.357
195.586
196.858
198.169
199.522
200.913
202.345
203.814
205.323
206.867
208.449
210.061
211.702
213.369
215.068
216.792
218.541
220.305
222.083
223.867
225.655
227.439
229.219
230.991
232.757
234.512
236.259
237.993
239.715
241.418
243.101
244.759
246.388
247.986
249.551
251.084
252.586
254.059
255.504
256.922
258.314
259.679
261.014
262.319
263.593
264.835
266.045
267.224
268.371
269.491
270.581
271.645
272.68
273.687
274.666
275.617
276.537
277.428
278.288
279.119
279.919
280.691
281.432
282.145
282.827
283.48
284.102
284.694
285.255
285.785
286.283
286.751
287.186
287.591
287.963
288.303
288.61
288.885
289.123
289.337
289.462
171.45
171.685
171.983
172.327
172.717
173.158
173.65
174.197
174.798
175.455
176.163
176.92
177.733
178.608
179.544
180.545
181.611
182.747
183.951
185.228
186.576
187.999
189.495
191.066
192.709
194.425
196.208
198.059
199.968
201.936
203.948
205.997
208.078
210.191
212.323
214.472
216.626
218.784
220.936
223.079
225.203
227.301
229.367
231.399
233.396
235.362
237.297
239.208
241.094
242.958
244.798
246.611
248.392
250.136
251.84
253.501
255.119
256.696
258.235
259.739
261.211
262.65
264.058
265.433
266.776
268.083
269.355
270.591
271.791
272.956
274.089
275.19
276.261
277.301
278.312
279.292
280.242
281.159
282.046
282.899
283.722
284.512
285.271
285.998
286.693
287.356
287.986
288.582
289.145
289.671
290.163
290.617
291.034
291.413
291.753
292.053
292.312
292.526
292.707
292.792
166.948
167.28
167.61
167.983
168.383
168.804
169.245
169.713
170.209
170.737
171.292
171.871
172.483
173.137
173.833
174.578
175.371
176.223
177.134
178.113
179.162
180.292
181.505
182.814
184.22
185.737
187.367
189.124
191.005
193.023
195.172
197.451
199.854
202.381
205.013
207.732
210.504
213.303
216.101
218.888
221.65
224.381
227.061
229.676
232.212
234.662
237.027
239.311
241.522
243.669
245.763
247.81
249.815
251.777
253.695
255.563
257.379
259.137
260.842
262.493
264.097
265.656
267.178
268.664
270.117
271.536
272.921
274.267
275.575
276.844
278.075
279.268
280.427
281.552
282.645
283.707
284.737
285.734
286.699
287.63
288.528
289.391
290.222
291.018
291.782
292.511
293.207
293.868
294.494
295.084
295.636
296.151
296.626
297.062
297.457
297.809
298.119
298.383
298.61
298.736
145.837
147.052
148.12
149.093
150.04
150.987
151.939
152.905
153.898
154.927
155.988
157.08
158.218
159.411
160.662
161.978
163.36
164.816
166.348
167.961
169.657
171.441
173.312
175.276
177.328
179.476
181.707
184.031
186.43
188.909
191.444
194.027
196.642
199.289
201.956
204.664
207.437
210.279
213.162
216.057
218.95
221.85
224.755
227.654
230.516
233.314
236.025
238.636
241.142
243.546
245.862
248.101
250.276
252.396
254.468
256.495
258.472
260.394
262.255
264.05
265.784
267.456
269.076
270.65
272.183
273.678
275.137
276.558
277.94
279.281
280.582
281.84
283.061
284.243
285.391
286.505
287.589
288.639
289.659
290.645
291.6
292.52
293.407
294.261
295.081
295.867
296.62
297.337
298.019
298.662
299.267
299.83
300.351
300.825
301.25
301.623
301.941
302.195
302.392
302.464
132.21
131.234
130.546
129.845
129.179
128.598
128.101
127.672
127.306
127.002
126.775
126.626
126.556
126.568
126.67
126.871
127.182
127.617
128.191
128.924
129.836
130.956
132.311
133.941
135.882
138.188
140.904
144.103
147.836
152.183
157.195
162.935
169.394
176.581
183.989
191.116
197.518
203.108
208.063
212.598
216.815
220.736
224.399
227.874
231.209
234.41
237.467
240.379
243.143
245.754
248.219
250.552
252.783
254.934
257.024
259.064
261.063
263.02
264.932
266.794
268.6
270.349
272.043
273.686
275.285
276.843
278.366
279.854
281.306
282.72
284.095
285.43
286.725
287.981
289.201
290.386
291.539
292.66
293.75
294.809
295.837
296.833
297.799
298.733
299.636
300.508
301.35
302.161
302.941
303.689
304.404
305.085
305.729
306.335
306.901
307.422
307.895
308.314
308.681
308.933
209.967
208.816
207.718
206.864
206.088
205.296
204.5
203.703
202.898
202.072
201.226
200.344
199.43
198.477
197.484
196.445
195.359
194.22
193.025
191.767
190.439
189.032
187.536
185.938
184.221
182.372
180.371
178.212
175.884
173.43
170.915
168.569
166.786
166.964
170.808
177.751
186.354
194.456
201.065
206.675
211.86
216.712
221.144
225.19
228.974
232.596
236.076
239.394
242.538
245.513
248.322
250.968
253.463
255.822
258.068
260.223
262.306
264.33
266.303
268.224
270.091
271.901
273.652
275.345
276.984
278.572
280.118
281.622
283.089
284.518
285.91
287.262
288.577
289.852
291.092
292.297
293.47
294.613
295.727
296.812
297.871
298.902
299.906
300.883
301.833
302.757
303.655
304.528
305.376
306.199
306.996
307.768
308.512
309.229
309.917
310.573
311.196
311.781
312.297
312.571
136.925
137.606
137.857
138.168
138.463
138.659
138.781
138.855
138.893
138.89
138.845
138.769
138.657
138.51
138.332
138.124
137.891
137.636
137.37
137.103
136.856
136.653
136.535
136.554
136.784
137.333
138.337
139.998
142.564
146.39
151.876
159.606
169.516
182.059
189.378
197.944
201.61
205.176
210.148
215.63
220.573
224.837
228.691
232.276
235.592
238.665
241.579
244.413
247.192
249.902
252.519
255.024
257.416
259.696
261.879
263.98
266.02
268.012
269.968
271.89
273.777
275.621
277.42
279.167
280.865
282.513
284.117
285.678
287.201
288.684
290.13
291.535
292.901
294.227
295.513
296.761
297.975
299.154
300.303
301.421
302.511
303.572
304.607
305.614
306.596
307.554
308.49
309.405
310.3
311.177
312.037
312.881
313.712
314.527
315.331
316.122
316.9
317.65
318.361
319.134
)
;

boundaryField
{
    airfoil
    {
        type            zeroGradient;
    }
    farBoundaries
    {
        type            zeroGradient;
    }
    inlet
    {
        type            freestream;
        freestreamValue uniform 1;
        value           nonuniform List<scalar> 
200
(
1
1
1
1
1
1
1
1
1
1
1
1
1
1
1
1
1
1
1
1
1
1
1
1
1
1
1
1
1
1
1
1
1
95.2148
84.0207
189.674
201.53
205.175
210.148
215.63
220.573
224.837
228.691
232.276
235.592
238.665
241.579
244.413
247.192
249.902
252.519
255.024
257.416
259.696
261.879
263.98
266.02
268.012
269.968
271.89
273.777
275.621
277.42
279.167
280.865
282.513
284.117
285.678
287.201
288.684
290.13
291.535
292.901
294.227
295.513
296.761
297.975
299.154
300.303
301.421
302.511
303.572
304.607
305.614
306.596
307.554
308.49
309.405
310.3
311.177
312.037
312.881
313.712
314.527
315.331
316.122
316.9
317.65
318.361
319.134
1
1
1
1
1
1
1
1
1
1
1
1
1
1
1
1
1
1
1
1
1
1
1
1
1
1
1
1
1
1
1
1
1
1
1
1
1
1
1
1
1
1
1
1
1
1
1
1
1
1
1
1
1
1
1
1
1
1
1
1
1
1
1
1
1
1
1
1
96.9397
87.1477
196.382
204.958
208.621
214.52
221.34
227.244
231.975
236.088
240.07
244.042
247.995
251.872
255.634
259.247
262.714
266.053
269.29
272.436
275.493
278.455
281.323
284.101
286.802
289.437
292.02
294.558
297.059
299.53
301.916
304.317
)
;
    }
    outlet
    {
        type            freestream;
        freestreamValue uniform 1;
        value           nonuniform List<scalar> 
40
(
292.672
292.846
292.83
292.835
292.901
292.992
293.005
292.974
292.872
292.731
292.487
292.152
291.712
291.311
290.991
290.782
290.673
290.635
290.63
290.627
287.888
287.899
287.911
287.94
288.007
288.137
288.352
288.667
289.065
289.525
289.956
290.335
290.658
290.964
291.239
291.507
291.748
291.985
292.199
292.441
)
;
    }
    defaultFaces
    {
        type            empty;
    }
}


// ************************************************************************* //
