/*--------------------------------*- C++ -*----------------------------------*\
  =========                 |
  \\      /  F ield         | OpenFOAM: The Open Source CFD Toolbox
   \\    /   O peration     | Website:  https://openfoam.org
    \\  /    A nd           | Version:  6.0
     \\/     M anipulation  |
\*---------------------------------------------------------------------------*/
FoamFile
{
    version     2.0;
    format      ascii;
    class       volScalarField;
    location    "2";
    object      p;
}
// * * * * * * * * * * * * * * * * * * * * * * * * * * * * * * * * * * * * * //

dimensions      [0 2 -2 0 0 0 0];

internalField   nonuniform List<scalar> 
4920
(
0.0359939
0.036386
0.0368613
0.0374213
0.0381044
0.0389056
0.0398589
0.040947
0.0420613
0.0426847
0.041879
0.0382932
0.0310684
0.0213869
0.0141408
0.036685
0.0370824
0.0375566
0.0381191
0.0388039
0.0396182
0.0405887
0.0417491
0.0430181
0.0440449
0.0440348
0.0418643
0.0366186
0.0288394
0.0229486
0.0380871
0.0385045
0.0389957
0.0395593
0.0402478
0.0410647
0.0420571
0.0432855
0.0447231
0.046068
0.0467093
0.0456471
0.0419724
0.0357943
0.0309763
0.040008
0.0404442
0.0409528
0.0415298
0.0422377
0.043082
0.0441247
0.0454517
0.0470634
0.0487616
0.0499687
0.0498503
0.0475064
0.0427174
0.038748
0.0421924
0.042675
0.0432318
0.0438712
0.0446455
0.0455696
0.0467085
0.0481712
0.0500099
0.0520348
0.0538314
0.0546059
0.0534832
0.049944
0.0466909
0.0451327
0.0456262
0.0461968
0.0468409
0.0476361
0.0485997
0.0498226
0.0514343
0.053503
0.0559334
0.0582814
0.0598911
0.0598777
0.0574398
0.0547024
0.0479201
0.0484984
0.0491609
0.0499336
0.0508642
0.0519856
0.0533813
0.0552028
0.0575756
0.0603944
0.0633716
0.0658359
0.0668862
0.0654335
0.0630762
0.0517585
0.052355
0.0530392
0.0538299
0.0548005
0.0559935
0.0575139
0.0595384
0.0622057
0.0655066
0.0690841
0.0723908
0.0744394
0.0738449
0.0716391
0.0555598
0.0562473
0.0570381
0.0579586
0.0590748
0.0604332
0.0621457
0.0644165
0.067446
0.0712011
0.0754968
0.0796941
0.0827283
0.0828624
0.0806405
0.0603222
0.061038
0.0618627
0.0628212
0.0640042
0.0654683
0.0673475
0.0698716
0.0732582
0.0775908
0.0825726
0.0876743
0.0916678
0.0923899
0.0898551
0.064999
0.0658287
0.0667844
0.0679024
0.0692632
0.0709314
0.0730467
0.0758739
0.0797032
0.0845867
0.090418
0.0965127
0.10146
0.102606
0.0995325
0.0707901
0.0716483
0.0726365
0.0737888
0.0752195
0.0770073
0.079323
0.0824604
0.0867322
0.0923229
0.0989735
0.106102
0.111982
0.113398
0.109411
0.0763942
0.077379
0.0785098
0.0798338
0.0814596
0.0834795
0.0860753
0.0895815
0.0943963
0.100662
0.108382
0.116668
0.12349
0.124943
0.119747
0.0831063
0.0841105
0.0852633
0.086619
0.088326
0.0904975
0.0933458
0.0972369
0.102596
0.109742
0.118521
0.128058
0.135834
0.137128
0.130216
0.0891541
0.090325
0.0916818
0.0932909
0.0952773
0.0977692
0.100984
0.105339
0.111395
0.119487
0.129615
0.140585
0.149312
0.150128
0.141109
0.096505
0.0977012
0.099086
0.100738
0.102841
0.105539
0.109086
0.114003
0.120844
0.13006
0.141568
0.154041
0.163709
0.163764
0.152054
0.102921
0.104342
0.105998
0.107981
0.110458
0.113577
0.117691
0.123232
0.130996
0.141481
0.154643
0.16881
0.179394
0.178252
0.163369
0.111146
0.112586
0.11426
0.116298
0.118907
0.12233
0.126815
0.133105
0.141892
0.153782
0.168661
0.184594
0.196071
0.193383
0.174671
0.118543
0.12017
0.122075
0.124397
0.12736
0.131201
0.136393
0.143448
0.153425
0.166965
0.183924
0.201889
0.214194
0.209399
0.186271
0.127185
0.128825
0.13075
0.133149
0.136296
0.14054
0.146227
0.154299
0.165635
0.181008
0.200165
0.22024
0.233338
0.225983
0.197773
0.134178
0.136102
0.138387
0.141219
0.144891
0.149738
0.156377
0.165472
0.178404
0.195956
0.21778
0.240285
0.254057
0.243432
0.209465
0.142831
0.144779
0.147094
0.15004
0.153966
0.159344
0.166648
0.177089
0.191805
0.211745
0.236379
0.261462
0.275805
0.261356
0.220981
0.149936
0.152154
0.154809
0.158172
0.162639
0.168698
0.177153
0.188898
0.205704
0.228497
0.256541
0.284552
0.299235
0.280073
0.232561
0.158047
0.160295
0.163
0.166534
0.171365
0.178136
0.18752
0.201048
0.220178
0.246073
0.277727
0.308752
0.323617
0.299119
0.243854
0.164023
0.166595
0.169738
0.173812
0.179355
0.187057
0.197952
0.2132
0.235104
0.264722
0.300653
0.335031
0.349682
0.318787
0.255061
0.170928
0.173538
0.176775
0.181116
0.187197
0.195875
0.208043
0.225652
0.250588
0.284183
0.324579
0.362422
0.376545
0.338564
0.265849
0.175795
0.178768
0.18249
0.187439
0.194333
0.204133
0.218169
0.238014
0.266541
0.30485
0.350455
0.391986
0.404981
0.358699
0.276396
0.182549
0.185363
0.188941
0.193959
0.201314
0.212191
0.227848
0.250674
0.283018
0.326264
0.377192
0.422456
0.433893
0.378648
0.286387
0.18545
0.188678
0.192865
0.198644
0.207028
0.219379
0.237377
0.263058
0.299921
0.348932
0.405937
0.454989
0.464071
0.398597
0.295993
0.18937
0.192584
0.196844
0.202986
0.212193
0.226037
0.246208
0.275635
0.317189
0.372091
0.435367
0.488093
0.494275
0.418008
0.304921
0.190601
0.194181
0.198987
0.205864
0.216151
0.231728
0.254715
0.287733
0.334773
0.396601
0.46681
0.522978
0.525303
0.437017
0.313351
0.192176
0.195735
0.200611
0.207906
0.219211
0.236594
0.262353
0.299885
0.352485
0.421194
0.498426
0.557889
0.555775
0.455094
0.321002
0.191442
0.195212
0.200505
0.208517
0.221001
0.240438
0.269513
0.311104
0.370406
0.447141
0.53192
0.594019
0.586478
0.472358
0.328074
0.190132
0.193998
0.199498
0.208157
0.221834
0.243445
0.275491
0.322634
0.388089
0.472812
0.56517
0.629505
0.615992
0.488328
0.334305
0.188216
0.192077
0.197813
0.206895
0.221767
0.245482
0.281453
0.333012
0.406401
0.500133
0.600134
0.66548
0.645105
0.50314
0.339915
0.184393
0.188343
0.19432
0.20421
0.220623
0.246803
0.286279
0.344323
0.424454
0.526683
0.634178
0.700012
0.672389
0.516341
0.344651
0.178493
0.18261
0.189104
0.200067
0.217996
0.247112
0.291191
0.354409
0.443444
0.555007
0.669492
0.734083
0.698645
0.528142
0.348757
0.171801
0.175937
0.1826
0.194338
0.214337
0.24645
0.294998
0.365824
0.462098
0.582222
0.703128
0.765847
0.722507
0.538129
0.351986
0.163679
0.167763
0.174767
0.187476
0.209285
0.245028
0.299086
0.376246
0.482152
0.611204
0.737421
0.796166
0.744814
0.546612
0.354603
0.154312
0.158438
0.165673
0.17943
0.203598
0.242879
0.30266
0.388419
0.501624
0.638431
0.769118
0.823404
0.764302
0.553206
0.35637
0.144178
0.148209
0.155847
0.170664
0.196942
0.240619
0.3068
0.399878
0.522629
0.666925
0.800571
0.84827
0.781838
0.558323
0.357564
0.133975
0.137833
0.145521
0.161369
0.19028
0.238191
0.311128
0.413482
0.542614
0.692822
0.828434
0.869378
0.796263
0.561584
0.357946
0.123682
0.127238
0.1352
0.152108
0.183681
0.236492
0.31658
0.426795
0.564059
0.719177
0.855049
0.887389
0.808476
0.563491
0.3578
0.114208
0.11753
0.125468
0.143669
0.178082
0.235488
0.323306
0.442485
0.583903
0.742136
0.877276
0.901312
0.8175
0.56372
0.356913
0.106033
0.108982
0.117181
0.136449
0.173786
0.236758
0.331868
0.458412
0.604759
0.764439
0.897222
0.911698
0.824187
0.562782
0.355546
0.0999819
0.102589
0.110744
0.131564
0.172197
0.240354
0.343285
0.476729
0.623342
0.782502
0.912121
0.917868
0.827741
0.560376
0.353505
0.0970258
0.0991931
0.107808
0.129736
0.173596
0.247869
0.357274
0.49551
0.6421
0.798686
0.923802
0.920348
0.828937
0.557
0.351027
0.0985598
0.10051
0.108971
0.132606
0.179263
0.258489
0.374462
0.516016
0.657982
0.810092
0.930105
0.918843
0.82719
0.552451
0.347965
0.10674
0.107857
0.116544
0.140987
0.190205
0.274463
0.394387
0.53693
0.672884
0.818372
0.932443
0.913715
0.823159
0.547098
0.344501
0.122197
0.122784
0.131218
0.157052
0.208192
0.295843
0.418604
0.558531
0.684197
0.82134
0.929276
0.904945
0.816458
0.540798
0.340527
0.147204
0.147017
0.155356
0.181751
0.235085
0.325243
0.445927
0.580407
0.693213
0.820078
0.921683
0.892794
0.807644
0.533797
0.336176
0.183135
0.182118
0.189826
0.216579
0.271419
0.361465
0.478055
0.601234
0.697932
0.813109
0.908777
0.87739
0.796523
0.526005
0.331371
0.232197
0.230098
0.23673
0.262217
0.317662
0.406014
0.512167
0.621204
0.698924
0.801085
0.891329
0.859014
0.78354
0.51757
0.326204
0.296087
0.292542
0.297671
0.32149
0.375503
0.457375
0.550822
0.637822
0.69472
0.783096
0.868959
0.837866
0.768641
0.508425
0.320622
0.376675
0.371868
0.375092
0.396389
0.446861
0.517717
0.59005
0.651414
0.685251
0.759602
0.842385
0.814313
0.752233
0.498642
0.314684
0.477209
0.469712
0.469166
0.488142
0.531204
0.58321
0.629941
0.660156
0.66967
0.730375
0.811718
0.788696
0.734414
0.488205
0.308373
0.598061
0.587486
0.581158
0.595158
0.626538
0.652485
0.667885
0.662337
0.647272
0.695851
0.777851
0.761507
0.715632
0.477135
0.301727
0.739873
0.726134
0.712912
0.720405
0.730624
0.720782
0.697158
0.658096
0.618363
0.657218
0.742052
0.73366
0.696404
0.465655
0.294839
0.893756
0.883276
0.876778
0.869831
0.840028
0.784345
0.719461
0.649033
0.589539
0.621837
0.710402
0.709362
0.679484
0.455241
0.28861
1.09441
1.08946
1.09022
1.05515
0.972734
0.867636
0.761166
0.661068
0.584019
0.608482
0.696558
0.698188
0.67138
0.44991
0.285391
0.0153243
0.0151344
0.0146816
0.014114
0.0134825
0.0128357
0.0121709
0.0115096
0.0108293
0.0102443
0.0225016
0.0220081
0.0212697
0.0203935
0.0194302
0.0184257
0.0173756
0.0162999
0.0151524
0.0141411
0.0285093
0.0277693
0.0268702
0.0258417
0.0246984
0.023467
0.0221463
0.0207618
0.0192528
0.0179516
0.0347925
0.0337581
0.0326333
0.0313929
0.0300275
0.028548
0.0269474
0.0252515
0.0233831
0.0217859
0.0414458
0.0400859
0.0386694
0.0371473
0.0354906
0.0337012
0.0317753
0.0297381
0.0274957
0.0256025
0.0484544
0.0467443
0.0449798
0.0430983
0.0410725
0.0389044
0.0365955
0.0341765
0.0315338
0.0293307
0.0558214
0.0537119
0.0515291
0.0492097
0.0467345
0.0441138
0.0413658
0.0385239
0.0354679
0.0329619
0.063498
0.0609357
0.0582577
0.055412
0.0523993
0.0492513
0.0459984
0.0426998
0.0392082
0.0364205
0.0714649
0.0683803
0.0651032
0.0616317
0.0579878
0.0542224
0.0504083
0.0465928
0.0426577
0.0395865
0.0797342
0.0760368
0.0720733
0.0678676
0.0634848
0.0590235
0.054557
0.0502024
0.0457881
0.0424125
0.0883403
0.0839499
0.079183
0.0741282
0.0689015
0.063634
0.0584534
0.0534824
0.0485477
0.0448835
0.0971886
0.0920241
0.0863411
0.0803129
0.0741214
0.0679482
0.0619615
0.0563175
0.050854
0.0468406
0.106274
0.100205
0.0934668
0.0863319
0.0790538
0.0718697
0.0649992
0.0586274
0.0525729
0.0482756
0.115469
0.108383
0.100452
0.0920749
0.0835893
0.0752971
0.0674632
0.0603117
0.0536762
0.0490308
0.124803
0.116541
0.107271
0.0975185
0.0877102
0.0782171
0.0693504
0.0613746
0.0541037
0.0491846
0.134118
0.124553
0.113805
0.10255
0.0913176
0.0805412
0.0705839
0.061742
0.0538406
0.0485851
0.143476
0.132442
0.120068
0.107196
0.0944452
0.082316
0.0712171
0.0614707
0.0529
0.0473649
0.152698
0.140051
0.125921
0.111325
0.0969873
0.0834538
0.0711769
0.0604968
0.0512664
0.0454093
0.161867
0.14743
0.131413
0.115008
0.0990205
0.0840478
0.0705586
0.0589218
0.0490095
0.042897
0.170769
0.154391
0.136374
0.118092
0.100433
0.084001
0.069296
0.0566898
0.0461051
0.0397252
0.179499
0.161012
0.140892
0.12069
0.10134
0.0834473
0.0675222
0.0539379
0.04266
0.0360328
0.187849
0.167105
0.144805
0.122661
0.101642
0.0823082
0.0651891
0.0506307
0.0386636
0.0317705
0.195925
0.172784
0.148246
0.124163
0.10149
0.0807602
0.0624671
0.0469304
0.0342523
0.0270972
0.203493
0.177834
0.151036
0.125036
0.100778
0.0787223
0.059303
0.0427952
0.0294064
0.0219705
0.210675
0.182414
0.153351
0.125473
0.0996956
0.0763945
0.0558924
0.0384106
0.0242807
0.0165417
0.217249
0.186321
0.155018
0.125323
0.0981439
0.0736971
0.0521736
0.0337351
0.018849
0.0107785
0.22336
0.189752
0.156246
0.124806
0.0963298
0.0708378
0.0483527
0.028962
0.013277
0.00483122
0.228762
0.192477
0.156832
0.123761
0.0941372
0.0677141
0.0443387
0.0240145
0.00751058
-0.00134166
0.233635
0.194735
0.157009
0.12242
0.0917716
0.0645274
0.0403327
0.019091
0.00171954
-0.00758998
0.237743
0.196291
0.156579
0.120619
0.0891104
0.0611634
0.0362242
0.0140916
-0.00417088
-0.0139629
0.241299
0.19742
0.155817
0.118605
0.0863617
0.0578186
0.0322101
0.00921747
-0.00998903
-0.0203257
0.244057
0.197857
0.154511
0.116208
0.0833957
0.0543691
0.0281639
0.00434082
-0.0158319
-0.0267559
0.246271
0.197923
0.152941
0.113667
0.0804015
0.0509928
0.024266
-0.000342332
-0.0215301
-0.0331532
0.247706
0.197344
0.150893
0.110812
0.0772508
0.0475632
0.0203852
-0.00497481
-0.027193
-0.0395908
0.248653
0.196476
0.148654
0.107881
0.0741209
0.0442428
0.0166858
-0.00936796
-0.0326625
-0.0459633
0.248868
0.195026
0.146021
0.104713
0.0708953
0.0409115
0.0130416
-0.0136721
-0.0380577
-0.0523299
0.248654
0.193379
0.143276
0.101536
0.0677323
0.0377138
0.00959434
-0.017713
-0.0432196
-0.058601
0.247765
0.191228
0.140224
0.0981945
0.0645252
0.0345361
0.0062247
-0.0216427
-0.0482638
-0.0648302
0.246526
0.188949
0.137124
0.094897
0.0614084
0.0315032
0.00305278
-0.0253041
-0.0530438
-0.0709435
0.244706
0.186227
0.133795
0.0914929
0.0582871
0.0285113
-2.78593e-05
-0.0288423
-0.0576716
-0.0769849
0.24262
0.183422
0.130464
0.0881685
0.0552717
0.025666
-0.00291987
-0.0321215
-0.0620194
-0.0828956
0.240041
0.180216
0.126965
0.0847797
0.0522777
0.0228725
-0.0057173
-0.035278
-0.0661955
-0.0887132
0.237268
0.176953
0.123498
0.0814917
0.0493965
0.0202213
-0.00834023
-0.0381944
-0.0700898
-0.0943896
0.2341
0.173343
0.119923
0.0781779
0.0465585
0.0176324
-0.0108658
-0.0409889
-0.0737989
-0.0999524
0.230789
0.16969
0.116401
0.0749748
0.0438338
0.0151786
-0.0132325
-0.0435668
-0.0772355
-0.105367
0.227148
0.165735
0.11281
0.0717686
0.0411629
0.012791
-0.0155048
-0.0460308
-0.0804964
-0.110652
0.22338
0.161743
0.109281
0.0686724
0.0386009
0.0105296
-0.0176344
-0.048304
-0.0835208
-0.115783
0.219334
0.157514
0.105718
0.0655966
0.0361016
0.00834103
-0.0196702
-0.050467
-0.0863809
-0.120774
0.215145
0.153255
0.102213
0.0626231
0.0337031
0.00626944
-0.0215782
-0.052464
-0.0890276
-0.12561
0.210699
0.148807
0.098689
0.0596795
0.031368
0.00427279
-0.0233965
-0.0543583
-0.0915193
-0.1303
0.20609
0.144319
0.0952071
0.0568244
0.0291248
0.00238408
-0.0251004
-0.0561102
-0.0938219
-0.134839
0.201231
0.139689
0.0917129
0.0540091
0.0269475
0.0005754
-0.026716
-0.0577634
-0.0959778
-0.139231
0.19617
0.135024
0.0882464
0.0512732
0.0248568
-0.00113034
-0.0282268
-0.0592939
-0.0979674
-0.143481
0.19083
0.130265
0.0847731
0.0485893
0.0228377
-0.00274943
-0.0296496
-0.0607301
-0.0998202
-0.147591
0.185215
0.125493
0.0813239
0.0459869
0.0209081
-0.00426562
-0.0309738
-0.0620596
-0.101527
-0.151569
0.17927
0.120695
0.0778902
0.0434618
0.0190658
-0.00568401
-0.0322076
-0.0632987
-0.103109
-0.155418
0.173007
0.115906
0.0745034
0.041037
0.0173285
-0.00699759
-0.0333524
-0.0644617
-0.104601
-0.159229
0.166516
0.111221
0.0712258
0.0387565
0.0157258
-0.00818435
-0.034383
-0.0655107
-0.105928
-0.162915
0.160545
0.107172
0.0684251
0.0368629
0.0144161
-0.00914343
-0.0352255
-0.0663725
-0.106986
-0.166055
0.157206
0.104971
0.0669065
0.0358299
0.0136946
-0.00967003
-0.0356737
-0.0667897
-0.107419
-0.167896
0.00839081
0.00785825
0.00719883
0.00654437
0.00580879
0.00511445
0.00438454
0.00370219
0.00304381
0.00240986
0.00181844
0.00125048
0.000757567
0.000343361
5.56306e-05
-3.14031e-05
0.0113131
0.0105791
0.00970113
0.00887869
0.00797431
0.00713771
0.00624234
0.0053773
0.00449323
0.00359475
0.00268581
0.00183371
0.00105529
0.000412438
-7.06696e-06
-9.11339e-05
0.0148338
0.0139657
0.0128749
0.0118038
0.0106256
0.00948975
0.00828828
0.00710136
0.00589793
0.00465942
0.0034519
0.00228844
0.00125414
0.000413906
-9.96531e-05
-0.000159057
0.018222
0.0172036
0.0158985
0.0145874
0.0131479
0.0117279
0.0102269
0.00871815
0.00717006
0.00562866
0.00409599
0.00265902
0.00137031
0.000348552
-0.000225087
-0.000231084
0.0216476
0.0204722
0.0189314
0.0173467
0.0156094
0.0138641
0.0120379
0.0101838
0.00832628
0.00645366
0.0046323
0.00291446
0.00139275
0.000227852
-0.000368991
-0.000304114
0.0248694
0.0235348
0.0217675
0.0199314
0.017919
0.01588
0.0137446
0.0115632
0.00935689
0.00716448
0.00503185
0.00304108
0.00130674
4.06225e-05
-0.000535814
-0.000376045
0.0281124
0.0266379
0.0246417
0.0225467
0.0202385
0.0178759
0.015397
0.0128507
0.0102792
0.00772931
0.00527942
0.00302683
0.00111888
-0.00019952
-0.000715967
-0.000446415
0.0314626
0.0298687
0.0276471
0.0252445
0.0225918
0.0198377
0.0169627
0.0140111
0.0110406
0.00812614
0.00535936
0.00286488
0.000819621
-0.000491896
-0.000907075
-0.00051193
0.0344184
0.0327126
0.0302678
0.0275928
0.0246233
0.0215187
0.0182766
0.0149441
0.0115944
0.00832154
0.00525799
0.002556
0.000428704
-0.000824029
-0.00110313
-0.000573043
0.0370304
0.0352184
0.0325611
0.0296241
0.026351
0.0229088
0.0193163
0.01562
0.0118999
0.00830553
0.00497246
0.00210087
-5.38697e-05
-0.00118515
-0.00129732
-0.0006261
0.0393623
0.0374559
0.0345852
0.0313815
0.0277958
0.0240097
0.0200626
0.015994
0.0119542
0.00805446
0.00450065
0.00151296
-0.000606444
-0.00156852
-0.0014883
-0.000672542
0.0413278
0.0393419
0.0362616
0.0327883
0.0288885
0.0247579
0.0204427
0.0160671
0.0117121
0.00757794
0.00384693
0.00079526
-0.00122067
-0.00195852
-0.00166804
-0.000709311
0.0427677
0.0407259
0.0374684
0.0337488
0.0295635
0.0251008
0.0204887
0.0157994
0.0112062
0.00686999
0.00301406
-3.22498e-05
-0.00187972
-0.00235529
-0.00183951
-0.00073874
0.0437928
0.0417286
0.0383067
0.0343543
0.0298923
0.0251257
0.0201933
0.0152448
0.010425
0.00593391
0.00201357
-0.000954087
-0.00256633
-0.00274002
-0.00199411
-0.000758376
0.0441979
0.0421574
0.0386298
0.0344965
0.029806
0.02477
0.0195741
0.0143791
0.00938089
0.0047849
0.000865137
-0.00195159
-0.00327108
-0.00311917
-0.00213815
-0.000771156
0.0441004
0.0421134
0.0384924
0.0341891
0.0292946
0.024033
0.0186085
0.0132248
0.00808813
0.00344025
-0.000413861
-0.00299936
-0.00397327
-0.00347382
-0.00226334
-0.000775197
0.0433084
0.0414013
0.037745
0.0333449
0.0283285
0.0229179
0.0173346
0.0118005
0.00657147
0.0019211
-0.00179917
-0.00408728
-0.00467216
-0.00381581
-0.00237841
-0.000773832
0.0419122
0.0401491
0.0365287
0.0321084
0.027032
0.0215163
0.0157903
0.0101511
0.00486054
0.000255682
-0.00325926
-0.00518178
-0.00534575
-0.0041271
-0.00247543
-0.000765451
0.0403345
0.0387728
0.0351993
0.0307235
0.0255346
0.0198564
0.0140228
0.00827661
0.00297029
-0.00153733
-0.00478227
-0.00628424
-0.00600093
-0.00442308
-0.00256446
-0.000753622
0.0385305
0.0371807
0.0336289
0.0290525
0.0236992
0.0179252
0.0119724
0.0062013
0.00092407
-0.00343025
-0.00632739
-0.00735976
-0.00661744
-0.0046873
-0.00263791
-0.000736829
0.0360178
0.0349159
0.03147
0.0268747
0.021501
0.0156548
0.00969097
0.00392351
-0.00128093
-0.00541413
-0.00789907
-0.00842062
-0.00720826
-0.00493732
-0.00270649
-0.000718701
0.0330619
0.0322601
0.0289677
0.0244173
0.0190172
0.0131537
0.00717994
0.00145841
-0.00360616
-0.00743858
-0.00944468
-0.00943159
-0.0077549
-0.00515826
-0.00276291
-0.000697581
0.0299
0.0294211
0.0262818
0.0217637
0.0163328
0.0104354
0.00446973
-0.00117618
-0.00604919
-0.00951241
-0.0109846
-0.0104127
-0.00827396
-0.00536812
-0.00281769
-0.000677063
0.026415
0.0262858
0.0233256
0.0188655
0.0134252
0.00750832
0.00157294
-0.00394879
-0.00856171
-0.0115712
-0.0124629
-0.0113317
-0.00874908
-0.00555323
-0.00286368
-0.000655263
0.0226135
0.0228575
0.0201003
0.015722
0.0102861
0.00439904
-0.00148551
-0.00685447
-0.0111516
-0.0136438
-0.0139142
-0.0122144
-0.00919911
-0.00573132
-0.0029109
-0.000635661
0.0185267
0.0191547
0.0166091
0.0123086
0.00695341
0.00107935
-0.00468554
-0.00984751
-0.0137427
-0.0156514
-0.0152822
-0.0130322
-0.0096095
-0.00589012
-0.00295253
-0.000616093
0.0141647
0.0151842
0.0128166
0.0086772
0.00335934
-0.0023832
-0.00803135
-0.0129365
-0.0163723
-0.0176423
-0.01661
-0.0138134
-0.00999968
-0.00604607
-0.0029977
-0.000599889
0.00957287
0.0109488
0.00882281
0.00478968
-0.000387882
-0.00604682
-0.0114921
-0.0160698
-0.018947
-0.0195344
-0.0178451
-0.0145331
-0.0103564
-0.00618777
-0.00303975
-0.000584625
0.00484874
0.00661738
0.00467954
0.000773183
-0.00432828
-0.009835
-0.0150826
-0.019269
-0.0215299
-0.0213916
-0.0190362
-0.0152206
-0.0106988
-0.00633024
-0.00308697
-0.000573465
1.93269e-05
0.00218843
0.000425308
-0.00338769
-0.00840572
-0.0138071
-0.0187437
-0.0224445
-0.0240037
-0.0231301
-0.0201365
-0.0158541
-0.0110148
-0.00646329
-0.00313314
-0.000563794
-0.00490732
-0.00234963
-0.00393885
-0.00769219
-0.0126515
-0.017859
-0.0224968
-0.0256439
-0.0264578
-0.0248224
-0.0211945
-0.0164622
-0.0113225
-0.00660005
-0.00318549
-0.000558588
-0.00988425
-0.006983
-0.00844789
-0.0121351
-0.0170222
-0.0220763
-0.0262608
-0.0287602
-0.0287661
-0.0263896
-0.0221692
-0.0170252
-0.0116101
-0.00673103
-0.00323809
-0.000555085
-0.0149349
-0.011724
-0.0130752
-0.0167133
-0.0215225
-0.0263295
-0.0300867
-0.0318666
-0.0310405
-0.0279094
-0.023108
-0.0175705
-0.0118947
-0.00686772
-0.00329728
-0.000556112
-0.0200783
-0.0166195
-0.0178407
-0.0214292
-0.0261475
-0.0307294
-0.0338486
-0.0348357
-0.0331487
-0.0293109
-0.0239764
-0.0180802
-0.0121652
-0.00700178
-0.0033577
-0.00055887
-0.0254526
-0.0216726
-0.0228115
-0.0263055
-0.0308878
-0.0350945
-0.0376355
-0.0377603
-0.0352166
-0.0306696
-0.0248175
-0.0185796
-0.0124368
-0.00714283
-0.00342471
-0.000566002
-0.0309202
-0.0269478
-0.0279492
-0.0313528
-0.035768
-0.0395942
-0.041286
-0.0405092
-0.0371137
-0.0319225
-0.0256014
-0.019052
-0.012699
-0.00728326
-0.00349335
-0.000574699
-0.0365241
-0.0323477
-0.0332883
-0.0365838
-0.0407561
-0.044002
-0.0449321
-0.0431913
-0.0389746
-0.0331416
-0.0263669
-0.0195207
-0.0129656
-0.00743121
-0.00356822
-0.000587471
-0.042233
-0.0379244
-0.0388184
-0.0420168
-0.0458954
-0.0485154
-0.0483706
-0.0456783
-0.0406757
-0.0342734
-0.0270894
-0.0199699
-0.0132264
-0.00758014
-0.00364501
-0.000601606
-0.0480687
-0.0436862
-0.044577
-0.0476234
-0.0510587
-0.0528425
-0.0517764
-0.0480848
-0.0423504
-0.035382
-0.027802
-0.0204207
-0.0134938
-0.00773662
-0.00372752
-0.000619447
-0.0540978
-0.0496575
-0.0505571
-0.0534252
-0.0563422
-0.0572228
-0.0549236
-0.0502951
-0.043883
-0.0364209
-0.0284832
-0.0208577
-0.0137581
-0.00789486
-0.00381187
-0.000638366
-0.0603211
-0.0558719
-0.0567658
-0.0593676
-0.0615582
-0.061335
-0.0580258
-0.0524263
-0.0454025
-0.0374473
-0.0291618
-0.0213004
-0.0140301
-0.00806026
-0.00390129
-0.000660603
-0.0667543
-0.0623457
-0.0632386
-0.0655146
-0.0668629
-0.0654514
-0.0608431
-0.0543807
-0.0468054
-0.0384222
-0.0298194
-0.0217339
-0.014301
-0.00822799
-0.00399251
-0.000683696
-0.0735863
-0.0691607
-0.0699759
-0.0717106
-0.0719594
-0.069227
-0.0636189
-0.0562671
-0.0482092
-0.0393943
-0.0304802
-0.0221759
-0.0145801
-0.00840229
-0.00408814
-0.000709732
-0.0807468
-0.0763597
-0.0770341
-0.0780978
-0.0770859
-0.07296
-0.0661111
-0.0580046
-0.0495196
-0.0403296
-0.0311278
-0.0226117
-0.0148593
-0.00857901
-0.00418536
-0.000736383
-0.0883947
-0.083995
-0.0843746
-0.0844276
-0.081878
-0.0763145
-0.0685815
-0.0596928
-0.0508433
-0.04127
-0.0317828
-0.0230577
-0.0151468
-0.00876156
-0.00428636
-0.000765638
-0.0965599
-0.0921416
-0.0921016
-0.0909234
-0.0866565
-0.0796057
-0.0707966
-0.0612659
-0.0520978
-0.0421859
-0.0324305
-0.0234998
-0.015435
-0.0089466
-0.00438884
-0.000795363
-0.105372
-0.100814
-0.10002
-0.0971816
-0.0909866
-0.0825191
-0.0730187
-0.0628113
-0.0533754
-0.0431132
-0.0330885
-0.0239529
-0.0157313
-0.00913673
-0.00449454
-0.000827405
-0.114927
-0.110145
-0.108343
-0.103529
-0.0952611
-0.0853703
-0.0750228
-0.0642738
-0.0546024
-0.0440248
-0.0337433
-0.0244033
-0.0160286
-0.00932922
-0.00460155
-0.000859776
-0.125309
-0.120079
-0.116743
-0.109457
-0.0990221
-0.0878754
-0.0770637
-0.0657305
-0.0558591
-0.044952
-0.0344102
-0.0248651
-0.0163337
-0.00952609
-0.00471132
-0.000894234
-0.136759
-0.130862
-0.125541
-0.115399
-0.102724
-0.0903452
-0.0789328
-0.0671315
-0.057081
-0.04587
-0.0350763
-0.0253248
-0.01664
-0.00972525
-0.00482233
-0.000928963
-0.149295
-0.142267
-0.134195
-0.120766
-0.10592
-0.0925278
-0.0808644
-0.0685468
-0.0583368
-0.0468064
-0.0357555
-0.025796
-0.0169536
-0.00992819
-0.00493576
-0.000965601
-0.163241
-0.154719
-0.14314
-0.126067
-0.109078
-0.0947156
-0.0826613
-0.0699294
-0.0595682
-0.0477375
-0.0364354
-0.0262654
-0.0172685
-0.0101333
-0.00505037
-0.00100246
-0.178462
-0.167735
-0.151661
-0.130694
-0.111777
-0.0966779
-0.0845371
-0.0713448
-0.0608349
-0.0486885
-0.0371287
-0.0267461
-0.0175905
-0.0103417
-0.00516713
-0.0010411
-0.195468
-0.181951
-0.160317
-0.135228
-0.114483
-0.0986902
-0.0863149
-0.0727421
-0.0620857
-0.0496358
-0.0378233
-0.0272251
-0.0179137
-0.0105523
-0.00528509
-0.00107998
-0.213669
-0.196609
-0.168292
-0.139117
-0.116836
-0.100543
-0.0881797
-0.0741881
-0.0633718
-0.0506038
-0.0385315
-0.0277154
-0.0182439
-0.0107659
-0.00540506
-0.00112056
-0.23394
-0.21265
-0.176235
-0.142939
-0.119242
-0.102486
-0.089969
-0.0756274
-0.0646465
-0.0515688
-0.0392412
-0.0282038
-0.0185754
-0.0109817
-0.00552626
-0.00116141
-0.255146
-0.229185
-0.183378
-0.146243
-0.1214
-0.10432
-0.091844
-0.0771294
-0.0659548
-0.052555
-0.0399649
-0.0287037
-0.0189139
-0.0112003
-0.00564941
-0.00120393
-0.278491
-0.246948
-0.190106
-0.149457
-0.123622
-0.10627
-0.0936659
-0.0786284
-0.0672545
-0.0535372
-0.0406896
-0.0292018
-0.0192539
-0.0114211
-0.00577387
-0.00124677
-0.303777
-0.266725
-0.196545
-0.152431
-0.125714
-0.108153
-0.0955649
-0.0802012
-0.0685853
-0.0545407
-0.0414285
-0.0297114
-0.0196009
-0.0116448
-0.00590029
-0.00129128
-0.329727
-0.286243
-0.202896
-0.155564
-0.12793
-0.110179
-0.0974227
-0.0817728
-0.0699085
-0.05554
-0.0421686
-0.0302195
-0.0199497
-0.0118708
-0.0060281
-0.00133616
-0.358089
-0.308371
-0.211454
-0.159372
-0.13028
-0.112201
-0.0993567
-0.0834322
-0.0712627
-0.0565628
-0.0429235
-0.0307391
-0.0203054
-0.0120993
-0.00615748
-0.00138248
-0.36483
-0.316739
-0.218592
-0.162874
-0.132698
-0.114374
-0.10127
-0.0850911
-0.0726115
-0.0575797
-0.0436776
-0.0312552
-0.0206607
-0.0123284
-0.00628707
-0.00142863
-0.364688
-0.314586
-0.220632
-0.164419
-0.134526
-0.116359
-0.103187
-0.0868122
-0.0739707
-0.0586074
-0.0444367
-0.0317755
-0.0210175
-0.0125563
-0.00641598
-0.0014753
-0.357117
-0.305601
-0.218316
-0.164024
-0.135589
-0.118168
-0.104975
-0.0884696
-0.0752914
-0.0596069
-0.0451805
-0.0322828
-0.021368
-0.0127811
-0.00654296
-0.001521
-0.346989
-0.295045
-0.214851
-0.162983
-0.136172
-0.119676
-0.106683
-0.0901534
-0.0766033
-0.0606082
-0.045924
-0.0327915
-0.0217184
-0.0130039
-0.00666871
-0.00156695
-0.342966
-0.289972
-0.21502
-0.163909
-0.137333
-0.121295
-0.10831
-0.0917601
-0.0778686
-0.0615754
-0.046648
-0.0332858
-0.0220617
-0.0132235
-0.00679234
-0.0016118
-0.345243
-0.290587
-0.219924
-0.168303
-0.140083
-0.123352
-0.110036
-0.0934208
-0.0791247
-0.0625426
-0.0473702
-0.0337806
-0.0224047
-0.013441
-0.00691471
-0.00165684
-0.351749
-0.295308
-0.228414
-0.176159
-0.145009
-0.126352
-0.112
-0.0950749
-0.0803468
-0.0634747
-0.0480698
-0.0342596
-0.0227399
-0.0136551
-0.0070348
-0.00170068
-0.360945
-0.303132
-0.239248
-0.186574
-0.152001
-0.130423
-0.114389
-0.096893
-0.0815877
-0.0644122
-0.0487675
-0.0347386
-0.0230745
-0.0138673
-0.00715362
-0.00174467
-0.371874
-0.313566
-0.251908
-0.198828
-0.160766
-0.135655
-0.117295
-0.0988316
-0.0828358
-0.0653226
-0.0494405
-0.0352008
-0.0234004
-0.0140756
-0.00726986
-0.00178731
-0.384265
-0.326464
-0.266288
-0.212465
-0.170923
-0.141905
-0.120771
-0.10104
-0.0841509
-0.0662528
-0.0501144
-0.0356627
-0.0237254
-0.0142819
-0.0073848
-0.00183002
-0.397926
-0.342053
-0.282498
-0.227287
-0.182213
-0.149097
-0.124825
-0.103455
-0.0855227
-0.0671721
-0.050765
-0.0361074
-0.0240406
-0.014484
-0.00749689
-0.0018712
-0.411993
-0.359487
-0.299901
-0.242841
-0.194264
-0.157018
-0.12941
-0.106181
-0.0870058
-0.0681313
-0.0514222
-0.0365522
-0.0243547
-0.0146839
-0.00760756
-0.00191237
-0.423688
-0.375134
-0.316175
-0.257812
-0.206346
-0.165349
-0.134433
-0.109121
-0.0885814
-0.0690987
-0.0520604
-0.0369804
-0.0246578
-0.0148789
-0.00771491
-0.00195171
-0.431046
-0.386485
-0.329594
-0.271156
-0.217771
-0.173689
-0.139699
-0.112303
-0.0902805
-0.0701227
-0.0527134
-0.0374102
-0.0249596
-0.0150714
-0.00782064
-0.00199089
-0.434155
-0.393641
-0.339736
-0.282349
-0.228077
-0.181705
-0.145061
-0.115595
-0.092064
-0.0711643
-0.0533524
-0.0378251
-0.0252496
-0.0152583
-0.00792256
-0.00202789
-0.434326
-0.397296
-0.346853
-0.291389
-0.237138
-0.189219
-0.150343
-0.118983
-0.0939396
-0.0722656
-0.0540131
-0.0382436
-0.0255383
-0.0154422
-0.00802255
-0.00206455
-0.43203
-0.398173
-0.351219
-0.298239
-0.24478
-0.196056
-0.155473
-0.122357
-0.0958637
-0.0733821
-0.054663
-0.0386496
-0.0258147
-0.0156197
-0.00811805
-0.00209853
-0.428099
-0.396803
-0.35322
-0.303073
-0.251036
-0.202175
-0.160312
-0.125704
-0.0978333
-0.0745496
-0.0553384
-0.0390615
-0.0260901
-0.0157939
-0.00821123
-0.00213187
-0.422634
-0.393658
-0.353184
-0.305961
-0.255817
-0.207419
-0.164834
-0.128941
-0.0998106
-0.0757213
-0.0560031
-0.0394631
-0.0263531
-0.0159608
-0.00829922
-0.00216201
-0.416233
-0.389078
-0.351406
-0.307121
-0.259219
-0.211819
-0.168901
-0.132048
-0.101786
-0.0769289
-0.0566942
-0.0398725
-0.0266156
-0.0161241
-0.00838442
-0.00219115
-0.408744
-0.383306
-0.348165
-0.306711
-0.261223
-0.215224
-0.172501
-0.134964
-0.103725
-0.0781269
-0.0573744
-0.040274
-0.0268662
-0.0162795
-0.00846368
-0.00221642
-0.400696
-0.376591
-0.3437
-0.304885
-0.261954
-0.217714
-0.175505
-0.137641
-0.105607
-0.0793395
-0.058079
-0.0406851
-0.0271175
-0.0164313
-0.0085397
-0.00224025
-0.391803
-0.369052
-0.338164
-0.301893
-0.261456
-0.219166
-0.177929
-0.140034
-0.107404
-0.0805216
-0.0587691
-0.0410897
-0.0273577
-0.016575
-0.00860914
-0.00225957
-0.3826
-0.360878
-0.331819
-0.297819
-0.259873
-0.219715
-0.179654
-0.142074
-0.109078
-0.0816886
-0.059477
-0.0415048
-0.0276
-0.0167154
-0.00867499
-0.00227702
-0.372728
-0.352094
-0.324681
-0.292881
-0.257289
-0.219269
-0.180723
-0.143733
-0.110609
-0.0827966
-0.0601639
-0.041914
-0.0278329
-0.0168481
-0.00873385
-0.00228926
-0.362484
-0.342774
-0.316935
-0.287109
-0.253802
-0.217987
-0.181038
-0.144933
-0.111936
-0.0838487
-0.0608548
-0.0423325
-0.0280696
-0.0169784
-0.00878913
-0.00229926
-0.351653
-0.332921
-0.308547
-0.280662
-0.249501
-0.215791
-0.180664
-0.145674
-0.113045
-0.084806
-0.0615106
-0.0427424
-0.0282981
-0.0171018
-0.00883744
-0.00230357
-0.340486
-0.322638
-0.299698
-0.273549
-0.244429
-0.212846
-0.179534
-0.145873
-0.113861
-0.0856545
-0.0621481
-0.0431566
-0.0285313
-0.0172243
-0.00888264
-0.00230552
-0.328903
-0.311966
-0.290322
-0.265886
-0.238695
-0.2091
-0.177729
-0.145559
-0.114383
-0.0863688
-0.0627295
-0.0435555
-0.0287569
-0.0173412
-0.00892138
-0.00230166
-0.317036
-0.300925
-0.280595
-0.2577
-0.232325
-0.204703
-0.175218
-0.144665
-0.114529
-0.0869099
-0.0632601
-0.043948
-0.0289866
-0.0174587
-0.00895813
-0.00229572
-0.304849
-0.28962
-0.270462
-0.249098
-0.225434
-0.199669
-0.172093
-0.143241
-0.114321
-0.087265
-0.0637067
-0.0443122
-0.0292065
-0.0175718
-0.00898954
-0.00228441
-0.292474
-0.278043
-0.260117
-0.240132
-0.218092
-0.194129
-0.168377
-0.141251
-0.113679
-0.0873774
-0.0640597
-0.0446522
-0.0294265
-0.0176864
-0.00902057
-0.00227188
-0.279905
-0.26635
-0.249513
-0.230872
-0.210366
-0.188077
-0.164131
-0.138754
-0.112639
-0.0872469
-0.0642962
-0.0449446
-0.0296314
-0.0177969
-0.0090477
-0.00225513
-0.267088
-0.254349
-0.238629
-0.221272
-0.202224
-0.181598
-0.159377
-0.135727
-0.111137
-0.0868095
-0.0643865
-0.0451864
-0.0298277
-0.0179085
-0.00907628
-0.00223866
-0.253927
-0.242007
-0.227378
-0.211296
-0.193716
-0.174653
-0.154139
-0.132213
-0.109212
-0.0860787
-0.0643165
-0.0453552
-0.0299983
-0.018014
-0.00910229
-0.00221975
-0.240542
-0.229406
-0.215834
-0.201003
-0.184812
-0.167321
-0.148455
-0.128221
-0.106827
-0.0849931
-0.0640431
-0.0454383
-0.0301455
-0.0181173
-0.00913113
-0.00220312
-0.226938
-0.216586
-0.204051
-0.190425
-0.175625
-0.159609
-0.142351
-0.123774
-0.104023
-0.0835789
-0.0635641
-0.0454188
-0.0302505
-0.0182094
-0.00915771
-0.00218648
-0.213233
-0.203643
-0.192117
-0.179667
-0.166154
-0.151598
-0.135878
-0.118942
-0.100794
-0.0817925
-0.0628328
-0.0452719
-0.0303104
-0.0182919
-0.0091871
-0.00217423
-0.199443
-0.190609
-0.180068
-0.16874
-0.156522
-0.143335
-0.129117
-0.113739
-0.097198
-0.0796734
-0.0618611
-0.0449873
-0.0303063
-0.0183537
-0.00921272
-0.00216422
-0.185672
-0.177583
-0.168007
-0.157787
-0.146766
-0.134907
-0.122101
-0.108254
-0.0932512
-0.0772008
-0.0606074
-0.0445331
-0.0302292
-0.0183938
-0.0092388
-0.00216016
-0.171976
-0.164622
-0.155979
-0.146812
-0.136956
-0.126348
-0.114908
-0.102492
-0.0889984
-0.0744175
-0.0590923
-0.0439058
-0.0300625
-0.0183986
-0.00925694
-0.00216037
-0.158473
-0.151821
-0.144066
-0.135892
-0.127129
-0.117716
-0.107554
-0.0965311
-0.084471
-0.0713215
-0.0572879
-0.0430734
-0.02979
-0.018364
-0.00926966
-0.00216665
-0.145207
-0.139237
-0.132332
-0.125091
-0.117356
-0.109063
-0.100128
-0.0903906
-0.0797076
-0.0679533
-0.0552217
-0.0420405
-0.0293982
-0.0182747
-0.00926649
-0.00217744
-0.132264
-0.126943
-0.120843
-0.114485
-0.107714
-0.100472
-0.0926573
-0.0841505
-0.0747583
-0.064335
-0.0528856
-0.040783
-0.0288684
-0.0181233
-0.00924782
-0.00219219
-0.119721
-0.115026
-0.10969
-0.104155
-0.098279
-0.0920017
-0.0852444
-0.077851
-0.069664
-0.0605032
-0.0503131
-0.0393138
-0.0281927
-0.0178953
-0.00920187
-0.00220998
-0.10776
-0.103653
-0.0990119
-0.0942187
-0.0891434
-0.0837417
-0.0779158
-0.0715568
-0.064481
-0.0565102
-0.0475182
-0.0376248
-0.0273558
-0.0175805
-0.00912596
-0.00222686
-0.0962028
-0.0926485
-0.0886738
-0.0845876
-0.0802761
-0.0756847
-0.0707426
-0.0653205
-0.0592681
-0.0523905
-0.0445438
-0.0357384
-0.0263579
-0.0171672
-0.00900847
-0.00224238
-0.0853704
-0.0823263
-0.0789408
-0.0754716
-0.0718224
-0.06795
-0.0637765
-0.0592008
-0.0540688
-0.0482025
-0.0414161
-0.0336621
-0.0251913
-0.0166449
-0.00884332
-0.00224915
-0.0750454
-0.0724648
-0.0696315
-0.0667453
-0.0637223
-0.0605137
-0.0570491
-0.0532322
-0.0489327
-0.0439717
-0.0381708
-0.0314211
-0.0238628
-0.0160066
-0.0086214
-0.00224837
-0.0655193
-0.0633656
-0.0610096
-0.0586119
-0.0561075
-0.0534554
-0.050597
-0.0474464
-0.0438798
-0.0397405
-0.0348374
-0.0290327
-0.0223735
-0.0152434
-0.008333
-0.00222868
-0.0565686
-0.0547887
-0.0528634
-0.0509141
-0.0488875
-0.0467399
-0.0444236
-0.0418615
-0.0389487
-0.0355353
-0.0314471
-0.0265215
-0.0207359
-0.0143555
-0.00797371
-0.00219466
-0.0483111
-0.0468702
-0.045319
-0.043755
-0.0421307
-0.0404125
-0.0385589
-0.0365063
-0.0341589
-0.0313902
-0.0280304
-0.0239121
-0.0189601
-0.0133376
-0.00753155
-0.00213084
-0.0406865
-0.0395325
-0.0383055
-0.0370758
-0.0358059
-0.034462
-0.0330116
-0.0313975
-0.0295432
-0.0273327
-0.0246173
-0.0212269
-0.017063
-0.0121978
-0.00700989
-0.00204637
-0.033731
-0.03283
-0.031877
-0.0309299
-0.0299506
-0.0289185
-0.0278014
-0.0265565
-0.0251164
-0.0233871
-0.0212284
-0.0184942
-0.0150584
-0.0109351
-0.00639611
-0.00192396
-0.0274332
-0.0267365
-0.0260079
-0.0252874
-0.0245472
-0.0237685
-0.0229278
-0.0219864
-0.0208955
-0.0195653
-0.0178889
-0.0157286
-0.012968
-0.00956546
-0.00570339
-0.00177894
-0.0217007
-0.0211756
-0.0206281
-0.0201016
-0.0195545
-0.0189897
-0.0183719
-0.0176814
-0.0168702
-0.0158749
-0.0146028
-0.0129549
-0.0107997
-0.00808764
-0.00491907
-0.00159549
-0.0166354
-0.0162376
-0.0158262
-0.0154297
-0.0150194
-0.0145974
-0.014139
-0.0136293
-0.0130383
-0.0123072
-0.0113814
-0.0101656
-0.00856867
-0.00651803
-0.00406268
-0.00139428
-0.0120302
-0.0117237
-0.0114085
-0.0111214
-0.0108106
-0.0105072
-0.0101643
-0.0097941
-0.00936419
-0.00884206
-0.00819358
-0.00736599
-0.00627735
-0.00486417
-0.00313619
-0.0011771
-0.00866302
-0.00844039
-0.00813696
-0.00782027
-0.00743155
-0.00705224
-0.00663278
-0.00623681
-0.00583831
-0.00544277
-0.00502959
-0.00455133
-0.00394828
-0.00316681
-0.00218712
-0.00098988
-0.439706
-0.528626
-0.602502
-0.665688
-0.695293
-0.717183
-0.712816
-0.709105
-0.694863
-0.722396
-0.440022
-0.530554
-0.605679
-0.670001
-0.700682
-0.723583
-0.720623
-0.717418
-0.703513
-0.731511
-0.437656
-0.530203
-0.606573
-0.672106
-0.704115
-0.728316
-0.726848
-0.725149
-0.712805
-0.747904
-0.433469
-0.527686
-0.604522
-0.670299
-0.702701
-0.727245
-0.726237
-0.7251
-0.713173
-0.752339
-0.428214
-0.524
-0.600999
-0.666545
-0.698802
-0.723097
-0.72204
-0.720781
-0.708224
-0.749171
-0.422172
-0.51945
-0.596603
-0.661895
-0.694033
-0.718073
-0.716904
-0.715283
-0.701738
-0.741769
-0.415651
-0.514325
-0.59158
-0.656594
-0.688695
-0.712532
-0.7114
-0.709443
-0.695056
-0.731798
-0.408688
-0.508621
-0.585985
-0.650729
-0.682873
-0.706605
-0.705634
-0.703458
-0.688482
-0.720275
-0.401493
-0.502548
-0.57994
-0.644318
-0.676518
-0.700096
-0.699372
-0.696956
-0.681456
-0.707255
-0.394012
-0.496014
-0.573437
-0.637425
-0.669712
-0.693167
-0.692728
-0.690112
-0.674123
-0.693134
-0.386391
-0.489205
-0.566584
-0.630054
-0.662419
-0.685642
-0.685524
-0.682608
-0.66603
-0.677715
-0.378509
-0.481957
-0.559312
-0.622252
-0.654721
-0.67774
-0.677953
-0.674759
-0.657551
-0.661331
-0.370497
-0.474457
-0.551726
-0.614006
-0.646573
-0.669259
-0.669831
-0.666231
-0.64828
-0.644069
-0.362218
-0.4665
-0.543715
-0.605342
-0.638036
-0.660437
-0.661363
-0.657395
-0.638679
-0.627122
-0.353817
-0.458291
-0.53539
-0.596238
-0.62905
-0.651035
-0.652333
-0.647869
-0.628324
-0.610905
-0.345151
-0.449607
-0.526604
-0.586702
-0.619652
-0.641292
-0.642949
-0.638052
-0.617715
-0.595874
-0.336387
-0.440673
-0.517491
-0.576715
-0.609782
-0.63095
-0.632969
-0.627521
-0.606397
-0.581376
-0.327378
-0.431251
-0.507875
-0.566274
-0.599463
-0.620256
-0.622612
-0.61671
-0.594894
-0.567661
-0.318339
-0.421604
-0.497921
-0.555373
-0.588636
-0.608937
-0.611612
-0.605161
-0.582711
-0.554046
-0.309199
-0.411549
-0.48746
-0.544014
-0.577324
-0.597244
-0.600199
-0.593323
-0.570373
-0.540872
-0.300257
-0.401389
-0.476699
-0.532213
-0.565477
-0.584908
-0.588095
-0.580727
-0.557366
-0.527468
-0.291359
-0.390901
-0.465442
-0.519961
-0.553127
-0.572184
-0.575562
-0.56785
-0.544236
-0.514271
-0.282743
-0.380337
-0.453887
-0.50727
-0.540214
-0.558802
-0.5623
-0.55421
-0.530446
-0.500635
-0.27423
-0.369487
-0.441822
-0.494127
-0.526763
-0.545006
-0.548575
-0.540272
-0.516508
-0.487025
-0.266096
-0.358568
-0.429448
-0.48053
-0.512729
-0.530534
-0.534104
-0.525576
-0.501917
-0.472873
-0.258109
-0.347397
-0.416578
-0.466481
-0.498158
-0.515643
-0.519186
-0.510605
-0.487187
-0.458685
-0.250456
-0.336177
-0.403417
-0.451977
-0.483013
-0.500079
-0.503541
-0.49491
-0.471833
-0.443947
-0.242858
-0.324751
-0.389828
-0.437038
-0.467368
-0.48409
-0.487477
-0.478944
-0.45632
-0.429136
-0.235476
-0.313291
-0.375985
-0.421659
-0.451182
-0.467449
-0.470734
-0.4623
-0.440226
-0.413814
-0.228045
-0.301665
-0.36179
-0.405893
-0.434548
-0.450413
-0.453619
-0.445416
-0.423975
-0.398434
-0.220724
-0.290024
-0.347394
-0.389738
-0.417431
-0.432784
-0.435896
-0.427923
-0.407206
-0.382605
-0.213296
-0.278247
-0.332748
-0.373261
-0.399952
-0.414802
-0.417861
-0.410215
-0.390285
-0.36673
-0.205887
-0.266481
-0.317965
-0.356481
-0.382068
-0.396317
-0.399303
-0.391981
-0.372916
-0.350466
-0.198324
-0.254617
-0.303027
-0.339476
-0.363912
-0.377552
-0.380494
-0.373562
-0.355408
-0.334161
-0.190712
-0.242782
-0.28802
-0.322282
-0.345457
-0.358411
-0.361274
-0.354727
-0.337546
-0.31753
-0.182917
-0.230881
-0.272942
-0.304978
-0.326841
-0.339094
-0.341888
-0.335767
-0.319587
-0.300873
-0.175021
-0.21902
-0.25787
-0.287612
-0.308069
-0.319563
-0.322245
-0.316538
-0.3014
-0.283974
-0.16694
-0.207118
-0.242808
-0.270256
-0.289272
-0.299994
-0.302559
-0.297283
-0.2832
-0.267105
-0.158735
-0.195261
-0.227831
-0.252973
-0.270493
-0.280403
-0.282811
-0.27795
-0.264935
-0.25012
-0.150367
-0.183396
-0.212947
-0.235826
-0.251846
-0.260939
-0.263181
-0.258733
-0.246776
-0.233259
-0.141877
-0.171598
-0.198229
-0.218888
-0.233404
-0.241665
-0.243712
-0.239655
-0.228749
-0.216449
-0.133279
-0.159846
-0.183695
-0.202217
-0.215262
-0.222702
-0.224548
-0.220869
-0.210979
-0.199895
-0.124591
-0.148202
-0.169414
-0.185889
-0.197508
-0.20414
-0.205772
-0.202447
-0.193549
-0.183584
-0.11587
-0.136683
-0.155418
-0.169961
-0.18022
-0.186075
-0.187498
-0.184508
-0.176547
-0.167683
-0.107116
-0.125346
-0.141773
-0.154508
-0.163488
-0.168604
-0.16982
-0.167144
-0.160086
-0.15222
-0.0984323
-0.11424
-0.128528
-0.139588
-0.147378
-0.151804
-0.152827
-0.150447
-0.144222
-0.137322
-0.0898058
-0.103408
-0.115738
-0.125265
-0.131965
-0.135757
-0.136603
-0.134498
-0.129068
-0.123044
-0.0813481
-0.09292
-0.10346
-0.1116
-0.117307
-0.120528
-0.121214
-0.119374
-0.114663
-0.109464
-0.0730543
-0.0827961
-0.0917465
-0.0986255
-0.103461
-0.106162
-0.106724
-0.10512
-0.101096
-0.0966411
-0.0650082
-0.0731166
-0.0806133
-0.0864031
-0.0904485
-0.0927183
-0.0931663
-0.0918107
-0.0883984
-0.0846264
-0.0572163
-0.0638795
-0.0701228
-0.0749409
-0.0783201
-0.08021
-0.0805881
-0.0794563
-0.0766103
-0.0734519
-0.0497966
-0.0551791
-0.0603097
-0.0642879
-0.0670869
-0.0686615
-0.0689887
-0.0680712
-0.0657308
-0.0631196
-0.0427353
-0.0470337
-0.0512058
-0.054459
-0.0567615
-0.05807
-0.0583627
-0.0576391
-0.0557464
-0.0536186
-0.0361383
-0.0394963
-0.0428398
-0.0454695
-0.047348
-0.0484321
-0.0486999
-0.0481479
-0.0466493
-0.0449476
-0.0299707
-0.0325654
-0.0352145
-0.0373183
-0.0388396
-0.039735
-0.0399849
-0.0395806
-0.038421
-0.0370845
-0.0243139
-0.0262712
-0.028336
-0.0299982
-0.0312188
-0.0319564
-0.0321906
-0.0319133
-0.031044
-0.0300235
-0.0191329
-0.0206031
-0.02219
-0.0234856
-0.0244537
-0.0250568
-0.0252768
-0.0251026
-0.0244753
-0.0237133
-0.0145358
-0.0155882
-0.0167707
-0.0177525
-0.0185026
-0.0189895
-0.0191955
-0.0191132
-0.0186963
-0.0181612
-0.0106983
-0.0114164
-0.012182
-0.0128449
-0.0133735
-0.0137411
-0.0139253
-0.0139174
-0.0136742
-0.0133197
-0.0070127
-0.00756191
-0.00806531
-0.0085062
-0.00888143
-0.00917799
-0.00938123
-0.0094763
-0.009449
-0.00936467
1.12319
1.15076
1.13433
1.05263
0.893895
0.66765
0.414628
0.191951
0.0363205
-0.0294971
-0.035331
-0.136713
-0.187067
-0.226671
-0.297041
0.910259
0.929125
0.923323
0.874908
0.769057
0.604013
0.403639
0.213477
0.071513
0.00633127
-0.00613593
-0.121365
-0.17584
-0.22055
-0.295016
0.753763
0.768455
0.768488
0.742757
0.677369
0.563052
0.409876
0.251181
0.123435
0.0583584
0.0350633
-0.100197
-0.159567
-0.211172
-0.290216
0.610781
0.624416
0.62926
0.620206
0.587007
0.516367
0.407453
0.282231
0.173245
0.111629
0.0774102
-0.0776684
-0.14141
-0.200773
-0.283891
0.487773
0.500433
0.508645
0.511208
0.501373
0.466146
0.396895
0.3046
0.216318
0.160998
0.116104
-0.0551596
-0.123269
-0.190816
-0.276948
0.385606
0.397152
0.407151
0.416961
0.424104
0.416626
0.381297
0.319831
0.253116
0.2057
0.151709
-0.0322426
-0.105386
-0.181685
-0.269786
0.303199
0.313237
0.323804
0.338402
0.356418
0.36938
0.362171
0.328807
0.283116
0.244743
0.182512
-0.00936783
-0.0882822
-0.1736
-0.262739
0.237939
0.246692
0.257362
0.2739
0.298995
0.326743
0.341887
0.333131
0.30741
0.278481
0.210368
0.0138373
-0.0715942
-0.166123
-0.255799
0.187788
0.195341
0.2053
0.22296
0.25174
0.288844
0.320893
0.333152
0.32569
0.306249
0.233436
0.0365856
-0.0558111
-0.159106
-0.249186
0.150743
0.157047
0.166374
0.183496
0.213801
0.256758
0.300996
0.330312
0.339044
0.328691
0.253993
0.0592479
-0.0404302
-0.152143
-0.242782
0.124831
0.13002
0.138038
0.154578
0.184743
0.230026
0.281983
0.324638
0.347372
0.34551
0.270023
0.0807441
-0.0260297
-0.145432
-0.236722
0.108365
0.112281
0.119465
0.134319
0.163097
0.208671
0.265126
0.317384
0.351609
0.357405
0.284029
0.101566
-0.0120569
-0.138685
-0.230813
0.0994486
0.102536
0.108156
0.121591
0.148333
0.19221
0.249949
0.308491
0.351886
0.364485
0.29384
0.120446
0.000828814
-0.132184
-0.225202
0.0971172
0.0989557
0.103659
0.114998
0.138851
0.179885
0.237064
0.298977
0.348963
0.367204
0.301888
0.138133
0.0132213
-0.125618
-0.219695
0.0994614
0.100579
0.103628
0.112979
0.133914
0.171592
0.226087
0.288812
0.343163
0.366164
0.306108
0.15323
0.0243951
-0.11934
-0.214454
0.104869
0.104993
0.107178
0.114691
0.132725
0.166299
0.217249
0.278726
0.335083
0.361579
0.308839
0.16679
0.03496
-0.113012
-0.209288
0.112625
0.112249
0.113384
0.11918
0.134298
0.163902
0.2102
0.26866
0.325201
0.354344
0.30818
0.177332
0.044158
-0.107041
-0.204381
0.121737
0.120915
0.121249
0.125544
0.137984
0.163311
0.20469
0.259075
0.314026
0.344587
0.306101
0.186186
0.0526344
-0.101062
-0.199537
0.131652
0.130253
0.129905
0.132813
0.142692
0.164165
0.200408
0.249827
0.301964
0.333169
0.301129
0.191854
0.0596132
-0.0955259
-0.194941
0.141622
0.139791
0.138724
0.140386
0.148033
0.165733
0.197001
0.241197
0.289498
0.320252
0.294965
0.195912
0.0657593
-0.0900392
-0.19028
0.151442
0.149134
0.1474
0.147868
0.153389
0.167794
0.1943
0.232959
0.276804
0.306462
0.286478
0.196889
0.0703147
-0.0850789
-0.185699
0.160604
0.157917
0.155526
0.154932
0.15867
0.169923
0.191946
0.225286
0.264323
0.292135
0.277041
0.196441
0.0739873
-0.0802128
-0.180937
0.168555
0.165593
0.162757
0.16134
0.163391
0.171991
0.189924
0.218019
0.25204
0.277499
0.265873
0.19322
0.0760479
-0.075935
-0.176302
0.17523
0.172112
0.168974
0.166848
0.167647
0.173758
0.187893
0.211102
0.240279
0.262978
0.254136
0.188999
0.0772307
-0.0717551
-0.171517
0.181033
0.177715
0.174249
0.171546
0.171018
0.175011
0.185799
0.20459
0.228911
0.248521
0.241256
0.182494
0.076873
-0.0681541
-0.166928
0.184889
0.181497
0.177905
0.174734
0.173386
0.175621
0.183522
0.198221
0.218159
0.234575
0.2283
0.175418
0.0757589
-0.0646514
-0.162197
0.186821
0.18355
0.179945
0.176677
0.174708
0.175534
0.180948
0.19221
0.207854
0.220923
0.214735
0.166604
0.0732867
-0.061785
-0.157676
0.188204
0.184931
0.181292
0.177813
0.175244
0.17484
0.178172
0.186148
0.198086
0.207965
0.201523
0.157731
0.0702527
-0.0590649
-0.152982
0.18892
0.185551
0.181762
0.178033
0.174945
0.173492
0.174916
0.180307
0.188702
0.195405
0.18812
0.147673
0.0661345
-0.0569725
-0.148491
0.187533
0.184354
0.180769
0.177055
0.173661
0.171387
0.171383
0.174249
0.179703
0.183563
0.175402
0.137973
0.0617327
-0.0549942
-0.1438
0.186333
0.183074
0.179347
0.175431
0.171651
0.168661
0.167257
0.168293
0.171011
0.172155
0.162777
0.127557
0.0565693
-0.0535715
-0.139304
0.182643
0.17965
0.176213
0.172447
0.168585
0.165108
0.162828
0.16203
0.162555
0.161408
0.150993
0.117809
0.0513836
-0.0521981
-0.13459
0.179723
0.176598
0.172975
0.169022
0.164893
0.160995
0.157763
0.155782
0.154352
0.151089
0.139464
0.107725
0.045763
-0.0512599
-0.130057
0.173252
0.170544
0.167416
0.163887
0.160011
0.156016
0.152417
0.149226
0.146276
0.14132
0.128811
0.0984839
0.0404063
-0.050267
-0.125285
0.168447
0.165707
0.162523
0.158934
0.154946
0.150768
0.146553
0.142665
0.138415
0.131963
0.118501
0.089201
0.034899
-0.0495722
-0.120674
0.16174
0.159253
0.156356
0.153
0.149166
0.144918
0.140553
0.135878
0.130638
0.123057
0.109021
0.0808378
0.0298532
-0.0487267
-0.115816
0.155838
0.153355
0.150436
0.147068
0.143187
0.138882
0.134123
0.129084
0.123064
0.114552
0.0999381
0.0726347
0.0248694
-0.0480454
-0.111097
0.147929
0.145722
0.143128
0.140068
0.136459
0.132255
0.12759
0.122141
0.115569
0.106427
0.0916054
0.0653375
0.0204864
-0.0471221
-0.106122
0.140926
0.138775
0.136236
0.133252
0.129709
0.125597
0.120761
0.115215
0.108286
0.0986994
0.0836952
0.0583309
0.016294
-0.0462564
-0.101266
0.132463
0.13058
0.128361
0.1257
0.122472
0.11855
0.113939
0.108263
0.101127
0.0913238
0.0764611
0.0521631
0.0127538
-0.0450998
-0.0961694
0.125546
0.123674
0.121449
0.11879
0.115571
0.111721
0.107032
0.101414
0.0942225
0.0843647
0.0696623
0.0463468
0.00946113
-0.043928
-0.0911807
0.117061
0.115412
0.113459
0.111089
0.108176
0.104566
0.100197
0.094659
0.0875266
0.0777615
0.0634615
0.0412761
0.00679974
-0.0424436
-0.0859745
0.109736
0.108129
0.106231
0.10395
0.101156
0.0977418
0.0934524
0.0881229
0.0811508
0.0715847
0.0576927
0.036569
0.00439242
-0.0409083
-0.0808776
0.101653
0.100253
0.0986082
0.09661
0.0941193
0.0909587
0.0870029
0.0818505
0.0750673
0.0657708
0.0524554
0.0325065
0.00255699
-0.039079
-0.0756096
0.0953148
0.0939425
0.0923116
0.0903235
0.0878557
0.084786
0.080866
0.0759001
0.0693423
0.060388
0.0476338
0.0287933
0.000956737
-0.0371927
-0.0704668
0.0880839
0.0868826
0.085454
0.083688
0.081465
0.0786118
0.0749923
0.0702382
0.0639418
0.0553509
0.0432823
0.025631
-0.000149673
-0.0350497
-0.0652059
0.0820922
0.0809127
0.0795096
0.077786
0.0756334
0.0729226
0.0694169
0.0648964
0.0588982
0.0507675
0.0393267
0.0227877
-0.0010574
-0.0328687
-0.0600975
0.0754767
0.0744432
0.0732178
0.0717083
0.0698014
0.0673329
0.0641342
0.0599054
0.0542604
0.0465428
0.0358205
0.0204144
-0.00155478
-0.0304899
-0.0549363
0.0699471
0.0689757
0.0678194
0.0663919
0.0645957
0.0622873
0.059283
0.0553245
0.0500061
0.0427903
0.0326836
0.0183224
-0.00189927
-0.0281064
-0.0499614
0.0642408
0.0634
0.062398
0.0611651
0.0595852
0.0575228
0.0547878
0.0511202
0.0461701
0.0393587
0.0299334
0.0166187
-0.0019189
-0.0255867
-0.0449908
0.0596227
0.0588208
0.0578632
0.0566819
0.0551848
0.0532503
0.0507063
0.0472987
0.0426606
0.0363273
0.0274987
0.0151424
-0.00184037
-0.0231039
-0.0402383
0.0549283
0.0542282
0.0533901
0.0523597
0.0510319
0.0492916
0.0469694
0.043821
0.0395243
0.0335821
0.0253842
0.0139688
-0.00151813
-0.020548
-0.035548
0.0511745
0.0505069
0.0497049
0.048716
0.0474543
0.0458171
0.043651
0.0407236
0.0367064
0.0311943
0.0235357
0.0129667
-0.00115641
-0.0180715
-0.0310988
0.0473909
0.046811
0.0461103
0.0452545
0.0441392
0.0426715
0.0406907
0.0379791
0.0342488
0.0290708
0.0219479
0.0121847
-0.000628407
-0.015569
-0.0267385
0.0446402
0.0440706
0.0433894
0.0425403
0.0414556
0.0400405
0.0381606
0.0356098
0.0320939
0.0272569
0.0205748
0.0115144
-0.00012092
-0.013187
-0.0226297
0.0417413
0.0412402
0.0406388
0.039898
0.0389349
0.0376601
0.035933
0.0335525
0.0302562
0.0256718
0.0193933
0.0109831
0.000474319
-0.0108352
-0.0186432
0.0395841
0.0391047
0.0385345
0.0378288
0.0369183
0.0357159
0.0340886
0.0318428
0.0287062
0.0243623
0.0183974
0.0105241
0.00100297
-0.00864466
-0.0149081
0.0376945
0.0372603
0.0367449
0.0361059
0.0352695
0.0341473
0.0326125
0.0304658
0.0274508
0.0232465
0.0175225
0.0101239
0.00154837
-0.0065244
-0.0113038
0.0363207
0.035924
0.0354411
0.0348442
0.0340461
0.0329701
0.031483
0.0293677
0.0263875
0.0222448
0.0166579
0.00962297
0.00192596
-0.00456175
-0.00784264
0.0356382
0.0352503
0.0347619
0.034155
0.0333283
0.0322287
0.0306799
0.0284973
0.0254257
0.0211677
0.0155126
0.00868904
0.00188987
-0.00279495
-0.00429696
)
;

boundaryField
{
    airfoil
    {
        type            zeroGradient;
    }
    farBoundaries
    {
        type            freestreamPressure;
        freestreamValue uniform 0;
        supersonic      false;
        value           nonuniform List<scalar> 
52
(
-0.00320075
-0.00345142
-0.00368119
-0.00388242
-0.00405368
-0.00418904
-0.0042818
-0.00432519
-0.00431273
-0.00427424
-0.00395399
-0.00385238
-0.00371389
-0.00356934
-0.00339192
-0.0032188
-0.00302735
-0.00284662
-0.00266473
-0.0024842
-0.00229561
-0.00207733
-0.00180208
-0.0014454
-0.000998249
-0.000451803
0.00456106
0.00427157
0.00391313
0.00355738
0.00315753
0.0027801
0.00238334
0.00201243
0.00165455
0.00130995
0.000988464
0.000679735
0.000411797
0.000186643
3.02395e-05
-1.70701e-05
0.00832993
0.00822674
0.0079806
0.00767204
0.00732882
0.00697718
0.00661584
0.00625638
0.00588657
0.00556858
)
;
    }
    inlet
    {
        type            freestreamPressure;
        freestreamValue uniform 0;
        supersonic      false;
        value           nonuniform List<scalar> 
30
(
0.0355669
0.0351712
0.0346713
0.0340473
0.033195
0.0320564
0.0304488
0.0281785
0.0249822
0.020567
0.0147711
0.0079714
0.00161636
-0.0020868
-0.00243656
0.0359289
0.0363281
0.036813
0.0373851
0.0380825
0.0388979
0.0398588
0.0409327
0.0419755
0.0423983
0.0411408
0.0367181
0.0283024
0.0175033
0.00922071
)
;
    }
    outlet
    {
        type            freestreamPressure;
        freestreamValue uniform 0;
        supersonic      false;
        value           nonuniform List<scalar> 
120
(
-2.59128e-06
-2.68126e-06
-2.77201e-06
-2.86073e-06
-2.94984e-06
-3.03672e-06
-3.12388e-06
-3.20866e-06
-3.29366e-06
-3.37595e-06
-3.45836e-06
-3.53773e-06
-3.61706e-06
-3.69276e-06
-3.76815e-06
-3.83926e-06
-3.90972e-06
-3.97493e-06
-4.03893e-06
-4.09668e-06
-4.15255e-06
-4.20086e-06
-4.24648e-06
-4.28326e-06
-4.31652e-06
-4.33955e-06
-4.35837e-06
-4.36601e-06
-4.36922e-06
-4.36106e-06
-4.34915e-06
-4.32688e-06
-4.30278e-06
-4.27089e-06
-4.24045e-06
-4.20612e-06
-4.17743e-06
-4.14982e-06
-4.13186e-06
-4.11909e-06
-4.1181e-06
-4.12511e-06
-4.1425e-06
-4.16659e-06
-4.19497e-06
-4.22548e-06
-4.2495e-06
-4.26653e-06
-4.26227e-06
-4.24014e-06
-4.17959e-06
-4.09099e-06
-3.94686e-06
-3.76581e-06
-3.51681e-06
-3.22864e-06
-2.8716e-06
-2.48325e-06
-2.06357e-06
-1.67576e-06
-5.96881e-08
-1.73198e-07
-3.02849e-07
-4.41229e-07
-5.82419e-07
-7.22438e-07
-8.59939e-07
-9.88585e-07
-1.10848e-06
-1.21255e-06
-1.30267e-06
-1.37304e-06
-1.42737e-06
-1.46122e-06
-1.47974e-06
-1.47979e-06
-1.4676e-06
-1.44067e-06
-1.40595e-06
-1.36115e-06
-1.31348e-06
-1.26029e-06
-1.20876e-06
-1.15563e-06
-1.10783e-06
-1.06134e-06
-1.02273e-06
-9.87316e-07
-9.61265e-07
-9.39373e-07
-9.27407e-07
-9.19797e-07
-9.2198e-07
-9.2829e-07
-9.43811e-07
-9.62866e-07
-9.90286e-07
-1.02061e-06
-1.05837e-06
-1.09832e-06
-1.14479e-06
-1.19288e-06
-1.24667e-06
-1.30156e-06
-1.36142e-06
-1.42205e-06
-1.48708e-06
-1.55261e-06
-1.62206e-06
-1.6919e-06
-1.76532e-06
-1.83904e-06
-1.91611e-06
-1.9935e-06
-2.0741e-06
-2.1551e-06
-2.23924e-06
-2.32388e-06
-2.41164e-06
-2.50026e-06
)
;
    }
    defaultFaces
    {
        type            empty;
    }
}


// ************************************************************************* //
