/*--------------------------------*- C++ -*----------------------------------*\
  =========                 |
  \\      /  F ield         | OpenFOAM: The Open Source CFD Toolbox
   \\    /   O peration     | Website:  https://openfoam.org
    \\  /    A nd           | Version:  6.0
     \\/     M anipulation  |
\*---------------------------------------------------------------------------*/
FoamFile
{
    version     2.0;
    format      ascii;
    class       volScalarField;
    location    "3";
    object      p;
}
// * * * * * * * * * * * * * * * * * * * * * * * * * * * * * * * * * * * * * //

dimensions      [0 2 -2 0 0 0 0];

internalField   nonuniform List<scalar> 
4920
(
0.0276991
0.027949
0.0283002
0.0287491
0.0293445
0.0301004
0.0310717
0.0323232
0.0339064
0.035654
0.0371533
0.0371998
0.0336837
0.0250978
0.0174016
0.0279176
0.0281498
0.028475
0.028907
0.0294944
0.0302618
0.0312606
0.0325767
0.0342911
0.0364186
0.0386625
0.0401543
0.0388915
0.0325884
0.0260639
0.0281851
0.0284653
0.0288311
0.0292914
0.0299046
0.0306938
0.0317225
0.033095
0.0349364
0.0372668
0.0399926
0.0423444
0.0424224
0.0375259
0.0314934
0.0288607
0.0291604
0.0295274
0.0299796
0.0305814
0.031366
0.0324075
0.0338246
0.0357482
0.0383004
0.041325
0.0442333
0.0451967
0.0412525
0.0354875
0.0293847
0.0297298
0.0301466
0.0306445
0.0312903
0.0321124
0.0331925
0.0346673
0.0367104
0.0393891
0.0427432
0.0461543
0.0478737
0.0446904
0.0391474
0.0303591
0.0306959
0.0310895
0.0315571
0.032173
0.032979
0.0340686
0.0355912
0.037713
0.0406176
0.0442071
0.048029
0.0503628
0.0477571
0.0422466
0.0307137
0.0311142
0.0315885
0.0321423
0.0328458
0.0337312
0.0348954
0.0365063
0.0387838
0.0418357
0.0457813
0.0500904
0.0530634
0.0509929
0.045446
0.0316467
0.0320243
0.0324591
0.0329712
0.0336415
0.0345217
0.0357194
0.0374147
0.0398179
0.0431638
0.047394
0.0521685
0.0557321
0.0541046
0.0483011
0.0317055
0.0321574
0.0326959
0.0333182
0.0341089
0.0351017
0.0364116
0.0382426
0.0408634
0.0444177
0.0491241
0.0544911
0.0587545
0.0575589
0.051385
0.0324214
0.03284
0.0333275
0.0339032
0.0346641
0.035667
0.037039
0.0389957
0.0417966
0.0457519
0.050857
0.056833
0.061817
0.0609867
0.0541425
0.0320589
0.0325708
0.0331827
0.0338944
0.0347991
0.0359407
0.0374543
0.0395893
0.0426821
0.0469473
0.0526945
0.0594759
0.065318
0.0648391
0.0571461
0.0325264
0.0329891
0.0335251
0.0341617
0.0350118
0.0361505
0.0377376
0.0400369
0.0433832
0.04818
0.0544984
0.0621312
0.0688764
0.0686947
0.0598189
0.0316823
0.0322362
0.0328923
0.033664
0.0346608
0.0359521
0.0377101
0.0402336
0.0439532
0.049176
0.0563994
0.0651236
0.0729611
0.0730044
0.0626919
0.0315617
0.0320527
0.0326177
0.0333089
0.0342543
0.0355628
0.0374215
0.0401538
0.0441923
0.0501032
0.0581786
0.0681124
0.0771437
0.0773576
0.0651581
0.029735
0.0303343
0.0310581
0.0319325
0.0330708
0.0345748
0.0366408
0.0396373
0.0441635
0.0507718
0.0600583
0.0715159
0.0819383
0.0821756
0.0677411
0.0286303
0.0291674
0.0297965
0.0305867
0.0316871
0.0332302
0.0354303
0.038784
0.0438456
0.0513448
0.0618435
0.0749196
0.0868538
0.0869867
0.0698294
0.0256052
0.0262772
0.0270977
0.0281001
0.0294412
0.0312256
0.0338057
0.0375267
0.0432384
0.0517365
0.0637709
0.0788044
0.0924616
0.0922494
0.0719441
0.0236748
0.0242469
0.0249325
0.0258278
0.0271067
0.0289948
0.0316765
0.0358825
0.0423034
0.0519108
0.0655332
0.0826713
0.0981964
0.0974999
0.0735168
0.0197316
0.0203954
0.0212115
0.0222528
0.023718
0.0257955
0.0289505
0.0335893
0.0408391
0.0517756
0.0674123
0.0870992
0.104709
0.103194
0.0750242
0.0161926
0.01676
0.0174489
0.0184038
0.0198391
0.0220696
0.0253727
0.0306644
0.0388544
0.0512566
0.0690281
0.0914503
0.111332
0.108767
0.0758959
0.0100609
0.010781
0.011691
0.0128882
0.0146152
0.0171381
0.0210428
0.0268934
0.0361759
0.0503462
0.0707742
0.0964523
0.118799
0.114733
0.076594
0.00473986
0.00534687
0.00610708
0.00720354
0.00890626
0.0116143
0.0157236
0.0223977
0.0328727
0.0489474
0.072175
0.101392
0.126344
0.120464
0.0765832
-0.00304279
-0.00231575
-0.00138972
-0.000106913
0.00183426
0.00481937
0.00958591
0.0169215
0.0287827
0.0471553
0.0738278
0.107136
0.134778
0.126493
0.0762889
-0.0106975
-0.0100771
-0.00928521
-0.00807094
-0.00610024
-0.00285177
0.00223489
0.0106231
0.0239907
0.0448231
0.0751413
0.112766
0.143181
0.132123
0.0751763
-0.0211016
-0.020339
-0.01933
-0.0178729
-0.0155917
-0.0119549
-0.00604981
0.00318398
0.0183786
0.0422055
0.0768631
0.119345
0.15242
0.137839
0.0736543
-0.0312897
-0.0306516
-0.0297798
-0.0283744
-0.0260032
-0.0220087
-0.015652
-0.00505341
0.0120827
0.0390597
0.0782621
0.125826
0.16144
0.142899
0.0712022
-0.044124
-0.0433102
-0.0421962
-0.0405249
-0.0378338
-0.0334139
-0.0261154
-0.0144391
0.00505632
0.0358224
0.0803348
0.133369
0.171118
0.147734
0.0682342
-0.0555819
-0.0550766
-0.0543625
-0.0530071
-0.0504253
-0.0457331
-0.037886
-0.0245268
-0.00259989
0.0321126
0.0820856
0.140685
0.180218
0.151615
0.0642399
-0.0718173
-0.0710323
-0.0698988
-0.0680944
-0.0650113
-0.0596688
-0.0506285
-0.035847
-0.0108841
0.0285207
0.0847262
0.149042
0.189624
0.154868
0.0596572
-0.0872406
-0.0866215
-0.0856788
-0.0839279
-0.0806548
-0.0747489
-0.064812
-0.0478353
-0.0197751
0.024468
0.0871247
0.156973
0.197991
0.156823
0.0540033
-0.105992
-0.105129
-0.103852
-0.101721
-0.0979899
-0.0913401
-0.079971
-0.0610663
-0.0291417
0.0209102
0.0906715
0.165809
0.206203
0.15772
0.0477588
-0.12455
-0.123842
-0.12275
-0.120648
-0.116621
-0.109249
-0.0965866
-0.0749042
-0.0390319
0.0169414
0.0938712
0.17389
0.212826
0.157004
0.040468
-0.146404
-0.145511
-0.144141
-0.141653
-0.137103
-0.128748
-0.114282
-0.0901347
-0.049118
0.0138692
0.0984248
0.182543
0.218767
0.154828
0.0326558
-0.169145
-0.168294
-0.166967
-0.164287
-0.159221
-0.149789
-0.133629
-0.105556
-0.0596305
0.0105569
0.10262
0.190023
0.222598
0.150778
0.0239007
-0.19473
-0.193712
-0.19209
-0.189047
-0.183284
-0.172495
-0.153711
-0.122331
-0.0696189
0.00878264
0.108273
0.197606
0.225304
0.144962
0.0147676
-0.222186
-0.221136
-0.219409
-0.215942
-0.209151
-0.19682
-0.175449
-0.138719
-0.0797661
0.00672749
0.113214
0.203534
0.225516
0.137111
0.00486143
-0.252871
-0.251606
-0.249482
-0.245253
-0.237589
-0.223092
-0.198128
-0.15664
-0.0890338
0.00648147
0.119342
0.208939
0.224343
0.127317
-0.00523463
-0.285441
-0.284193
-0.282041
-0.277462
-0.268378
-0.251773
-0.222927
-0.17416
-0.0985023
0.00575408
0.124154
0.212192
0.220554
0.115433
-0.0158981
-0.321952
-0.320576
-0.318078
-0.312761
-0.3025
-0.282963
-0.249196
-0.193391
-0.106833
0.0066764
0.129592
0.214321
0.215405
0.101571
-0.0265398
-0.361857
-0.360408
-0.357734
-0.351723
-0.339668
-0.317276
-0.277845
-0.212399
-0.115749
0.00633627
0.132896
0.21398
0.207864
0.0856834
-0.0375228
-0.40615
-0.404577
-0.401461
-0.394558
-0.380897
-0.354593
-0.30861
-0.233395
-0.123823
0.00673411
0.136076
0.212034
0.199284
0.0679203
-0.0482807
-0.453924
-0.45246
-0.449327
-0.441704
-0.425931
-0.395782
-0.342151
-0.254674
-0.13342
0.00454679
0.136349
0.207412
0.188799
0.0482831
-0.059783
-0.506648
-0.505412
-0.502103
-0.493702
-0.475772
-0.440738
-0.378595
-0.278566
-0.143189
0.00156532
0.135902
0.200874
0.177841
0.0270221
-0.0721824
-0.564792
-0.563776
-0.560532
-0.551152
-0.530724
-0.49071
-0.418548
-0.304026
-0.156217
-0.00571747
0.13223
0.191704
0.165686
0.0042903
-0.0857055
-0.629141
-0.628518
-0.625152
-0.614992
-0.591714
-0.5456
-0.463022
-0.333482
-0.171566
-0.0158926
0.127607
0.180468
0.153143
-0.0194556
-0.0998511
-0.700107
-0.699946
-0.696855
-0.685254
-0.658635
-0.606515
-0.512382
-0.367086
-0.193027
-0.0325961
0.11974
0.166593
0.137632
-0.0437018
-0.114655
-0.778025
-0.778522
-0.775119
-0.762546
-0.732325
-0.673509
-0.568816
-0.407741
-0.22047
-0.0547939
0.110651
0.14962
0.117934
-0.0679407
-0.129708
-0.862591
-0.86359
-0.860615
-0.846239
-0.813114
-0.74924
-0.633746
-0.457262
-0.258172
-0.0859748
0.0948481
0.126756
0.0933137
-0.0922643
-0.145259
-0.953336
-0.95538
-0.952274
-0.936989
-0.90181
-0.833786
-0.709893
-0.518525
-0.307138
-0.124658
0.067008
0.0950536
0.0638568
-0.11681
-0.161147
-1.05061
-1.05336
-1.05049
-1.03423
-0.999281
-0.929689
-0.798681
-0.594956
-0.372255
-0.172835
0.0235226
0.0535629
0.0290991
-0.141707
-0.177603
-1.15336
-1.15675
-1.154
-1.13873
-1.10606
-1.03816
-0.904811
-0.688679
-0.456159
-0.229926
-0.0379211
0.0014278
-0.010885
-0.16706
-0.194531
-1.26107
-1.26505
-1.26368
-1.25089
-1.22432
-1.16416
-1.03091
-0.805905
-0.564526
-0.301386
-0.119523
-0.0621545
-0.0564731
-0.193026
-0.212123
-1.37277
-1.37792
-1.37938
-1.37228
-1.35645
-1.30956
-1.18532
-0.949134
-0.701463
-0.397014
-0.223892
-0.137865
-0.107411
-0.219751
-0.230306
-1.48794
-1.49563
-1.50147
-1.50321
-1.50521
-1.47883
-1.36851
-1.12902
-0.871979
-0.527312
-0.352074
-0.226076
-0.163654
-0.247443
-0.249181
-1.60684
-1.61812
-1.62972
-1.64673
-1.67518
-1.67275
-1.58728
-1.35478
-1.08239
-0.703109
-0.504216
-0.326862
-0.224487
-0.276823
-0.268701
-1.72867
-1.74707
-1.76855
-1.80956
-1.87663
-1.90165
-1.84883
-1.63663
-1.33768
-0.927022
-0.678233
-0.439605
-0.289208
-0.308934
-0.288817
-1.85652
-1.88889
-1.92826
-2.01003
-2.12461
-2.18027
-2.14857
-2.00204
-1.64934
-1.20303
-0.87253
-0.562841
-0.357112
-0.344539
-0.309444
-1.99135
-2.05827
-2.13892
-2.28451
-2.44995
-2.53837
-2.53152
-2.45309
-2.04076
-1.5274
-1.07917
-0.691437
-0.425287
-0.382711
-0.32983
-2.16521
-2.31088
-2.49052
-2.7503
-2.96393
-3.07308
-3.06529
-2.9826
-2.50045
-1.8469
-1.26623
-0.804632
-0.485479
-0.418039
-0.347188
-2.2966
-2.49606
-2.82212
-3.24652
-3.45271
-3.48813
-3.39994
-3.24782
-2.69699
-1.96569
-1.34607
-0.85465
-0.51808
-0.43715
-0.356824
0.0263612
0.0266022
0.025886
0.024753
0.0234508
0.0221111
0.0207936
0.0195474
0.018325
0.0174108
0.029995
0.0293649
0.0279583
0.0262292
0.024391
0.0225642
0.0207857
0.0190977
0.017358
0.0159404
0.0293928
0.0282157
0.0266493
0.0249032
0.0230652
0.0212074
0.0193612
0.0175772
0.0156847
0.014185
0.0289702
0.0271538
0.0252741
0.0233799
0.0214661
0.0195558
0.0176491
0.0157985
0.0137897
0.0122375
0.0290386
0.0265222
0.0241827
0.0219957
0.0198798
0.017818
0.015792
0.013848
0.0117252
0.0101499
0.0294614
0.0262357
0.0233633
0.020774
0.0183555
0.0160633
0.013862
0.0117938
0.00954165
0.00793906
0.0301826
0.0262043
0.0227228
0.0196521
0.0168526
0.014268
0.0118526
0.00964632
0.00727944
0.00567887
0.0310254
0.0262643
0.0221145
0.0184949
0.0152529
0.0123349
0.00968007
0.00734153
0.004883
0.00332496
0.0319457
0.0263047
0.0214152
0.0171619
0.0134428
0.0101399
0.0072556
0.00477566
0.00227193
0.000813283
0.0328267
0.0263051
0.0205869
0.0156663
0.0113746
0.00768891
0.00452154
0.0019457
-0.000589144
-0.0019298
0.0338807
0.026343
0.0197133
0.0140007
0.00909129
0.00493654
0.00149121
-0.00120821
-0.00375994
-0.00491764
0.0348523
0.0262627
0.0186238
0.012035
0.00642319
0.00176078
-0.00199519
-0.00480584
-0.00731519
-0.00828393
0.0358006
0.0260176
0.0172554
0.00968938
0.0033074
-0.00191236
-0.00598662
-0.00889613
-0.0113467
-0.0120195
0.0364888
0.0254574
0.0154707
0.0068474
-0.000369705
-0.00616965
-0.0105687
-0.0135465
-0.0158569
-0.0161853
0.0370528
0.0246356
0.0133098
0.00354379
-0.0045727
-0.0109844
-0.0157151
-0.0187328
-0.0208617
-0.0207494
0.0372535
0.0233827
0.010632
-0.0003562
-0.00941054
-0.0164474
-0.0214792
-0.0244849
-0.0263491
-0.0257202
0.0372503
0.0217953
0.00752028
-0.00477829
-0.0148115
-0.0224815
-0.0277828
-0.0307393
-0.0322749
-0.0310785
0.0367789
0.0196708
0.00377536
-0.00989029
-0.0208874
-0.0291424
-0.0346451
-0.037478
-0.0385915
-0.036729
0.0360161
0.0171187
-0.000520225
-0.0155715
-0.0275203
-0.0363121
-0.0419785
-0.0446313
-0.0452453
-0.0426608
0.0346685
0.0138546
-0.00556453
-0.0219835
-0.0347815
-0.0440324
-0.0497458
-0.0521319
-0.0521414
-0.0487087
0.0328946
0.010005
-0.0112243
-0.028968
-0.0425471
-0.0521844
-0.0578785
-0.0599466
-0.0592884
-0.0550098
0.030367
0.00533145
-0.0176754
-0.0366544
-0.0508703
-0.060766
-0.0663083
-0.0679601
-0.0665533
-0.0613326
0.0272755
1.24332e-05
-0.0247515
-0.0448679
-0.0596155
-0.0696626
-0.0749938
-0.076199
-0.0740046
-0.0678439
0.0232791
-0.00622472
-0.032641
-0.0537394
-0.0688286
-0.0788571
-0.0838405
-0.0845069
-0.0814602
-0.0742785
0.0186256
-0.0131594
-0.0411344
-0.0630706
-0.0783399
-0.0882321
-0.0928151
-0.0929519
-0.0890416
-0.0808607
0.0129665
-0.0210405
-0.0504157
-0.072968
-0.0881985
-0.0977598
-0.101838
-0.101359
-0.0965642
-0.0873322
0.00660204
-0.0296015
-0.0602206
-0.083201
-0.0981975
-0.107319
-0.110864
-0.109821
-0.104167
-0.0939062
-0.000854949
-0.0391202
-0.0707567
-0.0938798
-0.108406
-0.116905
-0.119826
-0.11816
-0.111641
-0.100325
-0.00905833
-0.0492878
-0.0817235
-0.104758
-0.118599
-0.126384
-0.128667
-0.126463
-0.119127
-0.106772
-0.0183992
-0.0603786
-0.0933302
-0.115951
-0.128874
-0.135778
-0.137349
-0.134567
-0.126427
-0.113006
-0.0284828
-0.0720433
-0.105221
-0.127196
-0.138989
-0.144945
-0.145806
-0.142551
-0.133688
-0.1192
-0.0397128
-0.0845684
-0.117619
-0.138612
-0.149072
-0.153935
-0.154026
-0.150271
-0.140731
-0.125158
-0.0516445
-0.097579
-0.130166
-0.149964
-0.158891
-0.162622
-0.161947
-0.157796
-0.147686
-0.131066
-0.0646696
-0.111356
-0.143098
-0.16137
-0.1686
-0.171075
-0.169584
-0.165007
-0.154388
-0.136744
-0.0783035
-0.125499
-0.156042
-0.172615
-0.177972
-0.17918
-0.176875
-0.171979
-0.160961
-0.142357
-0.0929224
-0.140276
-0.169226
-0.183797
-0.187169
-0.187015
-0.183857
-0.178625
-0.167269
-0.147734
-0.108025
-0.155262
-0.182272
-0.194724
-0.195975
-0.19448
-0.190466
-0.185
-0.173415
-0.15303
-0.123976
-0.170718
-0.195405
-0.205485
-0.204557
-0.201654
-0.196755
-0.191034
-0.179279
-0.158089
-0.140271
-0.186247
-0.208282
-0.215928
-0.212726
-0.208459
-0.202671
-0.196777
-0.184951
-0.16306
-0.15723
-0.202093
-0.221113
-0.226129
-0.220642
-0.214969
-0.208273
-0.202179
-0.190335
-0.167806
-0.174314
-0.217809
-0.233536
-0.23593
-0.228114
-0.221104
-0.213503
-0.207275
-0.195496
-0.172457
-0.191596
-0.233499
-0.245675
-0.245352
-0.235265
-0.226912
-0.218411
-0.212021
-0.200353
-0.176883
-0.208443
-0.248722
-0.257225
-0.254282
-0.241941
-0.232337
-0.222954
-0.216453
-0.204961
-0.181207
-0.225128
-0.2637
-0.268376
-0.262791
-0.248284
-0.237442
-0.227193
-0.220553
-0.209265
-0.185322
-0.241193
-0.278095
-0.278907
-0.270809
-0.254179
-0.242189
-0.2311
-0.22435
-0.213308
-0.189332
-0.256842
-0.292087
-0.288979
-0.278392
-0.259749
-0.246632
-0.234728
-0.22784
-0.21706
-0.193143
-0.27181
-0.30546
-0.298459
-0.285514
-0.264914
-0.25075
-0.23806
-0.231048
-0.220561
-0.196847
-0.28648
-0.318477
-0.307552
-0.292266
-0.269803
-0.254602
-0.241153
-0.233983
-0.223793
-0.200371
-0.300782
-0.331033
-0.316194
-0.29865
-0.274366
-0.25818
-0.243998
-0.236669
-0.226784
-0.203797
-0.315002
-0.343324
-0.324543
-0.304734
-0.278703
-0.261528
-0.246639
-0.239116
-0.229524
-0.207066
-0.329102
-0.35529
-0.332557
-0.310522
-0.282774
-0.26464
-0.249068
-0.241346
-0.232034
-0.210247
-0.343294
-0.367063
-0.340352
-0.316064
-0.286646
-0.267546
-0.251317
-0.24337
-0.234314
-0.213302
-0.357585
-0.378608
-0.347904
-0.321362
-0.290292
-0.270242
-0.25338
-0.24521
-0.236379
-0.216285
-0.372118
-0.389986
-0.355278
-0.326442
-0.293752
-0.272744
-0.255279
-0.246872
-0.238234
-0.219173
-0.386944
-0.401177
-0.362458
-0.331301
-0.297004
-0.275049
-0.257009
-0.248369
-0.239891
-0.222009
-0.402138
-0.412184
-0.369462
-0.335941
-0.300062
-0.277164
-0.258584
-0.249711
-0.241359
-0.224781
-0.41771
-0.422997
-0.376262
-0.340343
-0.302902
-0.279084
-0.260004
-0.250919
-0.242683
-0.227592
-0.433197
-0.433267
-0.382634
-0.344362
-0.305433
-0.280751
-0.261226
-0.251954
-0.243796
-0.230401
-0.446505
-0.441627
-0.387718
-0.347471
-0.307338
-0.28198
-0.262137
-0.252739
-0.244625
-0.232959
-0.453693
-0.44591
-0.39029
-0.349013
-0.30828
-0.28258
-0.262579
-0.253098
-0.244948
-0.234778
0.0162041
0.015623
0.0146993
0.0135492
0.0122051
0.0107231
0.00915518
0.00757745
0.00606326
0.00467858
0.00347547
0.00245299
0.00161565
0.000935436
0.000422901
9.24078e-05
0.0143317
0.0138215
0.0130507
0.0121687
0.0111794
0.0101071
0.00894639
0.00771585
0.00643675
0.00514603
0.00389972
0.0027712
0.00178619
0.000980354
0.000392307
3.14288e-05
0.0134675
0.0131618
0.0125077
0.0117258
0.0108197
0.0098396
0.00877276
0.00764292
0.00645448
0.00522036
0.00399737
0.00282601
0.00177876
0.000913764
0.00030605
-4.74052e-05
0.0123838
0.0123017
0.0117933
0.0111349
0.0103301
0.009444
0.00846112
0.007407
0.00628476
0.00512119
0.00393059
0.00277157
0.00170163
0.000813255
0.000212196
-0.000124324
0.0113673
0.0115326
0.0111614
0.0106049
0.00986881
0.00904152
0.00811077
0.00710326
0.00603995
0.00491333
0.00376396
0.00262672
0.00156851
0.000699736
0.000134399
-0.00018265
0.0101878
0.0106189
0.0104141
0.00998596
0.00934371
0.00859354
0.00771958
0.00675538
0.00571661
0.00463232
0.00351662
0.00241624
0.00139892
0.000581059
7.264e-05
-0.000228671
0.00912355
0.00983671
0.00978358
0.00945441
0.00886492
0.00814573
0.00729218
0.00634065
0.00533027
0.0042725
0.00320477
0.00216229
0.00121264
0.000475533
4.02569e-05
-0.00025113
0.0080022
0.00900349
0.00909628
0.00885991
0.00831691
0.00763238
0.00680371
0.00587271
0.00487993
0.00386326
0.00285186
0.00188827
0.00103289
0.000398169
4.19644e-05
-0.000256092
0.00696223
0.00829324
0.00854502
0.00838533
0.00786101
0.00717039
0.00633213
0.00539564
0.00441406
0.00343081
0.00248537
0.00161201
0.000868816
0.000354762
8.1999e-05
-0.000233741
0.00572062
0.00741373
0.00786283
0.00781455
0.00734364
0.00667055
0.00584212
0.00490945
0.0039392
0.00300457
0.00213193
0.00136662
0.000757235
0.000368555
0.000168313
-0.000190962
0.00441823
0.00650061
0.00715223
0.00721263
0.00678856
0.00613359
0.00531742
0.00439254
0.00347066
0.00258669
0.001802
0.00115054
0.000684102
0.000428275
0.000295294
-0.000119646
0.00299012
0.0054896
0.00635358
0.00652447
0.00615877
0.00552878
0.00472617
0.00385917
0.00298517
0.00219578
0.00151843
0.00100093
0.000692761
0.000559625
0.000471352
-2.82364e-05
0.00131424
0.00429034
0.0054216
0.00573589
0.00545119
0.00485315
0.0041039
0.00329603
0.00251967
0.00183267
0.00126822
0.000894993
0.000749768
0.000737418
0.0006835
8.98383e-05
-0.000452527
0.00303722
0.00444923
0.00491162
0.00471714
0.00416698
0.00347661
0.00274367
0.00207441
0.00151601
0.00110179
0.000896541
0.000910669
0.000992124
0.000941076
0.000224738
-0.00248037
0.00159722
0.00336625
0.00402915
0.00395969
0.00349134
0.00285838
0.00223213
0.00167847
0.00125517
0.000992167
0.000956722
0.00112455
0.00128768
0.00122633
0.00038223
-0.00463928
5.95079e-05
0.00220302
0.00308159
0.0031679
0.00281008
0.00229589
0.00176603
0.00135668
0.00109905
0.00101007
0.00115088
0.00145019
0.00165586
0.00154892
0.000551602
-0.00710982
-0.00173376
0.000871274
0.00204672
0.00235846
0.00217525
0.00178256
0.00141066
0.0011346
0.00102549
0.00109844
0.00140686
0.00182262
0.002053
0.00188847
0.000738156
-0.0097621
-0.00364441
-0.0005058
0.00102064
0.00159895
0.00160567
0.00138628
0.0011552
0.0010474
0.00110868
0.00135651
0.0018111
0.00230264
0.00251209
0.00225493
0.000930805
-0.0122548
-0.00535994
-0.00171254
0.000121104
0.000926555
0.00112367
0.00109565
0.00104516
0.00108898
0.00129245
0.00168802
0.00227214
0.00281758
0.00298565
0.0026272
0.00113474
-0.0147599
-0.00708905
-0.00293073
-0.00077365
0.000285071
0.000736008
0.000922407
0.00108538
0.00131362
0.00166912
0.00220575
0.00287881
0.00342705
0.00350712
0.00301573
0.00133904
-0.0174122
-0.00889884
-0.00414738
-0.00160549
-0.000239727
0.000488802
0.000936085
0.00130716
0.00168074
0.00215205
0.00278982
0.00352915
0.00405585
0.00402823
0.00339998
0.00154905
-0.020083
-0.0106642
-0.00524503
-0.00227087
-0.000547576
0.000447915
0.00115197
0.00174337
0.00228855
0.00287258
0.00357173
0.00431446
0.00476134
0.00458268
0.0037908
0.00175451
-0.0224784
-0.0121229
-0.00604829
-0.00263641
-0.00062797
0.000674818
0.00161579
0.00239468
0.00305676
0.00369964
0.00440582
0.00512722
0.00547037
0.00512365
0.0041691
0.00196096
-0.0248505
-0.0135048
-0.00671055
-0.00281727
-0.000416368
0.00114631
0.00235214
0.00333303
0.00410261
0.00477124
0.00542674
0.00605473
0.00623664
0.00568465
0.00454614
0.00215893
-0.027074
-0.0146909
-0.00713351
-0.00271152
5.74391e-05
0.00199301
0.00340003
0.00450073
0.00530413
0.0059296
0.00647227
0.00698822
0.00699064
0.0062211
0.00490441
0.00235419
-0.0292209
-0.0157348
-0.0073536
-0.00234631
0.000922249
0.00310674
0.00479255
0.00601688
0.00682029
0.00733167
0.00768431
0.00801083
0.00778174
0.0067657
0.00525533
0.00253829
-0.0312152
-0.0165677
-0.00732165
-0.0016646
0.00201775
0.00466031
0.00648825
0.00776149
0.00847882
0.00879597
0.00889282
0.00901886
0.00854701
0.00727743
0.00558328
0.00271709
-0.0330678
-0.0172342
-0.00709433
-0.000760895
0.00350951
0.00643237
0.00855794
0.00988046
0.0104472
0.0104822
0.0102394
0.0100906
0.00933235
0.00778839
0.00589984
0.00288307
-0.0347854
-0.0177117
-0.00657203
0.000460947
0.00525864
0.00868777
0.0109256
0.012204
0.0125221
0.0121928
0.0115523
0.0111283
0.010081
0.00826093
0.00619103
0.00304214
-0.0362471
-0.0178389
-0.00576457
0.00205687
0.00745885
0.0111977
0.0137192
0.014932
0.0148997
0.0140974
0.0129713
0.0122049
0.0108347
0.00872577
0.00646836
0.00318775
-0.037403
-0.0176589
-0.00450148
0.00403933
0.0100364
0.0142862
0.0168283
0.0178455
0.0173424
0.0159893
0.0143311
0.0132317
0.0115438
0.00914919
0.00671946
0.00332575
-0.0381153
-0.0170425
-0.00289227
0.00651835
0.0131357
0.0176816
0.0204002
0.0211502
0.0200555
0.0180385
0.0157671
0.0142774
0.0122474
0.00956087
0.0069558
0.0034503
-0.038453
-0.0160181
-0.000734967
0.00948654
0.0167498
0.0217059
0.0242715
0.0245944
0.0227757
0.0200343
0.0171225
0.0152608
0.0129013
0.00993027
0.00716625
0.00356715
-0.0383539
-0.0145233
0.00191124
0.0130523
0.0209206
0.026077
0.0286265
0.0284009
0.0257312
0.0221482
0.0185253
0.0162463
0.0135415
0.0102854
0.00736198
0.00367116
-0.0379045
-0.0125451
0.00509583
0.0171812
0.0256963
0.0311387
0.0332589
0.0323027
0.0286362
0.0241738
0.0198326
0.0171612
0.0141296
0.010599
0.00753306
0.00376784
-0.0370356
-0.0101378
0.00883526
0.0219273
0.0310543
0.0365634
0.038374
0.0365188
0.0317302
0.0262806
0.0211651
0.0180667
0.0146994
0.0108979
0.00769036
0.00385257
-0.0356459
-0.00714195
0.0131842
0.0273319
0.0370897
0.0426951
0.043718
0.0407737
0.0347141
0.0282687
0.0223921
0.0188968
0.0152167
0.0111575
0.00782477
0.0039306
-0.0337392
-0.00352267
0.0182234
0.033423
0.0437324
0.0491889
0.0495287
0.0452774
0.0378418
0.0303043
0.0236255
0.0197091
0.0157129
0.0114026
0.00794674
0.00399773
-0.0311584
0.00077827
0.0239981
0.0403054
0.0511594
0.0564108
0.0554948
0.0497634
0.0408078
0.0321994
0.0247486
0.0204447
0.0161581
0.0116113
0.00804788
0.00405894
-0.0280115
0.00583259
0.0305911
0.0479839
0.05924
0.0639649
0.0618711
0.0544216
0.0438728
0.0341161
0.0258661
0.0211584
0.0165818
0.011807
0.00813828
0.00411031
-0.0241177
0.011693
0.03809
0.0565785
0.0681611
0.0722162
0.0683022
0.0590004
0.0467325
0.0358773
0.0268722
0.0217968
0.0169569
0.0119698
0.00820997
0.00415651
-0.0194378
0.0184817
0.0465627
0.0660691
0.0777426
0.0807305
0.0750718
0.0636672
0.0496532
0.0376392
0.0278642
0.0224114
0.0173114
0.0121212
0.00827261
0.00419394
-0.0139747
0.0262559
0.0561101
0.0766241
0.0882266
0.0898781
0.0817822
0.0682021
0.0523388
0.0392387
0.0287472
0.022954
0.0176206
0.0122433
0.00831861
0.00422692
-0.00756699
0.0351119
0.0668009
0.0881688
0.0993427
0.0991877
0.0887373
0.0727506
0.0550574
0.040827
0.0296127
0.0234739
0.0179113
0.0123561
0.00835726
0.00425205
-0.000177387
0.0451511
0.0787219
0.100879
0.111354
0.109015
0.0955149
0.0771225
0.0575228
0.0422522
0.0303741
0.0239269
0.0181602
0.0124431
0.00838115
0.00427334
0.00833838
0.0564915
0.0919404
0.114605
0.123889
0.118874
0.10244
0.081446
0.0599984
0.0436582
0.0311171
0.024359
0.0183933
0.0125229
0.00839922
0.0042876
0.0180589
0.0692606
0.10661
0.129592
0.137257
0.129098
0.109084
0.0855623
0.0622154
0.0449059
0.0317622
0.0247302
0.0185882
0.0125801
0.0084042
0.00429854
0.0291285
0.0835763
0.122698
0.145557
0.150983
0.139211
0.115789
0.0895849
0.0644319
0.0461336
0.0323913
0.0250838
0.0187702
0.012632
0.00840472
0.0043031
0.0417176
0.0995771
0.140392
0.162788
0.1654
0.149521
0.122131
0.0933796
0.0663954
0.047212
0.0329301
0.025383
0.0189176
0.0126643
0.00839355
0.0043047
0.0559113
0.117339
0.15952
0.180847
0.17995
0.15958
0.128458
0.0970568
0.0683506
0.0482711
0.033457
0.0256678
0.019055
0.012693
0.00837911
0.00430055
0.0720278
0.137117
0.180395
0.200082
0.194978
0.169675
0.13437
0.100496
0.0700664
0.0491928
0.0339015
0.0259046
0.019161
0.0127044
0.00835412
0.00429373
0.0902199
0.158789
0.202628
0.219911
0.2099
0.179402
0.140223
0.103805
0.0717771
0.0501007
0.0343396
0.0261308
0.0192599
0.0127139
0.00832688
0.0042816
0.111117
0.182806
0.22662
0.240703
0.225058
0.189032
0.14564
0.106872
0.0732679
0.0508853
0.0347031
0.0263151
0.0193301
0.0127082
0.00829001
0.00426696
0.134825
0.208696
0.251726
0.261758
0.23988
0.198204
0.150955
0.109817
0.0747527
0.051661
0.0350657
0.026492
0.0193958
0.0127019
0.00825172
0.00424744
0.162721
0.237119
0.278418
0.283435
0.254684
0.207184
0.155843
0.112519
0.0760406
0.0523281
0.0353607
0.0266326
0.0194352
0.0126819
0.00820452
0.00422548
0.194716
0.267059
0.305831
0.305021
0.268978
0.215653
0.160616
0.115113
0.0773307
0.0529935
0.0356607
0.026769
0.0194722
0.0126624
0.0081566
0.00419891
0.233191
0.299227
0.334349
0.326798
0.283041
0.223878
0.164993
0.117467
0.0784508
0.0535651
0.0359
0.026874
0.0194849
0.0126306
0.00810029
0.00416982
0.277825
0.33251
0.363374
0.34824
0.296497
0.231573
0.169234
0.11974
0.079573
0.0541403
0.0361498
0.026977
0.0194972
0.0126
0.00804384
0.0041365
0.327335
0.365514
0.392659
0.369513
0.309595
0.239011
0.17313
0.121779
0.0805533
0.0546357
0.0363453
0.0270532
0.0194869
0.0125582
0.0079795
0.00410058
0.377913
0.399255
0.421951
0.390264
0.322086
0.245938
0.17689
0.123761
0.0815402
0.0551379
0.0365557
0.0271282
0.0194773
0.012518
0.00791533
0.00406056
0.406394
0.427808
0.448766
0.409949
0.334119
0.252674
0.180379
0.125518
0.0824071
0.0555658
0.036712
0.0271766
0.0194443
0.0124661
0.00784326
0.00401778
0.428756
0.454174
0.473294
0.428438
0.345711
0.25914
0.183857
0.127313
0.0833074
0.0560176
0.0368926
0.0272292
0.0194152
0.0124175
0.00777289
0.0039721
0.449656
0.475399
0.495567
0.446115
0.357114
0.265667
0.187298
0.129009
0.0841816
0.0564467
0.0370501
0.027275
0.0193742
0.0123643
0.007699
0.00392524
0.472193
0.491998
0.512102
0.461603
0.367859
0.271988
0.190815
0.130859
0.0851532
0.0569442
0.0372619
0.0273436
0.0193495
0.0123217
0.00763132
0.00387751
0.489064
0.502209
0.519036
0.472111
0.376962
0.278024
0.19429
0.132639
0.0861464
0.0574443
0.0374676
0.0274152
0.0193185
0.0122774
0.00756201
0.00382904
0.488321
0.500052
0.513583
0.473789
0.382425
0.282969
0.197617
0.134554
0.0872295
0.0580177
0.0377314
0.0275128
0.0193057
0.0122445
0.00749959
0.00378051
0.470893
0.48513
0.497502
0.465619
0.382647
0.28609
0.200495
0.136325
0.0883455
0.0586022
0.0379981
0.027617
0.019289
0.0122107
0.00743615
0.00373115
0.441568
0.460496
0.474047
0.449219
0.377166
0.286577
0.202578
0.138073
0.0895179
0.0592624
0.0383282
0.02775
0.0192927
0.012189
0.00738026
0.00368225
0.404731
0.428842
0.445364
0.427274
0.366904
0.284312
0.203591
0.139458
0.0906878
0.0599331
0.0386707
0.0278926
0.0192948
0.0121673
0.00732395
0.00363235
0.363357
0.391904
0.412363
0.401379
0.352797
0.279411
0.203347
0.140548
0.0918168
0.0606603
0.0390746
0.0280666
0.0193191
0.0121585
0.00727574
0.00358376
0.319244
0.350945
0.375975
0.372737
0.335823
0.272256
0.20186
0.141077
0.0928651
0.0613801
0.0394967
0.0282526
0.0193444
0.0121508
0.00722775
0.00353404
0.27392
0.306838
0.336745
0.341905
0.31647
0.263116
0.199112
0.141142
0.0937631
0.0621255
0.0399764
0.0284724
0.0193944
0.0121572
0.00718856
0.0034863
0.230149
0.261981
0.296377
0.310004
0.295469
0.252303
0.195214
0.140569
0.0945027
0.0628339
0.0404753
0.0287054
0.0194488
0.0121662
0.00715044
0.00343732
0.19229
0.221534
0.258269
0.278833
0.273743
0.240231
0.190213
0.139435
0.0949832
0.063515
0.0410133
0.0289723
0.0195296
0.0121902
0.00712186
0.00339141
0.162657
0.188195
0.22446
0.249604
0.252146
0.227312
0.184318
0.137675
0.0952395
0.0641198
0.0415625
0.0292508
0.0196181
0.0122185
0.00709539
0.00334428
0.139974
0.161308
0.195173
0.222682
0.231032
0.213871
0.177604
0.135344
0.0951518
0.064642
0.042126
0.0295608
0.019735
0.0122635
0.00707952
0.00330122
0.122029
0.13952
0.169982
0.198044
0.210529
0.200015
0.170213
0.132447
0.0947965
0.0650476
0.0426845
0.0298763
0.0198624
0.0123149
0.00706709
0.00325708
0.107603
0.12165
0.148438
0.175715
0.190877
0.185966
0.162157
0.128976
0.0940303
0.065302
0.0432168
0.0302129
0.0200171
0.012384
0.00706611
0.00321847
0.0957626
0.106964
0.130051
0.155527
0.172174
0.171791
0.153586
0.124974
0.0929597
0.0653996
0.0437185
0.030543
0.0201826
0.0124616
0.00707003
0.00317914
0.0857433
0.0944922
0.114184
0.137413
0.154633
0.157782
0.144506
0.120396
0.0914184
0.0652784
0.0441489
0.0308791
0.0203726
0.0125579
0.00708664
0.00314679
0.0771819
0.0839059
0.100505
0.121205
0.138202
0.143922
0.135122
0.115344
0.0895464
0.0649647
0.0445165
0.0311916
0.0205702
0.0126641
0.00710987
0.00311426
0.0696259
0.0745718
0.0884572
0.106683
0.122993
0.130525
0.125432
0.109751
0.087185
0.0643691
0.0447549
0.0314839
0.0207825
0.0127874
0.0071464
0.00309052
0.0627245
0.0661542
0.077703
0.0936668
0.108859
0.117484
0.115677
0.103793
0.0844877
0.0635565
0.0448946
0.0317294
0.0209943
0.0129203
0.00719097
0.00306735
0.0559638
0.0579183
0.0677074
0.0816827
0.0957807
0.105115
0.105813
0.0973869
0.0813001
0.0624114
0.044849
0.0319255
0.0212072
0.0130672
0.00724929
0.00305475
0.0493367
0.0504175
0.0586845
0.0709801
0.0837874
0.0933053
0.0961688
0.0907994
0.077811
0.0610409
0.0446735
0.0320492
0.0214067
0.0132207
0.00731648
0.00304359
0.0431956
0.0437005
0.0507795
0.0613801
0.072952
0.0824587
0.0867051
0.0839594
0.0738886
0.0593293
0.0442667
0.0320853
0.0215849
0.0133796
0.00739591
0.00304477
0.0377858
0.037876
0.0437998
0.0529905
0.0632533
0.0723277
0.0777423
0.0771703
0.0697615
0.0574044
0.0437125
0.0320253
0.0217324
0.0135386
0.00748339
0.00304807
0.0327973
0.0325963
0.0376776
0.0454869
0.0545512
0.0632435
0.0691591
0.0703181
0.0652998
0.0551375
0.0428943
0.0318433
0.0218347
0.0136918
0.00758016
0.00306499
0.0283116
0.0279381
0.0321835
0.0389347
0.0469002
0.0548719
0.0612151
0.0637045
0.0607552
0.0526816
0.0419209
0.0315482
0.0218875
0.0138351
0.00768194
0.00308412
0.0241512
0.0236842
0.0274091
0.0331261
0.0400641
0.0475019
0.0537674
0.0571893
0.0559922
0.049904
0.0406765
0.0311005
0.0218657
0.0139552
0.0077861
0.00311697
0.0204581
0.0200237
0.0231367
0.0280739
0.0341617
0.0408165
0.0469966
0.0510468
0.0512823
0.0469907
0.0392778
0.0305311
0.0217761
0.0140522
0.0078892
0.00315088
0.0170649
0.0166355
0.0194496
0.0236425
0.0289145
0.0349568
0.0407682
0.0451297
0.0464822
0.0438091
0.0376051
0.0297854
0.0215848
0.0141071
0.00798554
0.00319709
0.0139868
0.0136924
0.0160712
0.0197114
0.0243234
0.029638
0.0351211
0.0396544
0.0418643
0.0405776
0.0357924
0.0289163
0.0213118
0.0141245
0.00807214
0.00324145
0.0110498
0.0107836
0.0129831
0.0161625
0.0201669
0.0249639
0.0299933
0.0344853
0.0372803
0.0371645
0.0337246
0.0278642
0.0209134
0.0140771
0.00813854
0.00329406
0.00843839
0.00825337
0.0102085
0.0130079
0.0165571
0.0207371
0.0253659
0.0297694
0.0329761
0.0337988
0.0315553
0.0266921
0.0204253
0.0139779
0.00818417
0.00333968
0.00621693
0.00610065
0.00786339
0.0103121
0.013336
0.017081
0.0212526
0.0254236
0.0288088
0.0303449
0.029175
0.0253306
0.0197938
0.0137931
0.00819522
0.00338741
0.00433293
0.00431839
0.00590894
0.00800438
0.010649
0.0138432
0.0175747
0.0214969
0.0249649
0.0270267
0.0267526
0.0238611
0.0190703
0.0135456
0.00817383
0.00342106
0.00276563
0.00282704
0.00427355
0.0060862
0.00826317
0.0110652
0.0143714
0.0179949
0.0213357
0.0237111
0.0241815
0.0222113
0.018199
0.0131954
0.00810173
0.00344796
0.00142505
0.00156856
0.00288565
0.00441284
0.00630936
0.00865964
0.0115641
0.014793
0.0180326
0.0205948
0.0216432
0.0204862
0.0172402
0.0127771
0.00798655
0.00345235
0.000373861
0.000581417
0.0017763
0.00307994
0.0045753
0.00657611
0.00905803
0.0119804
0.0149539
0.0175552
0.0190322
0.0186127
0.0161331
0.0122446
0.00780666
0.00344067
-0.000482803
-0.000234164
0.000815756
0.00184802
0.00308394
0.00473126
0.00687469
0.00938223
0.0121565
0.0147501
0.0165302
0.0167192
0.0149533
0.0116442
0.00757662
0.00339835
-0.00111092
-0.000860423
4.6435e-05
0.000839528
0.00178971
0.00314128
0.00491013
0.00713602
0.00961159
0.0120844
0.0140373
0.0147319
0.0136417
0.0109314
0.00727254
0.00333087
-0.0016329
-0.00134414
-0.000558558
4.16733e-05
0.000747028
0.00180048
0.00327569
0.00510872
0.0073248
0.00966848
0.0117167
0.0127912
0.0122888
0.0101576
0.00691668
0.00322683
-0.00192708
-0.00164578
-0.000983661
-0.000555319
-6.49842e-05
0.000720495
0.00183744
0.00340441
0.00531754
0.00745318
0.00947959
0.0108215
0.0108378
0.00927779
0.00648298
0.00309154
-0.00213515
-0.00183357
-0.00128597
-0.00101648
-0.000715373
-0.000184148
0.000699347
0.00191795
0.00354803
0.00548061
0.0074487
0.00896016
0.00939048
0.00835213
0.0060014
0.00291772
-0.0021733
-0.00190603
-0.00148713
-0.00135905
-0.00122715
-0.00089113
-0.000302548
0.000687964
0.00205456
0.0037567
0.00556004
0.00713333
0.00789133
0.00734118
0.00544894
0.00271122
-0.00245193
-0.00218587
-0.00182542
-0.00176323
-0.00171104
-0.00152691
-0.00107175
-0.000330965
0.000782441
0.00221686
0.0038821
0.00545716
0.00644744
0.0063126
0.00485931
0.00246969
-0.00225928
-0.00203601
-0.00180585
-0.00186826
-0.00196424
-0.00193128
-0.00170935
-0.00117569
-0.000312941
0.000908724
0.00235597
0.00386306
0.00500445
0.00523232
0.00421226
0.00219988
-0.00240417
-0.00219718
-0.00201574
-0.00211981
-0.00227086
-0.00235065
-0.00224799
-0.00189854
-0.00123318
-0.000270707
0.00101334
0.0024379
0.00366344
0.00417351
0.00354608
0.00190366
-0.00216567
-0.00198407
-0.00191504
-0.00213079
-0.00240898
-0.00263128
-0.00268657
-0.00249833
-0.0020407
-0.00124475
-0.000164056
0.00112929
0.00237481
0.00310655
0.00284739
0.00158992
-0.0023717
-0.00219916
-0.00214762
-0.0023601
-0.00264734
-0.00291749
-0.00306132
-0.00300284
-0.0026806
-0.00209497
-0.00117903
-7.36662e-06
0.00122238
0.00210384
0.00215557
0.00126262
-0.00242406
-0.00225111
-0.00224485
-0.00249544
-0.00282911
-0.00315159
-0.00336803
-0.00340674
-0.00323866
-0.00277474
-0.00202641
-0.00100133
0.000163775
0.00113938
0.0014634
0.000933236
-0.00284869
-0.00268735
-0.00267549
-0.00288105
-0.00316781
-0.0034645
-0.00368431
-0.00377618
-0.00366722
-0.00334703
-0.00273648
-0.00183658
-0.000744055
0.000275199
0.000807777
0.000605603
-0.00295457
-0.00278879
-0.00280914
-0.00304182
-0.0033597
-0.00368121
-0.00393633
-0.00406792
-0.00405206
-0.00380141
-0.00329654
-0.00251914
-0.00153187
-0.000513022
0.000183923
0.000291199
-0.00358009
-0.00342384
-0.00342065
-0.00358101
-0.00381576
-0.00406522
-0.00426672
-0.00438769
-0.00435928
-0.00416342
-0.00374457
-0.00307767
-0.00217435
-0.00118181
-0.000378178
-8.28408e-06
-0.00391852
-0.00373574
-0.00372863
-0.00388136
-0.00411185
-0.00434725
-0.00454281
-0.00464939
-0.00464021
-0.00446754
-0.00410138
-0.00350502
-0.00269683
-0.00175342
-0.000884683
-0.000285226
-0.00492183
-0.00474256
-0.00468465
-0.00472981
-0.00482731
-0.00492723
-0.00500169
-0.00501768
-0.00493987
-0.00474052
-0.00438066
-0.00383907
-0.00309346
-0.00220902
-0.00132225
-0.000546617
-0.00571179
-0.00547362
-0.00536674
-0.00535052
-0.00539504
-0.00543444
-0.00544956
-0.00539835
-0.00525181
-0.00498838
-0.00459704
-0.00405488
-0.00337127
-0.00256778
-0.0017042
-0.000796798
-0.00709866
-0.00683651
-0.00666001
-0.00653508
-0.00643513
-0.00630986
-0.00614598
-0.00591095
-0.00558807
-0.00518009
-0.00469347
-0.00414619
-0.00352834
-0.00282604
-0.00202873
-0.00104742
-0.0118863
-0.0116232
-0.0112143
-0.0106411
-0.00994952
-0.00912497
-0.00824223
-0.0073357
-0.00648418
-0.00573054
-0.00509573
-0.00455067
-0.00403083
-0.00345891
-0.00275538
-0.00168467
-0.527744
-0.481293
-0.419609
-0.360932
-0.274408
-0.201087
-0.115697
-0.047691
0.0778201
0.230764
-0.528057
-0.48237
-0.421062
-0.362703
-0.276483
-0.203377
-0.118251
-0.0498103
0.0762825
0.228789
-0.526575
-0.482016
-0.420866
-0.362781
-0.276622
-0.203597
-0.118613
-0.0515367
0.0732583
0.217338
-0.523599
-0.48076
-0.419325
-0.361037
-0.27449
-0.20148
-0.116197
-0.0508567
0.0720023
0.206354
-0.519543
-0.479292
-0.418059
-0.359301
-0.272277
-0.199027
-0.113364
-0.0493242
0.0704966
0.1949
-0.51457
-0.477569
-0.417395
-0.358612
-0.271767
-0.198311
-0.112537
-0.0488145
0.0667798
0.182399
-0.508842
-0.475375
-0.416937
-0.358469
-0.272596
-0.199118
-0.114045
-0.0502442
0.0606797
0.168817
-0.502389
-0.472626
-0.416283
-0.358459
-0.274002
-0.200691
-0.116779
-0.0526938
0.053247
0.154735
-0.495326
-0.469251
-0.415289
-0.358168
-0.27549
-0.202387
-0.11999
-0.0555246
0.0456956
0.141119
-0.487631
-0.465281
-0.413814
-0.357609
-0.276835
-0.204101
-0.123294
-0.0584919
0.0382276
0.128228
-0.479358
-0.46066
-0.411882
-0.356558
-0.277902
-0.205506
-0.126454
-0.0612157
0.0314978
0.11686
-0.47042
-0.455417
-0.409394
-0.355168
-0.27866
-0.206787
-0.129455
-0.0638337
0.0252066
0.106913
-0.460863
-0.449481
-0.406399
-0.353218
-0.279037
-0.207646
-0.13214
-0.0660126
0.0198187
0.0987773
-0.450607
-0.442892
-0.402791
-0.35092
-0.279039
-0.208374
-0.13459
-0.0680372
0.0148828
0.0916234
-0.439733
-0.435577
-0.398627
-0.348021
-0.278589
-0.208631
-0.136628
-0.069602
0.0108371
0.0850573
-0.42818
-0.42759
-0.393805
-0.344756
-0.277718
-0.208751
-0.138402
-0.071071
0.00721581
0.0785676
-0.416065
-0.418866
-0.388381
-0.340854
-0.276325
-0.208351
-0.13969
-0.0720248
0.00448778
0.0724534
-0.403325
-0.409468
-0.382262
-0.336569
-0.274478
-0.207816
-0.140718
-0.0730186
0.00215315
0.0664283
-0.390128
-0.399354
-0.375493
-0.331613
-0.272034
-0.206712
-0.141199
-0.0735715
0.000341664
0.0609685
-0.376525
-0.388671
-0.368048
-0.326262
-0.269121
-0.205443
-0.14143
-0.0742871
-0.00153392
0.0557221
-0.362837
-0.377472
-0.35999
-0.320249
-0.265557
-0.203556
-0.141056
-0.0746513
-0.00306555
0.0512716
-0.34902
-0.365871
-0.351347
-0.313861
-0.261561
-0.201498
-0.140491
-0.0752029
-0.00501224
0.0471609
-0.335283
-0.35389
-0.342115
-0.306828
-0.256884
-0.198793
-0.1393
-0.075359
-0.00679982
0.0439832
-0.321593
-0.34164
-0.332349
-0.299427
-0.251782
-0.19588
-0.13793
-0.0756388
-0.00881946
0.0411873
-0.308196
-0.329098
-0.322017
-0.29138
-0.245987
-0.192295
-0.135931
-0.075468
-0.0105236
0.0389312
-0.29495
-0.31638
-0.311238
-0.282986
-0.239831
-0.188509
-0.13383
-0.0754129
-0.0124314
0.0361069
-0.282039
-0.303452
-0.299958
-0.273963
-0.233019
-0.18406
-0.131152
-0.0749015
-0.0140097
0.0332405
-0.269252
-0.290419
-0.288347
-0.264611
-0.225909
-0.179393
-0.128405
-0.0744468
-0.0157443
0.0298874
-0.256761
-0.277252
-0.276334
-0.254667
-0.2182
-0.174085
-0.125127
-0.0735257
-0.0171392
0.0266681
-0.244358
-0.264068
-0.264109
-0.244465
-0.210257
-0.168591
-0.121806
-0.0726368
-0.0186607
0.0231177
-0.232232
-0.250844
-0.251599
-0.233755
-0.201784
-0.162509
-0.117993
-0.0712917
-0.0198376
0.0198396
-0.220217
-0.237666
-0.239012
-0.222857
-0.193147
-0.156264
-0.114139
-0.0699416
-0.021088
0.0163826
-0.208458
-0.224554
-0.226255
-0.21157
-0.18405
-0.149498
-0.109815
-0.0681375
-0.0219642
0.0133201
-0.196827
-0.211561
-0.213519
-0.200191
-0.174838
-0.142602
-0.105432
-0.0662927
-0.0228435
0.0102008
-0.185432
-0.198728
-0.200728
-0.188568
-0.165255
-0.135277
-0.100609
-0.0640088
-0.0233168
0.00757339
-0.174181
-0.186076
-0.188044
-0.176961
-0.155622
-0.127874
-0.0957213
-0.0616619
-0.0237291
0.004977
-0.163155
-0.173658
-0.175425
-0.165269
-0.145747
-0.12016
-0.0904637
-0.0589198
-0.0237327
0.00292227
-0.15231
-0.161473
-0.163
-0.153702
-0.135911
-0.112438
-0.0851654
-0.0561098
-0.02363
0.00093726
-0.141698
-0.149572
-0.150762
-0.142209
-0.126
-0.104551
-0.0796111
-0.0529857
-0.0231635
-0.000516384
-0.131311
-0.137956
-0.138806
-0.130947
-0.116232
-0.0967382
-0.0740628
-0.0498054
-0.0225652
-0.00188822
-0.121177
-0.126672
-0.127153
-0.11991
-0.106567
-0.0889238
-0.0684031
-0.0464256
-0.0216935
-0.00278857
-0.111327
-0.115729
-0.115866
-0.109203
-0.0971523
-0.0812721
-0.0628127
-0.043021
-0.0206842
-0.0036145
-0.101763
-0.105172
-0.104985
-0.0988559
-0.0880045
-0.0737791
-0.0572622
-0.0395477
-0.0195218
-0.00406761
-0.0925364
-0.0950192
-0.094546
-0.088929
-0.0792046
-0.0665368
-0.0518537
-0.0360998
-0.0182331
-0.0044498
-0.0836353
-0.0853107
-0.0845972
-0.0794686
-0.0707989
-0.0595857
-0.0466141
-0.0326995
-0.0169064
-0.00457109
-0.0751309
-0.0760699
-0.0751582
-0.070501
-0.0628192
-0.0529602
-0.0415849
-0.0293823
-0.0154779
-0.0046254
-0.066994
-0.0673232
-0.0662672
-0.0620689
-0.0553132
-0.0467112
-0.0368087
-0.0261859
-0.0140963
-0.00454007
-0.0592878
-0.0590958
-0.0579327
-0.0541872
-0.0482874
-0.0408489
-0.0322986
-0.0231369
-0.0126535
-0.00436653
-0.0520173
-0.051389
-0.0502061
-0.0468701
-0.0417989
-0.0354088
-0.0281089
-0.0202554
-0.0113137
-0.00417189
-0.0452103
-0.0443102
-0.0431038
-0.0402336
-0.0358946
-0.0305037
-0.0243198
-0.0176928
-0.0101038
-0.004012
-0.0389522
-0.0378555
-0.0367343
-0.0342859
-0.0306666
-0.0261697
-0.0210185
-0.0154768
-0.00912591
-0.00396722
-0.0332698
-0.0320809
-0.0310688
-0.0290441
-0.0260806
-0.0224014
-0.0181741
-0.0136085
-0.00834438
-0.00400465
-0.0281372
-0.0269549
-0.0260867
-0.0244611
-0.0220916
-0.0191432
-0.0157372
-0.0120364
-0.00773428
-0.00413908
-0.0236001
-0.0224872
-0.0217845
-0.0205296
-0.0186936
-0.0163887
-0.0137012
-0.0107537
-0.00729074
-0.00433894
-0.0196288
-0.0186748
-0.0181678
-0.01726
-0.0158992
-0.0141562
-0.0120918
-0.00979535
-0.00706131
-0.00469056
-0.0162692
-0.0155412
-0.0152503
-0.0146669
-0.0137263
-0.0124686
-0.0109357
-0.00919092
-0.00707206
-0.00518015
-0.0135369
-0.0131166
-0.0130632
-0.0127759
-0.0121984
-0.0113522
-0.0102693
-0.00899152
-0.00739631
-0.00593246
-0.0117555
-0.0115769
-0.0116967
-0.011632
-0.0113362
-0.0108214
-0.0101063
-0.00921592
-0.00805173
-0.00692549
-0.0114811
-0.0115198
-0.0115529
-0.0114794
-0.0112846
-0.010962
-0.0105127
-0.0099335
-0.00913745
-0.0083092
-0.0110309
-0.0116714
-0.0120329
-0.0122566
-0.0124054
-0.01249
-0.0125007
-0.0124402
-0.0122576
-0.0121056
-2.10023
-1.94049
-1.86688
-1.86799
-1.89909
-1.92256
-1.89107
-1.76672
-1.572
-1.41076
-1.20932
-0.968587
-0.626693
-0.541947
-0.502144
-2.05091
-1.95553
-1.89401
-1.84599
-1.81736
-1.79579
-1.7475
-1.63265
-1.46423
-1.33942
-1.17039
-0.932361
-0.612293
-0.534981
-0.500132
-1.93366
-1.87431
-1.8127
-1.73798
-1.66616
-1.60222
-1.53085
-1.4234
-1.27668
-1.19777
-1.07365
-0.86801
-0.588783
-0.522644
-0.494955
-1.82284
-1.78058
-1.72434
-1.64374
-1.54837
-1.45186
-1.35527
-1.24481
-1.10664
-1.04545
-0.950381
-0.79534
-0.562369
-0.507958
-0.487232
-1.70778
-1.67585
-1.62647
-1.54898
-1.44533
-1.32851
-1.21088
-1.09357
-0.965996
-0.902986
-0.826072
-0.723644
-0.536391
-0.493475
-0.478248
-1.59199
-1.56648
-1.52396
-1.45345
-1.34987
-1.22298
-1.09054
-0.965691
-0.851041
-0.77406
-0.708278
-0.655539
-0.511428
-0.479913
-0.468536
-1.47666
-1.45564
-1.41962
-1.35699
-1.25958
-1.13093
-0.989772
-0.858505
-0.754202
-0.660765
-0.60286
-0.59208
-0.487577
-0.467407
-0.458574
-1.36348
-1.34583
-1.31544
-1.26148
-1.17249
-1.04779
-0.903854
-0.768265
-0.668708
-0.562634
-0.509686
-0.533358
-0.464152
-0.45554
-0.448254
-1.25311
-1.23856
-1.21348
-1.16717
-1.08839
-0.972157
-0.830552
-0.693043
-0.594331
-0.480349
-0.430838
-0.479435
-0.441399
-0.444075
-0.437895
-1.14682
-1.13508
-1.11438
-1.07585
-1.00732
-0.901518
-0.766191
-0.629386
-0.52866
-0.412232
-0.36397
-0.429768
-0.418457
-0.432621
-0.427271
-1.04541
-1.03614
-1.01979
-0.987675
-0.929262
-0.835558
-0.709731
-0.576082
-0.472257
-0.358435
-0.309669
-0.384396
-0.395865
-0.421051
-0.416629
-0.94956
-0.942653
-0.929594
-0.903856
-0.854884
-0.773181
-0.658378
-0.530176
-0.423443
-0.317206
-0.264927
-0.342546
-0.372831
-0.408564
-0.405669
-0.859952
-0.85479
-0.845191
-0.824465
-0.783962
-0.714191
-0.611784
-0.491037
-0.383124
-0.286236
-0.22966
-0.304411
-0.350043
-0.395572
-0.394719
-0.776485
-0.773172
-0.765865
-0.749949
-0.717266
-0.658536
-0.568235
-0.456277
-0.349575
-0.260014
-0.200945
-0.268938
-0.326726
-0.381589
-0.383496
-0.699396
-0.697293
-0.692678
-0.680721
-0.654601
-0.60555
-0.527532
-0.425535
-0.322067
-0.236557
-0.178768
-0.236725
-0.30381
-0.367191
-0.372379
-0.629188
-0.62838
-0.625334
-0.616538
-0.595855
-0.555683
-0.488636
-0.396931
-0.298244
-0.214861
-0.159593
-0.206847
-0.280697
-0.351946
-0.361108
-0.565283
-0.565138
-0.563516
-0.557194
-0.541107
-0.508024
-0.451456
-0.370334
-0.277652
-0.195927
-0.143332
-0.180387
-0.258447
-0.336525
-0.350085
-0.507428
-0.507695
-0.506927
-0.502455
-0.489834
-0.463312
-0.415714
-0.344563
-0.258664
-0.178872
-0.127169
-0.156208
-0.236389
-0.320466
-0.339037
-0.454926
-0.455536
-0.455295
-0.452134
-0.442538
-0.420917
-0.38134
-0.319759
-0.241297
-0.1641
-0.113205
-0.135371
-0.215541
-0.304479
-0.328338
-0.407189
-0.40796
-0.408124
-0.406001
-0.398478
-0.381355
-0.348481
-0.295376
-0.224433
-0.150685
-0.100073
-0.116427
-0.195205
-0.288094
-0.317647
-0.363067
-0.364108
-0.364714
-0.363468
-0.358004
-0.344145
-0.316977
-0.271691
-0.208425
-0.139026
-0.0892809
-0.100569
-0.176394
-0.272078
-0.307318
-0.323168
-0.324297
-0.325174
-0.32462
-0.3204
-0.309538
-0.287158
-0.248568
-0.192516
-0.128105
-0.079424
-0.0863127
-0.158371
-0.255962
-0.297015
-0.286698
-0.287916
-0.289007
-0.288895
-0.286013
-0.277229
-0.258754
-0.226134
-0.177189
-0.118395
-0.0715947
-0.074829
-0.142132
-0.240551
-0.286934
-0.254021
-0.255172
-0.256231
-0.25641
-0.254076
-0.247178
-0.232065
-0.204641
-0.161996
-0.108918
-0.064418
-0.0645343
-0.126913
-0.225302
-0.276388
-0.223371
-0.224568
-0.225746
-0.226129
-0.22472
-0.21928
-0.206921
-0.183822
-0.147327
-0.100218
-0.058774
-0.0565944
-0.113603
-0.210931
-0.265927
-0.195794
-0.196913
-0.198026
-0.198628
-0.197582
-0.193339
-0.183252
-0.16416
-0.132875
-0.0914513
-0.0533589
-0.0494666
-0.101373
-0.196873
-0.255074
-0.170184
-0.171253
-0.172424
-0.173108
-0.172529
-0.169268
-0.161172
-0.145158
-0.118944
-0.0831856
-0.0489937
-0.0442365
-0.0910138
-0.183847
-0.244404
-0.147318
-0.148228
-0.149226
-0.149847
-0.149498
-0.147009
-0.140412
-0.127485
-0.105439
-0.0748
-0.0445277
-0.0393825
-0.0816682
-0.171279
-0.23344
-0.125522
-0.126538
-0.127663
-0.128423
-0.128351
-0.126501
-0.12138
-0.110653
-0.0925471
-0.0668301
-0.0407619
-0.0359585
-0.0739957
-0.159809
-0.222758
-0.106813
-0.107624
-0.1085
-0.109127
-0.109139
-0.107779
-0.103635
-0.0952018
-0.0802907
-0.0588507
-0.0367139
-0.0325544
-0.0671114
-0.148837
-0.211879
-0.0881393
-0.0891048
-0.0901786
-0.0910104
-0.0913345
-0.090494
-0.0875017
-0.0806436
-0.0687122
-0.0512984
-0.033163
-0.0301896
-0.0615953
-0.138939
-0.201369
-0.0725656
-0.0733226
-0.0741624
-0.0748756
-0.075264
-0.0748274
-0.0725261
-0.067415
-0.0579084
-0.0439031
-0.0293152
-0.0275892
-0.0566329
-0.129528
-0.190776
-0.0564833
-0.0574863
-0.0586451
-0.0596693
-0.0604325
-0.0604542
-0.0590923
-0.0551173
-0.0478242
-0.0369838
-0.0258763
-0.0257363
-0.0527031
-0.121093
-0.180618
-0.0448135
-0.0454979
-0.0462757
-0.0469999
-0.0476111
-0.047792
-0.0467975
-0.0440894
-0.0385999
-0.0303879
-0.0222074
-0.0235432
-0.0490444
-0.113066
-0.170459
-0.0320785
-0.0329246
-0.0338962
-0.034813
-0.0356689
-0.0361489
-0.0358739
-0.0339655
-0.0301049
-0.0242905
-0.0189288
-0.0218951
-0.0461122
-0.105871
-0.160772
-0.0218217
-0.0225609
-0.0234082
-0.0242667
-0.0251459
-0.0258627
-0.0258791
-0.0249643
-0.0224666
-0.0186289
-0.0155361
-0.0198943
-0.0432505
-0.0989938
-0.151161
-0.011493
-0.0123578
-0.0133785
-0.0144123
-0.0155288
-0.0165038
-0.017139
-0.0168312
-0.0155338
-0.0134714
-0.0125282
-0.0183162
-0.0408779
-0.0927873
-0.14203
-0.00375001
-0.00448967
-0.00536536
-0.00631026
-0.0073938
-0.00851715
-0.00930525
-0.00972396
-0.00943513
-0.00881062
-0.0095267
-0.0164403
-0.0384315
-0.0867919
-0.133017
0.00399396
0.00316962
0.00218343
0.00113097
-0.00010275
-0.00137213
-0.00261757
-0.00345598
-0.00400992
-0.00464326
-0.00690967
-0.0149062
-0.0363189
-0.0813165
-0.124469
0.00940179
0.00871573
0.0079036
0.00698839
0.00586244
0.00453989
0.00325399
0.00191097
0.000644492
-0.000991773
-0.00437642
-0.0131587
-0.0340588
-0.0759752
-0.116077
0.0154789
0.0146838
0.0137188
0.0126511
0.0113352
0.00985128
0.00816846
0.00651994
0.00467805
0.00221059
-0.0022082
-0.0117023
-0.0320426
-0.07103
-0.108121
0.0190975
0.0184223
0.0176073
0.0166555
0.0154422
0.0139413
0.0122953
0.010329
0.00803457
0.00493251
-0.000174478
-0.0101024
-0.0298663
-0.0661583
-0.100337
0.0230017
0.0222467
0.021342
0.0203136
0.0190167
0.0174807
0.0156012
0.013491
0.0108731
0.00726759
0.00153713
-0.008754
-0.0278874
-0.0615909
-0.0929524
0.0250019
0.0243667
0.0236229
0.0227457
0.0216032
0.020118
0.0183453
0.0160682
0.0131765
0.00919306
0.0031071
-0.00731244
-0.0257632
-0.0570708
-0.0857575
0.0280004
0.0272911
0.0264321
0.0254379
0.0241559
0.0225801
0.0205769
0.0181773
0.0150784
0.0108186
0.00441055
-0.00608205
-0.0238079
-0.0527951
-0.0789302
0.0291723
0.0285661
0.027835
0.0269482
0.0257753
0.024228
0.0223199
0.0198177
0.0165609
0.0120759
0.00557414
-0.00478922
-0.021733
-0.0485562
-0.0723008
0.0309667
0.0302896
0.0294657
0.0284985
0.0272409
0.0256664
0.0236211
0.0210642
0.0176978
0.0131463
0.00653117
-0.00367034
-0.0198089
-0.0445267
-0.0660115
0.0311483
0.0305695
0.0298757
0.0290385
0.0279238
0.0264356
0.0245192
0.021972
0.0185968
0.0139511
0.00741901
-0.00249617
-0.0177899
-0.0405421
-0.0599294
0.0319984
0.0313947
0.0306603
0.0297822
0.0286318
0.0271459
0.0252063
0.0226705
0.0192732
0.0146971
0.00818121
-0.00144866
-0.0159068
-0.0367499
-0.0541683
0.0315918
0.0310886
0.0304903
0.0297601
0.0287658
0.0274236
0.0256042
0.0231389
0.0198184
0.0152447
0.00890477
-0.000348624
-0.0139521
-0.0330159
-0.0486206
0.031955
0.0314197
0.0307721
0.02999
0.0289599
0.0276167
0.0258336
0.0234318
0.0201647
0.0157421
0.00953978
0.000652048
-0.012127
-0.0294696
-0.043381
0.0312889
0.0308327
0.0302917
0.0296252
0.0287205
0.0274945
0.0258245
0.0235318
0.0204042
0.0160863
0.0101458
0.00169336
-0.0102492
-0.0259982
-0.0383591
0.0312333
0.0307583
0.0301809
0.0294806
0.0285549
0.0273422
0.0257226
0.023524
0.0205097
0.0164098
0.0106934
0.002654
-0.00850154
-0.0227167
-0.0336312
0.0303424
0.029936
0.0294516
0.0288582
0.0280533
0.0269641
0.0254731
0.0234123
0.0205793
0.0166475
0.0112364
0.00365013
-0.00671101
-0.0195097
-0.0291041
0.0299966
0.0295825
0.0290862
0.028484
0.0276887
0.0266405
0.0252279
0.02329
0.0206032
0.0169129
0.0117621
0.00459029
-0.00504364
-0.0164891
-0.0248465
0.0290643
0.028715
0.0283058
0.027808
0.0271342
0.0262164
0.024944
0.0231549
0.0206559
0.0171494
0.0122903
0.00555005
-0.00335629
-0.0135578
-0.0207729
0.0285615
0.0282347
0.0278541
0.0273967
0.0267774
0.0259352
0.0247571
0.0230912
0.0207307
0.0174374
0.01282
0.00645112
-0.00182237
-0.0108569
-0.0169739
0.0279408
0.0276875
0.0273953
0.0270271
0.0264948
0.0257304
0.0246318
0.0230487
0.020798
0.01763
0.0132246
0.00722108
-0.000400646
-0.00830217
-0.0133666
0.0277139
0.0274984
0.0272249
0.0268623
0.0263234
0.0255574
0.0244677
0.0228913
0.0206678
0.0175709
0.0133041
0.00759956
0.000650526
-0.00595692
-0.0098622
0.0274957
0.027281
0.02699
0.0266053
0.0260351
0.0252513
0.0241072
0.0224728
0.0201705
0.016971
0.0126369
0.00711132
0.00101409
-0.00371598
-0.00574413
)
;

boundaryField
{
    airfoil
    {
        type            zeroGradient;
    }
    farBoundaries
    {
        type            freestreamPressure;
        freestreamValue uniform 0;
        supersonic      false;
        value           nonuniform List<scalar> 
52
(
-0.00503475
-0.00532709
-0.00549207
-0.0055942
-0.00566208
-0.00570069
-0.00570559
-0.00567796
-0.00559463
-0.00552528
-0.00542518
-0.00530508
-0.00511844
-0.00485684
-0.00454118
-0.00416484
-0.00376193
-0.00334818
-0.00295952
-0.00261555
-0.00232581
-0.00207703
-0.00183976
-0.00157872
-0.00125762
-0.00076892
0.00880819
0.00849229
0.0079902
0.00736506
0.0066344
0.00582884
0.00497655
0.00411894
0.00329585
0.00254317
0.00188919
0.00133339
0.00087823
0.000508483
0.00022988
5.02309e-05
0.0143294
0.0144604
0.0140711
0.0134552
0.0127473
0.0120191
0.0113029
0.0106255
0.00996105
0.00946414
)
;
    }
    inlet
    {
        type            freestreamPressure;
        freestreamValue uniform 0;
        supersonic      false;
        value           nonuniform List<scalar> 
30
(
0.0274407
0.0272198
0.0269197
0.0265214
0.025931
0.0251163
0.0239256
0.0222214
0.0198187
0.0164894
0.0120328
0.00652399
0.000867325
-0.00277447
-0.00325716
0.027649
0.0279045
0.0282631
0.0287213
0.0293277
0.0300944
0.0310717
0.0323119
0.0338373
0.0354147
0.0364985
0.0356697
0.0306849
0.0205403
0.0113469
)
;
    }
    outlet
    {
        type            freestreamPressure;
        freestreamValue uniform 0;
        supersonic      false;
        value           nonuniform List<scalar> 
120
(
8.19608e-06
8.10251e-06
8.0093e-06
7.9155e-06
7.82123e-06
7.72766e-06
7.63323e-06
7.54037e-06
7.44613e-06
7.35508e-06
7.26243e-06
7.17438e-06
7.08444e-06
7.00131e-06
6.91643e-06
6.84046e-06
6.76302e-06
6.69748e-06
6.6313e-06
6.58003e-06
6.52916e-06
6.49675e-06
6.46609e-06
6.45719e-06
6.45106e-06
6.46925e-06
6.49012e-06
6.53589e-06
6.58182e-06
6.64944e-06
6.71064e-06
6.78568e-06
6.84294e-06
6.89986e-06
6.92291e-06
6.92794e-06
6.88144e-06
6.79742e-06
6.64688e-06
6.44501e-06
6.17062e-06
5.8403e-06
5.44278e-06
4.9961e-06
4.49946e-06
3.97098e-06
3.41695e-06
2.85293e-06
2.28862e-06
1.73676e-06
1.20574e-06
7.05961e-07
2.42213e-07
-1.79004e-07
-5.56952e-07
-8.91871e-07
-1.1945e-06
-1.48035e-06
-1.76987e-06
-2.43124e-06
1.73055e-07
5.6828e-08
-9.19617e-08
-2.38095e-07
-3.50061e-07
-4.39171e-07
-4.82557e-07
-4.90738e-07
-4.42564e-07
-3.50338e-07
-1.95827e-07
4.69292e-09
2.66097e-07
5.67911e-07
9.2274e-07
1.30695e-06
1.73149e-06
2.17091e-06
2.63559e-06
3.10003e-06
3.57501e-06
4.03655e-06
4.49613e-06
4.93198e-06
5.35653e-06
5.75084e-06
6.12796e-06
6.47157e-06
6.79517e-06
7.08497e-06
7.35441e-06
7.59153e-06
7.80954e-06
7.99814e-06
8.1698e-06
8.31526e-06
8.4463e-06
8.55455e-06
8.65085e-06
8.72731e-06
8.79401e-06
8.84367e-06
8.88538e-06
8.91217e-06
8.93245e-06
8.93968e-06
8.94145e-06
8.93145e-06
8.91672e-06
8.8915e-06
8.86203e-06
8.82286e-06
8.77964e-06
8.72758e-06
8.67149e-06
8.60697e-06
8.53819e-06
8.46167e-06
8.38085e-06
8.29006e-06
)
;
    }
    defaultFaces
    {
        type            empty;
    }
}


// ************************************************************************* //
