/*--------------------------------*- C++ -*----------------------------------*\
  =========                 |
  \\      /  F ield         | OpenFOAM: The Open Source CFD Toolbox
   \\    /   O peration     | Website:  https://openfoam.org
    \\  /    A nd           | Version:  6.0
     \\/     M anipulation  |
\*---------------------------------------------------------------------------*/
FoamFile
{
    version     2.0;
    format      ascii;
    class       volScalarField;
    location    "200";
    object      nuTilda;
}
// * * * * * * * * * * * * * * * * * * * * * * * * * * * * * * * * * * * * * //

dimensions      [0 2 -1 0 0 0 0];

internalField   nonuniform List<scalar> 
9800
(
0.14002
0.140008
0.140008
0.140007
0.140007
0.140007
0.140007
0.140008
0.140008
0.140009
0.140009
0.14001
0.140011
0.140012
0.140014
0.140015
0.140015
0.140016
0.140016
0.140015
0.140012
0.140009
0.140003
0.140004
0.14001
0.140013
0.140016
0.140017
0.140017
0.140017
0.140017
0.140016
0.140015
0.140013
0.140012
0.140011
0.14001
0.14001
0.140009
0.140009
0.140008
0.140007
0.140007
0.140006
0.140005
0.140004
0.140003
0.140002
0.140001
0.14
0.139998
0.139996
0.139993
0.139984
0.139975
0.139969
0.139965
0.139972
0.139981
0.139988
0.139995
0.14
0.140006
0.140011
0.140018
0.140025
0.140034
0.140045
0.140058
0.140074
0.140094
0.140119
0.140152
0.140195
0.140252
0.14033
0.14044
0.140616
0.1409
0.141093
0.141538
0.142417
0.142804
0.14301
0.143105
0.143248
0.143387
0.143477
0.143507
0.143484
0.14342
0.143327
0.143218
0.143103
0.14299
0.142872
0.142826
0.142682
0.143481
0.138331
0.140049
0.140042
0.140038
0.140035
0.140033
0.140031
0.140029
0.140027
0.140025
0.140023
0.140022
0.140021
0.140018
0.140012
0.140001
0.139993
0.139992
0.139991
0.13999
0.139991
0.140005
0.140004
0.139977
0.139982
0.140009
0.140011
0.139997
0.139994
0.139993
0.139994
0.139995
0.139998
0.14001
0.140017
0.140021
0.140023
0.140025
0.140026
0.140027
0.140029
0.14003
0.140031
0.140032
0.140033
0.140034
0.140035
0.140036
0.140037
0.140038
0.14004
0.140041
0.140042
0.140042
0.140041
0.140037
0.140032
0.140028
0.140029
0.140036
0.140047
0.14006
0.140074
0.140089
0.140106
0.140124
0.140143
0.140165
0.140188
0.140214
0.140244
0.140278
0.140317
0.140362
0.140415
0.140478
0.140553
0.140643
0.140754
0.140897
0.141005
0.141097
0.141209
0.141278
0.141327
0.141372
0.141412
0.141446
0.141474
0.1415
0.141526
0.141555
0.141585
0.141618
0.141651
0.141683
0.141712
0.14174
0.14175
0.141776
0.141739
0.140053
0.140042
0.140026
0.140011
0.139999
0.139996
0.139993
0.13999
0.139987
0.139985
0.139983
0.139979
0.139972
0.139963
0.139952
0.139946
0.139945
0.139947
0.13996
0.139979
0.139997
0.139993
0.139952
0.139949
0.139996
0.140002
0.139982
0.139957
0.139948
0.139948
0.13995
0.139954
0.139964
0.139974
0.139982
0.139986
0.139989
0.139991
0.139992
0.139994
0.139995
0.139996
0.139998
0.139999
0.14
0.140001
0.140003
0.140004
0.140005
0.140006
0.140007
0.140009
0.14001
0.14001
0.14001
0.140008
0.140005
0.140003
0.140001
0.140003
0.140006
0.140012
0.14002
0.140028
0.140039
0.140051
0.140064
0.140085
0.140113
0.140143
0.140175
0.140209
0.140245
0.140284
0.140326
0.140373
0.140425
0.140483
0.140547
0.140615
0.14069
0.140772
0.140857
0.140946
0.141042
0.141142
0.141246
0.141351
0.141457
0.141563
0.141667
0.141769
0.141867
0.141962
0.142051
0.142135
0.142214
0.142288
0.142351
0.142441
0.139991
0.139977
0.139962
0.139952
0.139946
0.139945
0.139945
0.139947
0.139948
0.139945
0.139943
0.139944
0.139942
0.139936
0.139931
0.139928
0.13993
0.139938
0.139955
0.139978
0.139992
0.13998
0.13993
0.139915
0.139977
0.139993
0.139977
0.139949
0.139932
0.139922
0.13991
0.139906
0.139911
0.13992
0.139928
0.139934
0.139938
0.13994
0.139941
0.139942
0.139943
0.139944
0.139944
0.139945
0.139945
0.139945
0.139946
0.139946
0.139946
0.139946
0.139946
0.139946
0.139946
0.139946
0.139945
0.139944
0.139943
0.13994
0.139937
0.139938
0.139943
0.139949
0.139957
0.139966
0.139975
0.139984
0.139995
0.140007
0.140022
0.140039
0.140059
0.140081
0.140104
0.140129
0.140154
0.14018
0.140206
0.140233
0.14026
0.140287
0.140314
0.14034
0.14037
0.140403
0.140436
0.140469
0.140501
0.140532
0.140562
0.140591
0.140618
0.140643
0.140664
0.140683
0.140701
0.140717
0.140732
0.140747
0.140765
0.140782
0.139911
0.139902
0.139888
0.139883
0.139881
0.139882
0.139884
0.139886
0.139886
0.139886
0.139886
0.139887
0.139887
0.139886
0.139891
0.139901
0.139914
0.13993
0.139953
0.139975
0.139982
0.13996
0.139894
0.139878
0.139948
0.139976
0.139966
0.139936
0.139903
0.139877
0.13986
0.139851
0.13985
0.139855
0.139862
0.139868
0.139872
0.139875
0.139877
0.139878
0.139878
0.139879
0.139879
0.13988
0.13988
0.13988
0.13988
0.13988
0.13988
0.13988
0.139881
0.139886
0.139894
0.139901
0.139908
0.139914
0.139919
0.139922
0.139925
0.139927
0.13993
0.139934
0.139939
0.139944
0.139951
0.139957
0.139965
0.139973
0.139981
0.13999
0.140001
0.140012
0.140024
0.140037
0.14005
0.140064
0.140077
0.14009
0.140102
0.140113
0.140123
0.140132
0.140141
0.140151
0.140161
0.140172
0.140183
0.140195
0.140208
0.140221
0.140235
0.140248
0.140261
0.140275
0.140288
0.140301
0.140314
0.140327
0.140342
0.140358
0.139819
0.139813
0.139809
0.139809
0.13981
0.139812
0.139814
0.139814
0.139814
0.139814
0.139814
0.139815
0.139816
0.139821
0.139835
0.139861
0.13989
0.139919
0.139946
0.139965
0.139965
0.139929
0.139847
0.139835
0.139908
0.139947
0.139945
0.139913
0.139863
0.139823
0.1398
0.139788
0.139783
0.139783
0.139786
0.139791
0.139795
0.139798
0.1398
0.139801
0.139802
0.139802
0.139802
0.139802
0.139802
0.139802
0.139801
0.139801
0.1398
0.1398
0.1398
0.139801
0.139804
0.139808
0.139813
0.139819
0.139824
0.139829
0.139833
0.139837
0.13984
0.139842
0.139845
0.139849
0.139854
0.139861
0.139868
0.139876
0.139884
0.139893
0.139902
0.13991
0.139919
0.139928
0.139937
0.139946
0.139955
0.139964
0.139973
0.139981
0.13999
0.139998
0.140006
0.140014
0.140022
0.140031
0.140039
0.140048
0.140058
0.140068
0.140079
0.14009
0.140101
0.140113
0.140125
0.140137
0.140149
0.140161
0.140175
0.140193
0.139743
0.139725
0.139726
0.139728
0.13973
0.139731
0.139732
0.139734
0.139737
0.139743
0.139753
0.139761
0.139771
0.139786
0.13981
0.139843
0.139879
0.139912
0.139938
0.139951
0.139939
0.139888
0.139795
0.139784
0.13986
0.139911
0.139918
0.139892
0.139843
0.139793
0.139755
0.139725
0.139709
0.139704
0.139704
0.139706
0.139709
0.139712
0.139714
0.139715
0.139716
0.139716
0.139716
0.139715
0.139714
0.139713
0.139711
0.13971
0.139709
0.139707
0.139705
0.139703
0.139702
0.139701
0.139701
0.139702
0.139704
0.139705
0.139707
0.13971
0.139712
0.139714
0.139715
0.139716
0.139718
0.139719
0.13972
0.139722
0.139724
0.139728
0.139735
0.139743
0.139753
0.139764
0.139775
0.139786
0.139798
0.139809
0.13982
0.13983
0.13984
0.13985
0.13986
0.139869
0.139878
0.139887
0.139895
0.139904
0.139912
0.13992
0.139928
0.139937
0.139945
0.139954
0.139962
0.139971
0.139979
0.139987
0.139997
0.140013
0.13966
0.139635
0.139643
0.13965
0.139657
0.139663
0.139669
0.139677
0.139687
0.1397
0.139717
0.139731
0.139749
0.139773
0.139804
0.13984
0.139876
0.139907
0.139928
0.13993
0.139904
0.139838
0.139736
0.139724
0.139798
0.139863
0.139884
0.139869
0.139829
0.139779
0.139732
0.139689
0.139657
0.139635
0.13962
0.139613
0.139612
0.139613
0.139615
0.139617
0.139618
0.139618
0.139618
0.139616
0.139615
0.139612
0.13961
0.139608
0.139605
0.139602
0.139599
0.139595
0.139592
0.139588
0.139584
0.139581
0.139578
0.139575
0.139572
0.13957
0.139568
0.139566
0.139565
0.139564
0.139562
0.13956
0.139559
0.139557
0.139555
0.139552
0.13955
0.139548
0.139546
0.139546
0.139547
0.139551
0.139558
0.139568
0.139579
0.13959
0.139602
0.139615
0.139627
0.139639
0.139651
0.139662
0.139673
0.139683
0.139693
0.139702
0.13971
0.139718
0.139726
0.139733
0.139739
0.139745
0.139751
0.139757
0.139762
0.139775
0.139579
0.139559
0.139575
0.139587
0.139599
0.139611
0.139624
0.139638
0.139655
0.139675
0.139698
0.139718
0.139743
0.139774
0.139807
0.139842
0.139874
0.139899
0.139909
0.139898
0.139855
0.139775
0.139667
0.13965
0.139713
0.139797
0.139837
0.139838
0.139811
0.139767
0.13972
0.13967
0.139625
0.139586
0.139553
0.139529
0.139514
0.139506
0.139502
0.139501
0.139501
0.139502
0.139502
0.139501
0.1395
0.139497
0.139495
0.139491
0.139488
0.139484
0.139479
0.139475
0.13947
0.139464
0.139459
0.139453
0.139447
0.13944
0.139434
0.139428
0.139421
0.139415
0.139409
0.139403
0.139397
0.139391
0.139385
0.13938
0.139374
0.139368
0.139362
0.139355
0.139348
0.139341
0.139334
0.139327
0.13932
0.139314
0.13931
0.139311
0.139316
0.139324
0.139334
0.139345
0.139357
0.139369
0.139381
0.139392
0.139403
0.139414
0.139424
0.139433
0.139441
0.139449
0.139456
0.139462
0.139468
0.139473
0.139479
0.139488
0.139541
0.139533
0.139549
0.139563
0.139578
0.139594
0.139611
0.13963
0.139651
0.139674
0.1397
0.139726
0.139754
0.139786
0.139817
0.139847
0.139871
0.139884
0.13988
0.139852
0.139792
0.139695
0.139582
0.139555
0.139603
0.139705
0.139768
0.13979
0.139781
0.139751
0.13971
0.139661
0.139611
0.139563
0.139518
0.139479
0.139446
0.139421
0.139403
0.139389
0.139379
0.139372
0.139367
0.139364
0.139361
0.139358
0.139355
0.139352
0.139348
0.139343
0.139338
0.139333
0.139327
0.139321
0.139314
0.139307
0.1393
0.139292
0.139284
0.139275
0.139266
0.139257
0.139247
0.139237
0.139227
0.139217
0.139207
0.139197
0.139187
0.139176
0.139166
0.139155
0.139145
0.139134
0.139122
0.139111
0.139099
0.139087
0.139075
0.139063
0.139051
0.139041
0.139036
0.139036
0.139039
0.139045
0.139053
0.139062
0.139071
0.13908
0.139089
0.139098
0.139106
0.139113
0.139119
0.139125
0.13913
0.139134
0.139139
0.139145
0.139498
0.139493
0.139512
0.139533
0.139554
0.139576
0.139599
0.139623
0.139649
0.139676
0.139706
0.139734
0.139763
0.139792
0.139818
0.139839
0.139851
0.139848
0.139826
0.139777
0.139695
0.139579
0.139469
0.139438
0.139482
0.139595
0.139681
0.139727
0.139739
0.139727
0.139699
0.139659
0.139613
0.139565
0.139517
0.139471
0.139427
0.139388
0.139354
0.139324
0.139299
0.139277
0.139258
0.139243
0.13923
0.139218
0.139208
0.139199
0.139191
0.139183
0.139175
0.139168
0.13916
0.139153
0.139145
0.139136
0.139128
0.139119
0.139109
0.1391
0.139089
0.139078
0.139067
0.139055
0.139042
0.139029
0.139016
0.139003
0.138989
0.138974
0.138959
0.138945
0.13893
0.138915
0.1389
0.138884
0.138869
0.138853
0.138838
0.138821
0.138805
0.138788
0.138772
0.138756
0.138744
0.138739
0.138738
0.138741
0.138745
0.138751
0.138758
0.138765
0.138772
0.138779
0.138786
0.138792
0.138797
0.138802
0.138808
0.138815
0.139514
0.139517
0.139535
0.139556
0.139577
0.1396
0.139625
0.13965
0.139676
0.139704
0.139733
0.139759
0.139784
0.139805
0.139821
0.139829
0.139825
0.139804
0.13976
0.139688
0.139584
0.139451
0.139333
0.139294
0.139329
0.139423
0.139534
0.139609
0.139649
0.13966
0.139652
0.139627
0.139591
0.139548
0.139501
0.139453
0.139403
0.139354
0.139306
0.139261
0.139219
0.139179
0.139142
0.139108
0.13908
0.139055
0.139033
0.139014
0.138998
0.138984
0.138971
0.13896
0.138949
0.138939
0.138929
0.13892
0.13891
0.1389
0.138889
0.138878
0.138867
0.138854
0.138842
0.138829
0.138815
0.138801
0.138786
0.13877
0.138754
0.138737
0.13872
0.138702
0.138684
0.138666
0.138648
0.138629
0.13861
0.138591
0.138572
0.138553
0.138533
0.138513
0.138493
0.138472
0.138451
0.13843
0.13841
0.138392
0.138379
0.138371
0.138367
0.138365
0.138365
0.138366
0.138367
0.138368
0.13837
0.138371
0.138374
0.138373
0.13939
0.139374
0.139402
0.139439
0.139476
0.139511
0.139545
0.139578
0.13961
0.139643
0.139679
0.139705
0.139725
0.139738
0.139741
0.139732
0.139705
0.139657
0.139581
0.139475
0.139341
0.139209
0.139126
0.139102
0.139145
0.13925
0.139385
0.13949
0.139559
0.139597
0.139612
0.139606
0.139585
0.139554
0.139516
0.139473
0.139427
0.139379
0.139329
0.139278
0.139227
0.139176
0.139125
0.139076
0.139029
0.138983
0.138941
0.138902
0.138866
0.138832
0.138801
0.138773
0.138747
0.138725
0.138704
0.138685
0.138668
0.138651
0.138636
0.13862
0.138604
0.138588
0.138572
0.138556
0.13854
0.138523
0.138506
0.138488
0.138469
0.13845
0.138431
0.13841
0.13839
0.138368
0.138346
0.138324
0.138301
0.138278
0.138255
0.138232
0.138209
0.138186
0.138162
0.138138
0.138113
0.138089
0.138063
0.138038
0.138015
0.137999
0.13799
0.137984
0.137981
0.13798
0.137981
0.137983
0.137985
0.137987
0.137991
0.137993
0.139475
0.139483
0.139511
0.139544
0.139577
0.139609
0.13964
0.13967
0.139698
0.139724
0.139747
0.13976
0.139763
0.139756
0.139736
0.139699
0.139642
0.139563
0.139459
0.139332
0.139186
0.139036
0.138905
0.138852
0.138861
0.13892
0.139005
0.139093
0.139174
0.139245
0.139303
0.139329
0.13933
0.139312
0.139278
0.139235
0.139186
0.139135
0.139082
0.139031
0.138978
0.138927
0.138876
0.138826
0.138777
0.138729
0.138682
0.138638
0.138595
0.138555
0.138517
0.138481
0.138447
0.138416
0.138387
0.138359
0.138334
0.13831
0.138288
0.138265
0.138243
0.138222
0.138201
0.13818
0.13816
0.138139
0.138119
0.138097
0.138075
0.138053
0.13803
0.138006
0.137982
0.137958
0.137934
0.137909
0.137884
0.137858
0.137833
0.137807
0.137781
0.137754
0.137726
0.137699
0.13767
0.137641
0.137611
0.137581
0.13755
0.137519
0.137488
0.137456
0.137424
0.137391
0.137358
0.137327
0.137296
0.137267
0.137248
0.137215
0.139096
0.139083
0.139104
0.139131
0.139158
0.139183
0.139205
0.139223
0.139238
0.139248
0.13925
0.139244
0.139228
0.139199
0.139158
0.139101
0.139029
0.138942
0.138842
0.138734
0.138627
0.138532
0.13847
0.138462
0.138513
0.138628
0.138772
0.138899
0.139008
0.139099
0.139174
0.139225
0.139254
0.139263
0.139255
0.139233
0.139202
0.139163
0.139118
0.139071
0.139021
0.13897
0.138917
0.138864
0.138809
0.138754
0.138699
0.138642
0.138585
0.138528
0.13847
0.138411
0.138351
0.138291
0.138231
0.138174
0.138119
0.138067
0.138019
0.137974
0.137932
0.137892
0.137854
0.137817
0.137782
0.137748
0.137714
0.137682
0.137649
0.137617
0.137585
0.137552
0.137519
0.137487
0.137453
0.13742
0.137386
0.137352
0.137317
0.137282
0.137248
0.137213
0.137178
0.137142
0.137107
0.137071
0.137035
0.136998
0.136961
0.136923
0.136885
0.136846
0.136808
0.136776
0.136752
0.136735
0.136723
0.136714
0.13671
0.136697
0.139181
0.139177
0.139185
0.139197
0.139208
0.139217
0.139222
0.139223
0.139219
0.139207
0.139188
0.13916
0.139119
0.139067
0.139003
0.138928
0.138842
0.138747
0.138645
0.13854
0.138435
0.138332
0.138234
0.138139
0.138051
0.138022
0.13805
0.138103
0.138165
0.138228
0.138287
0.138338
0.138375
0.1384
0.138412
0.138414
0.138405
0.138386
0.138361
0.138329
0.138292
0.138252
0.138209
0.138163
0.138115
0.138066
0.138016
0.137964
0.137912
0.137857
0.137802
0.137746
0.137689
0.137632
0.137573
0.137515
0.137457
0.1374
0.137345
0.137291
0.137239
0.137188
0.13714
0.137093
0.137048
0.137004
0.136962
0.136921
0.136881
0.136842
0.136804
0.136767
0.136729
0.136693
0.136656
0.136619
0.136582
0.136545
0.136508
0.13647
0.136432
0.136393
0.136354
0.136314
0.136273
0.136231
0.136188
0.136144
0.1361
0.136054
0.136007
0.135959
0.13591
0.135859
0.135806
0.135752
0.135696
0.135639
0.135581
0.135527
0.138577
0.138665
0.138685
0.138669
0.13864
0.138607
0.138573
0.138538
0.138498
0.138442
0.13837
0.138303
0.138236
0.138167
0.138099
0.138034
0.137975
0.137923
0.13788
0.137846
0.13782
0.137802
0.13779
0.137785
0.137788
0.137808
0.137844
0.137891
0.137944
0.137999
0.138052
0.1381
0.138142
0.138177
0.138204
0.138224
0.138236
0.13824
0.138237
0.138227
0.138212
0.138192
0.138167
0.138138
0.138105
0.13807
0.138033
0.137993
0.137951
0.137907
0.137861
0.137813
0.137763
0.13771
0.137656
0.137599
0.13754
0.137478
0.137414
0.137347
0.13728
0.137213
0.137143
0.137068
0.136985
0.136896
0.136798
0.136697
0.136593
0.136492
0.136395
0.136302
0.136212
0.136127
0.136045
0.135965
0.135887
0.135812
0.135737
0.135663
0.135591
0.135519
0.135447
0.135374
0.135302
0.135229
0.135155
0.135082
0.13501
0.134938
0.134866
0.134794
0.134722
0.134649
0.134574
0.134498
0.134421
0.134343
0.134268
0.134199
0.138586
0.138561
0.138522
0.138476
0.138428
0.13838
0.138331
0.138283
0.138235
0.138186
0.13814
0.138097
0.138054
0.138012
0.137972
0.137935
0.137902
0.137873
0.137848
0.137825
0.137806
0.137787
0.137769
0.137752
0.137733
0.137713
0.13769
0.137666
0.137637
0.137604
0.137567
0.137536
0.137513
0.137494
0.137476
0.137459
0.137438
0.137414
0.137386
0.137356
0.137324
0.137287
0.137246
0.1372
0.13715
0.137096
0.137039
0.136982
0.13692
0.136854
0.136784
0.136711
0.136635
0.136555
0.136472
0.136387
0.136298
0.136208
0.136114
0.136018
0.135917
0.135815
0.135714
0.135616
0.13552
0.135421
0.135321
0.13522
0.13512
0.135022
0.134923
0.134825
0.134731
0.134636
0.134542
0.134447
0.134352
0.134261
0.134168
0.134074
0.133982
0.133889
0.133793
0.133697
0.133598
0.133499
0.133399
0.133297
0.133195
0.133091
0.132987
0.132881
0.132775
0.132667
0.132557
0.132446
0.13233
0.132211
0.132092
0.131992
0.138881
0.139119
0.139259
0.13933
0.139358
0.139359
0.139342
0.139312
0.139269
0.139212
0.139158
0.139109
0.139064
0.139022
0.138985
0.138951
0.13892
0.138892
0.138867
0.138845
0.138825
0.138807
0.13879
0.138774
0.138759
0.138745
0.138729
0.13871
0.138687
0.138654
0.138613
0.138578
0.138537
0.138496
0.138454
0.138412
0.138369
0.138324
0.138279
0.13823
0.13818
0.138127
0.138072
0.138014
0.137955
0.137892
0.137824
0.137753
0.137678
0.137598
0.137511
0.137417
0.137315
0.137206
0.137089
0.136964
0.136831
0.136691
0.136545
0.136394
0.136236
0.13607
0.135904
0.135717
0.135518
0.135302
0.135069
0.134821
0.134554
0.13427
0.133973
0.133665
0.133353
0.133044
0.132744
0.132452
0.132171
0.131898
0.131631
0.131371
0.131116
0.130867
0.130622
0.130378
0.130137
0.129897
0.129657
0.129418
0.129179
0.128939
0.128698
0.128455
0.128211
0.127964
0.127719
0.127474
0.127229
0.12699
0.126767
0.126593
0.134907
0.133863
0.133576
0.133593
0.133628
0.133592
0.13347
0.133262
0.132978
0.132662
0.1327
0.132056
0.131497
0.131063
0.130705
0.13039
0.130096
0.129813
0.12953
0.129244
0.128951
0.128649
0.128338
0.128016
0.127685
0.127345
0.126998
0.126646
0.126292
0.12595
0.125759
0.12623
0.126113
0.12593
0.125691
0.125405
0.125078
0.124714
0.124318
0.123893
0.123441
0.122963
0.122462
0.121939
0.121395
0.120833
0.120253
0.119658
0.11905
0.118432
0.117807
0.117179
0.11656
0.115958
0.115376
0.114816
0.114274
0.113745
0.113223
0.112695
0.112138
0.111757
0.111765
0.111393
0.111009
0.110625
0.11024
0.109854
0.109469
0.109083
0.108699
0.108316
0.107934
0.107556
0.10718
0.106809
0.106441
0.106077
0.105718
0.105363
0.105013
0.104668
0.104327
0.103992
0.103662
0.103338
0.103019
0.102705
0.102396
0.102095
0.1018
0.101515
0.10124
0.10098
0.100743
0.100545
0.100425
0.100461
0.100787
0.101647
0.201658
0.217671
0.233414
0.248363
0.262577
0.276142
0.289127
0.30159
0.313575
0.325119
0.336253
0.347007
0.357404
0.367466
0.377211
0.386656
0.395835
0.404715
0.413327
0.421694
0.429824
0.437723
0.4454
0.452859
0.460106
0.467146
0.473983
0.48062
0.487063
0.493313
0.499374
0.50525
0.510857
0.516175
0.521505
0.52667
0.531668
0.536503
0.541178
0.545699
0.550069
0.554293
0.558379
0.562332
0.56616
0.569871
0.573476
0.576746
0.579819
0.583187
0.586508
0.589788
0.593047
0.596305
0.599585
0.602915
0.606322
0.60984
0.613501
0.61682
0.62039
0.62485
0.629627
0.63475
0.640264
0.646212
0.652642
0.658132
0.666541
0.674561
0.141849
0.141911
0.141997
0.142104
0.142232
0.142378
0.142534
0.142698
0.14287
0.143053
0.143249
0.14346
0.143688
0.143933
0.144198
0.144482
0.144792
0.14512
0.145468
0.145842
0.14624
0.146665
0.147115
0.147592
0.148096
0.148627
0.149185
0.149769
0.150381
0.151019
0.151685
0.152377
0.153072
0.153758
0.154522
0.155317
0.156137
0.156982
0.157852
0.158745
0.15966
0.160597
0.161556
0.162535
0.163535
0.164555
0.165597
0.166575
0.167529
0.168633
0.169766
0.170916
0.17208
0.173259
0.174452
0.175662
0.17689
0.17814
0.179417
0.180511
0.181645
0.183077
0.184573
0.186125
0.187755
0.189498
0.191407
0.192876
0.195782
0.198772
0.142397
0.142369
0.142338
0.142306
0.142273
0.142241
0.142208
0.142174
0.142139
0.142102
0.142063
0.142021
0.141976
0.141928
0.141877
0.141822
0.141765
0.141704
0.141639
0.141571
0.141499
0.141423
0.141343
0.141259
0.141172
0.141081
0.140987
0.140889
0.140787
0.140682
0.140573
0.14046
0.140341
0.140217
0.14009
0.139959
0.139825
0.139688
0.139547
0.139403
0.139257
0.139107
0.138955
0.138801
0.138644
0.138485
0.138323
0.138151
0.137971
0.137796
0.13762
0.137445
0.137269
0.137093
0.136918
0.136743
0.136568
0.136394
0.13622
0.136023
0.13582
0.135637
0.135461
0.13529
0.135123
0.134964
0.134815
0.134599
0.134522
0.134467
0.140756
0.140748
0.140741
0.140733
0.140724
0.140715
0.140706
0.140698
0.140691
0.140684
0.140678
0.140673
0.140668
0.140663
0.140659
0.140655
0.140651
0.140648
0.140644
0.140641
0.140638
0.140634
0.140631
0.140628
0.140625
0.140622
0.140618
0.140615
0.140611
0.140608
0.140604
0.140601
0.140597
0.140592
0.140588
0.140583
0.140578
0.140573
0.140567
0.140561
0.140553
0.140546
0.140537
0.140528
0.140518
0.140507
0.140495
0.140481
0.140467
0.140451
0.140434
0.140415
0.140397
0.140377
0.140357
0.140336
0.140314
0.140291
0.140267
0.140243
0.140216
0.140187
0.140157
0.140127
0.140097
0.140066
0.140033
0.140003
0.139959
0.139918
0.140337
0.140328
0.14032
0.140311
0.140301
0.140292
0.140282
0.140273
0.140263
0.140254
0.140245
0.140238
0.140231
0.140225
0.140219
0.140213
0.140207
0.140202
0.140198
0.140193
0.140189
0.140186
0.140183
0.140181
0.140179
0.140178
0.140177
0.140177
0.140178
0.140179
0.140181
0.140184
0.140188
0.140192
0.140198
0.140204
0.140211
0.140219
0.140228
0.140237
0.140247
0.140258
0.14027
0.140282
0.140294
0.140307
0.14032
0.140334
0.140349
0.140364
0.140381
0.140398
0.140415
0.140433
0.140452
0.140472
0.140492
0.140513
0.140534
0.140555
0.140579
0.140604
0.140629
0.140656
0.140682
0.140708
0.140732
0.140755
0.140772
0.140781
0.140169
0.140158
0.140147
0.140137
0.140126
0.140114
0.140103
0.140092
0.140081
0.140069
0.140058
0.140048
0.140039
0.140031
0.140023
0.140015
0.140007
0.14
0.139994
0.139987
0.139982
0.139976
0.139972
0.139968
0.139964
0.139962
0.13996
0.139959
0.139958
0.139959
0.13996
0.139962
0.139965
0.139969
0.139974
0.13998
0.139987
0.139995
0.140003
0.140013
0.140023
0.140035
0.140047
0.140059
0.140072
0.140086
0.1401
0.140115
0.14013
0.140147
0.140164
0.140182
0.140201
0.14022
0.14024
0.140261
0.140283
0.140305
0.140327
0.140349
0.140373
0.1404
0.140427
0.140454
0.140482
0.14051
0.140535
0.140558
0.140579
0.14059
0.139983
0.13997
0.139956
0.139943
0.13993
0.139917
0.139904
0.139892
0.13988
0.139869
0.13986
0.139852
0.139844
0.139837
0.13983
0.139824
0.139818
0.139813
0.139808
0.139804
0.139801
0.139798
0.139796
0.139795
0.139795
0.139795
0.139796
0.139798
0.139801
0.139804
0.139809
0.139814
0.13982
0.139827
0.139836
0.139845
0.139854
0.139865
0.139877
0.139889
0.139902
0.139916
0.139931
0.139946
0.139962
0.139978
0.139995
0.140012
0.140029
0.140048
0.140067
0.140087
0.140107
0.140129
0.14015
0.140173
0.140196
0.140219
0.140242
0.140265
0.140289
0.140316
0.140343
0.140371
0.140399
0.140426
0.14045
0.140473
0.140493
0.140503
0.139741
0.139727
0.139712
0.139698
0.139685
0.139671
0.139658
0.139646
0.139635
0.139626
0.139619
0.139612
0.139606
0.139601
0.139596
0.139591
0.139587
0.139584
0.139582
0.13958
0.139579
0.139579
0.139579
0.13958
0.139582
0.139585
0.139589
0.139593
0.139598
0.139604
0.139611
0.139618
0.139626
0.139635
0.139645
0.139656
0.139667
0.13968
0.139693
0.139706
0.139721
0.139736
0.139752
0.139769
0.139786
0.139803
0.13982
0.139838
0.139857
0.139876
0.139896
0.139917
0.139938
0.13996
0.139983
0.140006
0.140029
0.140053
0.140076
0.140099
0.140124
0.140151
0.140179
0.140207
0.140235
0.140262
0.140287
0.140309
0.140329
0.140339
0.139458
0.139446
0.139433
0.139421
0.13941
0.139399
0.139388
0.13938
0.139373
0.139367
0.139363
0.13936
0.139357
0.139354
0.139353
0.139351
0.139351
0.13935
0.139351
0.139352
0.139354
0.139356
0.139359
0.139363
0.139367
0.139373
0.139378
0.139385
0.139392
0.1394
0.139408
0.139418
0.139427
0.139438
0.139449
0.139461
0.139473
0.139487
0.139501
0.139516
0.139531
0.139547
0.139564
0.139581
0.139598
0.139616
0.139634
0.139652
0.139671
0.139691
0.139711
0.139732
0.139754
0.139776
0.139799
0.139823
0.139846
0.13987
0.139893
0.139916
0.139941
0.139967
0.139995
0.140023
0.140051
0.140078
0.140102
0.140124
0.140143
0.140153
0.13912
0.139111
0.139101
0.139093
0.139084
0.139076
0.13907
0.139064
0.13906
0.139058
0.139058
0.139058
0.139059
0.139061
0.139062
0.139064
0.139067
0.13907
0.139073
0.139077
0.139081
0.139086
0.139091
0.139097
0.139103
0.13911
0.139117
0.139125
0.139134
0.139143
0.139153
0.139163
0.139174
0.139185
0.139197
0.139209
0.139223
0.139236
0.139251
0.139266
0.139282
0.139298
0.139315
0.139332
0.13935
0.139368
0.139385
0.139403
0.139422
0.139442
0.139462
0.139483
0.139504
0.139527
0.139549
0.139573
0.139596
0.139619
0.139642
0.139665
0.139689
0.139716
0.139743
0.139771
0.139799
0.139826
0.139849
0.139871
0.139891
0.139902
0.138796
0.138789
0.138782
0.138776
0.138771
0.138767
0.138763
0.13876
0.138759
0.138758
0.138759
0.138761
0.138765
0.138769
0.138775
0.138781
0.138787
0.138793
0.138799
0.138806
0.138812
0.138819
0.138825
0.138833
0.13884
0.138848
0.138856
0.138865
0.138874
0.138884
0.138894
0.138904
0.138915
0.138926
0.138938
0.13895
0.138963
0.138977
0.138991
0.139005
0.139021
0.139037
0.139053
0.13907
0.139087
0.139104
0.139122
0.139139
0.139157
0.139177
0.139197
0.139217
0.139238
0.13926
0.139283
0.139306
0.13933
0.139353
0.139375
0.139398
0.139422
0.139449
0.139476
0.139505
0.139533
0.13956
0.139584
0.139606
0.139627
0.139637
0.138351
0.138346
0.138341
0.138338
0.138334
0.138331
0.138328
0.138326
0.138325
0.138324
0.138324
0.138325
0.138327
0.138331
0.138336
0.138342
0.138349
0.138358
0.138369
0.13838
0.138391
0.138402
0.138413
0.138424
0.138435
0.138446
0.138457
0.138468
0.138479
0.138491
0.138502
0.138514
0.138526
0.138538
0.13855
0.138564
0.138577
0.138591
0.138605
0.13862
0.138635
0.138651
0.138668
0.138684
0.138701
0.138719
0.138736
0.138753
0.13877
0.138789
0.138809
0.13883
0.138851
0.138872
0.138895
0.138918
0.138942
0.138965
0.138988
0.13901
0.139034
0.139061
0.13909
0.139119
0.139148
0.139176
0.139201
0.139224
0.139246
0.139257
0.137979
0.137978
0.137977
0.137976
0.137977
0.137977
0.137977
0.137977
0.137975
0.137973
0.137971
0.137969
0.137968
0.137967
0.137966
0.137966
0.137966
0.137967
0.137968
0.13797
0.137973
0.137977
0.137981
0.137987
0.137993
0.138001
0.138011
0.138022
0.138034
0.138048
0.138064
0.138081
0.138099
0.138118
0.138138
0.138158
0.138177
0.138196
0.138216
0.138235
0.138253
0.138272
0.138291
0.138309
0.138328
0.138346
0.138364
0.138381
0.138399
0.138418
0.138437
0.138458
0.138478
0.1385
0.138522
0.138545
0.138568
0.138591
0.138613
0.138635
0.138659
0.138686
0.138714
0.138744
0.138774
0.138802
0.138828
0.138851
0.138874
0.138885
0.137188
0.137187
0.137188
0.13719
0.137193
0.137195
0.137198
0.137201
0.137204
0.137207
0.137211
0.137214
0.137218
0.137221
0.137225
0.137228
0.137232
0.137235
0.137239
0.137242
0.137246
0.13725
0.137253
0.137257
0.137262
0.137267
0.137272
0.137278
0.137285
0.137292
0.1373
0.137309
0.137319
0.137329
0.137341
0.137354
0.137368
0.137384
0.137402
0.137421
0.137442
0.137466
0.137491
0.137519
0.137549
0.13758
0.137612
0.137641
0.137671
0.137702
0.137734
0.137765
0.137796
0.137827
0.137858
0.137889
0.13792
0.13795
0.137978
0.138004
0.138033
0.138065
0.138099
0.138134
0.138169
0.138203
0.138232
0.138259
0.138287
0.138301
0.136681
0.136689
0.136701
0.136715
0.136731
0.136747
0.136763
0.136778
0.136793
0.136808
0.136823
0.136838
0.136852
0.136866
0.136879
0.136893
0.136906
0.136918
0.13693
0.136941
0.136952
0.136962
0.136972
0.136981
0.136989
0.136997
0.137004
0.13701
0.137015
0.137019
0.137022
0.137023
0.137021
0.137018
0.137013
0.137007
0.136999
0.136989
0.136979
0.136968
0.136957
0.136946
0.136935
0.136926
0.136918
0.136911
0.136906
0.136902
0.136899
0.136899
0.136901
0.136905
0.136913
0.136923
0.136937
0.136954
0.136974
0.136997
0.13702
0.137043
0.13707
0.137106
0.137147
0.137195
0.137247
0.137299
0.137345
0.137385
0.137427
0.137442
0.135489
0.135492
0.135498
0.135504
0.135511
0.135519
0.135527
0.135535
0.135544
0.135552
0.135562
0.135571
0.135581
0.135591
0.135602
0.135613
0.135624
0.135636
0.135649
0.135662
0.135676
0.13569
0.135705
0.135721
0.135738
0.135755
0.135773
0.135791
0.13581
0.13583
0.135849
0.135866
0.135882
0.135896
0.13591
0.135922
0.135934
0.135945
0.135955
0.135963
0.135971
0.135978
0.135984
0.135988
0.13599
0.13599
0.135987
0.13598
0.13597
0.135959
0.135948
0.135937
0.135926
0.135917
0.135908
0.135901
0.135894
0.135887
0.13588
0.135873
0.135866
0.135864
0.135867
0.135874
0.135886
0.135901
0.135915
0.135925
0.135941
0.135948
0.13413
0.134128
0.134131
0.134137
0.134144
0.134154
0.134166
0.13418
0.134196
0.134214
0.134234
0.134257
0.134282
0.134308
0.134336
0.134366
0.134397
0.134429
0.134461
0.134495
0.134529
0.134564
0.134599
0.134635
0.134672
0.134709
0.134747
0.134784
0.134822
0.134859
0.134896
0.13493
0.134963
0.134994
0.135025
0.135056
0.135087
0.135118
0.135148
0.135177
0.135207
0.135235
0.135264
0.135291
0.135317
0.135341
0.135363
0.13538
0.135396
0.135414
0.135432
0.13545
0.135467
0.135485
0.135502
0.135519
0.135534
0.135548
0.135558
0.135565
0.135571
0.13558
0.135591
0.135603
0.135614
0.135623
0.135628
0.135623
0.135616
0.135598
0.131794
0.131754
0.131723
0.131693
0.131663
0.131633
0.131604
0.131576
0.131549
0.131522
0.131497
0.131472
0.131448
0.131425
0.131403
0.131382
0.131362
0.131343
0.131325
0.131307
0.131291
0.131276
0.131262
0.13125
0.131239
0.13123
0.131222
0.131217
0.131212
0.13121
0.131209
0.131209
0.131209
0.131209
0.131211
0.131216
0.131223
0.131233
0.131245
0.131261
0.131279
0.1313
0.131325
0.131353
0.131384
0.131416
0.131449
0.131477
0.131504
0.131538
0.131576
0.131619
0.131667
0.131722
0.131782
0.131849
0.131918
0.131985
0.132044
0.132088
0.132131
0.132187
0.132253
0.132328
0.132403
0.132466
0.132507
0.132517
0.132533
0.132523
0.125659
0.125467
0.125338
0.125218
0.125102
0.124988
0.124877
0.124768
0.124663
0.12456
0.124461
0.124365
0.124273
0.124185
0.124102
0.124023
0.123949
0.12388
0.123816
0.123757
0.123704
0.123658
0.123617
0.123584
0.123557
0.123535
0.123521
0.123514
0.123515
0.123522
0.123537
0.123556
0.123573
0.123588
0.123615
0.12365
0.123691
0.12374
0.123797
0.123861
0.123934
0.124014
0.124104
0.124202
0.124307
0.124415
0.12452
0.124603
0.124679
0.12478
0.124894
0.12502
0.125158
0.125311
0.125476
0.125654
0.125839
0.126023
0.126189
0.1263
0.126418
0.126593
0.126799
0.12703
0.127276
0.127514
0.127707
0.127776
0.127964
0.128006
0.0945093
0.0931157
0.0924263
0.0918303
0.0912596
0.090706
0.0901677
0.0896439
0.0891338
0.0886366
0.0881517
0.0876787
0.0872168
0.0867658
0.0863251
0.0858946
0.0854791
0.0850696
0.0846655
0.0842683
0.0838787
0.0834975
0.083125
0.0827618
0.0824085
0.0820654
0.081733
0.0814117
0.0811018
0.0808036
0.0805169
0.080241
0.0799518
0.0796294
0.0793286
0.0790403
0.0787623
0.0784946
0.0782375
0.0779914
0.0777567
0.0775338
0.077323
0.0771245
0.0769385
0.0767643
0.0766001
0.0763786
0.0761046
0.0758743
0.0756658
0.0754737
0.0752978
0.0751384
0.0749961
0.0748712
0.074764
0.0746735
0.0745967
0.0743811
0.0741219
0.0739467
0.0738197
0.0737326
0.0736859
0.0736799
0.0737116
0.0733661
0.0734947
0.0736981
0.767394
0.883909
0.952449
0.99175
1.0148
1.02941
1.03984
1.0482
1.05546
1.06198
1.06793
1.07339
1.07842
1.08307
1.08742
1.09151
1.09538
1.09907
1.10259
1.10598
1.10925
1.11241
1.11547
1.11845
1.12136
1.1242
1.12698
1.12971
1.1324
1.13504
1.13765
1.14023
1.14278
1.1453
1.1478
1.15027
1.15273
1.15517
1.1576
1.16002
1.16242
1.16482
1.1672
1.16959
1.17196
1.17434
1.17671
1.17908
1.18145
1.18382
1.18619
1.18856
1.19094
1.19332
1.19571
1.1981
1.2005
1.20291
1.20533
1.20775
1.21019
1.21264
1.2151
1.21757
1.22005
1.22254
1.22503
1.22753
1.23
1.23245
1.23481
1.23703
1.23897
1.24045
1.24118
0.237377
0.328273
0.426875
0.522776
0.609773
0.685448
0.74969
0.803539
0.84851
0.886206
0.918108
0.945483
0.969342
0.990464
1.00943
1.02665
1.04245
1.05704
1.07061
1.08328
1.09516
1.10637
1.11697
1.12704
1.13663
1.1458
1.1546
1.16305
1.1712
1.17906
1.18667
1.19405
1.20122
1.20819
1.21498
1.2216
1.22808
1.23441
1.24061
1.2467
1.25267
1.25854
1.26432
1.27
1.2756
1.28113
1.28658
1.29197
1.29729
1.30256
1.30777
1.31293
1.31804
1.32312
1.32815
1.33315
1.33811
1.34304
1.34794
1.35282
1.35767
1.3625
1.36732
1.37211
1.37689
1.38165
1.38639
1.39111
1.3958
1.40042
1.40495
1.40929
1.41326
1.41655
1.41856
0.134235
0.139461
0.154307
0.180804
0.218468
0.26528
0.318571
0.375616
0.433978
0.49168
0.547259
0.59974
0.648568
0.693528
0.73466
0.772171
0.806375
0.837629
0.866294
0.892712
0.917187
0.939977
0.961304
0.981346
1.00025
1.01815
1.03513
1.0513
1.06672
1.08146
1.09558
1.10915
1.12219
1.13477
1.14691
1.15866
1.17004
1.18107
1.1918
1.20223
1.21239
1.22229
1.23196
1.24141
1.25065
1.2597
1.26857
1.27727
1.2858
1.29419
1.30244
1.31055
1.31854
1.32642
1.33418
1.34184
1.3494
1.35686
1.36424
1.37154
1.37877
1.38591
1.393
1.40001
1.40697
1.41387
1.42071
1.4275
1.43422
1.44088
1.44742
1.45379
1.45981
1.4651
1.4688
0.13948
0.138052
0.136221
0.134768
0.134832
0.13763
0.144215
0.155373
0.171641
0.193118
0.219563
0.250468
0.285131
0.322737
0.362428
0.403358
0.44475
0.485921
0.526314
0.565499
0.603169
0.639135
0.673306
0.705666
0.736263
0.765183
0.792538
0.818448
0.84304
0.866431
0.888732
0.910041
0.930445
0.950021
0.968834
0.986943
1.0044
1.02125
1.03754
1.0533
1.06857
1.08339
1.09777
1.11176
1.12537
1.13863
1.15156
1.16418
1.17651
1.18857
1.20037
1.21192
1.22325
1.23435
1.24525
1.25596
1.26648
1.27682
1.287
1.29702
1.30689
1.31661
1.32621
1.33567
1.34501
1.35424
1.36336
1.37237
1.38127
1.39007
1.39875
1.40726
1.41546
1.42301
1.42892
0.140814
0.140814
0.140645
0.140195
0.139398
0.138283
0.136993
0.135771
0.134952
0.134929
0.136122
0.138946
0.143785
0.150963
0.160736
0.173346
0.188882
0.207327
0.228561
0.252376
0.278486
0.306553
0.3362
0.367034
0.398665
0.430723
0.462871
0.494812
0.5263
0.557139
0.58718
0.616324
0.644507
0.671705
0.697917
0.723166
0.747487
0.770925
0.793532
0.815359
0.836458
0.856876
0.876658
0.895845
0.914475
0.932581
0.950193
0.967338
0.984043
1.00033
1.01622
1.03173
1.04689
1.06171
1.07621
1.0904
1.1043
1.11792
1.13129
1.1444
1.15727
1.16992
1.18236
1.19458
1.20661
1.21845
1.23011
1.24159
1.25291
1.26407
1.27506
1.28586
1.29641
1.30647
1.31516
0.140635
0.140726
0.140822
0.140914
0.140977
0.140975
0.140865
0.140607
0.140176
0.139568
0.138804
0.137939
0.137052
0.136255
0.135681
0.135486
0.135846
0.136947
0.138981
0.142138
0.146596
0.152518
0.160045
0.169237
0.180286
0.193223
0.208038
0.224683
0.24307
0.263074
0.284538
0.307281
0.331103
0.355794
0.381145
0.406949
0.433012
0.459155
0.485219
0.511068
0.536589
0.561692
0.586309
0.610393
0.633912
0.656854
0.679214
0.701001
0.722227
0.742912
0.763078
0.782748
0.801945
0.820693
0.839013
0.856927
0.874453
0.891608
0.908409
0.924871
0.941008
0.956831
0.972354
0.987588
1.00254
1.01723
1.03166
1.04583
1.05977
1.07347
1.08695
1.10019
1.11319
1.12588
1.13802
0.140543
0.14062
0.140699
0.140781
0.140869
0.140962
0.141059
0.141153
0.141233
0.141286
0.141295
0.141243
0.141114
0.140898
0.140588
0.140185
0.139698
0.139145
0.138553
0.137963
0.137422
0.13699
0.136736
0.136734
0.137072
0.137846
0.139156
0.141103
0.143792
0.147323
0.151792
0.157289
0.163888
0.171654
0.180625
0.190861
0.202391
0.21521
0.229287
0.244574
0.261
0.278481
0.296917
0.316195
0.336198
0.356803
0.377887
0.399328
0.421011
0.442827
0.46468
0.48648
0.508151
0.52963
0.550863
0.571808
0.592435
0.61272
0.632651
0.65222
0.671424
0.690267
0.708753
0.726891
0.74469
0.76216
0.77931
0.79615
0.812688
0.828932
0.844888
0.860559
0.875953
0.891178
0.907413
0.140379
0.140455
0.140529
0.140605
0.14068
0.140758
0.140837
0.14092
0.141007
0.141098
0.141192
0.141288
0.141381
0.141469
0.141544
0.141601
0.141633
0.141631
0.141591
0.141506
0.141372
0.141186
0.140949
0.140664
0.140337
0.139977
0.139599
0.13922
0.138863
0.138554
0.138325
0.138212
0.138255
0.138498
0.13899
0.139782
0.140932
0.142499
0.144543
0.147125
0.150308
0.154149
0.158705
0.164028
0.170161
0.177142
0.184999
0.193751
0.203379
0.213954
0.225453
0.237848
0.251105
0.265179
0.280015
0.295552
0.311719
0.328445
0.345653
0.363265
0.381204
0.399394
0.417763
0.436242
0.454768
0.473281
0.491731
0.51007
0.52826
0.546265
0.564056
0.581608
0.598897
0.615928
0.636574
0.140187
0.140248
0.140308
0.14037
0.140433
0.140499
0.140565
0.140633
0.140703
0.140774
0.140847
0.140923
0.141001
0.141082
0.141166
0.141253
0.141341
0.14143
0.141518
0.141604
0.141684
0.141757
0.14182
0.141868
0.141901
0.141913
0.141903
0.141868
0.141807
0.141718
0.1416
0.141456
0.141286
0.141095
0.140886
0.140666
0.140443
0.140227
0.140031
0.139867
0.139753
0.139707
0.13975
0.139905
0.1402
0.14066
0.141317
0.142202
0.143348
0.144793
0.146573
0.148728
0.151296
0.154316
0.157825
0.161859
0.166452
0.171632
0.177425
0.183854
0.190932
0.198669
0.207067
0.216125
0.225819
0.236167
0.247154
0.258747
0.270909
0.283599
0.296769
0.310363
0.324386
0.338156
0.358464
0.139933
0.139991
0.140046
0.140102
0.140159
0.140217
0.140276
0.140335
0.140396
0.140457
0.140518
0.140581
0.140644
0.140708
0.140774
0.14084
0.140908
0.140978
0.141049
0.141122
0.141196
0.141272
0.141349
0.141427
0.141505
0.141583
0.14166
0.141734
0.141806
0.141874
0.141936
0.141991
0.142038
0.142076
0.142103
0.142118
0.14212
0.142108
0.142082
0.142041
0.141985
0.141915
0.141831
0.141736
0.14163
0.141518
0.141403
0.141289
0.141181
0.141087
0.141012
0.140965
0.140957
0.140996
0.141096
0.14127
0.141532
0.141897
0.142383
0.143008
0.143791
0.144753
0.145914
0.147297
0.148923
0.150816
0.152999
0.155496
0.158329
0.161519
0.165088
0.169036
0.173481
0.177806
0.185869
0.139661
0.139703
0.139744
0.139786
0.139829
0.139874
0.139921
0.139969
0.140018
0.140069
0.140121
0.140175
0.140229
0.140285
0.140341
0.140399
0.140457
0.140515
0.140574
0.140634
0.140694
0.140755
0.140817
0.140879
0.140941
0.141005
0.141069
0.141133
0.141199
0.141264
0.141331
0.141397
0.141464
0.141531
0.141597
0.141662
0.141726
0.141788
0.141847
0.141904
0.141958
0.142007
0.142052
0.142092
0.142126
0.142154
0.142175
0.14219
0.142196
0.142196
0.142188
0.142172
0.14215
0.142121
0.142086
0.142046
0.142002
0.141956
0.14191
0.141866
0.141827
0.141797
0.141777
0.141774
0.141792
0.141835
0.141909
0.142022
0.142178
0.142387
0.142656
0.14299
0.143419
0.143842
0.144828
0.139282
0.139326
0.139366
0.139406
0.139446
0.139486
0.139528
0.139571
0.139615
0.13966
0.139707
0.139754
0.139803
0.139853
0.139903
0.139954
0.140006
0.140058
0.140111
0.140164
0.140217
0.14027
0.140323
0.140377
0.14043
0.140484
0.140538
0.140591
0.140645
0.140699
0.140753
0.140807
0.140862
0.140916
0.140971
0.141025
0.14108
0.141135
0.141189
0.141244
0.141298
0.141352
0.141406
0.141459
0.141511
0.141563
0.141613
0.141663
0.141711
0.141757
0.141801
0.141844
0.141884
0.141922
0.141957
0.141989
0.142019
0.142045
0.142067
0.142086
0.142102
0.142114
0.142122
0.142128
0.14213
0.142129
0.142126
0.142121
0.142115
0.142109
0.142103
0.142099
0.142099
0.142098
0.142121
0.13889
0.138894
0.138894
0.138899
0.138909
0.138925
0.138946
0.138972
0.139003
0.139037
0.139074
0.139114
0.139157
0.139202
0.139248
0.139296
0.139346
0.139396
0.139447
0.139499
0.139551
0.139604
0.139657
0.139709
0.139762
0.139815
0.139868
0.13992
0.139972
0.140024
0.140076
0.140128
0.140179
0.14023
0.140281
0.140331
0.140381
0.140431
0.14048
0.140529
0.140578
0.140626
0.140674
0.140721
0.140768
0.140815
0.140861
0.140906
0.140951
0.140996
0.14104
0.141083
0.141126
0.141168
0.141209
0.14125
0.14129
0.141328
0.141366
0.141403
0.141438
0.141473
0.141506
0.141537
0.141568
0.141596
0.141623
0.141648
0.141672
0.141693
0.141713
0.141731
0.141748
0.14176
0.141781
0.138315
0.138329
0.138335
0.138339
0.138343
0.13835
0.13836
0.138372
0.138387
0.138405
0.138426
0.138451
0.138478
0.138508
0.138542
0.138577
0.138615
0.138655
0.138696
0.138739
0.138784
0.138829
0.138875
0.138922
0.13897
0.139018
0.139066
0.139114
0.139163
0.139211
0.13926
0.139309
0.139357
0.139406
0.139454
0.139503
0.139551
0.139598
0.139646
0.139693
0.13974
0.139786
0.139832
0.139877
0.139922
0.139966
0.14001
0.140053
0.140096
0.140138
0.140179
0.14022
0.140261
0.1403
0.140339
0.140377
0.140415
0.140452
0.140488
0.140524
0.140559
0.140592
0.140626
0.140658
0.140689
0.14072
0.140749
0.140777
0.140805
0.140831
0.140856
0.14088
0.140904
0.140922
0.140953
0.1373
0.137027
0.136768
0.136533
0.136323
0.136142
0.13599
0.135865
0.135764
0.135724
0.135741
0.13579
0.135857
0.135934
0.136018
0.136105
0.136195
0.136286
0.136378
0.13647
0.136562
0.136654
0.136744
0.136833
0.13692
0.137006
0.137091
0.137174
0.137255
0.137335
0.137413
0.13749
0.137566
0.13764
0.137712
0.137784
0.137854
0.137922
0.13799
0.138056
0.13812
0.138184
0.138246
0.138306
0.138366
0.138424
0.138481
0.138536
0.13859
0.138643
0.138695
0.138746
0.138795
0.138843
0.13889
0.138936
0.138981
0.139025
0.139068
0.139109
0.13915
0.139189
0.139227
0.139264
0.1393
0.139335
0.139368
0.139401
0.139432
0.139462
0.139491
0.139518
0.139546
0.139567
0.139604
0.135895
0.135759
0.135609
0.135476
0.135372
0.135297
0.135245
0.135212
0.135191
0.135181
0.135179
0.135185
0.135198
0.135216
0.135239
0.135266
0.135296
0.13533
0.135366
0.135404
0.135444
0.135486
0.135529
0.135573
0.135617
0.135662
0.135708
0.135754
0.1358
0.135846
0.135893
0.135939
0.135985
0.136031
0.136077
0.136122
0.136167
0.136212
0.136256
0.1363
0.136343
0.136385
0.136426
0.136467
0.136506
0.136545
0.136583
0.13662
0.136656
0.136692
0.136727
0.136762
0.136796
0.13683
0.136863
0.136895
0.136927
0.136959
0.13699
0.13702
0.13705
0.13708
0.137109
0.137137
0.137165
0.137192
0.137219
0.137246
0.137271
0.137297
0.137321
0.137345
0.13737
0.137389
0.137424
0.135198
0.134472
0.133825
0.133299
0.132927
0.132682
0.132523
0.132417
0.132346
0.1323
0.13227
0.132252
0.132243
0.132242
0.132244
0.132251
0.13226
0.13227
0.132282
0.132295
0.132308
0.132322
0.132336
0.132349
0.132363
0.132377
0.13239
0.132404
0.132417
0.132429
0.132442
0.132454
0.132465
0.132476
0.132487
0.132497
0.132507
0.132516
0.132524
0.132532
0.132539
0.132541
0.132534
0.132527
0.132521
0.13252
0.13253
0.132545
0.132563
0.132583
0.132605
0.132628
0.132653
0.13268
0.132708
0.132737
0.132768
0.1328
0.132834
0.132868
0.132904
0.132941
0.132979
0.133019
0.133059
0.133101
0.133143
0.133187
0.133231
0.133277
0.133323
0.133371
0.133421
0.133464
0.133543
0.131862
0.130582
0.129402
0.128382
0.127542
0.126866
0.126332
0.125915
0.125591
0.12534
0.125148
0.125004
0.124897
0.124821
0.12477
0.12474
0.124727
0.124728
0.12474
0.124762
0.124792
0.124841
0.124903
0.124974
0.125049
0.125127
0.125206
0.125286
0.125366
0.125446
0.125526
0.125606
0.125687
0.125767
0.125847
0.125928
0.126009
0.12609
0.126172
0.126254
0.126337
0.126421
0.126506
0.126591
0.126677
0.126764
0.126853
0.126943
0.127035
0.12713
0.127226
0.127324
0.127425
0.127528
0.127633
0.127741
0.127851
0.127963
0.128078
0.128195
0.128315
0.128437
0.128562
0.128689
0.128819
0.128951
0.129086
0.129223
0.129363
0.129505
0.12965
0.129797
0.12995
0.130086
0.130326
0.124904
0.120217
0.11693
0.114834
0.113941
0.113575
0.113464
0.113472
0.113549
0.113669
0.113819
0.113991
0.11418
0.114381
0.114592
0.114811
0.115037
0.115268
0.115504
0.115744
0.115988
0.116235
0.116486
0.11674
0.116996
0.117256
0.117518
0.117782
0.11805
0.118319
0.118592
0.118866
0.119143
0.119422
0.119703
0.119986
0.120272
0.120559
0.120849
0.12114
0.121434
0.121729
0.122026
0.122325
0.122626
0.122928
0.123232
0.123538
0.123846
0.124155
0.124467
0.12478
0.125094
0.12541
0.125728
0.126048
0.12637
0.126693
0.127017
0.127344
0.127672
0.128001
0.128332
0.128664
0.128998
0.129332
0.129668
0.130005
0.130343
0.130683
0.131023
0.131364
0.131714
0.132024
0.132554
0.0722171
0.0718445
0.0725892
0.0738463
0.0753569
0.0769913
0.0786815
0.0804167
0.0821728
0.0839276
0.0856644
0.0873717
0.0890421
0.0906711
0.0922564
0.0937969
0.0952926
0.096744
0.0981519
0.0995176
0.100842
0.102128
0.103375
0.104586
0.105762
0.106905
0.108017
0.109098
0.110152
0.111179
0.112181
0.113158
0.114113
0.115047
0.11596
0.116854
0.117729
0.118587
0.119427
0.120251
0.121059
0.121851
0.122629
0.123392
0.124142
0.124878
0.125601
0.126312
0.12701
0.127697
0.128373
0.129037
0.129691
0.130335
0.130969
0.131593
0.132208
0.132813
0.13341
0.133998
0.134577
0.135147
0.13571
0.136265
0.136812
0.137351
0.137883
0.138408
0.138926
0.139436
0.13994
0.140435
0.140933
0.141373
0.142099
0.069679
0.0676334
0.070036
0.0733994
0.0766932
0.0797845
0.0826996
0.0854632
0.0880968
0.0906196
0.0930463
0.0953868
0.0976483
0.0998367
0.101957
0.104013
0.106009
0.107948
0.109834
0.111669
0.113457
0.115199
0.116899
0.118558
0.120178
0.121761
0.123307
0.124817
0.126293
0.127735
0.129144
0.130519
0.131862
0.133172
0.13445
0.135697
0.136912
0.138096
0.139249
0.140372
0.141466
0.14253
0.143565
0.144573
0.145552
0.146505
0.147432
0.148333
0.149208
0.15006
0.150887
0.151691
0.152471
0.153229
0.153965
0.15468
0.155373
0.156046
0.156699
0.157332
0.157946
0.158542
0.15912
0.15968
0.160222
0.160748
0.161258
0.161752
0.162231
0.162694
0.163143
0.163576
0.164001
0.164374
0.164974
0.13849
0.140823
0.143104
0.14532
0.147484
0.149597
0.151649
0.153635
0.155549
0.157388
0.15915
0.16083
0.162425
0.163939
0.165375
0.166734
0.168021
0.169238
0.170388
0.171476
0.172504
0.173475
0.174391
0.175257
0.176074
0.176845
0.177573
0.17826
0.178907
0.179518
0.180094
0.180637
0.181149
0.181632
0.182087
0.182516
0.182921
0.183302
0.183662
0.184001
0.184321
0.184622
0.184907
0.185175
0.185428
0.185667
0.185892
0.186105
0.186306
0.186495
0.186674
0.186843
0.187003
0.187154
0.187297
0.187431
0.187558
0.187678
0.187791
0.187897
0.187997
0.188092
0.18818
0.188263
0.188341
0.188414
0.188483
0.188547
0.188608
0.188664
0.188717
0.188766
0.188813
0.188849
0.188926
0.140116
0.139695
0.139622
0.1397
0.139867
0.1401
0.140382
0.1407
0.141049
0.141424
0.141821
0.142243
0.142688
0.143155
0.143641
0.144143
0.144661
0.145192
0.145735
0.146288
0.146851
0.14742
0.147996
0.148576
0.149158
0.149743
0.150327
0.150911
0.151493
0.152072
0.152647
0.153219
0.153785
0.154345
0.154899
0.155447
0.155988
0.156521
0.157046
0.157564
0.158073
0.158575
0.159068
0.159552
0.160029
0.160496
0.160956
0.161407
0.16185
0.162285
0.162712
0.16313
0.163541
0.163944
0.16434
0.164727
0.165108
0.165481
0.165847
0.166205
0.166557
0.166903
0.167241
0.167574
0.1679
0.16822
0.168534
0.168842
0.169144
0.169441
0.169733
0.170019
0.170306
0.170558
0.170976
0.137481
0.137859
0.138199
0.138517
0.138821
0.139116
0.139404
0.139685
0.139961
0.140232
0.140497
0.140758
0.141015
0.141269
0.141521
0.14177
0.142017
0.142263
0.142507
0.142749
0.14299
0.14323
0.143468
0.143706
0.143942
0.144178
0.144412
0.144645
0.144877
0.145108
0.145337
0.145564
0.14579
0.146015
0.146238
0.146459
0.146679
0.146896
0.147113
0.147327
0.14754
0.147751
0.14796
0.148168
0.148374
0.148578
0.14878
0.148981
0.14918
0.149378
0.149574
0.149768
0.14996
0.150151
0.15034
0.150527
0.150713
0.150897
0.15108
0.151261
0.15144
0.151617
0.151793
0.151968
0.152141
0.152312
0.152481
0.152649
0.152815
0.15298
0.153142
0.153303
0.153465
0.153609
0.153849
0.137257
0.137581
0.137912
0.138249
0.138589
0.138931
0.139273
0.139613
0.139951
0.140285
0.140614
0.140938
0.141256
0.141569
0.141876
0.142176
0.142471
0.14276
0.143042
0.143319
0.143589
0.143853
0.14411
0.144361
0.144606
0.144845
0.145079
0.145307
0.145529
0.145746
0.145958
0.146165
0.146367
0.146564
0.146757
0.146945
0.147129
0.147308
0.147484
0.147656
0.147825
0.147989
0.148151
0.148309
0.148465
0.148617
0.148766
0.148913
0.149057
0.149199
0.149338
0.149474
0.149609
0.149741
0.149872
0.15
0.150127
0.150251
0.150374
0.150496
0.150615
0.150733
0.150849
0.150964
0.151078
0.15119
0.1513
0.15141
0.151517
0.151624
0.151729
0.151833
0.151937
0.152029
0.152182
0.138394
0.138461
0.138543
0.138641
0.138752
0.138878
0.139015
0.139161
0.139316
0.139478
0.139645
0.139816
0.13999
0.140167
0.140344
0.140523
0.140703
0.140883
0.141063
0.141245
0.141427
0.141609
0.141792
0.141975
0.142157
0.14234
0.142521
0.142702
0.142882
0.143061
0.143239
0.143416
0.143591
0.143764
0.143936
0.144107
0.144275
0.144443
0.144608
0.144772
0.144935
0.145096
0.145255
0.145412
0.145568
0.145723
0.145876
0.146027
0.146176
0.146324
0.146471
0.146616
0.146759
0.146901
0.147041
0.14718
0.147317
0.147453
0.147587
0.14772
0.147852
0.147982
0.148111
0.148239
0.148365
0.14849
0.148614
0.148737
0.148858
0.148979
0.149098
0.149215
0.149334
0.149439
0.149613
0.13923
0.139344
0.139455
0.139566
0.139678
0.139793
0.13991
0.140031
0.140154
0.14028
0.140408
0.140538
0.140669
0.140801
0.140935
0.141068
0.141202
0.141336
0.14147
0.141603
0.141735
0.141867
0.141999
0.14213
0.14226
0.14239
0.142519
0.142647
0.142775
0.142902
0.143027
0.143152
0.143276
0.143399
0.143521
0.143642
0.143762
0.143881
0.144
0.144117
0.144234
0.144349
0.144464
0.144578
0.144692
0.144804
0.144916
0.145027
0.145137
0.145246
0.145355
0.145463
0.14557
0.145676
0.145781
0.145885
0.145989
0.146092
0.146194
0.146295
0.146396
0.146496
0.146595
0.146693
0.146791
0.146888
0.146984
0.14708
0.147175
0.147269
0.147363
0.147456
0.147549
0.147634
0.147772
0.13962
0.139704
0.139787
0.139871
0.139958
0.140047
0.140139
0.140234
0.140331
0.14043
0.140532
0.140634
0.140738
0.140842
0.140947
0.141052
0.141158
0.141264
0.14137
0.141477
0.141585
0.141693
0.141801
0.141909
0.142017
0.142126
0.142235
0.142343
0.142451
0.142558
0.142665
0.142772
0.142878
0.142982
0.143086
0.14319
0.143292
0.143394
0.143495
0.143595
0.143694
0.143792
0.14389
0.143987
0.144083
0.144178
0.144273
0.144367
0.14446
0.144552
0.144643
0.144734
0.144823
0.144912
0.145
0.145087
0.145173
0.145258
0.145342
0.145425
0.145508
0.145589
0.145669
0.145749
0.145828
0.145905
0.145982
0.146058
0.146133
0.146207
0.14628
0.146352
0.146424
0.146489
0.146594
0.139881
0.139991
0.140096
0.140199
0.140301
0.140402
0.140505
0.140609
0.140713
0.140819
0.140925
0.141031
0.141137
0.141243
0.141348
0.141453
0.141556
0.141659
0.14176
0.141861
0.141961
0.142061
0.142159
0.142258
0.142356
0.142453
0.14255
0.142646
0.142741
0.142836
0.14293
0.143023
0.143114
0.143205
0.143295
0.143384
0.143472
0.143559
0.143645
0.143731
0.143815
0.143899
0.143982
0.144065
0.144146
0.144227
0.144308
0.144387
0.144466
0.144544
0.144621
0.144698
0.144773
0.144847
0.14492
0.144992
0.145062
0.145131
0.145199
0.145265
0.14533
0.145393
0.145454
0.145514
0.145572
0.145628
0.145682
0.145735
0.145785
0.145834
0.145881
0.145927
0.145971
0.146011
0.146072
0.140174
0.140263
0.140349
0.140433
0.140518
0.140604
0.140692
0.140783
0.140875
0.140969
0.141065
0.141161
0.141257
0.141353
0.141449
0.141544
0.141639
0.141734
0.141829
0.141923
0.142017
0.142111
0.142205
0.142299
0.142394
0.142488
0.142582
0.142676
0.142769
0.142862
0.142955
0.143046
0.143138
0.143228
0.143318
0.143407
0.143494
0.143581
0.143668
0.143753
0.143837
0.14392
0.144001
0.144082
0.144161
0.144238
0.144314
0.144387
0.144458
0.144527
0.144593
0.144656
0.144715
0.144772
0.144825
0.144874
0.14492
0.144961
0.144999
0.145034
0.145064
0.145092
0.145116
0.145137
0.145156
0.145174
0.145191
0.145207
0.145224
0.145244
0.145266
0.145293
0.145326
0.145362
0.145444
0.140331
0.140439
0.140541
0.140639
0.140736
0.140834
0.140933
0.141033
0.141135
0.141237
0.141339
0.141441
0.141543
0.141643
0.141743
0.141842
0.14194
0.142037
0.142134
0.142231
0.142327
0.142423
0.142519
0.142615
0.142711
0.142808
0.142904
0.143
0.143095
0.14319
0.143284
0.143376
0.143467
0.143556
0.143642
0.143725
0.143804
0.14388
0.143951
0.144018
0.144079
0.144134
0.144183
0.144225
0.144261
0.14429
0.144311
0.144326
0.144334
0.144336
0.144333
0.144325
0.144314
0.144301
0.144289
0.144279
0.144274
0.144278
0.144292
0.144322
0.144371
0.144444
0.144546
0.144683
0.14486
0.145084
0.145361
0.145699
0.146105
0.146586
0.147151
0.147805
0.148579
0.149341
0.150903
0.140539
0.140642
0.140743
0.140843
0.140943
0.141044
0.141146
0.141249
0.141353
0.141457
0.141562
0.141666
0.141771
0.141876
0.141982
0.142087
0.142193
0.142299
0.142405
0.142512
0.142618
0.142724
0.142828
0.142931
0.143032
0.143129
0.143221
0.143308
0.143387
0.143459
0.143521
0.143572
0.143612
0.143639
0.143654
0.143655
0.143644
0.143621
0.143587
0.143545
0.143496
0.143446
0.143397
0.143355
0.143326
0.143317
0.143337
0.143394
0.143498
0.143661
0.143896
0.144214
0.144631
0.145162
0.145824
0.146632
0.147605
0.148762
0.15012
0.151699
0.153517
0.155594
0.157948
0.160596
0.163556
0.166843
0.17047
0.174451
0.178795
0.18351
0.188602
0.194062
0.199977
0.205724
0.215619
0.140758
0.140882
0.141001
0.141119
0.141237
0.141353
0.14147
0.141587
0.141704
0.141823
0.141944
0.142066
0.142189
0.142313
0.142437
0.142559
0.142678
0.142791
0.142895
0.142989
0.143068
0.143132
0.143176
0.143198
0.143199
0.143176
0.143131
0.143066
0.142983
0.142887
0.142785
0.142687
0.142602
0.142544
0.142528
0.142573
0.142697
0.142925
0.143279
0.143788
0.144481
0.145387
0.14654
0.147972
0.149719
0.151815
0.154296
0.157194
0.160545
0.164378
0.168723
0.173605
0.179047
0.185067
0.191678
0.198888
0.2067
0.215111
0.224113
0.233692
0.24383
0.254502
0.26568
0.277331
0.289419
0.301904
0.314745
0.327898
0.341318
0.35496
0.368778
0.382726
0.396782
0.410566
0.429603
0.141028
0.141171
0.141312
0.141453
0.141595
0.141736
0.141879
0.142021
0.142163
0.142302
0.142435
0.142556
0.142659
0.142738
0.142786
0.142798
0.14277
0.142702
0.142595
0.142456
0.142296
0.142129
0.141978
0.141868
0.14183
0.141902
0.142125
0.142548
0.143222
0.144202
0.145548
0.147321
0.149583
0.152397
0.155824
0.159922
0.164745
0.170341
0.176752
0.184011
0.19214
0.201154
0.211054
0.221833
0.23347
0.245935
0.259189
0.273181
0.287856
0.30315
0.318994
0.335315
0.352041
0.369096
0.386408
0.403905
0.421521
0.439192
0.45686
0.474472
0.491983
0.509351
0.526542
0.543526
0.56028
0.576786
0.593028
0.608996
0.624683
0.640084
0.655196
0.670018
0.684554
0.698911
0.715573
0.14136
0.141543
0.141726
0.141911
0.142094
0.142263
0.142402
0.142495
0.142523
0.142475
0.142347
0.142145
0.14189
0.141615
0.141369
0.141215
0.14123
0.141503
0.142133
0.143228
0.144903
0.147274
0.150459
0.154569
0.159711
0.165978
0.173449
0.182185
0.192226
0.20359
0.216272
0.230241
0.245445
0.261811
0.279246
0.297644
0.316885
0.336843
0.357387
0.378385
0.399709
0.421237
0.442856
0.464461
0.48596
0.507275
0.528336
0.549091
0.569494
0.589516
0.609132
0.628329
0.647101
0.665448
0.683374
0.700888
0.718001
0.734724
0.751074
0.767062
0.782705
0.798016
0.813007
0.827692
0.842082
0.856188
0.870018
0.883583
0.89689
0.909946
0.922757
0.935327
0.947666
0.959836
0.972311
0.141662
0.141882
0.14205
0.142108
0.142007
0.141729
0.141315
0.140865
0.140533
0.140522
0.141066
0.142419
0.144842
0.148588
0.153889
0.16095
0.16993
0.180942
0.19404
0.209225
0.226439
0.245571
0.266464
0.288922
0.312722
0.337622
0.363369
0.389716
0.416423
0.443268
0.470049
0.496594
0.522756
0.548418
0.573492
0.597913
0.621642
0.644659
0.666958
0.688551
0.709455
0.729698
0.749309
0.768322
0.78677
0.804684
0.822097
0.839037
0.855531
0.871603
0.887275
0.902567
0.917497
0.932082
0.946335
0.960272
0.973906
0.987248
1.00031
1.0131
1.02564
1.03792
1.04997
1.06179
1.07339
1.08477
1.09596
1.10694
1.11774
1.12835
1.13877
1.14901
1.15904
1.16873
1.17762
0.14199
0.141632
0.140916
0.140285
0.140479
0.142359
0.14675
0.154327
0.165553
0.180659
0.199651
0.222342
0.248384
0.277311
0.308581
0.341615
0.375833
0.410684
0.445666
0.480347
0.514371
0.547461
0.579417
0.61011
0.639469
0.667478
0.694157
0.719557
0.743746
0.766804
0.788818
0.80987
0.830041
0.849406
0.868031
0.885975
0.903292
0.920026
0.936217
0.951902
0.96711
0.981871
0.996209
1.01015
1.02371
1.03692
1.04978
1.06233
1.07458
1.08653
1.09822
1.10964
1.12082
1.13177
1.14249
1.153
1.1633
1.17341
1.18334
1.19308
1.20266
1.21207
1.22133
1.23043
1.23939
1.24822
1.2569
1.26547
1.2739
1.28221
1.29039
1.2984
1.30616
1.31342
1.31941
0.141717
0.144904
0.156081
0.177178
0.208142
0.247503
0.293097
0.342621
0.39396
0.445359
0.495473
0.543363
0.588438
0.630397
0.669166
0.704829
0.737581
0.767677
0.795398
0.821027
0.844828
0.86704
0.887869
0.907491
0.92605
0.943667
0.96044
0.976451
0.991767
1.00645
1.02055
1.0341
1.04716
1.05976
1.07193
1.08371
1.09511
1.10618
1.11692
1.12737
1.13754
1.14745
1.15712
1.16655
1.17577
1.18478
1.19359
1.20222
1.21068
1.21897
1.22711
1.23509
1.24293
1.25064
1.25822
1.26567
1.27301
1.28024
1.28736
1.29438
1.30131
1.30814
1.31488
1.32154
1.32811
1.33461
1.34104
1.34738
1.35366
1.35984
1.36592
1.37183
1.37745
1.38247
1.38616
0.218272
0.302366
0.396974
0.490141
0.57483
0.648362
0.710617
0.762691
0.806131
0.842533
0.873353
0.899819
0.922917
0.943404
0.961846
0.978657
0.994135
1.0085
1.0219
1.03448
1.04633
1.05753
1.06815
1.07826
1.08791
1.09714
1.106
1.11453
1.12275
1.13069
1.13838
1.14582
1.15305
1.16008
1.16692
1.17358
1.18009
1.18643
1.19264
1.19871
1.20466
1.21049
1.21621
1.22183
1.22736
1.23279
1.23813
1.2434
1.24858
1.2537
1.25874
1.26372
1.26864
1.2735
1.2783
1.28305
1.28775
1.2924
1.29701
1.30158
1.30611
1.31059
1.31505
1.31946
1.32385
1.3282
1.33251
1.33679
1.34103
1.3452
1.34928
1.35318
1.35678
1.35981
1.36175
0.719404
0.845414
0.91792
0.959933
0.985373
1.00203
1.01408
1.02364
1.03175
1.0389
1.04531
1.05113
1.05646
1.06139
1.06597
1.07028
1.07435
1.07823
1.08193
1.08548
1.08889
1.09218
1.09536
1.09845
1.10144
1.10435
1.10719
1.10997
1.11269
1.11535
1.11796
1.12053
1.12306
1.12555
1.12801
1.13043
1.13282
1.13519
1.13753
1.13985
1.14215
1.14442
1.14668
1.14893
1.15115
1.15337
1.15557
1.15776
1.15994
1.16211
1.16427
1.16643
1.16858
1.17072
1.17286
1.17499
1.17712
1.17924
1.18137
1.18349
1.18561
1.18774
1.18986
1.19198
1.1941
1.19622
1.19833
1.20044
1.20252
1.20457
1.20654
1.20839
1.21002
1.21128
1.21194
0.123194
0.121645
0.120886
0.120242
0.119619
0.119006
0.1184
0.117802
0.11721
0.116623
0.116041
0.115463
0.114888
0.114316
0.113744
0.113171
0.112592
0.112003
0.111407
0.110807
0.110204
0.109598
0.108991
0.108382
0.107774
0.107167
0.106562
0.105959
0.10536
0.104765
0.104174
0.103587
0.103003
0.102319
0.101637
0.100956
0.100273
0.0995899
0.098907
0.0982258
0.0975476
0.0968737
0.0962052
0.0955431
0.094888
0.0942407
0.0936025
0.0929393
0.0920997
0.0912701
0.0904574
0.0896553
0.0888651
0.0880889
0.087329
0.0865874
0.0858668
0.0851707
0.0845063
0.0837123
0.0827143
0.0817525
0.080858
0.080019
0.0792347
0.0785091
0.0778545
0.0765529
0.0753858
0.0741276
0.135287
0.135632
0.135965
0.136276
0.136565
0.136829
0.13707
0.137282
0.137458
0.13759
0.137685
0.137766
0.137838
0.137901
0.137959
0.138012
0.138063
0.138113
0.138165
0.138226
0.138311
0.138423
0.138547
0.138674
0.138801
0.138927
0.13905
0.13917
0.139286
0.139398
0.139506
0.13961
0.139711
0.139806
0.139906
0.140001
0.14009
0.140172
0.140247
0.140315
0.140375
0.140427
0.140471
0.140507
0.140535
0.140555
0.140568
0.140572
0.14055
0.140529
0.140499
0.140456
0.1404
0.140332
0.140253
0.140162
0.140061
0.139952
0.139843
0.139704
0.139519
0.139328
0.139128
0.138918
0.138702
0.138489
0.138303
0.137953
0.137646
0.137344
0.136185
0.136192
0.136202
0.136217
0.136234
0.136255
0.136278
0.136303
0.136329
0.136357
0.136386
0.136416
0.136446
0.136478
0.13651
0.136544
0.13658
0.136618
0.136659
0.136702
0.136748
0.136796
0.136849
0.136904
0.136963
0.137026
0.137091
0.13716
0.137232
0.137306
0.137384
0.137465
0.13755
0.137647
0.137751
0.137858
0.137967
0.138075
0.138183
0.138288
0.138388
0.138479
0.138559
0.138624
0.138679
0.138732
0.138785
0.138843
0.138916
0.138992
0.139066
0.139138
0.13921
0.139282
0.139359
0.139446
0.139539
0.13963
0.139721
0.139825
0.139959
0.1401
0.140229
0.140344
0.140444
0.14053
0.140609
0.140715
0.14078
0.140786
0.135368
0.135369
0.135371
0.135373
0.135374
0.135376
0.135377
0.135378
0.135378
0.13538
0.135381
0.135383
0.135385
0.135388
0.135391
0.135396
0.1354
0.135406
0.135412
0.135418
0.135425
0.135433
0.135441
0.13545
0.135459
0.135469
0.13548
0.135492
0.135505
0.135519
0.135534
0.13555
0.135569
0.13559
0.135615
0.135641
0.135669
0.1357
0.135732
0.135766
0.135801
0.135838
0.135876
0.135914
0.135953
0.135992
0.136031
0.136071
0.136116
0.136164
0.136212
0.13626
0.136308
0.136355
0.136402
0.136448
0.136494
0.13654
0.136585
0.136636
0.136698
0.136764
0.136829
0.136892
0.136952
0.13701
0.137064
0.137139
0.137206
0.137254
0.138644
0.138591
0.138539
0.138486
0.138435
0.138383
0.138333
0.138282
0.138232
0.138182
0.138132
0.138083
0.138034
0.137985
0.137936
0.137888
0.13784
0.137792
0.137743
0.137695
0.137648
0.1376
0.137552
0.137505
0.137458
0.137412
0.137366
0.13732
0.137275
0.137231
0.137188
0.137146
0.137105
0.137062
0.13702
0.136978
0.136938
0.136899
0.136862
0.136827
0.136794
0.136764
0.136737
0.136712
0.136691
0.136672
0.136657
0.136645
0.136635
0.13663
0.13663
0.136635
0.136644
0.136657
0.136673
0.136693
0.136716
0.136741
0.136765
0.136787
0.136809
0.136837
0.136869
0.136905
0.136943
0.136981
0.137015
0.137044
0.137079
0.137096
0.137918
0.137926
0.137934
0.137941
0.137947
0.137952
0.137956
0.13796
0.137964
0.137967
0.137969
0.137971
0.137973
0.137974
0.137975
0.137976
0.137976
0.137975
0.137975
0.137973
0.137971
0.137969
0.137966
0.137963
0.137959
0.137955
0.137951
0.137946
0.137941
0.137935
0.137929
0.137924
0.137919
0.137913
0.137907
0.137902
0.137896
0.137891
0.137886
0.137881
0.137878
0.137875
0.137873
0.137872
0.137872
0.137874
0.137877
0.137881
0.137884
0.13789
0.137898
0.137908
0.13792
0.137935
0.137953
0.137973
0.137995
0.138019
0.138044
0.138066
0.138089
0.138117
0.13815
0.138186
0.138226
0.138265
0.1383
0.138327
0.138356
0.138365
0.139213
0.139202
0.139192
0.139181
0.13917
0.13916
0.139149
0.139139
0.139128
0.139117
0.139107
0.139096
0.139085
0.139075
0.139064
0.139053
0.139041
0.13903
0.139018
0.139006
0.138993
0.138981
0.138968
0.138955
0.138942
0.138928
0.138914
0.138899
0.138885
0.13887
0.138854
0.138838
0.138822
0.138805
0.138787
0.138769
0.13875
0.13873
0.13871
0.13869
0.13867
0.13865
0.13863
0.138612
0.138597
0.138585
0.138576
0.138569
0.138565
0.138564
0.138568
0.138576
0.138588
0.138606
0.138628
0.138655
0.138686
0.138721
0.138756
0.13879
0.138824
0.138864
0.138907
0.138952
0.138999
0.139044
0.139084
0.139119
0.139154
0.139169
0.138462
0.138473
0.138484
0.138494
0.138504
0.138514
0.138524
0.138534
0.138543
0.138553
0.138563
0.138572
0.138582
0.138591
0.138601
0.13861
0.13862
0.13863
0.138639
0.138649
0.138658
0.138667
0.138676
0.138685
0.138694
0.138703
0.138712
0.13872
0.138728
0.138737
0.138745
0.138753
0.138762
0.13877
0.138779
0.138787
0.138796
0.138805
0.138814
0.138824
0.138834
0.138844
0.138855
0.138867
0.13888
0.138894
0.138908
0.138923
0.138938
0.138956
0.138975
0.138996
0.139019
0.139043
0.13907
0.139098
0.139129
0.13916
0.139191
0.139221
0.139253
0.13929
0.13933
0.139372
0.139415
0.139457
0.139494
0.139528
0.139561
0.139575
0.139359
0.139355
0.139352
0.139349
0.139345
0.139342
0.139339
0.139335
0.139332
0.139329
0.139325
0.139322
0.139319
0.139316
0.139313
0.139309
0.139306
0.139302
0.139298
0.139294
0.139289
0.139285
0.13928
0.139275
0.139269
0.139264
0.139258
0.139251
0.139245
0.139238
0.139231
0.139224
0.139217
0.13921
0.139202
0.139195
0.139188
0.139181
0.139175
0.13917
0.139165
0.139162
0.139161
0.139164
0.13917
0.139179
0.139191
0.139206
0.139223
0.139242
0.139263
0.139286
0.13931
0.139335
0.139361
0.139388
0.139417
0.139446
0.139474
0.139502
0.139531
0.139564
0.1396
0.139637
0.139676
0.139713
0.139747
0.139778
0.139808
0.139822
0.139126
0.139126
0.139126
0.139127
0.139129
0.139131
0.139132
0.139134
0.139135
0.139136
0.139137
0.139139
0.139141
0.139144
0.139147
0.139151
0.139155
0.13916
0.139166
0.139172
0.139179
0.139187
0.139196
0.139205
0.139215
0.139226
0.139236
0.139247
0.139258
0.139268
0.139279
0.139289
0.139299
0.139309
0.139319
0.13933
0.139341
0.139352
0.139364
0.139376
0.139389
0.139403
0.139417
0.139432
0.139449
0.139466
0.139483
0.139501
0.13952
0.139541
0.139562
0.139585
0.139609
0.139635
0.139662
0.13969
0.139719
0.139748
0.139778
0.139806
0.139837
0.139871
0.139907
0.139945
0.139984
0.140021
0.140055
0.140086
0.140114
0.140127
0.139548
0.139547
0.139546
0.139545
0.139544
0.139544
0.139544
0.139543
0.139543
0.139543
0.139543
0.139543
0.139543
0.139543
0.139543
0.139543
0.139542
0.139542
0.139541
0.13954
0.139539
0.139538
0.139537
0.139536
0.139534
0.139532
0.13953
0.139528
0.139526
0.139524
0.139522
0.13952
0.139519
0.139517
0.139516
0.139515
0.139515
0.139516
0.139518
0.139521
0.139525
0.139531
0.139539
0.139551
0.139565
0.139582
0.1396
0.139619
0.139638
0.13966
0.139682
0.139706
0.139731
0.139758
0.139785
0.139814
0.139844
0.139875
0.139905
0.139936
0.139968
0.140004
0.140041
0.140081
0.14012
0.140159
0.140195
0.140227
0.140257
0.140271
0.139641
0.139639
0.139637
0.139636
0.139634
0.139634
0.139633
0.139632
0.139632
0.139632
0.139631
0.139631
0.139631
0.139631
0.139631
0.139631
0.13963
0.13963
0.139629
0.139628
0.139627
0.139626
0.139625
0.139623
0.139622
0.139621
0.139619
0.139618
0.139617
0.139617
0.139617
0.139617
0.139618
0.13962
0.139622
0.139626
0.139632
0.13964
0.13965
0.139663
0.139678
0.139693
0.13971
0.139728
0.139746
0.139766
0.139785
0.139806
0.139827
0.139849
0.139873
0.139898
0.139925
0.139952
0.139981
0.140012
0.140043
0.140075
0.140107
0.140139
0.140172
0.140209
0.140248
0.140289
0.14033
0.140369
0.140405
0.140438
0.140468
0.140482
0.139959
0.139956
0.139954
0.139951
0.139948
0.139946
0.139945
0.139943
0.139942
0.139941
0.13994
0.139939
0.139938
0.139937
0.139936
0.139935
0.139934
0.139932
0.13993
0.139928
0.139926
0.139924
0.139921
0.139918
0.139915
0.139911
0.139908
0.139904
0.139901
0.139898
0.139894
0.139891
0.139889
0.139886
0.139885
0.139884
0.139884
0.139885
0.139887
0.139891
0.139896
0.139902
0.139911
0.139922
0.139935
0.139951
0.139969
0.139988
0.140009
0.140032
0.140056
0.140082
0.140109
0.140138
0.140168
0.1402
0.140232
0.140266
0.140299
0.140333
0.140368
0.140407
0.140448
0.14049
0.140532
0.140573
0.140611
0.140645
0.140675
0.14069
0.140193
0.14019
0.140186
0.140181
0.140177
0.140173
0.14017
0.140168
0.140165
0.140163
0.140161
0.140159
0.140157
0.140155
0.140153
0.140151
0.140149
0.140147
0.140145
0.140142
0.140139
0.140136
0.140133
0.14013
0.140126
0.140122
0.140119
0.140115
0.140111
0.140107
0.140104
0.1401
0.140098
0.140095
0.140093
0.140092
0.140092
0.140094
0.140096
0.1401
0.140105
0.140113
0.140122
0.140133
0.140147
0.140163
0.140182
0.140203
0.140225
0.14025
0.140276
0.140304
0.140333
0.140364
0.140396
0.14043
0.140465
0.140501
0.140537
0.140574
0.140612
0.140653
0.140696
0.14074
0.140785
0.140828
0.140868
0.140904
0.140935
0.140951
0.140478
0.140476
0.140473
0.140469
0.140466
0.140463
0.14046
0.140458
0.140456
0.140454
0.140453
0.140451
0.140449
0.140448
0.140446
0.140444
0.140443
0.14044
0.140438
0.140435
0.140432
0.140429
0.140425
0.140421
0.140417
0.140412
0.140407
0.140402
0.140397
0.140391
0.140386
0.140381
0.140376
0.140371
0.140367
0.140363
0.14036
0.140359
0.140358
0.140359
0.140361
0.140366
0.140372
0.14038
0.14039
0.140403
0.140419
0.140436
0.140457
0.140481
0.140508
0.140538
0.140569
0.140603
0.140638
0.140675
0.140714
0.140754
0.140795
0.140836
0.140879
0.140926
0.140974
0.141024
0.141073
0.141122
0.141167
0.141208
0.141243
0.141262
0.140664
0.14066
0.140657
0.140655
0.140653
0.140652
0.14065
0.14065
0.140649
0.140649
0.140649
0.140649
0.140649
0.140649
0.140649
0.140649
0.140649
0.140648
0.140647
0.140646
0.140644
0.140641
0.140638
0.140635
0.140631
0.140627
0.140622
0.140617
0.140612
0.140606
0.140601
0.140595
0.140589
0.140584
0.140579
0.140574
0.14057
0.140568
0.140566
0.140566
0.140567
0.14057
0.140575
0.140582
0.140591
0.140602
0.140616
0.140632
0.140651
0.140674
0.140702
0.140732
0.140765
0.140802
0.14084
0.140881
0.140924
0.140968
0.141014
0.141061
0.141109
0.141161
0.141215
0.14127
0.141326
0.14138
0.14143
0.141476
0.141515
0.141537
0.14105
0.141049
0.141049
0.141049
0.141049
0.14105
0.141052
0.141053
0.141055
0.141057
0.141059
0.141061
0.141063
0.141065
0.141067
0.141068
0.14107
0.14107
0.14107
0.14107
0.141069
0.141067
0.141065
0.141062
0.141058
0.141053
0.141048
0.141042
0.141036
0.141029
0.141021
0.141014
0.141006
0.140998
0.140991
0.140983
0.140977
0.140971
0.140966
0.140962
0.14096
0.140959
0.14096
0.140963
0.140968
0.140975
0.140985
0.140997
0.141011
0.14103
0.141053
0.141079
0.141109
0.141145
0.141184
0.141226
0.141272
0.141321
0.141372
0.141425
0.141481
0.14154
0.141602
0.141666
0.14173
0.141794
0.141853
0.141905
0.141948
0.14197
0.141981
0.141983
0.141985
0.141988
0.141991
0.141994
0.141997
0.142
0.142003
0.142006
0.142008
0.14201
0.142011
0.142012
0.142012
0.142011
0.14201
0.142008
0.142005
0.142001
0.141997
0.141991
0.141985
0.141977
0.141969
0.14196
0.141951
0.14194
0.141929
0.141918
0.141907
0.141895
0.141884
0.141869
0.141856
0.141845
0.141833
0.141823
0.141813
0.141804
0.141796
0.14179
0.141785
0.141782
0.14178
0.14178
0.141782
0.141785
0.141781
0.141788
0.141798
0.141808
0.141819
0.141831
0.141844
0.141859
0.141878
0.141901
0.141932
0.141963
0.14199
0.142036
0.142083
0.142129
0.142175
0.142223
0.142273
0.142267
0.142303
0.14228
0.14354
0.143738
0.143972
0.144234
0.144522
0.144831
0.145158
0.145499
0.145855
0.146228
0.146619
0.147027
0.147455
0.147902
0.148368
0.148852
0.149351
0.149862
0.15039
0.150932
0.151489
0.152058
0.152638
0.15323
0.153831
0.15444
0.155057
0.155681
0.15631
0.156945
0.157585
0.15823
0.15888
0.159441
0.16007
0.160702
0.161331
0.161956
0.162575
0.16319
0.163799
0.164403
0.165002
0.165597
0.166188
0.166779
0.167373
0.167938
0.168344
0.168893
0.169448
0.170003
0.170557
0.171114
0.171675
0.172244
0.172825
0.173424
0.174047
0.174549
0.174933
0.175598
0.176336
0.177149
0.178063
0.179115
0.180353
0.181211
0.183237
0.185361
0.254533
0.271444
0.28739
0.302291
0.316265
0.329413
0.341819
0.353549
0.364656
0.375187
0.385179
0.394667
0.403682
0.412249
0.420394
0.428136
0.435487
0.442457
0.449087
0.455388
0.461375
0.467059
0.472454
0.477571
0.482422
0.487016
0.491364
0.495475
0.49936
0.503026
0.506483
0.50974
0.512803
0.515379
0.518043
0.520543
0.522883
0.52507
0.527115
0.529027
0.530816
0.532492
0.534066
0.535551
0.536959
0.538304
0.5396
0.540768
0.541456
0.542649
0.543871
0.545136
0.546469
0.547898
0.549454
0.551171
0.553086
0.555237
0.557665
0.560003
0.562368
0.565918
0.569947
0.574492
0.579598
0.585314
0.591688
0.59728
0.60587
0.614227
0.133805
0.133563
0.133341
0.132988
0.132625
0.132263
0.131869
0.131375
0.130658
0.130221
0.131201
0.131233
0.131177
0.13111
0.131038
0.130962
0.130882
0.130797
0.130708
0.130616
0.13052
0.13042
0.130317
0.130211
0.130104
0.129996
0.129888
0.129771
0.129601
0.129247
0.129715
0.129963
0.130007
0.130025
0.130036
0.130041
0.130042
0.130038
0.130029
0.130016
0.129999
0.129978
0.129953
0.129924
0.129891
0.129854
0.129814
0.12977
0.129723
0.129673
0.129619
0.129563
0.129505
0.129446
0.129386
0.129324
0.129262
0.129197
0.129125
0.129026
0.12883
0.129134
0.129276
0.129284
0.129273
0.129258
0.129239
0.129217
0.129192
0.129165
0.129134
0.129101
0.129065
0.129027
0.128987
0.128945
0.128901
0.128855
0.128808
0.12876
0.12871
0.12866
0.128609
0.128557
0.128505
0.128453
0.128401
0.12835
0.128299
0.128248
0.128198
0.12815
0.128103
0.128059
0.12802
0.127993
0.127991
0.128058
0.128326
0.129428
0.13857
0.138362
0.138229
0.138127
0.138037
0.137961
0.1379
0.137858
0.137825
0.13779
0.137771
0.137746
0.137722
0.137699
0.137676
0.137653
0.13763
0.137605
0.137579
0.137552
0.137523
0.137492
0.137459
0.137424
0.137387
0.137349
0.13731
0.137271
0.137234
0.137195
0.137169
0.137142
0.137111
0.137078
0.137042
0.137004
0.136962
0.136916
0.136868
0.136816
0.136761
0.136703
0.136643
0.136579
0.136513
0.136444
0.136372
0.136298
0.13622
0.136139
0.136054
0.135967
0.135878
0.135788
0.135704
0.135625
0.135552
0.135486
0.135424
0.135365
0.135301
0.13523
0.135161
0.135096
0.135037
0.134982
0.134933
0.134888
0.134847
0.134811
0.134779
0.13475
0.134726
0.134704
0.134686
0.13467
0.134656
0.134644
0.134635
0.134627
0.134621
0.134616
0.134614
0.134614
0.134615
0.134618
0.134622
0.134628
0.134635
0.134643
0.134651
0.13466
0.134669
0.134679
0.134688
0.134698
0.13471
0.134733
0.134797
0.135013
0.138599
0.138604
0.138605
0.138604
0.138598
0.138589
0.138577
0.138562
0.138549
0.138542
0.138538
0.138534
0.138527
0.138519
0.138508
0.138496
0.138482
0.138466
0.138448
0.138428
0.138406
0.138382
0.138355
0.138326
0.138293
0.138256
0.138214
0.138169
0.138123
0.138088
0.138064
0.138043
0.138017
0.137986
0.137945
0.13789
0.137817
0.137725
0.137626
0.137527
0.137429
0.137331
0.137234
0.137137
0.137041
0.136945
0.13685
0.136757
0.136667
0.136578
0.136491
0.136406
0.136323
0.136242
0.136165
0.1361
0.136054
0.136021
0.135998
0.135979
0.135961
0.13594
0.135921
0.135906
0.135896
0.135889
0.135885
0.135882
0.135882
0.135883
0.135886
0.13589
0.135896
0.135903
0.135911
0.13592
0.135931
0.135943
0.135956
0.13597
0.135985
0.136002
0.136019
0.136037
0.136054
0.13607
0.136086
0.1361
0.136113
0.136124
0.136135
0.136145
0.136153
0.136161
0.136168
0.136174
0.13618
0.136184
0.136184
0.136183
0.138497
0.138434
0.138378
0.138329
0.138287
0.13825
0.138218
0.138187
0.138159
0.138137
0.138123
0.138111
0.1381
0.138089
0.138079
0.138068
0.138058
0.138048
0.138037
0.138024
0.138011
0.137997
0.137981
0.137964
0.137946
0.137926
0.137903
0.137878
0.137851
0.137823
0.137799
0.137777
0.137752
0.137727
0.137699
0.13767
0.13764
0.137609
0.137577
0.137545
0.137511
0.137476
0.13744
0.137404
0.137368
0.13733
0.137292
0.137254
0.137215
0.137177
0.137139
0.137101
0.137065
0.137029
0.136993
0.136958
0.136923
0.136888
0.136853
0.136819
0.136783
0.13675
0.136717
0.136683
0.13665
0.136617
0.136583
0.136549
0.136514
0.136479
0.136444
0.136408
0.136371
0.136334
0.136296
0.136258
0.136222
0.136187
0.136156
0.13613
0.136108
0.136089
0.136073
0.136058
0.136043
0.136025
0.136
0.135963
0.135913
0.13586
0.135804
0.135748
0.135691
0.135633
0.135577
0.135523
0.135471
0.135422
0.135387
0.135392
0.139196
0.139215
0.139237
0.13926
0.139284
0.139307
0.139328
0.139347
0.139364
0.139383
0.139402
0.139419
0.139433
0.139443
0.13945
0.139455
0.139457
0.139456
0.139453
0.139447
0.139438
0.139426
0.139411
0.139392
0.139369
0.139338
0.139297
0.139247
0.139193
0.139145
0.139115
0.139088
0.13905
0.139006
0.138961
0.138916
0.138872
0.138828
0.138785
0.138741
0.138698
0.138656
0.138615
0.138576
0.138537
0.138499
0.138463
0.138427
0.138393
0.138366
0.138349
0.13834
0.138337
0.138337
0.138339
0.138343
0.138348
0.138353
0.138359
0.138365
0.138371
0.138376
0.138381
0.138387
0.138393
0.138399
0.138407
0.138414
0.138422
0.138431
0.13844
0.138449
0.138459
0.138469
0.138481
0.138492
0.138505
0.138518
0.138532
0.138546
0.138561
0.138578
0.138595
0.138613
0.138632
0.138652
0.138674
0.138696
0.138717
0.138736
0.138753
0.138766
0.138776
0.138783
0.138787
0.138787
0.138785
0.13878
0.138769
0.138742
0.139144
0.139183
0.139216
0.139242
0.139264
0.139282
0.139298
0.139312
0.139324
0.139331
0.139332
0.13933
0.139327
0.139322
0.139315
0.139308
0.139299
0.139289
0.139278
0.139266
0.139253
0.139239
0.139225
0.13921
0.139196
0.139181
0.139166
0.13915
0.139132
0.139111
0.13909
0.139069
0.139048
0.139027
0.139005
0.138983
0.138961
0.138939
0.138916
0.138892
0.138868
0.138844
0.138819
0.138794
0.138768
0.138743
0.138717
0.13869
0.138664
0.138637
0.138611
0.138584
0.138558
0.138532
0.138507
0.138482
0.138458
0.138435
0.138412
0.138389
0.138367
0.138345
0.138324
0.138304
0.138283
0.138263
0.138243
0.138223
0.138203
0.138183
0.138164
0.138145
0.138126
0.138109
0.138093
0.13808
0.138068
0.138059
0.138052
0.138048
0.138046
0.138045
0.138045
0.138046
0.138048
0.13805
0.138052
0.138055
0.138056
0.138051
0.138034
0.138006
0.137977
0.137946
0.137918
0.137892
0.137875
0.137874
0.137881
0.137902
0.13948
0.139488
0.139497
0.139507
0.139516
0.139525
0.139533
0.139541
0.139548
0.139555
0.139564
0.139572
0.139579
0.139585
0.139591
0.139596
0.1396
0.139604
0.139607
0.139609
0.13961
0.139611
0.139611
0.139608
0.139604
0.139597
0.139586
0.13957
0.139548
0.139524
0.139506
0.139487
0.139463
0.139435
0.139407
0.139378
0.139348
0.139318
0.139287
0.139256
0.139225
0.139193
0.139162
0.139131
0.139101
0.139071
0.139043
0.139014
0.138987
0.138961
0.138938
0.138921
0.138911
0.138904
0.1389
0.138898
0.138897
0.138897
0.138897
0.138898
0.138899
0.1389
0.138902
0.138903
0.138905
0.138908
0.138911
0.138914
0.138918
0.138923
0.138928
0.138934
0.13894
0.138947
0.138955
0.138963
0.138972
0.138981
0.138991
0.139002
0.139014
0.139027
0.13904
0.139055
0.13907
0.139087
0.139105
0.139124
0.139144
0.139164
0.139182
0.139199
0.139213
0.139225
0.139235
0.139242
0.139247
0.13925
0.139251
0.139238
0.139418
0.13944
0.13946
0.139477
0.139491
0.139505
0.139517
0.139528
0.139539
0.13955
0.139559
0.139569
0.139577
0.139585
0.139593
0.1396
0.139607
0.139613
0.139619
0.139624
0.139628
0.139631
0.139632
0.139633
0.139632
0.139629
0.139624
0.139616
0.139606
0.139592
0.139574
0.139554
0.139531
0.139505
0.139477
0.139447
0.139417
0.139386
0.139355
0.139325
0.139295
0.139266
0.139237
0.13921
0.139183
0.139157
0.139131
0.139107
0.139083
0.139059
0.139036
0.139013
0.138991
0.138969
0.138948
0.138928
0.138908
0.13889
0.138872
0.138855
0.138838
0.138821
0.138805
0.13879
0.138774
0.138759
0.138743
0.138728
0.138713
0.138698
0.138683
0.138668
0.138652
0.138637
0.138621
0.138605
0.138589
0.138573
0.138557
0.13854
0.138523
0.138506
0.138488
0.13847
0.138452
0.138434
0.138415
0.138395
0.138375
0.138355
0.138337
0.13832
0.138315
0.13832
0.138331
0.138346
0.138364
0.138385
0.138407
0.138435
0.139522
0.139532
0.139542
0.139552
0.139562
0.139573
0.139583
0.139595
0.139606
0.139619
0.139632
0.139644
0.139656
0.139666
0.139676
0.139685
0.139692
0.139698
0.139702
0.139704
0.139705
0.139703
0.139699
0.139693
0.139684
0.139673
0.139657
0.139637
0.139611
0.139582
0.139554
0.139526
0.139499
0.139472
0.139446
0.139422
0.139398
0.139376
0.139355
0.139334
0.139315
0.139296
0.139278
0.139261
0.139244
0.139229
0.139213
0.139199
0.139184
0.13917
0.139156
0.139142
0.13913
0.139123
0.13912
0.13912
0.139121
0.139124
0.139126
0.139129
0.139132
0.139134
0.139136
0.139139
0.139141
0.139144
0.139147
0.13915
0.139152
0.139156
0.139159
0.139162
0.139166
0.139171
0.139175
0.139181
0.139187
0.139194
0.139201
0.13921
0.139219
0.139228
0.139239
0.13925
0.139263
0.139276
0.139289
0.139304
0.139319
0.139334
0.139347
0.139357
0.139366
0.139373
0.139379
0.139382
0.139384
0.139384
0.139384
0.139372
0.139515
0.139531
0.139548
0.139564
0.13958
0.139597
0.139613
0.13963
0.139647
0.139663
0.139678
0.139692
0.139704
0.139714
0.139721
0.139726
0.139728
0.139727
0.139724
0.139719
0.139711
0.139702
0.139691
0.139679
0.139665
0.13965
0.139634
0.139617
0.139598
0.139579
0.139561
0.139544
0.139529
0.139516
0.139503
0.139493
0.139483
0.139473
0.139464
0.139456
0.139447
0.139437
0.139428
0.139417
0.139406
0.139395
0.139383
0.13937
0.139356
0.139341
0.139326
0.13931
0.139294
0.139277
0.139259
0.139241
0.139224
0.139206
0.139189
0.139172
0.139156
0.13914
0.139124
0.139109
0.139094
0.13908
0.139066
0.139052
0.139038
0.139024
0.139011
0.138999
0.138988
0.138979
0.138973
0.138968
0.138966
0.138964
0.138963
0.138963
0.138963
0.138964
0.138965
0.138966
0.138967
0.138968
0.138968
0.138969
0.13897
0.138975
0.138981
0.13899
0.139001
0.139013
0.139028
0.139044
0.139062
0.139081
0.139101
0.13912
0.139561
0.139581
0.139602
0.139623
0.139644
0.139664
0.139683
0.139701
0.139717
0.139731
0.139743
0.139751
0.139755
0.139756
0.139753
0.139747
0.139738
0.139727
0.139716
0.139705
0.139694
0.139683
0.139673
0.139664
0.139656
0.13965
0.139644
0.139641
0.139638
0.139637
0.139637
0.139638
0.139639
0.13964
0.139639
0.139637
0.139633
0.139628
0.139621
0.139611
0.1396
0.139588
0.139574
0.139558
0.139541
0.139524
0.139505
0.139486
0.139467
0.139447
0.139427
0.139407
0.139387
0.139367
0.139349
0.139335
0.139326
0.139319
0.139313
0.139309
0.139306
0.139304
0.139303
0.139303
0.139304
0.139306
0.139308
0.139311
0.139315
0.139319
0.139324
0.13933
0.139335
0.139342
0.139348
0.139356
0.139363
0.139371
0.13938
0.139389
0.139398
0.139408
0.139418
0.139429
0.13944
0.139452
0.139464
0.139476
0.139488
0.139499
0.139509
0.139518
0.139526
0.139533
0.13954
0.139545
0.139551
0.139555
0.13956
0.139554
0.13961
0.139638
0.139664
0.139688
0.13971
0.139729
0.139746
0.139758
0.139767
0.139772
0.139772
0.139768
0.13976
0.13975
0.139739
0.139727
0.139718
0.13971
0.139707
0.139707
0.139711
0.139719
0.13973
0.139742
0.139756
0.13977
0.139783
0.139795
0.139805
0.139812
0.139818
0.13982
0.139818
0.139812
0.139802
0.139787
0.139768
0.139747
0.139725
0.139702
0.139679
0.139655
0.139631
0.139607
0.139583
0.139559
0.139536
0.139512
0.139489
0.139467
0.139446
0.139426
0.139408
0.139391
0.139376
0.139361
0.139348
0.139336
0.139327
0.139323
0.139323
0.139324
0.139327
0.139331
0.139336
0.139342
0.139348
0.139354
0.139361
0.139368
0.139375
0.139382
0.139389
0.139396
0.139403
0.139411
0.139418
0.139425
0.139433
0.13944
0.139447
0.139454
0.139462
0.139469
0.139476
0.139483
0.13949
0.139498
0.139506
0.139516
0.139526
0.139537
0.139549
0.139561
0.139575
0.139589
0.139604
0.139619
0.139634
0.139644
0.139692
0.139719
0.139743
0.139763
0.139778
0.139788
0.139793
0.139791
0.139786
0.139778
0.139768
0.139758
0.13975
0.139746
0.139746
0.139753
0.139765
0.139781
0.1398
0.13982
0.139841
0.13986
0.139877
0.139891
0.139902
0.139909
0.139911
0.139909
0.139902
0.139891
0.139876
0.139857
0.139834
0.139808
0.139781
0.139755
0.13973
0.139705
0.139681
0.139658
0.139636
0.139616
0.139596
0.139578
0.139561
0.139546
0.139532
0.139519
0.139508
0.139499
0.139496
0.139497
0.139502
0.139508
0.139515
0.139523
0.139532
0.139541
0.139551
0.139561
0.139571
0.139581
0.139591
0.1396
0.13961
0.13962
0.13963
0.13964
0.13965
0.139661
0.139671
0.139681
0.139692
0.139702
0.139713
0.139723
0.139734
0.139745
0.139757
0.139768
0.139779
0.139791
0.139803
0.139815
0.139827
0.13984
0.139852
0.139863
0.139874
0.139885
0.139896
0.139906
0.139916
0.139925
0.139935
0.139944
0.139953
0.139961
0.139971
0.139965
0.13977
0.139793
0.139811
0.13982
0.139822
0.139819
0.13981
0.139797
0.139786
0.13978
0.139781
0.13979
0.139808
0.139832
0.139858
0.139884
0.139909
0.13993
0.139948
0.13996
0.139969
0.139972
0.139971
0.139965
0.139954
0.139939
0.13992
0.139896
0.139869
0.139843
0.139818
0.139794
0.139773
0.139754
0.139737
0.139722
0.139708
0.139696
0.139686
0.139678
0.139671
0.139666
0.139662
0.139659
0.139658
0.139658
0.139661
0.139667
0.139676
0.139686
0.139697
0.139708
0.139719
0.13973
0.139742
0.139752
0.139763
0.139773
0.139783
0.139793
0.139802
0.139812
0.139821
0.13983
0.139839
0.139848
0.139857
0.139866
0.139875
0.139884
0.139893
0.139902
0.139911
0.13992
0.139929
0.139938
0.139947
0.139956
0.139965
0.139975
0.139984
0.139993
0.140003
0.140013
0.140023
0.140033
0.140044
0.140056
0.140067
0.140079
0.140092
0.140105
0.140118
0.140131
0.140145
0.140159
0.140173
0.140188
0.140204
0.140202
0.139841
0.139858
0.139866
0.13986
0.139853
0.139849
0.139848
0.139852
0.139859
0.139874
0.139898
0.139926
0.139952
0.139975
0.139993
0.140006
0.140013
0.140013
0.140007
0.139997
0.139984
0.139967
0.139948
0.139925
0.1399
0.139877
0.139857
0.139841
0.139827
0.139817
0.13981
0.139806
0.139804
0.139804
0.139805
0.139807
0.139811
0.139815
0.139819
0.139826
0.139835
0.139846
0.139858
0.139871
0.139883
0.139895
0.139906
0.139918
0.139928
0.139938
0.139947
0.139956
0.139965
0.139973
0.139981
0.139989
0.139997
0.140005
0.140013
0.140022
0.14003
0.140039
0.140047
0.140056
0.140065
0.140074
0.140083
0.140093
0.140102
0.140112
0.140122
0.140133
0.140144
0.140155
0.140166
0.140178
0.14019
0.140202
0.140214
0.140227
0.14024
0.140253
0.140266
0.140279
0.140292
0.140305
0.140318
0.140332
0.140345
0.140359
0.140373
0.140387
0.140401
0.140415
0.14043
0.140445
0.14046
0.140475
0.140495
0.140492
0.139918
0.13992
0.139921
0.139923
0.139928
0.139936
0.139947
0.139959
0.139975
0.139996
0.140015
0.140029
0.140038
0.140042
0.14004
0.140031
0.140013
0.139992
0.13997
0.13995
0.139931
0.139914
0.139901
0.139891
0.139884
0.139882
0.139885
0.139891
0.1399
0.139911
0.139922
0.139934
0.139945
0.139957
0.139969
0.139981
0.139993
0.140004
0.140015
0.140026
0.140037
0.140047
0.140056
0.140065
0.140074
0.140081
0.140088
0.140094
0.140099
0.140104
0.140108
0.140113
0.140119
0.140126
0.140133
0.140141
0.14015
0.140159
0.140168
0.140178
0.140188
0.140197
0.140207
0.140216
0.140226
0.140235
0.140244
0.140253
0.140262
0.140272
0.140282
0.140292
0.140302
0.140313
0.140323
0.140334
0.140345
0.140356
0.140368
0.140379
0.140391
0.140403
0.140416
0.140428
0.140441
0.140455
0.140469
0.140484
0.140499
0.140514
0.14053
0.140546
0.140563
0.14058
0.140598
0.140616
0.140634
0.140652
0.140675
0.140679
0.139995
0.139995
0.139996
0.139997
0.140009
0.140023
0.140035
0.140045
0.140053
0.140057
0.140058
0.140057
0.140053
0.140046
0.140032
0.140015
0.139998
0.139983
0.139969
0.139958
0.13995
0.139946
0.139948
0.139952
0.139959
0.139967
0.139976
0.139986
0.139997
0.140009
0.140021
0.140033
0.140045
0.140058
0.140071
0.140084
0.140097
0.140111
0.140125
0.140139
0.140154
0.140169
0.140184
0.140199
0.140215
0.14023
0.140246
0.140262
0.140278
0.140294
0.14031
0.140327
0.140346
0.140366
0.140387
0.140408
0.14043
0.140451
0.140472
0.140493
0.140513
0.140532
0.140551
0.140568
0.140584
0.140599
0.140612
0.140625
0.140637
0.140649
0.14066
0.140671
0.140682
0.140692
0.140703
0.140713
0.140723
0.140734
0.140744
0.140755
0.140766
0.140777
0.140788
0.140799
0.140811
0.140823
0.140836
0.14085
0.140864
0.140878
0.140894
0.14091
0.140928
0.140946
0.140964
0.140984
0.141005
0.141026
0.141051
0.141058
0.140044
0.140041
0.140042
0.140041
0.140041
0.140042
0.140043
0.140044
0.140044
0.140044
0.140042
0.14004
0.140036
0.140031
0.140024
0.140015
0.140006
0.139999
0.139995
0.139993
0.139993
0.139994
0.139998
0.140003
0.140011
0.140021
0.140033
0.140045
0.140059
0.140072
0.140086
0.140099
0.140114
0.140128
0.140144
0.140161
0.140178
0.140196
0.140216
0.140237
0.14026
0.140284
0.14031
0.140337
0.140367
0.140399
0.140433
0.14047
0.140509
0.14055
0.140593
0.140639
0.140689
0.140744
0.140803
0.140864
0.140927
0.14099
0.141053
0.141117
0.141181
0.141244
0.141308
0.14137
0.141431
0.141491
0.141549
0.141605
0.141659
0.14171
0.141757
0.141802
0.141843
0.14188
0.141914
0.141945
0.141972
0.141995
0.142015
0.142032
0.142045
0.142056
0.142063
0.142068
0.14207
0.142069
0.142067
0.142063
0.142057
0.142049
0.142041
0.142031
0.142021
0.142011
0.142001
0.14199
0.14198
0.141971
0.141959
0.141977
0.140052
0.140046
0.140034
0.140022
0.140021
0.140023
0.140026
0.140028
0.140029
0.14003
0.140031
0.14003
0.140026
0.140023
0.140019
0.140016
0.140016
0.140019
0.140025
0.140032
0.140039
0.140048
0.140057
0.140067
0.140076
0.140086
0.140097
0.140107
0.140119
0.140131
0.140144
0.140158
0.140174
0.14019
0.140209
0.140229
0.140252
0.140277
0.140305
0.140336
0.140371
0.14041
0.140455
0.140505
0.140561
0.140626
0.140698
0.140782
0.140876
0.140958
0.141025
0.141089
0.141148
0.141211
0.141274
0.141331
0.141382
0.14143
0.141475
0.141521
0.141566
0.14161
0.141653
0.141696
0.141737
0.141778
0.141818
0.141857
0.141897
0.141937
0.141978
0.142021
0.142064
0.142109
0.142155
0.142201
0.142248
0.142295
0.14234
0.142385
0.142428
0.142468
0.142506
0.142542
0.142574
0.142603
0.142628
0.142649
0.142666
0.14268
0.142689
0.142694
0.142694
0.142691
0.142683
0.142672
0.142648
0.142634
0.142633
0.142993
0.14003
0.140034
0.140034
0.140031
0.140027
0.140021
0.140016
0.140011
0.140007
0.140003
0.139999
0.13999
0.139981
0.139975
0.139971
0.139969
0.139973
0.139979
0.139985
0.13999
0.139994
0.139998
0.140001
0.140005
0.140008
0.140012
0.140016
0.14002
0.140025
0.14003
0.140036
0.140043
0.140052
0.140061
0.140072
0.140085
0.1401
0.140118
0.140139
0.140165
0.140196
0.140233
0.140279
0.140337
0.140411
0.140508
0.140636
0.140816
0.141048
0.141321
0.142066
0.142323
0.142592
0.142629
0.142701
0.142763
0.142779
0.142754
0.142716
0.142675
0.142655
0.142643
0.142634
0.142626
0.142618
0.142609
0.142598
0.142585
0.142572
0.14256
0.142553
0.142552
0.142559
0.142575
0.142602
0.142637
0.142682
0.142735
0.142793
0.142857
0.142924
0.142993
0.143064
0.143137
0.143211
0.143286
0.143364
0.143444
0.143527
0.143614
0.143705
0.143802
0.143904
0.144014
0.144132
0.14426
0.144403
0.144542
0.145847
0.17474
)
;

boundaryField
{
    airfoil
    {
        type            fixedValue;
        value           uniform 0;
    }
    farBoundaries
    {
        type            fixedValue;
        value           uniform 1;
    }
    inlet
    {
        type            freestream;
        freestreamValue uniform 0.14;
        value           nonuniform List<scalar> 
200
(
0.14
0.14
0.14
0.14
0.14
0.14
0.14
0.14
0.14
0.14
0.14
0.14
0.14
0.14
0.14
0.14
0.14
0.14
0.14
0.14
0.14
0.14
0.14
0.14
0.14
0.14
0.14
0.14
0.14
0.14
0.14
0.14
0.14
0.14
0.14
0.14
0.14
0.14
0.14
0.14
0.14
0.14
0.14
0.14
0.14
0.14
0.14
0.14
0.14
0.14
0.142066
0.14
0.142592
0.142629
0.142701
0.142763
0.142779
0.142754
0.142716
0.142675
0.142655
0.142643
0.142634
0.142626
0.142618
0.142609
0.142598
0.142585
0.142572
0.14256
0.142553
0.142552
0.142559
0.142575
0.142602
0.142637
0.142682
0.142735
0.142793
0.142857
0.142924
0.142993
0.143064
0.143137
0.143211
0.143286
0.143364
0.143444
0.143527
0.143614
0.143705
0.143802
0.143904
0.144014
0.144132
0.14426
0.144403
0.144542
0.145847
0.17474
0.14
0.14
0.14
0.14
0.14
0.14
0.14
0.14
0.14
0.14
0.14
0.14
0.14
0.14
0.14
0.14
0.14
0.14
0.14
0.14
0.14
0.14
0.14
0.14
0.14
0.14
0.14
0.14
0.14
0.14
0.14
0.14
0.14
0.14
0.14
0.14
0.14
0.14
0.14
0.14
0.14
0.14
0.14
0.14
0.14
0.14
0.14
0.14
0.14
0.14
0.14
0.14
0.14
0.14
0.14
0.14
0.14
0.14
0.14
0.14
0.14
0.14
0.14
0.14
0.14
0.14
0.14
0.14
0.14
0.14
0.14
0.14
0.14
0.14
0.14
0.14
0.14
0.14
0.14
0.14
0.14
0.142417
0.142804
0.14301
0.143105
0.143248
0.143387
0.143477
0.143507
0.143484
0.14342
0.143327
0.143218
0.143103
0.14299
0.142872
0.142826
0.142682
0.143481
0.138331
)
;
    }
    outlet
    {
        type            freestream;
        freestreamValue uniform 0.14;
        value           nonuniform List<scalar> 
40
(
0.164974
0.188926
0.170976
0.153849
0.152182
0.149613
0.147772
0.146594
0.146072
0.145444
0.150903
0.215619
0.429603
0.715573
0.972311
1.17762
1.31941
1.38616
1.36175
1.21194
1.24118
1.41856
1.4688
1.42892
1.31516
1.13802
0.907413
0.636574
0.358464
0.185869
0.144828
0.142121
0.141781
0.140953
0.139604
0.137424
0.133543
0.130326
0.132554
0.142099
)
;
    }
    defaultFaces
    {
        type            empty;
    }
}


// ************************************************************************* //
