/*--------------------------------*- C++ -*----------------------------------*\
  =========                 |
  \\      /  F ield         | OpenFOAM: The Open Source CFD Toolbox
   \\    /   O peration     | Website:  https://openfoam.org
    \\  /    A nd           | Version:  6.0
     \\/     M anipulation  |
\*---------------------------------------------------------------------------*/
FoamFile
{
    version     2.0;
    format      ascii;
    class       volScalarField;
    location    "200";
    object      p;
}
// * * * * * * * * * * * * * * * * * * * * * * * * * * * * * * * * * * * * * //

dimensions      [0 2 -2 0 0 0 0];

internalField   nonuniform List<scalar> 
9800
(
85.1892
83.9548
83.0677
82.3889
81.8317
81.3442
80.8958
80.4681
80.0513
79.64
79.2181
78.7866
78.3467
77.8976
77.4389
76.9714
76.4968
76.0188
75.5442
75.0841
74.6575
74.2965
74.0669
74.1101
74.4283
74.8814
75.4017
75.9565
76.5262
77.0995
77.6691
78.2263
78.7727
79.3065
79.8265
80.3321
80.8226
81.298
81.7581
82.2031
82.6329
83.0476
83.4471
83.8316
84.201
84.5554
84.8945
85.2184
85.5266
85.8192
86.0955
86.3557
86.5987
86.8246
87.0322
87.2215
87.3909
87.5405
87.668
87.7736
87.8548
87.9112
87.9398
87.9428
87.9161
87.8608
87.7771
87.6694
87.5434
87.4133
87.3022
87.2519
87.3316
87.6596
88.4247
89.9462
92.7141
97.5412
105.604
118.378
137.388
152.135
168.357
175.137
180.246
187.4
195.879
203.883
210.86
217.236
223.412
229.442
235.272
240.933
246.531
252.155
257.849
263.617
269.453
275.372
136.413
136.586
136.63
136.637
136.639
136.651
136.675
136.709
136.748
136.793
136.84
136.882
136.919
136.95
136.975
136.997
137.017
137.039
137.068
137.112
137.176
137.257
137.333
137.415
137.505
137.595
137.703
137.831
137.971
138.116
138.261
138.401
138.53
138.645
138.745
138.83
138.898
138.949
138.982
138.998
138.994
138.974
138.934
138.876
138.799
138.703
138.588
138.454
138.301
138.128
137.934
137.721
137.487
137.233
136.956
136.659
136.339
135.997
135.633
135.247
134.84
134.411
133.963
133.494
133.008
132.51
132.003
131.495
130.993
130.508
130.052
129.643
129.291
129.021
128.836
128.757
128.767
128.879
129.064
129.457
130.732
135.213
144.161
155.676
166.789
175.981
183.776
191.006
197.871
204.232
210.024
215.319
220.224
224.795
229.044
232.96
236.498
239.575
242.028
243.764
88.2539
89.5802
90.6832
91.6276
92.4634
93.2314
93.9591
94.6666
95.3641
96.061
96.7749
97.5119
98.2662
99.0383
99.8268
100.63
101.442
102.256
103.058
103.829
104.538
105.141
105.551
105.641
105.406
104.967
104.415
103.796
103.14
102.467
101.789
101.121
100.466
99.825
99.1974
98.5858
97.9899
97.4106
96.847
96.2999
95.7679
95.2524
94.7517
94.2674
93.7979
93.3451
92.9074
92.4874
92.0834
91.6985
91.3311
90.9853
90.6593
90.3582
90.0806
89.8322
89.6128
89.429
89.2816
89.1789
89.1231
89.1248
89.1898
89.3332
89.5622
89.8951
90.3446
90.9361
91.6897
92.6406
93.8196
95.2778
97.062
99.2485
101.911
105.167
109.133
113.985
119.897
127.089
135.76
145.537
155.597
164.805
172.643
179.368
185.52
191.361
196.821
201.799
206.35
210.589
214.577
218.304
221.747
224.88
227.671
230.041
231.965
233.214
90.9791
90.3196
89.863
89.5358
89.2945
89.1115
88.9693
88.8591
88.7747
88.7121
88.668
88.6434
88.6372
88.6497
88.6789
88.7228
88.7778
88.8404
88.9054
88.9677
89.0235
89.0789
89.1495
89.2347
89.3324
89.4435
89.5539
89.6577
89.7576
89.8595
89.9669
90.0848
90.2172
90.3659
90.5321
90.7181
90.9237
91.1503
91.3973
91.6661
91.9558
92.268
92.6015
92.9585
93.3376
93.7416
94.1691
94.6235
95.1033
95.6128
96.1505
96.7217
97.3249
97.9664
98.6451
99.3683
100.135
100.955
101.828
102.764
103.765
104.843
105.999
107.248
108.596
110.059
111.645
113.373
115.253
117.308
119.548
121.999
124.671
127.591
130.764
134.211
137.925
141.908
146.128
150.546
155.091
159.668
164.218
168.749
173.279
177.784
182.19
186.42
190.447
194.277
197.928
201.396
204.661
207.692
210.454
212.904
215.006
216.698
217.989
218.716
106.383
105.973
105.565
105.173
104.806
104.464
104.145
103.846
103.566
103.302
103.04
102.778
102.52
102.264
102.009
101.757
101.509
101.268
101.04
100.835
100.664
100.547
100.516
100.611
100.836
101.152
101.526
101.936
102.37
102.817
103.271
103.724
104.172
104.62
105.065
105.509
105.95
106.391
106.83
107.271
107.711
108.155
108.601
109.052
109.507
109.969
110.439
110.919
111.409
111.912
112.429
112.964
113.516
114.091
114.687
115.313
115.966
116.655
117.378
118.147
118.959
119.826
120.745
121.73
122.781
123.914
125.128
126.441
127.853
129.383
131.032
132.82
134.75
136.844
139.106
141.556
144.201
147.06
150.138
153.447
156.98
160.729
164.654
168.686
172.724
176.676
180.489
184.152
187.668
191.032
194.231
197.242
200.053
202.643
204.997
207.088
208.906
210.422
211.687
212.57
110.62
110.601
110.571
110.537
110.501
110.469
110.443
110.425
110.419
110.427
110.439
110.458
110.486
110.523
110.568
110.622
110.684
110.756
110.838
110.931
111.035
111.147
111.263
111.384
111.511
111.642
111.781
111.929
112.087
112.252
112.425
112.6
112.777
112.958
113.145
113.337
113.535
113.74
113.952
114.173
114.405
114.648
114.903
115.174
115.46
115.764
116.087
116.432
116.799
117.193
117.613
118.064
118.546
119.065
119.62
120.219
120.859
121.551
122.291
123.092
123.95
124.878
125.872
126.946
128.098
129.344
130.681
132.125
133.673
135.342
137.129
139.049
141.1
143.294
145.626
148.103
150.715
153.461
156.322
159.285
162.319
165.397
168.48
171.538
174.544
177.483
180.346
183.127
185.813
188.388
190.838
193.146
195.303
197.292
199.104
200.726
202.158
203.383
204.451
205.237
114.632
114.353
114.12
113.929
113.775
113.656
113.568
113.51
113.481
113.481
113.502
113.543
113.608
113.694
113.801
113.927
114.071
114.229
114.399
114.576
114.756
114.932
115.096
115.237
115.356
115.46
115.558
115.656
115.759
115.871
115.995
116.131
116.28
116.446
116.631
116.836
117.06
117.306
117.574
117.864
118.178
118.516
118.879
119.268
119.683
120.127
120.599
121.102
121.635
122.203
122.803
123.441
124.114
124.828
125.581
126.38
127.221
128.112
129.049
130.042
131.085
132.189
133.347
134.569
135.851
137.205
138.625
140.121
141.686
143.33
145.046
146.843
148.711
150.658
152.673
154.759
156.905
159.111
161.365
163.661
165.989
168.342
170.708
173.079
175.444
177.79
180.103
182.367
184.569
186.693
188.729
190.664
192.49
194.199
195.786
197.246
198.583
199.78
200.885
201.774
120.305
119.964
119.65
119.367
119.115
118.892
118.7
118.538
118.406
118.304
118.222
118.16
118.121
118.105
118.109
118.134
118.178
118.241
118.32
118.415
118.526
118.653
118.796
118.954
119.128
119.318
119.523
119.742
119.976
120.224
120.489
120.766
121.056
121.364
121.69
122.034
122.398
122.781
123.183
123.607
124.05
124.515
125.002
125.511
126.043
126.599
127.178
127.784
128.414
129.073
129.758
130.474
131.218
131.995
132.803
133.646
134.523
135.439
136.391
137.385
138.418
139.496
140.614
141.778
142.986
144.246
145.552
146.912
148.32
149.785
151.297
152.866
154.483
156.154
157.871
159.637
161.443
163.291
165.172
167.084
169.016
170.964
172.917
174.867
176.803
178.715
180.593
182.427
184.209
185.931
187.587
189.17
190.68
192.109
193.46
194.729
195.918
197.014
198.058
198.938
125.624
125.311
125.024
124.765
124.533
124.328
124.15
123.998
123.874
123.778
123.698
123.636
123.594
123.574
123.574
123.594
123.633
123.691
123.769
123.866
123.982
124.118
124.276
124.456
124.66
124.885
125.13
125.393
125.673
125.97
126.284
126.609
126.946
127.299
127.668
128.055
128.457
128.878
129.315
129.771
130.244
130.738
131.249
131.782
132.334
132.909
133.505
134.125
134.767
135.436
136.128
136.848
137.593
138.369
139.172
140.007
140.871
141.769
142.698
143.664
144.662
145.698
146.765
147.87
149.009
150.189
151.405
152.661
153.953
155.284
156.651
158.055
159.492
160.963
162.462
163.99
165.542
167.116
168.705
170.309
171.919
173.534
175.145
176.75
178.341
179.913
181.462
182.982
184.468
185.916
187.323
188.684
189.999
191.262
192.473
193.627
194.725
195.753
196.746
197.602
130.096
129.834
129.596
129.385
129.199
129.041
128.908
128.802
128.724
128.675
128.642
128.626
128.632
128.659
128.708
128.778
128.867
128.976
129.104
129.25
129.413
129.593
129.788
129.999
130.223
130.463
130.718
130.989
131.276
131.58
131.902
132.236
132.582
132.947
133.33
133.732
134.151
134.59
135.047
135.524
136.02
136.536
137.071
137.628
138.204
138.803
139.422
140.065
140.729
141.418
142.128
142.864
143.623
144.409
145.218
146.055
146.916
147.805
148.72
149.663
150.632
151.629
152.65
153.697
154.769
155.871
156.998
158.152
159.331
160.536
161.764
163.016
164.288
165.58
166.89
168.217
169.558
170.91
172.271
173.638
175.009
176.379
177.745
179.105
180.454
181.789
183.107
184.404
185.678
186.925
188.144
189.331
190.485
191.602
192.684
193.724
194.727
195.68
196.618
197.448
135.277
134.978
134.71
134.474
134.269
134.095
133.951
133.838
133.756
133.706
133.675
133.663
133.675
133.711
133.77
133.851
133.954
134.078
134.223
134.388
134.572
134.776
134.996
135.234
135.489
135.76
136.049
136.355
136.678
137.02
137.379
137.752
138.135
138.538
138.958
139.396
139.851
140.325
140.815
141.325
141.85
142.395
142.957
143.538
144.136
144.754
145.389
146.045
146.719
147.413
148.125
148.858
149.61
150.383
151.175
151.988
152.821
153.674
154.547
155.442
156.355
157.288
158.238
159.206
160.192
161.197
162.222
163.264
164.324
165.4
166.492
167.598
168.718
169.85
170.992
172.144
173.303
174.467
175.635
176.805
177.974
179.14
180.302
181.456
182.602
183.736
184.858
185.963
187.053
188.123
189.174
190.201
191.207
192.187
193.142
194.07
194.972
195.84
196.702
197.475
138.115
138.023
137.943
137.879
137.831
137.802
137.792
137.803
137.838
137.896
137.964
138.043
138.139
138.254
138.385
138.536
138.702
138.887
139.089
139.309
139.545
139.799
140.069
140.357
140.66
140.981
141.318
141.674
142.045
142.434
142.839
143.255
143.679
144.12
144.576
145.049
145.536
146.04
146.558
147.093
147.643
148.209
148.791
149.389
150.003
150.634
151.281
151.945
152.625
153.322
154.035
154.765
155.512
156.275
157.055
157.851
158.663
159.492
160.336
161.196
162.071
162.961
163.862
164.774
165.701
166.641
167.594
168.56
169.537
170.525
171.524
172.53
173.546
174.567
175.595
176.627
177.663
178.7
179.739
180.777
181.813
182.846
183.874
184.896
185.912
186.919
187.916
188.902
189.876
190.836
191.782
192.712
193.626
194.521
195.399
196.256
197.096
197.908
198.719
199.454
144.962
144.684
144.442
144.238
144.068
143.933
143.829
143.76
143.723
143.721
143.742
143.784
143.85
143.942
144.056
144.194
144.353
144.536
144.738
144.962
145.207
145.472
145.757
146.063
146.389
146.735
147.099
147.482
147.88
148.296
148.726
149.165
149.61
150.069
150.543
151.031
151.532
152.048
152.577
153.12
153.677
154.248
154.833
155.432
156.044
156.671
157.31
157.964
158.63
159.311
160.003
160.709
161.428
162.158
162.901
163.656
164.422
165.2
165.988
166.787
167.597
168.415
169.239
170.069
170.908
171.755
172.611
173.473
174.342
175.216
176.097
176.981
177.87
178.76
179.654
180.549
181.445
182.34
183.235
184.126
185.017
185.902
186.784
187.66
188.53
189.392
190.248
191.093
191.93
192.756
193.572
194.375
195.168
195.946
196.712
197.463
198.201
198.919
199.638
200.296
142.258
142.548
142.831
143.114
143.4
143.693
143.993
144.304
144.63
144.972
145.305
145.637
145.977
146.328
146.689
147.06
147.44
147.831
148.23
148.638
149.055
149.481
149.915
150.357
150.805
151.261
151.725
152.199
152.684
153.18
153.687
154.197
154.708
155.233
155.77
156.32
156.882
157.458
158.046
158.647
159.26
159.886
160.525
161.176
161.838
162.513
163.199
163.896
164.605
165.324
166.053
166.793
167.542
168.301
169.069
169.845
170.631
171.424
172.225
173.033
173.848
174.668
175.491
176.315
177.145
177.98
178.82
179.663
180.511
181.36
182.213
183.066
183.921
184.776
185.631
186.484
187.337
188.186
189.033
189.876
190.715
191.549
192.377
193.199
194.014
194.82
195.619
196.408
197.189
197.958
198.718
199.465
200.202
200.925
201.637
202.334
203.019
203.686
204.353
204.965
157.959
157.558
157.206
156.9
156.636
156.414
156.228
156.081
155.967
155.892
155.86
155.86
155.89
155.952
156.043
156.164
156.313
156.49
156.694
156.925
157.181
157.464
157.771
158.104
158.462
158.845
159.251
159.677
160.121
160.582
161.058
161.543
162.03
162.53
163.043
163.569
164.107
164.656
165.215
165.786
166.366
166.956
167.556
168.165
168.782
169.408
170.042
170.684
171.333
171.99
172.653
173.323
174
174.682
175.371
176.064
176.763
177.467
178.175
178.887
179.604
180.321
181.038
181.753
182.471
183.19
183.913
184.636
185.361
186.086
186.812
187.537
188.262
188.986
189.708
190.428
191.146
191.86
192.572
193.279
193.983
194.682
195.376
196.064
196.748
197.425
198.096
198.759
199.416
200.065
200.706
201.338
201.963
202.578
203.184
203.779
204.365
204.936
205.506
206.035
135.523
136.592
137.627
138.646
139.653
140.653
141.649
142.648
143.659
144.673
145.633
146.554
147.468
148.379
149.285
150.188
151.085
151.979
152.867
153.749
154.626
155.496
156.359
157.216
158.063
158.902
159.732
160.556
161.376
162.197
163.015
163.818
164.61
165.404
166.204
167.008
167.816
168.629
169.446
170.268
171.094
171.925
172.759
173.599
174.441
175.288
176.138
176.992
177.848
178.707
179.568
180.432
181.297
182.164
183.031
183.899
184.768
185.635
186.502
187.368
188.232
189.092
189.944
190.789
191.631
192.469
193.304
194.134
194.96
195.781
196.597
197.407
198.211
199.007
199.797
200.578
201.352
202.117
202.874
203.621
204.359
205.085
205.803
206.508
207.203
207.885
208.557
209.214
209.86
210.491
211.11
211.713
212.303
212.877
213.438
213.981
214.511
215.022
215.522
215.992
185.905
185.027
184.211
183.454
182.745
182.076
181.442
180.835
180.24
179.673
179.229
178.841
178.494
178.186
177.916
177.687
177.496
177.346
177.236
177.166
177.137
177.148
177.199
177.29
177.422
177.594
177.806
178.056
178.338
178.652
178.993
179.357
179.726
180.112
180.517
180.938
181.375
181.827
182.292
182.771
183.262
183.765
184.28
184.805
185.34
185.885
186.439
187.002
187.572
188.15
188.735
189.327
189.924
190.527
191.134
191.745
192.361
192.979
193.601
194.224
194.849
195.472
196.089
196.702
197.312
197.923
198.535
199.147
199.76
200.372
200.983
201.592
202.201
202.806
203.41
204.011
204.609
205.202
205.792
206.378
206.959
207.534
208.105
208.669
209.227
209.778
210.322
210.858
211.386
211.905
212.417
212.917
213.41
213.891
214.362
214.821
215.27
215.705
216.127
216.548
94.4793
97.3464
100.148
102.91
105.652
108.391
111.138
113.917
116.757
119.609
122.224
124.713
127.171
129.611
132.034
134.437
136.818
139.176
141.508
143.813
146.09
148.337
150.553
152.737
154.887
157.004
159.084
161.129
163.142
165.121
167.056
168.893
170.681
172.441
174.176
175.89
177.582
179.253
180.903
182.532
184.14
185.729
187.297
188.845
190.373
191.881
193.369
194.838
196.286
197.713
199.121
200.508
201.875
203.221
204.547
205.852
207.136
208.398
209.64
210.86
212.059
213.23
214.37
215.491
216.586
217.658
218.711
219.744
220.757
221.749
222.721
223.672
224.602
225.51
226.397
227.262
228.106
228.927
229.726
230.503
231.258
231.989
232.699
233.385
234.05
234.69
235.308
235.902
236.475
237.022
237.549
238.05
238.53
238.986
239.42
239.83
240.219
240.582
240.915
241.299
265.727
263.487
261.03
258.652
256.345
254.067
251.798
249.511
247.107
244.563
242.658
240.823
238.997
237.237
235.545
233.922
232.37
230.892
229.491
228.169
226.927
225.767
224.689
223.693
222.78
221.95
221.199
220.525
219.929
219.4
218.908
218.535
218.178
217.823
217.518
217.266
217.064
216.907
216.796
216.729
216.704
216.72
216.775
216.868
216.997
217.159
217.354
217.58
217.835
218.117
218.425
218.757
219.112
219.487
219.882
220.294
220.724
221.167
221.625
222.094
222.569
223.029
223.501
224.012
224.481
224.946
225.431
225.927
226.433
226.945
227.465
227.99
228.52
229.053
229.59
230.127
230.667
231.205
231.744
232.28
232.815
233.345
233.873
234.394
234.912
235.422
235.927
236.422
236.911
237.389
237.86
238.318
238.768
239.204
239.63
240.041
240.441
240.819
241.156
241.805
-62.5379
-51.0933
-41.5114
-30.8109
-19.4735
-7.84156
4.16646
17.0566
29.0893
34.3208
38.6371
46.5211
55.0744
63.3423
71.478
79.5172
87.4519
95.2641
102.948
110.492
117.893
125.141
132.235
139.167
145.939
152.537
158.957
165.252
171.511
177.333
181.633
185.596
190.685
195.539
200.213
204.77
209.224
213.566
217.799
221.921
225.933
229.835
233.629
237.313
240.89
244.359
247.722
250.979
254.131
257.178
260.123
262.976
265.742
268.413
270.994
273.485
275.89
278.207
280.446
282.612
284.67
286.452
288.142
290.291
292.143
293.849
295.512
297.125
298.682
300.178
301.619
303.004
304.336
305.613
306.84
308.016
309.143
310.221
311.255
312.241
313.186
314.087
314.948
315.769
316.553
317.3
318.013
318.691
319.338
319.953
320.541
321.1
321.633
322.14
322.626
323.09
323.532
323.894
324.133
325.663
278.177
277.573
276.87
276.373
275.981
275.644
275.378
275.173
275.032
274.939
274.9
274.903
274.957
275.05
275.192
275.376
275.593
275.831
276.125
276.456
276.824
277.216
277.645
278.097
278.583
279.09
279.63
280.189
280.779
281.392
282.031
282.624
283.193
283.952
284.809
285.548
286.287
287.044
287.825
288.613
289.421
290.234
291.064
291.902
292.767
293.622
294.309
294.957
296.075
297.272
298.169
299.019
299.904
300.794
301.694
302.6
303.541
304.44
304.926
305.516
307.055
308.563
309.486
310.373
311.371
312.193
312.023
313.96
316.388
315.807
243.749
244.161
245.133
246.07
246.906
247.711
248.522
249.325
250.128
250.922
251.718
252.505
253.293
254.074
254.857
255.633
256.411
257.18
257.954
258.72
259.49
260.253
261.02
261.781
262.547
263.306
264.072
264.832
265.598
266.359
267.127
267.889
268.655
269.422
270.201
270.966
271.736
272.503
273.277
274.048
274.826
275.601
276.383
277.163
277.951
278.736
279.523
280.303
281.111
281.919
282.71
283.493
284.289
285.083
285.885
286.685
287.495
288.305
289.104
289.899
290.756
291.605
292.409
293.21
294.036
294.864
295.641
296.534
297.565
298.131
233.911
234.34
235.248
236.144
236.969
237.777
238.598
239.411
240.226
241.03
241.837
242.636
243.44
244.237
245.038
245.831
246.628
247.417
248.209
248.993
249.781
250.561
251.344
252.121
252.901
253.674
254.452
255.222
255.997
256.765
257.538
258.304
259.072
259.831
260.596
261.349
262.107
262.858
263.614
264.362
265.115
265.861
266.611
267.355
268.104
268.847
269.594
270.329
271.066
271.796
272.524
273.247
273.975
274.699
275.428
276.153
276.884
277.612
278.345
279.062
279.78
280.492
281.203
281.913
282.635
283.358
284.083
284.781
285.548
286.119
219.187
219.703
220.706
221.683
222.589
223.478
224.375
225.26
226.145
227.019
227.898
228.77
229.649
230.521
231.397
232.266
233.139
234.003
234.87
235.73
236.593
237.448
238.307
239.159
240.015
240.864
241.718
242.565
243.417
244.262
245.113
245.957
246.804
247.643
248.484
249.315
250.149
250.978
251.812
252.639
253.472
254.298
255.13
255.956
256.787
257.614
258.445
259.265
260.084
260.893
261.699
262.5
263.309
264.113
264.923
265.729
266.543
267.354
268.171
268.971
269.769
270.553
271.335
272.121
272.923
273.732
274.541
275.335
276.184
276.836
213.326
213.847
214.824
215.778
216.661
217.519
218.381
219.229
220.078
220.918
221.764
222.605
223.452
224.293
225.139
225.977
226.819
227.654
228.492
229.323
230.157
230.983
231.814
232.638
233.467
234.289
235.116
235.937
236.763
237.584
238.41
239.231
240.054
240.868
241.684
242.49
243.302
244.108
244.919
245.725
246.536
247.342
248.154
248.961
249.775
250.585
251.401
252.204
253.006
253.795
254.584
255.37
256.165
256.956
257.755
258.551
259.356
260.161
260.973
261.767
262.555
263.327
264.101
264.884
265.685
266.496
267.31
268.104
268.946
269.604
206.005
206.564
207.547
208.491
209.363
210.211
211.063
211.903
212.744
213.579
214.419
215.255
216.096
216.931
217.772
218.605
219.442
220.272
221.106
221.931
222.761
223.583
224.41
225.23
226.054
226.872
227.696
228.513
229.336
230.153
230.976
231.793
232.614
233.424
234.235
235.037
235.844
236.646
237.454
238.256
239.063
239.866
240.675
241.479
242.29
243.098
243.912
244.715
245.514
246.3
247.085
247.87
248.664
249.456
250.256
251.055
251.862
252.672
253.49
254.292
255.083
255.857
256.636
257.426
258.236
259.056
259.88
260.682
261.52
262.193
202.633
203.183
204.124
205.03
205.868
206.683
207.503
208.313
209.123
209.925
210.733
211.536
212.344
213.146
213.953
214.754
215.558
216.356
217.158
217.952
218.75
219.54
220.335
221.123
221.917
222.704
223.496
224.283
225.075
225.862
226.655
227.444
228.235
229.016
229.796
230.568
231.346
232.119
232.898
233.671
234.451
235.226
236.008
236.785
237.569
238.352
239.14
239.919
240.691
241.447
242.205
242.965
243.734
244.501
245.276
246.052
246.837
247.625
248.422
249.203
249.97
250.716
251.471
252.239
253.028
253.829
254.635
255.42
256.227
256.883
199.76
200.288
201.174
202.029
202.823
203.601
204.383
205.157
205.931
206.699
207.472
208.241
209.017
209.788
210.564
211.334
212.109
212.878
213.65
214.416
215.186
215.949
216.718
217.48
218.248
219.011
219.779
220.542
221.311
222.076
222.847
223.614
224.385
225.145
225.904
226.655
227.413
228.167
228.927
229.682
230.444
231.201
231.965
232.726
233.494
234.259
235.032
235.794
236.549
237.286
238.025
238.766
239.517
240.265
241.022
241.777
242.543
243.311
244.088
244.85
245.592
246.311
247.04
247.784
248.549
249.329
250.114
250.88
251.66
252.306
198.401
198.914
199.769
200.596
201.366
202.118
202.873
203.618
204.362
205.1
205.843
206.581
207.325
208.065
208.809
209.547
210.29
211.027
211.767
212.501
213.238
213.97
214.705
215.436
216.171
216.901
217.637
218.368
219.104
219.837
220.576
221.312
222.051
222.779
223.505
224.224
224.95
225.672
226.4
227.125
227.855
228.582
229.315
230.046
230.783
231.52
232.264
232.998
233.723
234.428
235.137
235.849
236.571
237.291
238.02
238.749
239.488
240.231
240.984
241.72
242.435
243.123
243.824
244.543
245.284
246.041
246.804
247.549
248.298
248.925
198.231
198.732
199.548
200.336
201.071
201.789
202.509
203.22
203.931
204.636
205.346
206.052
206.764
207.471
208.183
208.889
209.599
210.305
211.014
211.716
212.422
213.122
213.826
214.525
215.228
215.927
216.63
217.33
218.034
218.735
219.442
220.146
220.853
221.549
222.241
222.927
223.619
224.309
225.003
225.694
226.391
227.084
227.784
228.482
229.187
229.891
230.602
231.304
231.996
232.666
233.341
234.021
234.71
235.399
236.097
236.796
237.506
238.222
238.947
239.658
240.343
241
241.673
242.365
243.08
243.814
244.554
245.275
245.989
246.591
198.213
198.701
199.482
200.237
200.943
201.634
202.327
203.012
203.697
204.376
205.059
205.738
206.421
207.101
207.784
208.463
209.145
209.823
210.504
211.179
211.856
212.528
213.204
213.876
214.551
215.222
215.898
216.569
217.246
217.92
218.599
219.276
219.956
220.625
221.289
221.947
222.612
223.274
223.942
224.606
225.275
225.943
226.616
227.288
227.967
228.645
229.331
230.009
230.674
231.317
231.966
232.62
233.284
233.948
234.621
235.296
235.982
236.674
237.376
238.065
238.724
239.355
240.002
240.671
241.364
242.076
242.795
243.497
244.183
244.768
200.154
200.614
201.343
202.05
202.712
203.361
204.012
204.656
205.299
205.937
206.58
207.219
207.863
208.504
209.149
209.79
210.434
211.074
211.718
212.356
212.997
213.633
214.273
214.908
215.548
216.184
216.825
217.462
218.105
218.745
219.391
220.034
220.681
221.317
221.947
222.572
223.204
223.834
224.468
225.1
225.738
226.373
227.015
227.655
228.302
228.949
229.605
230.251
230.882
231.49
232.103
232.723
233.352
233.981
234.619
235.259
235.91
236.567
237.235
237.887
238.505
239.091
239.696
240.324
240.977
241.652
242.336
243.003
243.646
244.198
200.933
201.377
202.078
202.758
203.397
204.023
204.65
205.27
205.89
206.505
207.123
207.738
208.357
208.973
209.592
210.207
210.826
211.441
212.059
212.671
213.286
213.896
214.51
215.12
215.734
216.345
216.96
217.572
218.189
218.804
219.425
220.044
220.666
221.278
221.882
222.482
223.09
223.696
224.306
224.915
225.529
226.141
226.76
227.378
228.003
228.628
229.262
229.887
230.497
231.083
231.675
232.274
232.882
233.492
234.11
234.731
235.363
236.002
236.653
237.288
237.887
238.455
239.041
239.653
240.289
240.949
241.618
242.272
242.896
243.438
205.569
205.982
206.629
207.261
207.856
208.438
209.022
209.598
210.175
210.747
211.323
211.895
212.471
213.043
213.619
214.19
214.764
215.335
215.908
216.475
217.044
217.609
218.176
218.739
219.306
219.869
220.437
221.001
221.57
222.136
222.708
223.278
223.851
224.411
224.964
225.511
226.066
226.619
227.176
227.731
228.292
228.851
229.416
229.98
230.552
231.124
231.705
232.277
232.831
233.358
233.892
234.434
234.986
235.54
236.103
236.67
237.249
237.837
238.437
239.021
239.561
240.067
240.595
241.151
241.735
242.345
242.967
243.568
244.126
244.615
206.556
206.923
207.526
208.124
208.686
209.236
209.79
210.337
210.884
211.426
211.972
212.514
213.06
213.603
214.149
214.69
215.236
215.778
216.323
216.863
217.405
217.943
218.484
219.022
219.564
220.102
220.646
221.186
221.731
222.275
222.824
223.373
223.924
224.464
224.995
225.523
226.058
226.593
227.132
227.669
228.212
228.754
229.302
229.85
230.406
230.963
231.529
232.087
232.628
233.143
233.665
234.197
234.739
235.283
235.837
236.395
236.966
237.546
238.138
238.716
239.253
239.757
240.284
240.838
241.42
242.029
242.647
243.253
243.813
244.311
216.481
216.786
217.319
217.86
218.368
218.861
219.357
219.846
220.335
220.818
221.304
221.785
222.268
222.747
223.228
223.704
224.183
224.657
225.132
225.601
226.071
226.536
227.003
227.465
227.93
228.391
228.855
229.316
229.781
230.244
230.712
231.178
231.646
232.099
232.54
232.977
233.421
233.863
234.309
234.753
235.202
235.65
236.104
236.558
237.019
237.483
237.955
238.417
238.852
239.257
239.669
240.092
240.526
240.961
241.408
241.861
242.327
242.804
243.296
243.768
244.182
244.556
244.958
245.394
245.862
246.366
246.887
247.377
247.805
248.194
216.976
217.105
217.556
218.062
218.528
218.974
219.424
219.871
220.317
220.759
221.202
221.642
222.084
222.521
222.962
223.397
223.836
224.272
224.71
225.142
225.576
226.006
226.439
226.868
227.301
227.731
228.166
228.599
229.036
229.473
229.915
230.358
230.803
231.235
231.655
232.072
232.498
232.924
233.355
233.786
234.223
234.66
235.105
235.551
236.005
236.463
236.931
237.391
237.827
238.234
238.651
239.079
239.52
239.964
240.42
240.882
241.358
241.845
242.346
242.833
243.269
243.669
244.096
244.556
245.044
245.565
246.094
246.613
247.07
247.492
241.739
241.627
241.938
242.364
242.737
243.074
243.409
243.738
244.062
244.375
244.684
244.984
245.28
245.567
245.85
246.124
246.395
246.66
246.92
247.169
247.415
247.652
247.886
248.113
248.34
248.56
248.781
248.997
249.216
249.431
249.651
249.871
250.088
250.278
250.444
250.606
250.775
250.942
251.113
251.282
251.457
251.634
251.818
252.006
252.203
252.408
252.626
252.827
252.972
253.07
253.183
253.312
253.458
253.612
253.784
253.971
254.179
254.409
254.665
254.884
254.992
255.046
255.149
255.309
255.522
255.794
256.109
256.343
256.479
256.642
242.534
240.828
240.705
241.176
241.489
241.687
241.891
242.101
242.309
242.505
242.697
242.882
243.063
243.235
243.405
243.567
243.728
243.885
244.037
244.181
244.323
244.457
244.591
244.72
244.849
244.974
245.102
245.226
245.354
245.481
245.613
245.746
245.88
245.99
246.075
246.16
246.256
246.351
246.452
246.554
246.664
246.777
246.9
247.029
247.169
247.317
247.479
247.631
247.736
247.8
247.881
247.982
248.101
248.231
248.382
248.548
248.737
248.949
249.183
249.393
249.521
249.607
249.737
249.921
250.155
250.443
250.752
251.024
251.235
251.427
328.57
322.866
320.741
320.478
319.93
319.067
318.206
317.387
316.572
315.746
314.918
314.087
313.255
312.419
311.582
310.74
309.901
309.062
308.22
307.371
306.519
305.664
304.81
303.955
303.105
302.256
301.415
300.578
299.751
298.932
298.124
297.328
296.525
295.65
294.71
293.773
292.846
291.922
291.005
290.093
289.194
288.305
287.432
286.574
285.737
284.92
284.13
283.298
282.302
281.182
280.084
279.015
277.971
276.95
275.962
275.01
274.102
273.243
272.441
271.534
270.3
268.907
267.62
266.459
265.424
264.532
263.789
262.716
261.42
260.437
305.479
288.556
275.929
266.976
260.343
255.266
251.376
248.393
246.079
244.25
242.773
241.548
240.505
239.596
238.787
238.058
237.395
236.787
236.23
235.717
235.245
234.81
234.411
234.042
233.702
233.388
233.098
232.828
232.578
232.344
232.126
231.92
231.727
231.545
231.374
231.212
231.058
230.912
230.774
230.641
230.514
230.392
230.275
230.161
230.051
229.944
229.84
229.738
229.639
229.542
229.447
229.354
229.263
229.172
229.083
228.995
228.907
228.819
228.732
228.644
228.556
228.468
228.379
228.29
228.201
228.111
228.021
227.931
227.842
227.753
227.668
227.586
227.51
227.438
227.376
296.962
287.436
278.507
271.962
266.463
261.475
257.153
253.535
250.506
247.958
245.821
244.034
242.539
241.279
240.211
239.295
238.502
237.806
237.187
236.631
236.125
235.66
235.231
234.832
234.46
234.113
233.791
233.49
233.21
232.949
232.705
232.476
232.26
232.057
231.865
231.683
231.51
231.346
231.191
231.044
230.903
230.769
230.641
230.518
230.399
230.283
230.17
230.06
229.953
229.847
229.744
229.642
229.543
229.445
229.348
229.253
229.158
229.065
228.971
228.878
228.785
228.691
228.597
228.503
228.407
228.312
228.215
228.118
228.02
227.921
227.821
227.721
227.62
227.515
227.394
286.512
280.026
273.387
268.918
265.312
261.778
258.485
255.599
253.064
250.794
248.757
246.933
245.302
243.839
242.527
241.353
240.306
239.376
238.552
237.823
237.178
236.603
236.089
235.625
235.203
234.817
234.463
234.137
233.837
233.56
233.303
233.063
232.836
232.621
232.415
232.216
232.026
231.842
231.666
231.497
231.337
231.185
231.041
230.904
230.773
230.647
230.526
230.408
230.293
230.18
230.068
229.958
229.85
229.744
229.639
229.536
229.434
229.333
229.233
229.134
229.034
228.935
228.835
228.734
228.632
228.529
228.424
228.317
228.207
228.094
227.976
227.853
227.724
227.582
227.389
278.301
274.073
269.31
266.146
263.456
260.584
257.777
255.288
253.108
251.16
249.41
247.841
246.431
245.154
243.988
242.92
241.94
241.04
240.215
239.457
238.761
238.12
237.526
236.973
236.457
235.974
235.523
235.105
234.72
234.369
234.051
233.762
233.499
233.258
233.034
232.822
232.619
232.423
232.233
232.049
231.872
231.703
231.542
231.389
231.245
231.108
230.978
230.852
230.73
230.611
230.492
230.374
230.257
230.141
230.025
229.91
229.798
229.686
229.576
229.468
229.361
229.254
229.148
229.041
228.932
228.822
228.708
228.591
228.468
228.339
228.202
228.054
227.892
227.713
227.441
271.368
268.166
264.521
262.388
260.651
258.642
256.562
254.642
252.886
251.24
249.689
248.244
246.907
245.671
244.529
243.479
242.518
241.644
240.854
240.143
239.503
238.926
238.4
237.914
237.457
237.021
236.6
236.194
235.803
235.431
235.079
234.751
234.447
234.165
233.902
233.653
233.415
233.184
232.958
232.737
232.521
232.312
232.114
231.926
231.753
231.593
231.445
231.309
231.183
231.062
230.945
230.83
230.714
230.597
230.478
230.358
230.237
230.117
229.996
229.877
229.76
229.644
229.528
229.414
229.298
229.181
229.061
228.937
228.806
228.666
228.516
228.351
228.168
227.968
227.632
264.499
262.28
259.581
258.315
257.351
256.025
254.534
253.119
251.802
250.536
249.315
248.149
247.042
245.99
244.988
244.038
243.141
242.301
241.522
240.806
240.152
239.558
239.018
238.521
238.061
237.626
237.213
236.816
236.437
236.076
235.738
235.426
235.141
234.882
234.646
234.427
234.219
234.014
233.808
233.597
233.38
233.158
232.935
232.715
232.502
232.301
232.115
231.944
231.788
231.644
231.511
231.384
231.261
231.137
231.013
230.885
230.755
230.623
230.491
230.359
230.229
230.101
229.977
229.855
229.736
229.617
229.497
229.374
229.246
229.111
228.964
228.804
228.623
228.434
228.073
259.315
257.725
255.672
254.957
254.497
253.649
252.599
251.578
250.605
249.638
248.672
247.722
246.796
245.895
245.019
244.175
243.368
242.605
241.893
241.235
240.632
240.081
239.578
239.111
238.673
238.253
237.845
237.446
237.054
236.674
236.311
235.97
235.657
235.375
235.122
234.894
234.686
234.491
234.3
234.107
233.908
233.702
233.49
233.275
233.064
232.86
232.67
232.495
232.339
232.199
232.074
231.959
231.849
231.74
231.628
231.51
231.385
231.251
231.111
230.966
230.819
230.673
230.53
230.392
230.258
230.13
230.006
229.884
229.763
229.64
229.512
229.378
229.23
229.088
228.778
254.896
253.726
252.116
251.818
251.758
251.3
250.619
249.934
249.265
248.571
247.849
247.113
246.373
245.633
244.895
244.168
243.461
242.781
242.14
241.541
240.988
240.481
240.015
239.582
239.173
238.779
238.394
238.013
237.637
237.269
236.914
236.579
236.269
235.988
235.736
235.51
235.304
235.111
234.922
234.73
234.529
234.316
234.091
233.859
233.624
233.393
233.174
232.972
232.792
232.635
232.5
232.384
232.283
232.189
232.099
232.005
231.904
231.794
231.674
231.545
231.409
231.27
231.13
230.994
230.864
230.74
230.624
230.516
230.413
230.316
230.222
230.131
230.038
229.964
229.791
251.555
250.649
249.337
249.31
249.507
249.308
248.879
248.432
247.983
247.493
246.957
246.389
245.799
245.192
244.572
243.948
243.331
242.732
242.162
241.626
241.129
240.672
240.249
239.853
239.476
239.109
238.746
238.384
238.023
237.666
237.319
236.991
236.686
236.41
236.163
235.944
235.747
235.564
235.387
235.206
235.016
234.812
234.593
234.361
234.123
233.885
233.655
233.439
233.245
233.074
232.929
232.806
232.702
232.611
232.526
232.441
232.349
232.249
232.136
232.012
231.879
231.739
231.598
231.459
231.327
231.205
231.096
231
230.919
230.851
230.796
230.755
230.729
230.718
230.745
249.17
248.407
247.286
247.425
247.786
247.759
247.509
247.237
246.957
246.627
246.241
245.814
245.352
244.862
244.347
243.819
243.288
242.766
242.264
241.789
241.346
240.935
240.553
240.193
239.846
239.505
239.164
238.82
238.475
238.132
237.797
237.478
237.182
236.913
236.673
236.459
236.267
236.089
235.915
235.738
235.549
235.345
235.124
234.888
234.643
234.395
234.154
233.927
233.722
233.542
233.39
233.264
233.161
233.075
232.999
232.926
232.849
232.763
232.664
232.552
232.428
232.295
232.158
232.02
231.888
231.767
231.659
231.568
231.494
231.439
231.403
231.384
231.39
231.397
231.52
247.353
246.64
245.591
245.805
246.244
246.31
246.163
245.998
245.827
245.606
245.328
245.005
244.645
244.25
243.826
243.383
242.931
242.483
242.049
241.638
241.253
240.895
240.561
240.243
239.935
239.629
239.319
239.003
238.683
238.362
238.047
237.746
237.466
237.211
236.983
236.781
236.598
236.428
236.262
236.091
235.908
235.709
235.492
235.258
235.014
234.765
234.522
234.292
234.083
233.899
233.744
233.616
233.514
233.43
233.359
233.293
233.224
233.147
233.058
232.956
232.84
232.713
232.581
232.448
232.32
232.203
232.101
232.016
231.953
231.91
231.889
231.887
231.913
231.936
232.072
246.601
245.881
244.877
245.101
245.549
245.644
245.543
245.434
245.324
245.169
244.96
244.707
244.416
244.088
243.729
243.347
242.954
242.56
242.178
241.813
241.471
241.152
240.852
240.565
240.284
240.002
239.713
239.415
239.11
238.803
238.5
238.209
237.936
237.687
237.464
237.264
237.083
236.915
236.749
236.579
236.396
236.197
235.979
235.744
235.498
235.247
234.999
234.764
234.549
234.36
234.199
234.066
233.96
233.874
233.802
233.737
233.671
233.598
233.514
233.416
233.305
233.183
233.054
232.925
232.799
232.684
232.584
232.503
232.443
232.405
232.391
232.395
232.427
232.456
232.59
245.888
245.071
243.959
244.097
244.482
244.542
244.431
244.331
244.248
244.135
243.98
243.79
243.567
243.311
243.026
242.717
242.397
242.074
241.759
241.459
241.178
240.916
240.669
240.431
240.194
239.952
239.701
239.437
239.163
238.883
238.605
238.336
238.082
237.85
237.641
237.453
237.284
237.125
236.97
236.809
236.635
236.444
236.235
236.008
235.769
235.524
235.282
235.05
234.838
234.649
234.489
234.356
234.249
234.164
234.093
234.03
233.968
233.899
233.821
233.729
233.624
233.508
233.386
233.262
233.142
233.032
232.937
232.861
232.806
232.774
232.765
232.775
232.812
232.846
232.985
246.639
245.713
244.56
244.575
244.831
244.795
244.615
244.466
244.351
244.221
244.063
243.879
243.672
243.438
243.178
242.898
242.608
242.316
242.032
241.762
241.509
241.273
241.05
240.833
240.616
240.391
240.154
239.903
239.64
239.37
239.098
238.834
238.583
238.351
238.141
237.951
237.779
237.617
237.458
237.294
237.118
236.926
236.716
236.488
236.248
236.001
235.756
235.521
235.303
235.109
234.942
234.802
234.689
234.596
234.52
234.452
234.386
234.315
234.235
234.143
234.039
233.925
233.804
233.681
233.562
233.453
233.359
233.284
233.23
233.199
233.19
233.202
233.239
233.272
233.411
246.557
245.312
243.787
243.538
243.622
243.481
243.246
243.083
242.985
242.899
242.803
242.693
242.567
242.417
242.243
242.048
241.841
241.628
241.419
241.22
241.033
240.858
240.691
240.527
240.358
240.178
239.983
239.771
239.544
239.306
239.064
238.825
238.598
238.386
238.193
238.018
237.859
237.708
237.56
237.406
237.241
237.058
236.858
236.64
236.409
236.172
235.935
235.706
235.494
235.304
235.14
235.002
234.89
234.799
234.725
234.659
234.595
234.528
234.452
234.365
234.265
234.156
234.04
233.922
233.808
233.703
233.613
233.542
233.491
233.463
233.458
233.472
233.513
233.549
233.692
249.382
247.716
245.928
245.282
244.979
244.537
244.078
243.747
243.528
243.361
243.215
243.082
242.948
242.804
242.644
242.468
242.281
242.091
241.903
241.723
241.553
241.393
241.239
241.084
240.924
240.75
240.56
240.353
240.129
239.893
239.653
239.414
239.185
238.969
238.77
238.588
238.42
238.26
238.101
237.937
237.761
237.57
237.36
237.135
236.897
236.652
236.408
236.172
235.953
235.756
235.584
235.44
235.32
235.222
235.14
235.068
234.999
234.926
234.846
234.754
234.651
234.538
234.419
234.298
234.18
234.072
233.979
233.904
233.85
233.819
233.811
233.822
233.859
233.892
234.031
249.234
246.581
243.957
243.034
242.696
242.281
241.894
241.677
241.594
241.567
241.559
241.559
241.553
241.53
241.483
241.413
241.326
241.227
241.124
241.021
240.921
240.825
240.729
240.628
240.516
240.387
240.239
240.071
239.884
239.684
239.477
239.269
239.068
238.879
238.703
238.542
238.391
238.245
238.099
237.945
237.779
237.595
237.394
237.175
236.944
236.706
236.469
236.241
236.029
235.839
235.674
235.536
235.423
235.331
235.255
235.188
235.123
235.055
234.979
234.891
234.791
234.681
234.564
234.445
234.33
234.223
234.131
234.058
234.006
233.976
233.969
233.982
234.021
234.055
234.196
255.221
250.277
246.425
244.513
243.471
242.657
242.073
241.78
241.71
241.753
241.837
241.929
242.008
242.061
242.081
242.068
242.026
241.964
241.888
241.805
241.719
241.629
241.534
241.429
241.309
241.17
241.009
240.827
240.627
240.414
240.194
239.975
239.763
239.563
239.377
239.204
239.04
238.88
238.718
238.547
238.363
238.16
237.94
237.702
237.453
237.198
236.945
236.703
236.478
236.277
236.103
235.956
235.836
235.737
235.655
235.582
235.512
235.437
235.353
235.258
235.15
235.032
234.906
234.778
234.653
234.538
234.437
234.355
234.295
234.258
234.244
234.25
234.281
234.31
234.432
251.142
245.972
242.257
240.629
239.931
239.527
239.294
239.248
239.379
239.619
239.897
240.168
240.408
240.605
240.756
240.861
240.928
240.966
240.984
240.988
240.981
240.964
240.934
240.887
240.817
240.722
240.601
240.454
240.286
240.104
239.914
239.724
239.542
239.371
239.213
239.066
238.927
238.788
238.644
238.488
238.314
238.119
237.904
237.67
237.423
237.17
236.92
236.682
236.462
236.267
236.1
235.963
235.851
235.762
235.689
235.624
235.561
235.492
235.413
235.321
235.215
235.098
234.973
234.845
234.721
234.605
234.504
234.423
234.363
234.327
234.314
234.322
234.355
234.386
234.5
243.577
235.897
234.342
234.102
234.54
235.285
236.246
237.346
238.409
239.318
240.063
240.675
241.167
241.54
241.803
241.975
242.079
242.132
242.152
242.149
242.129
242.093
242.039
241.964
241.862
241.731
241.572
241.386
241.179
240.959
240.735
240.515
240.306
240.113
239.935
239.771
239.615
239.46
239.298
239.121
238.925
238.706
238.464
238.203
237.929
237.65
237.375
237.114
236.874
236.663
236.484
236.336
236.219
236.124
236.045
235.975
235.905
235.829
235.741
235.638
235.521
235.392
235.253
235.112
234.974
234.846
234.733
234.639
234.568
234.521
234.499
234.499
234.526
234.553
234.674
222.294
221.711
217.764
221.986
227.268
230.015
231.531
233.153
234.872
236.351
237.524
238.473
239.249
239.861
240.32
240.653
240.892
241.062
241.186
241.275
241.338
241.377
241.389
241.37
241.317
241.226
241.099
240.94
240.756
240.557
240.353
240.154
239.968
239.799
239.648
239.511
239.382
239.251
239.111
238.953
238.771
238.561
238.326
238.068
237.795
237.516
237.242
236.982
236.745
236.538
236.364
236.223
236.111
236.024
235.955
235.894
235.834
235.766
235.684
235.588
235.475
235.348
235.212
235.072
234.935
234.807
234.694
234.6
234.529
234.481
234.46
234.46
234.492
234.516
234.703
207.166
214.892
217.172
223.136
228.808
231.979
233.894
235.688
237.391
238.772
239.82
240.632
241.265
241.731
242.051
242.253
242.372
242.436
242.467
242.476
242.47
242.449
242.408
242.341
242.241
242.106
241.934
241.731
241.505
241.266
241.026
240.794
240.581
240.388
240.218
240.064
239.921
239.777
239.623
239.45
239.251
239.023
238.767
238.486
238.19
237.888
237.592
237.311
237.056
236.833
236.646
236.495
236.376
236.284
236.21
236.144
236.078
236.004
235.917
235.813
235.692
235.557
235.411
235.261
235.113
234.973
234.847
234.74
234.654
234.592
234.553
234.535
234.537
234.548
234.585
217.876
221.056
222.096
224.928
228.118
230.485
232.26
233.87
235.379
236.696
237.794
238.699
239.432
240.006
240.439
240.756
240.987
241.157
241.287
241.39
241.471
241.531
241.564
241.565
241.527
241.446
241.323
241.162
240.974
240.769
240.56
240.358
240.172
240.008
239.864
239.737
239.619
239.499
239.368
239.215
239.034
238.822
238.579
238.309
238.021
237.726
237.435
237.158
236.907
236.688
236.505
236.359
236.245
236.157
236.088
236.028
235.967
235.899
235.817
235.719
235.603
235.471
235.328
235.18
235.033
234.892
234.764
234.653
234.563
234.494
234.448
234.421
234.409
234.41
234.399
224.122
225.828
227.366
229.505
231.808
233.791
235.444
236.922
238.271
239.454
240.442
241.235
241.85
242.303
242.616
242.817
242.935
242.998
243.026
243.034
243.026
243.002
242.956
242.881
242.771
242.622
242.435
242.213
241.967
241.708
241.448
241.198
240.967
240.76
240.577
240.412
240.259
240.107
239.946
239.765
239.557
239.319
239.051
238.758
238.447
238.128
237.814
237.516
237.243
237.002
236.799
236.632
236.5
236.395
236.31
236.235
236.162
236.082
235.991
235.883
235.758
235.619
235.468
235.311
235.154
235.003
234.864
234.741
234.639
234.558
234.5
234.462
234.441
234.433
234.427
227.974
228.927
229.325
231.087
233.137
234.795
236.151
237.39
238.535
239.539
240.379
241.055
241.58
241.966
242.231
242.398
242.493
242.538
242.552
242.546
242.529
242.5
242.452
242.379
242.274
242.132
241.954
241.745
241.513
241.269
241.025
240.791
240.576
240.383
240.213
240.06
239.918
239.777
239.627
239.457
239.261
239.036
238.78
238.499
238.201
237.893
237.589
237.299
237.033
236.798
236.599
236.435
236.304
236.201
236.117
236.045
235.974
235.898
235.81
235.707
235.588
235.454
235.308
235.155
235.001
234.852
234.714
234.593
234.491
234.411
234.355
234.32
234.307
234.302
234.342
235.403
235.517
235.55
236.69
238.067
239.156
240.063
240.934
241.761
242.485
243.082
243.552
243.9
244.134
244.266
244.319
244.313
244.27
244.204
244.122
244.027
243.92
243.795
243.646
243.469
243.259
243.019
242.754
242.47
242.178
241.889
241.611
241.353
241.116
240.903
240.707
240.524
240.343
240.155
239.951
239.725
239.472
239.192
238.89
238.572
238.246
237.924
237.616
237.332
237.078
236.858
236.674
236.522
236.399
236.295
236.204
236.117
236.026
235.926
235.812
235.682
235.539
235.385
235.224
235.062
234.905
234.759
234.63
234.521
234.436
234.374
234.335
234.319
234.314
234.358
239.205
238.861
238.212
239.083
240.303
241.191
241.874
242.53
243.155
243.689
244.112
244.425
244.634
244.747
244.774
244.733
244.641
244.517
244.375
244.223
244.063
243.895
243.715
243.518
243.301
243.06
242.798
242.517
242.225
241.928
241.636
241.355
241.093
240.851
240.63
240.427
240.236
240.048
239.855
239.649
239.424
239.176
238.904
238.611
238.304
237.989
237.678
237.378
237.101
236.851
236.634
236.45
236.297
236.171
236.065
235.972
235.884
235.793
235.694
235.582
235.456
235.316
235.165
235.008
234.849
234.695
234.553
234.427
234.321
234.239
234.181
234.147
234.137
234.136
234.193
245.422
244.73
243.919
244.39
245.152
245.623
245.929
246.237
246.539
246.779
246.937
247.016
247.021
246.958
246.834
246.663
246.457
246.226
245.981
245.727
245.467
245.202
244.93
244.647
244.352
244.043
243.721
243.389
243.05
242.71
242.376
242.053
241.747
241.46
241.193
240.944
240.707
240.478
240.247
240.008
239.755
239.483
239.193
238.885
238.564
238.237
237.914
237.602
237.31
237.044
236.809
236.605
236.432
236.286
236.16
236.049
235.944
235.838
235.726
235.603
235.467
235.319
235.16
234.996
234.83
234.67
234.522
234.391
234.28
234.193
234.132
234.093
234.08
234.077
234.132
249.324
248.44
247.289
247.538
248.104
248.36
248.439
248.517
248.595
248.62
248.578
248.474
248.314
248.102
247.844
247.549
247.228
246.89
246.543
246.191
245.838
245.487
245.137
244.787
244.435
244.081
243.723
243.362
243
242.64
242.287
241.943
241.615
241.305
241.014
240.741
240.483
240.235
239.99
239.742
239.485
239.214
238.928
238.626
238.314
237.995
237.679
237.372
237.082
236.816
236.578
236.37
236.191
236.038
235.906
235.789
235.679
235.57
235.456
235.332
235.197
235.049
234.892
234.729
234.566
234.409
234.263
234.134
234.026
233.942
233.882
233.845
233.835
233.833
233.896
254.972
253.844
252.543
252.477
252.682
252.598
252.356
252.123
251.903
251.649
251.351
251.018
250.657
250.268
249.854
249.416
248.96
248.493
248.021
247.548
247.081
246.622
246.175
245.738
245.311
244.891
244.476
244.064
243.655
243.249
242.851
242.461
242.086
241.729
241.391
241.074
240.775
240.491
240.215
239.941
239.664
239.377
239.079
238.768
238.447
238.12
237.795
237.477
237.176
236.896
236.642
236.417
236.22
236.049
235.9
235.766
235.641
235.518
235.391
235.256
235.111
234.955
234.791
234.623
234.454
234.292
234.142
234.009
233.896
233.806
233.74
233.697
233.68
233.672
233.733
259.363
258.023
256.432
256.11
256.06
255.717
255.212
254.719
254.245
253.752
253.23
252.693
252.146
251.591
251.026
250.451
249.868
249.281
248.695
248.118
247.553
247.008
246.484
245.983
245.501
245.035
244.58
244.133
243.691
243.254
242.823
242.402
241.995
241.607
241.241
240.898
240.576
240.274
239.984
239.702
239.419
239.13
238.832
238.524
238.205
237.882
237.558
237.242
236.939
236.657
236.399
236.168
235.965
235.786
235.629
235.486
235.352
235.221
235.087
234.946
234.795
234.636
234.47
234.3
234.133
233.972
233.823
233.69
233.577
233.485
233.414
233.365
233.341
233.326
233.385
264.995
263.377
261.578
260.923
260.508
259.82
258.99
258.185
257.415
256.646
255.873
255.106
254.349
253.6
252.856
252.113
251.373
250.639
249.916
249.213
248.536
247.89
247.278
246.7
246.15
245.624
245.114
244.616
244.126
243.641
243.165
242.7
242.251
241.823
241.42
241.044
240.693
240.365
240.053
239.75
239.45
239.147
238.837
238.518
238.191
237.86
237.531
237.209
236.901
236.614
236.35
236.112
235.9
235.711
235.541
235.384
235.235
235.087
234.936
234.779
234.615
234.443
234.267
234.09
233.917
233.751
233.598
233.459
233.337
233.233
233.148
233.081
233.035
233.003
233.02
269.749
267.818
265.667
264.666
263.915
262.908
261.777
260.688
259.653
258.641
257.646
256.676
255.735
254.816
253.913
253.025
252.151
251.295
250.465
249.666
248.907
248.191
247.519
246.888
246.292
245.724
245.175
244.639
244.113
243.595
243.087
242.594
242.121
241.672
241.25
240.858
240.493
240.15
239.825
239.509
239.197
238.882
238.56
238.232
237.899
237.565
237.234
236.914
236.609
236.325
236.064
235.828
235.614
235.42
235.241
235.073
234.909
234.746
234.58
234.409
234.234
234.055
233.875
233.697
233.525
233.362
233.209
233.069
232.941
232.827
232.725
232.635
232.556
232.499
232.401
275.63
273.317
270.844
269.409
268.203
266.78
265.273
263.838
262.485
261.181
259.919
258.702
257.532
256.4
255.301
254.233
253.198
252.2
251.247
250.344
249.497
248.706
247.97
247.282
246.633
246.014
245.418
244.837
244.268
243.712
243.171
242.649
242.15
241.679
241.238
240.826
240.442
240.078
239.731
239.392
239.057
238.721
238.382
238.041
237.701
237.365
237.039
236.727
236.434
236.161
235.91
235.679
235.465
235.266
235.076
234.891
234.708
234.523
234.335
234.145
233.953
233.761
233.572
233.387
233.21
233.04
232.879
232.726
232.582
232.445
232.313
232.186
232.058
231.947
231.722
280.213
277.507
274.606
272.753
271.159
269.386
267.564
265.843
264.231
262.694
261.222
259.816
258.473
257.183
255.943
254.75
253.607
252.518
251.489
250.523
249.622
248.783
248.002
247.27
246.577
245.915
245.278
244.661
244.062
243.483
242.927
242.397
241.896
241.425
240.985
240.571
240.181
239.806
239.443
239.086
238.73
238.375
238.02
237.668
237.322
236.986
236.663
236.357
236.069
235.799
235.547
235.309
235.084
234.868
234.658
234.452
234.248
234.046
233.845
233.648
233.454
233.266
233.084
232.91
232.743
232.583
232.429
232.281
232.137
231.994
231.851
231.707
231.555
231.409
231.131
286.095
282.881
279.532
277.065
274.852
272.547
270.269
268.146
266.173
264.316
262.558
260.896
259.325
257.837
256.427
255.094
253.841
252.67
251.582
250.575
249.645
248.783
247.981
247.226
246.51
245.823
245.162
244.522
243.904
243.309
242.74
242.197
241.683
241.196
240.733
240.291
239.867
239.455
239.054
238.66
238.274
237.897
237.53
237.176
236.838
236.516
236.213
235.927
235.659
235.407
235.167
234.938
234.717
234.503
234.293
234.088
233.886
233.689
233.496
233.309
233.127
232.951
232.781
232.617
232.459
232.304
232.154
232.005
231.857
231.709
231.558
231.403
231.239
231.072
230.791
289.767
286.35
282.602
279.636
276.933
274.19
271.521
269.054
266.795
264.709
262.777
260.984
259.317
257.762
256.307
254.947
253.677
252.493
251.391
250.364
249.403
248.499
247.644
246.83
246.053
245.309
244.597
243.918
243.274
242.665
242.091
241.552
241.045
240.567
240.113
239.68
239.265
238.864
238.476
238.101
237.739
237.39
237.055
236.734
236.429
236.138
235.861
235.596
235.342
235.097
234.86
234.629
234.405
234.186
233.973
233.766
233.565
233.37
233.182
233
232.825
232.656
232.493
232.335
232.181
232.031
231.885
231.74
231.597
231.454
231.309
231.161
231.008
230.847
230.607
294.997
290.727
286.096
282.102
278.549
275.214
272.127
269.334
266.807
264.5
262.382
260.433
258.635
256.974
255.437
254.018
252.709
251.502
250.39
249.363
248.411
247.525
246.697
245.919
245.187
244.497
243.846
243.231
242.65
242.101
241.581
241.086
240.613
240.159
239.723
239.301
238.893
238.498
238.117
237.749
237.396
237.058
236.733
236.423
236.126
235.841
235.567
235.303
235.049
234.803
234.565
234.335
234.112
233.896
233.688
233.487
233.293
233.106
232.926
232.752
232.584
232.422
232.265
232.113
231.965
231.821
231.681
231.543
231.409
231.276
231.144
231.012
230.879
230.741
230.558
299.031
293.78
288.026
283.136
278.758
274.694
271.029
267.805
264.978
262.494
260.307
258.377
256.668
255.144
253.777
252.542
251.415
250.38
249.419
248.522
247.678
246.878
246.119
245.397
244.708
244.051
243.425
242.829
242.26
241.717
241.198
240.702
240.227
239.772
239.335
238.915
238.513
238.127
237.757
237.403
237.063
236.738
236.426
236.126
235.838
235.561
235.293
235.035
234.785
234.544
234.312
234.087
233.87
233.661
233.459
233.264
233.076
232.895
232.72
232.551
232.388
232.23
232.077
231.929
231.786
231.647
231.513
231.383
231.257
231.135
231.017
230.902
230.792
230.68
230.559
310.694
297.525
287.79
280.543
274.958
270.547
267.013
264.143
261.772
259.772
258.047
256.527
255.161
253.912
252.755
251.672
250.653
249.689
248.775
247.907
247.083
246.299
245.554
244.846
244.173
243.533
242.924
242.343
241.79
241.262
240.757
240.275
239.813
239.371
238.948
238.543
238.155
237.782
237.425
237.083
236.754
236.437
236.133
235.839
235.557
235.284
235.021
234.768
234.524
234.288
234.061
233.842
233.631
233.428
233.232
233.043
232.86
232.684
232.514
232.349
232.19
232.037
231.888
231.745
231.606
231.472
231.344
231.22
231.102
230.989
230.884
230.786
230.696
230.612
230.545
-40.4147
-34.6513
-26.7417
-20.7039
-15.3671
-9.939
-4.5088
0.784692
5.94755
11.0053
15.9715
20.8418
25.6281
30.3283
34.9567
39.5076
44.0045
48.4659
52.8873
57.2375
61.5299
65.7472
69.9008
73.9715
77.9726
81.8856
85.7247
89.472
93.1421
96.7177
100.214
103.618
106.965
110.278
113.623
116.93
120.196
123.38
126.495
129.526
132.488
135.365
138.172
140.892
143.542
146.108
148.619
151.092
153.578
156.094
158.614
161.085
163.478
165.782
168.014
170.164
172.243
174.249
176.231
178.185
180.151
182.151
184.14
186.041
187.83
189.527
191.255
192.917
194.347
195.956
197.178
199.656
199.716
198.839
198.208
197.747
197.252
196.712
196.166
195.623
195.083
194.545
194.016
193.496
192.992
192.5
192.025
191.556
191.098
190.646
190.206
189.771
189.349
188.932
188.531
188.137
187.762
187.399
187.059
186.733
186.434
186.155
185.917
185.621
185.298
185
184.739
184.495
184.279
184.081
183.916
183.772
183.662
183.575
183.524
183.498
183.52
183.577
183.514
183.384
183.351
183.373
183.428
183.506
183.625
183.772
183.961
184.182
184.5
184.779
184.838
184.886
185.117
185.423
185.768
186.161
186.816
187.017
186.934
187.109
110.214
112.48
114.142
115.478
116.858
118.298
119.736
121.169
122.601
124.04
125.482
126.931
128.387
129.85
131.322
132.803
134.295
135.795
137.304
138.815
140.331
141.847
143.366
144.882
146.4
147.912
149.426
150.932
152.437
153.932
155.424
156.904
158.37
159.872
161.418
162.933
164.45
165.96
167.468
168.962
170.451
171.922
173.385
174.827
176.258
177.666
179.06
180.428
181.891
183.411
184.884
186.333
187.773
189.183
190.572
191.926
193.256
194.55
195.809
197.077
198.504
199.969
201.347
202.661
203.929
205.129
206.238
207.511
208.962
210.058
203.993
204.502
204.737
204.884
205.064
205.265
205.465
205.663
205.862
206.063
206.263
206.464
206.665
206.865
207.065
207.262
207.457
207.646
207.833
208.014
208.197
208.376
208.56
208.742
208.932
209.122
209.322
209.524
209.74
209.96
210.196
210.44
210.696
210.931
211.146
211.345
211.559
211.78
212.017
212.259
212.518
212.784
213.07
213.365
213.68
214.008
214.358
214.701
215.024
215.293
215.552
215.831
216.141
216.466
216.817
217.183
217.578
217.994
218.431
218.853
219.243
219.557
219.88
220.252
220.685
221.162
221.634
222.13
222.584
222.948
157.546
158.562
159.667
160.679
161.659
162.65
163.64
164.628
165.61
166.59
167.566
168.541
169.513
170.483
171.452
172.419
173.387
174.351
175.316
176.276
177.239
178.197
179.159
180.116
181.078
182.035
182.997
183.954
184.916
185.873
186.835
187.793
188.751
189.711
190.67
191.61
192.559
193.507
194.46
195.407
196.36
197.308
198.261
199.21
200.165
201.117
202.075
203.02
203.984
204.927
205.852
206.783
207.727
208.668
209.615
210.56
211.514
212.47
213.427
214.376
215.351
216.28
217.191
218.12
219.075
220.042
220.97
221.989
223.019
223.86
201.351
201.852
202.392
202.89
203.372
203.856
204.336
204.814
205.286
205.756
206.222
206.687
207.149
207.611
208.072
208.531
208.99
209.443
209.896
210.343
210.791
211.234
211.679
212.119
212.563
213.004
213.451
213.895
214.348
214.799
215.261
215.724
216.195
216.647
217.082
217.502
217.934
218.367
218.81
219.251
219.704
220.158
220.624
221.093
221.576
222.064
222.569
223.066
223.536
223.955
224.368
224.797
225.247
225.705
226.18
226.667
227.175
227.699
228.246
228.769
229.234
229.626
230.036
230.497
231.011
231.571
232.147
232.689
233.178
233.587
181.468
182.204
183.123
183.984
184.806
185.631
186.454
187.274
188.087
188.895
189.7
190.501
191.299
192.094
192.886
193.676
194.465
195.249
196.034
196.814
197.596
198.375
199.159
199.938
200.723
201.505
202.291
203.075
203.863
204.649
205.441
206.231
207.023
207.81
208.591
209.357
210.133
210.907
211.687
212.464
213.246
214.026
214.813
215.597
216.389
217.18
217.98
218.77
219.56
220.322
221.073
221.833
222.606
223.379
224.161
224.945
225.74
226.542
227.351
228.147
228.933
229.672
230.409
231.173
231.967
232.784
233.587
234.42
235.246
235.928
204.357
204.837
205.471
206.071
206.642
207.208
207.774
208.336
208.895
209.454
210.013
210.572
211.133
211.696
212.262
212.827
213.394
213.959
214.525
215.087
215.651
216.21
216.772
217.329
217.89
218.447
219.008
219.567
220.132
220.695
221.266
221.837
222.413
222.976
223.526
224.063
224.61
225.157
225.711
226.263
226.823
227.383
227.952
228.522
229.102
229.684
230.28
230.867
231.437
231.967
232.491
233.028
233.58
234.137
234.707
235.284
235.877
236.482
237.101
237.702
238.264
238.768
239.284
239.838
240.433
241.062
241.697
242.317
242.909
243.397
197.917
198.503
199.313
200.08
200.805
201.526
202.246
202.96
203.67
204.376
205.081
205.785
206.487
207.187
207.886
208.582
209.279
209.971
210.666
211.357
212.052
212.744
213.443
214.139
214.841
215.541
216.247
216.95
217.659
218.366
219.08
219.793
220.508
221.216
221.918
222.607
223.305
224.001
224.704
225.403
226.109
226.813
227.523
228.233
228.95
229.667
230.394
231.111
231.823
232.508
233.184
233.869
234.567
235.265
235.973
236.684
237.406
238.136
238.874
239.598
240.304
240.967
241.632
242.324
243.046
243.791
244.529
245.282
246.027
246.64
211.884
212.319
212.966
213.583
214.16
214.727
215.294
215.856
216.417
216.98
217.548
218.12
218.696
219.277
219.863
220.45
221.042
221.634
222.229
222.822
223.418
224.012
224.608
225.201
225.798
226.392
226.99
227.586
228.187
228.787
229.393
230
230.611
231.212
231.804
232.385
232.974
233.563
234.158
234.751
235.351
235.951
236.558
237.166
237.782
238.4
239.028
239.649
240.257
240.835
241.407
241.988
242.582
243.179
243.787
244.4
245.026
245.661
246.306
246.937
247.538
248.094
248.657
249.25
249.877
250.532
251.187
251.839
252.475
252.993
212.272
212.747
213.471
214.158
214.799
215.425
216.048
216.664
217.277
217.889
218.505
219.122
219.742
220.361
220.983
221.604
222.229
222.852
223.481
224.108
224.742
225.376
226.016
226.656
227.302
227.947
228.598
229.248
229.904
230.559
231.22
231.881
232.545
233.203
233.855
234.497
235.146
235.794
236.448
237.101
237.759
238.417
239.081
239.745
240.416
241.089
241.769
242.442
243.11
243.754
244.391
245.035
245.691
246.349
247.016
247.688
248.37
249.059
249.756
250.441
251.108
251.739
252.371
253.028
253.714
254.421
255.119
255.832
256.543
257.123
222.916
223.294
223.914
224.5
225.037
225.553
226.067
226.575
227.086
227.598
228.119
228.644
229.178
229.715
230.26
230.808
231.365
231.924
232.492
233.061
233.638
234.216
234.801
235.385
235.975
236.565
237.159
237.753
238.352
238.95
239.554
240.159
240.766
241.366
241.96
242.545
243.136
243.727
244.323
244.919
245.519
246.12
246.727
247.335
247.949
248.566
249.19
249.808
250.418
251.005
251.585
252.173
252.771
253.373
253.984
254.599
255.225
255.859
256.502
257.131
257.74
258.315
258.892
259.494
260.124
260.778
261.428
262.087
262.743
263.266
226.735
227.068
227.647
228.186
228.676
229.152
229.632
230.114
230.608
231.113
231.635
232.168
232.718
233.276
233.848
234.427
235.018
235.613
236.217
236.821
237.432
238.042
238.658
239.272
239.891
240.509
241.131
241.752
242.378
243.003
243.632
244.262
244.893
245.519
246.14
246.753
247.37
247.987
248.608
249.229
249.853
250.478
251.107
251.737
252.373
253.01
253.653
254.289
254.92
255.534
256.138
256.749
257.368
257.989
258.618
259.251
259.892
260.54
261.192
261.835
262.462
263.061
263.657
264.274
264.913
265.572
266.225
266.889
267.554
268.079
237.024
237.295
237.786
238.245
238.662
239.074
239.502
239.944
240.406
240.884
241.381
241.891
242.417
242.95
243.494
244.042
244.596
245.149
245.706
246.261
246.818
247.373
247.931
248.487
249.046
249.603
250.163
250.722
251.284
251.845
252.41
252.975
253.541
254.101
254.659
255.207
255.759
256.311
256.868
257.422
257.982
258.541
259.106
259.67
260.24
260.812
261.39
261.961
262.528
263.079
263.623
264.171
264.729
265.289
265.856
266.426
267.006
267.592
268.183
268.763
269.333
269.876
270.42
270.982
271.568
272.173
272.771
273.385
274.007
274.487
243.039
243.398
243.987
244.546
245.062
245.578
246.102
246.631
247.163
247.698
248.235
248.77
249.306
249.837
250.369
250.895
251.423
251.944
252.468
252.986
253.507
254.023
254.543
255.058
255.577
256.092
256.613
257.129
257.65
258.168
258.693
259.214
259.738
260.256
260.776
261.284
261.798
262.31
262.827
263.341
263.861
264.379
264.903
265.426
265.955
266.483
267.018
267.545
268.074
268.589
269.099
269.609
270.13
270.651
271.181
271.712
272.253
272.797
273.346
273.886
274.423
274.938
275.448
275.972
276.518
277.077
277.628
278.203
278.791
279.24
255.618
255.975
256.568
257.14
257.664
258.176
258.68
259.176
259.662
260.139
260.61
261.072
261.532
261.985
262.438
262.884
263.331
263.771
264.214
264.651
265.09
265.523
265.96
266.391
266.826
267.256
267.691
268.12
268.555
268.985
269.42
269.85
270.284
270.711
271.141
271.56
271.984
272.404
272.829
273.25
273.677
274.1
274.529
274.955
275.387
275.817
276.253
276.68
277.11
277.53
277.945
278.358
278.78
279.202
279.63
280.059
280.496
280.934
281.376
281.808
282.242
282.659
283.072
283.493
283.933
284.38
284.814
285.271
285.74
286.068
261.404
261.679
262.195
262.685
263.131
263.568
264.003
264.432
264.859
265.283
265.708
266.13
266.554
266.974
267.397
267.814
268.234
268.649
269.067
269.479
269.894
270.304
270.717
271.125
271.537
271.944
272.354
272.76
273.17
273.575
273.985
274.392
274.799
275.202
275.61
276.006
276.406
276.802
277.203
277.6
278.002
278.4
278.803
279.203
279.608
280.01
280.418
280.816
281.222
281.621
282.013
282.403
282.8
283.196
283.598
284
284.408
284.817
285.227
285.631
286.043
286.443
286.833
287.23
287.64
288.056
288.46
288.894
289.34
289.652
277.656
277.813
278.187
278.551
278.877
279.189
279.5
279.805
280.112
280.415
280.721
281.024
281.33
281.631
281.934
282.231
282.53
282.824
283.12
283.409
283.701
283.986
284.274
284.556
284.841
285.12
285.401
285.678
285.956
286.23
286.507
286.778
287.05
287.317
287.588
287.85
288.113
288.372
288.634
288.891
289.15
289.405
289.663
289.917
290.174
290.427
290.683
290.93
291.181
291.43
291.671
291.908
292.15
292.389
292.632
292.872
293.117
293.361
293.604
293.838
294.08
294.313
294.538
294.764
295
295.239
295.464
295.713
295.982
296.124
282.264
282.255
282.551
282.836
283.069
283.281
283.491
283.695
283.901
284.105
284.312
284.516
284.725
284.931
285.14
285.346
285.556
285.763
285.975
286.184
286.398
286.609
286.826
287.041
287.262
287.482
287.708
287.933
288.164
288.395
288.634
288.871
289.108
289.352
289.611
289.857
290.107
290.358
290.616
290.875
291.14
291.405
291.678
291.951
292.232
292.514
292.799
293.07
293.369
293.681
293.971
294.254
294.547
294.839
295.137
295.434
295.737
296.038
296.328
296.608
296.942
297.277
297.563
297.841
298.13
298.413
298.64
298.98
299.366
299.557
313.127
312.546
311.922
311.42
310.98
310.57
310.196
309.855
309.55
309.273
309.03
308.813
308.626
308.461
308.325
308.204
308.104
308.029
307.986
307.958
307.951
307.959
307.988
308.03
308.092
308.166
308.259
308.362
308.484
308.617
308.774
308.919
308.949
309.129
309.474
309.694
309.901
310.12
310.358
310.6
310.855
311.114
311.385
311.66
311.953
312.253
312.479
312.502
312.872
313.483
313.824
314.112
314.424
314.742
315.066
315.392
315.74
316.071
316.146
316.096
316.72
317.534
317.891
318.197
318.567
318.813
318.339
319.269
320.495
319.826
-89.0073
-98.5183
-103.061
-109.373
-116.855
-124.151
-130.619
-135.774
-138.955
-138.588
-139.966
-150.799
-153.58
-153.87
-154.941
-156.292
-157.412
-158.319
-159.091
-159.724
-160.209
-160.536
-160.711
-160.725
-160.582
-160.275
-159.804
-159.171
-158.461
-157.631
-155.452
-158.074
-159.705
-158.93
-157.956
-157.239
-156.501
-155.648
-154.715
-153.719
-152.657
-151.527
-150.33
-149.065
-147.736
-146.341
-144.882
-143.358
-141.772
-140.122
-138.412
-136.641
-134.809
-132.918
-130.976
-128.994
-126.98
-124.928
-122.838
-120.758
-118.887
-115.899
-114.602
-113.23
-111.201
-109.085
-107.03
-104.969
-102.873
-100.754
-98.6175
-96.4658
-94.2997
-92.1208
-89.9312
-87.7324
-85.526
-83.3135
-81.0966
-78.8765
-76.6546
-74.4324
-72.211
-69.9918
-67.7759
-65.5637
-63.3565
-61.1545
-58.9594
-56.7711
-54.5913
-52.42
-50.2583
-48.1063
-45.9646
-43.8337
-41.735
-39.666
-37.209
-32.3257
268.441
269.495
269.988
270.672
271.447
272.13
272.624
272.847
272.791
272.602
272.051
271.462
271.299
271.131
270.815
270.389
269.876
269.28
268.597
267.83
266.979
266.049
265.041
263.958
262.802
261.577
260.283
258.923
257.498
256.125
254.77
253.425
252.356
251.405
250.396
249.329
248.226
247.096
245.938
244.753
243.543
242.312
241.058
239.788
238.5
237.198
235.883
234.558
233.223
231.883
230.537
229.189
227.839
226.49
225.148
223.83
222.54
221.28
220.046
218.838
217.712
216.6
215.393
214.36
213.464
212.586
211.714
210.864
210.044
209.252
208.487
207.75
207.041
206.363
205.714
205.096
204.509
203.954
203.431
202.941
202.484
202.061
201.672
201.313
200.976
200.661
200.366
200.091
199.834
199.594
199.37
199.16
198.963
198.779
198.605
198.441
198.286
198.138
198.04
197.49
92.1712
90.7131
89.415
88.0439
86.6634
85.3482
84.1276
83.0264
82.0743
81.2631
80.4877
79.7379
78.981
78.2806
77.6414
77.0549
76.5169
76.0295
75.591
75.2018
74.8594
74.5645
74.3144
74.11
73.9485
73.8305
73.7535
73.7178
73.721
73.7716
73.8019
73.8243
73.8525
73.9122
74.0082
74.1377
74.2963
74.4854
74.7028
74.9492
75.2219
75.5217
75.8462
76.196
76.5688
76.9652
77.383
77.8228
78.2824
78.7623
79.2603
79.777
80.3102
80.8605
81.4255
82.0056
82.5982
83.2032
83.8183
84.4428
85.0831
85.7104
86.3388
86.9871
87.6468
88.3108
88.9767
89.6453
90.3146
90.9839
91.6511
92.3158
92.9761
93.6313
94.2797
94.9206
95.5526
96.1749
96.7862
97.3857
97.9722
98.5449
99.1025
99.6493
100.191
100.73
101.271
101.818
102.374
102.936
103.507
104.087
104.677
105.278
105.892
106.519
107.16
107.817
108.503
108.707
186.714
187.148
187.517
187.934
188.368
188.782
189.162
189.496
189.769
189.988
190.201
190.452
190.722
190.969
191.193
191.4
191.59
191.765
191.923
192.065
192.19
192.3
192.393
192.472
192.535
192.584
192.619
192.639
192.646
192.641
192.653
192.703
192.78
192.853
192.913
192.966
193.013
193.056
193.093
193.127
193.156
193.181
193.204
193.224
193.241
193.257
193.272
193.286
193.3
193.314
193.328
193.344
193.362
193.381
193.403
193.428
193.457
193.489
193.526
193.568
193.616
193.679
193.758
193.857
193.966
194.078
194.197
194.323
194.457
194.6
194.751
194.912
195.083
195.265
195.457
195.661
195.876
196.104
196.345
196.598
196.866
197.148
197.444
197.756
198.084
198.428
198.783
199.146
199.516
199.891
200.268
200.645
201.023
201.401
201.779
202.156
202.53
202.901
203.278
203.588
134.652
134.107
133.615
133.103
132.596
132.114
131.665
131.252
130.885
130.561
130.255
129.963
129.682
129.424
129.19
128.978
128.788
128.621
128.475
128.351
128.248
128.168
128.108
128.07
128.052
128.055
128.078
128.122
128.186
128.271
128.36
128.458
128.566
128.689
128.83
128.988
129.162
129.353
129.558
129.778
130.014
130.264
130.527
130.805
131.096
131.4
131.717
132.046
132.387
132.739
133.103
133.477
133.862
134.257
134.661
135.075
135.497
135.928
136.367
136.814
137.268
137.724
138.189
138.662
139.139
139.621
140.107
140.598
141.092
141.59
142.091
142.594
143.099
143.606
144.114
144.623
145.132
145.641
146.149
146.656
147.161
147.665
148.166
148.665
149.16
149.651
150.138
150.62
151.096
151.573
152.057
152.55
153.049
153.555
154.07
154.594
155.129
155.671
156.237
156.666
158.361
158.642
158.91
159.197
159.499
159.805
160.114
160.422
160.727
161.027
161.332
161.651
161.979
162.309
162.642
162.979
163.321
163.666
164.014
164.367
164.722
165.081
165.443
165.808
166.176
166.547
166.921
167.297
167.676
168.058
168.448
168.851
169.265
169.683
170.104
170.528
170.955
171.387
171.821
172.26
172.701
173.146
173.594
174.046
174.499
174.957
175.416
175.879
176.343
176.811
177.281
177.753
178.227
178.703
179.181
179.661
180.142
180.625
181.109
181.594
182.08
182.568
183.06
183.556
184.053
184.549
185.045
185.542
186.038
186.535
187.031
187.527
188.024
188.52
189.015
189.511
190.007
190.502
190.997
191.492
191.987
192.481
192.976
193.471
193.966
194.461
194.956
195.451
195.946
196.44
196.927
197.405
197.875
198.335
198.786
199.227
199.655
200.068
200.478
200.812
142.032
141.937
141.867
141.792
141.725
141.675
141.644
141.632
141.643
141.677
141.722
141.776
141.841
141.922
142.02
142.132
142.259
142.402
142.56
142.732
142.92
143.122
143.338
143.569
143.814
144.074
144.348
144.636
144.937
145.253
145.577
145.908
146.249
146.602
146.967
147.344
147.733
148.134
148.545
148.968
149.4
149.843
150.295
150.756
151.227
151.706
152.193
152.689
153.192
153.702
154.219
154.743
155.273
155.809
156.35
156.896
157.447
158.003
158.562
159.125
159.691
160.257
160.827
161.399
161.972
162.546
163.121
163.697
164.273
164.849
165.424
165.997
166.57
167.141
167.711
168.277
168.842
169.403
169.962
170.517
171.069
171.617
172.16
172.7
173.234
173.764
174.288
174.806
175.319
175.825
176.329
176.831
177.333
177.833
178.333
178.832
179.333
179.831
180.345
180.765
145.25
145.501
145.756
146.024
146.306
146.602
146.912
147.235
147.572
147.921
148.28
148.647
149.028
149.421
149.828
150.247
150.679
151.125
151.582
152.053
152.535
153.03
153.537
154.055
154.585
155.126
155.678
156.241
156.815
157.398
157.992
158.595
159.209
159.833
160.467
161.111
161.765
162.428
163.1
163.781
164.47
165.167
165.871
166.583
167.301
168.025
168.755
169.491
170.231
170.976
171.725
172.477
173.232
173.99
174.75
175.511
176.274
177.037
177.8
178.562
179.324
180.083
180.841
181.598
182.352
183.102
183.849
184.592
185.33
186.063
186.791
187.513
188.229
188.938
189.64
190.334
191.021
191.698
192.367
193.027
193.678
194.318
194.949
195.57
196.181
196.781
197.372
197.952
198.522
199.08
199.626
200.158
200.676
201.179
201.668
202.14
202.597
203.031
203.462
203.8
138.221
138.366
138.528
138.693
138.872
139.068
139.282
139.515
139.768
140.04
140.325
140.617
140.924
141.248
141.589
141.946
142.319
142.709
143.115
143.538
143.977
144.433
144.905
145.393
145.898
146.418
146.954
147.506
148.072
148.654
149.248
149.849
150.463
151.09
151.732
152.387
153.054
153.735
154.428
155.133
155.849
156.576
157.313
158.061
158.818
159.583
160.357
161.139
161.927
162.722
163.522
164.328
165.138
165.951
166.768
167.587
168.407
169.228
170.05
170.871
171.691
172.507
173.321
174.131
174.938
175.739
176.537
177.328
178.114
178.892
179.664
180.427
181.183
181.93
182.668
183.396
184.115
184.823
185.521
186.208
186.884
187.547
188.199
188.838
189.465
190.078
190.678
191.264
191.837
192.396
192.945
193.481
194.007
194.52
195.023
195.513
195.994
196.46
196.932
197.312
135.574
135.853
136.143
136.444
136.761
137.096
137.45
137.824
138.218
138.632
139.06
139.499
139.955
140.43
140.924
141.437
141.968
142.518
143.086
143.674
144.281
144.906
145.551
146.215
146.898
147.599
148.319
149.058
149.816
150.591
151.382
152.185
153.004
153.841
154.695
155.565
156.451
157.354
158.271
159.203
160.149
161.109
162.082
163.067
164.064
165.071
166.089
167.115
168.15
169.193
170.242
171.297
172.357
173.42
174.486
175.554
176.623
177.692
178.759
179.824
180.886
181.942
182.992
184.037
185.075
186.105
187.127
188.14
189.143
190.135
191.115
192.082
193.036
193.975
194.899
195.806
196.697
197.57
198.426
199.262
200.081
200.878
201.658
202.415
203.153
203.868
204.563
205.232
205.881
206.504
207.106
207.681
208.235
208.763
209.27
209.75
210.209
210.635
211.055
211.37
130.353
130.612
130.886
131.169
131.469
131.788
132.128
132.488
132.871
133.276
133.699
134.132
134.585
135.059
135.555
136.072
136.61
137.169
137.749
138.352
138.976
139.622
140.291
140.982
141.695
142.431
143.19
143.972
144.776
145.603
146.449
147.311
148.192
149.096
150.021
150.968
151.934
152.922
153.928
154.954
155.999
157.061
158.14
159.236
160.347
161.472
162.61
163.761
164.923
166.094
167.274
168.461
169.655
170.853
172.054
173.258
174.463
175.666
176.868
178.066
179.259
180.442
181.617
182.783
183.938
185.081
186.211
187.327
188.43
189.516
190.587
191.641
192.677
193.695
194.693
195.67
196.627
197.56
198.471
199.358
200.222
201.06
201.875
202.664
203.43
204.17
204.886
205.576
206.242
206.881
207.496
208.083
208.644
209.177
209.685
210.164
210.62
211.042
211.458
211.768
125.927
126.215
126.518
126.835
127.171
127.527
127.905
128.306
128.731
129.18
129.649
130.132
130.637
131.167
131.722
132.301
132.906
133.536
134.192
134.874
135.583
136.319
137.082
137.873
138.691
139.538
140.413
141.318
142.251
143.212
144.201
145.212
146.248
147.315
148.41
149.533
150.683
151.861
153.066
154.297
155.553
156.835
158.14
159.468
160.817
162.188
163.577
164.984
166.407
167.845
169.295
170.756
172.226
173.704
175.187
176.674
178.163
179.652
181.14
182.625
184.105
185.577
187.039
188.49
189.929
191.353
192.761
194.149
195.518
196.864
198.188
199.486
200.76
202.008
203.23
204.424
205.59
206.726
207.832
208.905
209.944
210.948
211.916
212.846
213.741
214.595
215.413
216.191
216.933
217.636
218.302
218.928
219.518
220.067
220.579
221.048
221.481
221.866
222.235
222.483
120.629
120.928
121.24
121.563
121.902
122.261
122.641
123.041
123.465
123.912
124.378
124.857
125.359
125.885
126.436
127.013
127.616
128.245
128.904
129.59
130.306
131.052
131.829
132.637
133.477
134.35
135.257
136.198
137.174
138.186
139.232
140.307
141.416
142.563
143.748
144.97
146.229
147.525
148.858
150.228
151.633
153.074
154.548
156.056
157.595
159.164
160.762
162.386
164.033
165.702
167.39
169.092
170.807
172.53
174.257
175.987
177.715
179.439
181.157
182.865
184.563
186.246
187.914
189.567
191.205
192.824
194.423
195.999
197.55
199.073
200.566
202.026
203.452
204.841
206.196
207.513
208.794
210.038
211.246
212.416
213.548
214.638
215.689
216.695
217.659
218.575
219.447
220.271
221.05
221.78
222.466
223.103
223.696
224.24
224.739
225.185
225.586
225.927
226.24
226.424
114.915
115.193
115.487
115.794
116.119
116.468
116.839
117.236
117.658
118.106
118.577
119.066
119.581
120.122
120.693
121.291
121.92
122.579
123.27
123.994
124.752
125.543
126.371
127.234
128.135
129.074
130.053
131.071
132.131
133.232
134.374
135.553
136.774
138.041
139.354
140.713
142.118
143.571
145.07
146.617
148.211
149.851
151.537
153.269
155.044
156.864
158.724
160.626
162.566
164.542
166.551
168.591
170.658
172.747
174.854
176.973
179.098
181.222
183.339
185.445
187.534
189.601
191.642
193.658
195.649
197.612
199.549
201.457
203.335
205.181
206.992
208.764
210.495
212.179
213.817
215.403
216.939
218.422
219.855
221.236
222.566
223.844
225.071
226.245
227.365
228.427
229.433
230.377
231.261
232.081
232.841
233.535
234.169
234.738
235.245
235.686
236.065
236.369
236.63
236.751
110.632
110.689
110.784
110.908
111.06
111.239
111.448
111.686
111.955
112.254
112.581
112.932
113.313
113.725
114.17
114.647
115.158
115.705
116.29
116.912
117.576
118.281
119.031
119.825
120.667
121.558
122.501
123.496
124.548
125.656
126.823
128.046
129.329
130.679
132.096
133.582
135.139
136.767
138.467
140.24
142.085
144.001
145.988
148.042
150.161
152.341
154.576
156.861
159.19
161.557
163.953
166.374
168.812
171.262
173.72
176.184
178.65
181.113
183.566
186.004
188.42
190.804
193.152
195.46
197.726
199.946
202.123
204.256
206.349
208.401
210.415
212.389
214.323
216.213
218.056
219.847
221.583
223.258
224.873
226.424
227.912
229.337
230.7
231.999
233.235
234.406
235.51
236.544
237.506
238.392
239.2
239.927
240.573
241.136
241.617
242.014
242.328
242.554
242.717
242.73
106.733
106.956
107.169
107.401
107.647
107.9
108.161
108.434
108.721
109.023
109.336
109.657
109.995
110.349
110.724
111.118
111.535
111.974
112.44
112.933
113.457
114.011
114.6
115.224
115.887
116.591
117.34
118.134
118.98
119.877
120.832
121.841
122.912
124.052
125.267
126.559
127.935
129.398
130.957
132.615
134.38
136.257
138.253
140.373
142.623
145.005
147.522
150.174
152.957
155.863
158.879
161.988
165.165
168.381
171.604
174.811
177.989
181.136
184.252
187.334
190.376
193.369
196.307
199.185
201.994
204.726
207.378
209.947
212.433
214.843
217.181
219.454
221.669
223.828
225.935
227.989
229.985
231.92
233.789
235.589
237.318
238.974
240.556
242.066
243.504
244.87
246.165
247.386
248.531
249.595
250.577
251.47
252.272
252.981
253.595
254.114
254.539
254.867
255.127
255.213
91.7508
92.3927
92.9459
93.4293
93.8891
94.3424
94.7927
95.2437
95.7038
96.1766
96.6606
97.1549
97.667
98.2001
98.7568
99.3378
99.9459
100.582
101.25
101.95
102.686
103.459
104.272
105.128
106.03
106.98
107.982
109.038
110.154
111.332
112.574
113.879
115.256
116.711
118.251
119.877
121.595
123.407
125.319
127.331
129.449
131.672
134.003
136.442
138.989
141.642
144.4
147.261
150.22
153.276
156.423
159.653
162.966
166.362
169.821
173.303
176.76
180.166
183.52
186.834
190.118
193.373
196.599
199.794
202.95
206.053
209.09
212.047
214.912
217.68
220.351
222.932
225.433
227.86
230.22
232.518
234.756
236.932
239.042
241.081
243.043
244.924
246.719
248.428
250.05
251.584
253.03
254.386
255.65
256.815
257.877
258.826
259.656
260.356
260.921
261.34
261.608
261.715
261.677
261.399
86.8695
86.1668
85.6457
85.1381
84.6588
84.2299
83.8488
83.5045
83.1921
82.9077
82.6579
82.4428
82.2583
82.1008
81.9715
81.8697
81.7967
81.752
81.7379
81.7547
81.8051
81.8902
82.0133
82.1762
82.3831
82.6368
82.9425
83.304
83.7282
84.22
84.7902
85.4468
86.2011
87.0629
88.048
89.1701
90.4494
91.9045
93.5614
95.4445
97.5867
100.019
102.782
105.914
109.458
113.458
117.956
122.989
128.578
134.728
141.402
148.39
155.288
161.716
167.538
172.87
177.876
182.622
187.084
191.25
195.163
198.887
202.471
205.951
209.345
212.659
215.894
219.045
222.112
225.09
227.975
230.765
233.465
236.082
238.627
241.109
243.534
245.908
248.23
250.499
252.711
254.861
256.943
258.954
260.891
262.752
264.535
266.24
267.863
269.401
270.846
272.19
273.422
274.528
275.495
276.307
276.947
277.391
277.641
277.596
136.146
135.562
135.035
134.675
134.376
134.081
133.797
133.527
133.266
133.008
132.754
132.497
132.24
131.98
131.719
131.454
131.187
130.916
130.643
130.367
130.089
129.808
129.525
129.239
128.953
128.664
128.375
128.084
127.794
127.503
127.216
126.926
126.637
126.347
126.06
125.774
125.491
125.211
124.935
124.662
124.394
124.131
123.879
123.639
123.429
123.269
123.205
123.323
123.763
124.807
126.966
131.475
138.848
147.678
156.195
163.469
169.85
175.874
181.649
187.056
192.044
196.679
201.04
205.172
209.102
212.867
216.5
220.024
223.448
226.772
229.993
233.107
236.114
239.016
241.819
244.533
247.167
249.733
252.237
254.684
257.075
259.407
261.677
263.88
266.012
268.069
270.048
271.945
273.756
275.474
277.092
278.596
279.969
281.19
282.232
283.063
283.642
283.922
283.83
283.311
86.6169
87.0902
87.3283
87.6021
87.8699
88.0921
88.2828
88.4567
88.6203
88.7722
88.9098
89.0418
89.1652
89.2795
89.3876
89.4881
89.5825
89.6692
89.7497
89.822
89.8877
89.9449
89.9951
90.0364
90.0704
90.0953
90.1132
90.1228
90.1265
90.1244
90.1155
90.1059
90.0994
90.0997
90.1166
90.1613
90.2505
90.4056
90.6568
91.0437
91.621
92.4606
93.6596
95.3461
97.6888
100.91
105.29
111.201
119.074
129.306
141.908
154.504
163.365
167.775
171.72
176.959
182.874
188.473
193.535
198.308
202.932
207.347
211.478
215.345
219.019
222.564
226.017
229.398
232.724
235.999
239.221
242.381
245.47
248.483
251.419
254.285
257.088
259.839
262.547
265.22
267.864
270.479
273.066
275.623
278.15
280.646
283.114
285.555
287.975
290.376
292.763
295.135
297.494
299.837
302.159
304.453
306.71
308.919
311.03
313.058
)
;

boundaryField
{
    airfoil
    {
        type            zeroGradient;
    }
    farBoundaries
    {
        type            zeroGradient;
    }
    inlet
    {
        type            freestream;
        freestreamValue uniform 1;
        value           nonuniform List<scalar> 
200
(
1
1
1
1
1
1
1
1
1
1
1
1
1
1
1
1
1
1
1
1
1
1
1
1
1
1
1
1
1
1
1
1
1
1
1
1
1
1
1
1
1
1
1
1
1
1
1
1
1
1
31.3919
96.0334
153.762
167.587
171.716
176.959
182.874
188.473
193.535
198.308
202.932
207.347
211.478
215.345
219.019
222.564
226.017
229.398
232.724
235.999
239.221
242.381
245.47
248.483
251.419
254.285
257.088
259.839
262.547
265.22
267.864
270.479
273.066
275.623
278.15
280.646
283.114
285.555
287.975
290.376
292.763
295.135
297.494
299.837
302.159
304.453
306.71
308.919
311.03
313.058
1
1
1
1
1
1
1
1
1
1
1
1
1
1
1
1
1
1
1
1
1
1
1
1
1
1
1
1
1
1
1
1
1
1
1
1
1
1
1
1
1
1
1
1
1
1
1
1
1
1
1
1
1
1
1
1
1
1
1
1
1
1
1
1
1
1
1
1
1
1
1
1
1
1
1
1
1
1
1
1
63.8796
71.2786
162.007
175.014
180.243
187.4
195.879
203.883
210.86
217.236
223.412
229.442
235.272
240.933
246.531
252.155
257.849
263.617
269.453
275.372
)
;
    }
    outlet
    {
        type            freestream;
        freestreamValue uniform 1;
        value           nonuniform List<scalar> 
40
(
234.703
234.585
234.399
234.427
234.342
234.358
234.193
234.132
233.896
233.733
233.385
233.02
232.401
231.722
231.131
230.791
230.607
230.558
230.559
230.545
227.376
227.394
227.389
227.441
227.632
228.073
228.778
229.791
230.745
231.52
232.072
232.59
232.985
233.411
233.692
234.031
234.196
234.432
234.5
234.674
)
;
    }
    defaultFaces
    {
        type            empty;
    }
}


// ************************************************************************* //
