/*--------------------------------*- C++ -*----------------------------------*\
  =========                 |
  \\      /  F ield         | OpenFOAM: The Open Source CFD Toolbox
   \\    /   O peration     | Website:  https://openfoam.org
    \\  /    A nd           | Version:  6.0
     \\/     M anipulation  |
\*---------------------------------------------------------------------------*/
FoamFile
{
    version     2.0;
    format      ascii;
    class       volScalarField;
    location    "14";
    object      p;
}
// * * * * * * * * * * * * * * * * * * * * * * * * * * * * * * * * * * * * * //

dimensions      [0 2 -2 0 0 0 0];

internalField   nonuniform List<scalar> 
4920
(
0.0188663
0.0190148
0.0192198
0.0195009
0.0198834
0.0203984
0.0210832
0.0219753
0.0230909
0.0243749
0.0256088
0.026229
0.025128
0.021387
0.0173213
0.019046
0.0191913
0.0193943
0.0196741
0.0200558
0.0205717
0.0212619
0.0221736
0.023348
0.0247883
0.0263872
0.0277597
0.0279179
0.0260823
0.0221084
0.0193759
0.0195233
0.0197321
0.0200209
0.0204151
0.0209459
0.0216535
0.0225859
0.0237875
0.025266
0.026916
0.0283499
0.0284372
0.0262554
0.0207744
0.0198997
0.0200455
0.0202537
0.0205461
0.0209502
0.0214983
0.02223
0.0231928
0.0244358
0.0259748
0.027713
0.0292849
0.0294462
0.0269175
0.0210905
0.0205643
0.0207246
0.0209431
0.0212433
0.0216563
0.022219
0.0229757
0.023978
0.0252822
0.0269207
0.0288211
0.0306817
0.0312393
0.0288282
0.0228352
0.0213617
0.0215394
0.0217735
0.0220897
0.0225197
0.023104
0.0238917
0.0249394
0.0263104
0.0280438
0.0300802
0.0321636
0.0330417
0.0307418
0.0240057
0.0222235
0.0224328
0.0226985
0.0230469
0.0235107
0.0241326
0.0249659
0.0260708
0.0275117
0.0293277
0.0314404
0.0335927
0.0345282
0.0320777
0.0244074
0.0232423
0.0234701
0.0237585
0.0241366
0.0246368
0.0253044
0.026195
0.0273705
0.0288957
0.0307993
0.0329795
0.0351419
0.0359798
0.0331611
0.0247399
0.0243293
0.024585
0.0249078
0.0253277
0.025879
0.0266088
0.027576
0.0288443
0.0304785
0.0325113
0.0348009
0.0370087
0.0377218
0.0344395
0.0255388
0.02562
0.0258861
0.0262285
0.0266816
0.0272807
0.0280768
0.0291319
0.0305114
0.0322881
0.0344923
0.0369744
0.0393432
0.0400278
0.0362538
0.0269356
0.0270546
0.0273416
0.027712
0.0282036
0.0288559
0.0297254
0.03088
0.0323905
0.0343359
0.0367709
0.0395233
0.0421506
0.0428908
0.0385988
0.0288116
0.0287101
0.0290086
0.0294009
0.0299291
0.0306339
0.0315793
0.0328402
0.0344945
0.0366395
0.0393431
0.04244
0.0454355
0.0463331
0.0414679
0.031029
0.0305048
0.0308247
0.0312474
0.0318198
0.0325874
0.0336212
0.0350033
0.0368236
0.0391929
0.0422167
0.0457095
0.049125
0.0501897
0.0446642
0.0334403
0.0325306
0.0328569
0.0332954
0.0339018
0.034726
0.0358493
0.0373647
0.0393698
0.0419955
0.0453728
0.0493146
0.0532155
0.0544817
0.0481532
0.0360066
0.0345664
0.0349297
0.035416
0.0360868
0.0369955
0.0382345
0.039906
0.0421168
0.0450353
0.0488089
0.0532483
0.0576509
0.0590646
0.0517823
0.0386385
0.0367827
0.037168
0.0376908
0.0384211
0.0394161
0.0407777
0.0426129
0.0450653
0.0483
0.0525172
0.0575097
0.0624725
0.0640259
0.0556127
0.0413794
0.0389498
0.0393975
0.0399954
0.0408214
0.0419369
0.0434492
0.045491
0.0481977
0.0518026
0.0565258
0.0621305
0.0676574
0.0692372
0.0594891
0.0441366
0.0414698
0.0419485
0.0425889
0.0434787
0.0446866
0.046335
0.0485622
0.0515595
0.0555659
0.060846
0.0671314
0.0732643
0.0748112
0.0635161
0.0470055
0.0441238
0.0446444
0.0453373
0.0463012
0.0476132
0.0494068
0.0518544
0.0551451
0.0596026
0.0655182
0.072546
0.0792619
0.0805739
0.0675158
0.0498776
0.0472105
0.047731
0.0484272
0.0494147
0.0507878
0.0527044
0.0553434
0.0589699
0.0639083
0.0705098
0.0783413
0.0856857
0.086642
0.0716652
0.0528746
0.0500954
0.050694
0.0514715
0.0525543
0.0540441
0.0561175
0.0590075
0.062963
0.0684419
0.0758102
0.084535
0.0924705
0.0927642
0.0756781
0.0558365
0.0532675
0.053905
0.0547272
0.0558692
0.0574463
0.0596654
0.0627631
0.0671118
0.0731543
0.0813487
0.0910512
0.0996268
0.0990264
0.0797986
0.0589051
0.0561374
0.0568535
0.0577714
0.0590367
0.0607661
0.0631777
0.0665779
0.0713112
0.0779967
0.087145
0.0979396
0.107081
0.105096
0.0836705
0.0619275
0.0593853
0.0601049
0.0610342
0.0623362
0.064151
0.0667291
0.0703794
0.0755889
0.0829574
0.0931365
0.105123
0.11483
0.111087
0.087658
0.0650509
0.0622088
0.0630097
0.0640377
0.0654671
0.0674392
0.0702287
0.0742268
0.0798717
0.0880451
0.0994116
0.112731
0.122779
0.116565
0.0913178
0.0681327
0.0654553
0.0662626
0.0673081
0.068776
0.0708361
0.0738027
0.0780585
0.0842811
0.0932782
0.105928
0.120645
0.130867
0.121645
0.0951425
0.0713096
0.0683812
0.0692484
0.0703768
0.0719633
0.0741744
0.0773498
0.0819969
0.0887217
0.0987176
0.112834
0.129062
0.138915
0.125815
0.0986474
0.0744386
0.0720547
0.0728503
0.0739166
0.0754615
0.0777087
0.0810407
0.0859697
0.093381
0.10437
0.120009
0.13777
0.146767
0.129298
0.102481
0.0776022
0.0751972
0.0760511
0.0771986
0.0788643
0.0812556
0.0848036
0.0901503
0.098106
0.110296
0.127695
0.146984
0.154095
0.131507
0.106113
0.0806959
0.0791613
0.0799969
0.0811225
0.0827512
0.0851564
0.0888198
0.0944095
0.103122
0.116436
0.13563
0.156326
0.16061
0.132818
0.110321
0.0837164
0.0827395
0.083639
0.0848577
0.086611
0.0891202
0.0929381
0.0988985
0.108132
0.122912
0.144193
0.165996
0.165848
0.132662
0.114519
0.086579
0.0873285
0.0881708
0.0893224
0.0909802
0.093446
0.0972952
0.103417
0.113483
0.12958
0.152923
0.175407
0.169517
0.131733
0.119553
0.0891541
0.0919044
0.0927654
0.093947
0.0956413
0.0980671
0.101917
0.108276
0.118788
0.136701
0.16241
0.184643
0.171064
0.129535
0.124791
0.0914467
0.0975788
0.098382
0.099504
0.101062
0.103349
0.107051
0.113366
0.124817
0.144024
0.17184
0.192786
0.17028
0.127083
0.131008
0.093157
0.103585
0.104493
0.105671
0.107251
0.109381
0.112949
0.119331
0.130833
0.152036
0.18195
0.199754
0.166738
0.123956
0.137455
0.0943527
0.111013
0.111952
0.113147
0.114586
0.116607
0.119703
0.125619
0.137934
0.16015
0.191515
0.204476
0.160608
0.121473
0.144734
0.0946174
0.118745
0.119916
0.121219
0.122751
0.124272
0.127
0.132633
0.144592
0.168982
0.201166
0.206616
0.15168
0.119184
0.152031
0.0941155
0.127021
0.128272
0.129615
0.130886
0.132273
0.134286
0.139305
0.152183
0.177547
0.208878
0.204899
0.140482
0.118389
0.159645
0.0922965
0.135481
0.136836
0.138063
0.139151
0.139783
0.141393
0.146061
0.158697
0.186396
0.214829
0.198972
0.127152
0.118435
0.166698
0.0894156
0.143998
0.145251
0.146238
0.146755
0.146982
0.147605
0.151953
0.165757
0.194505
0.217144
0.188366
0.112944
0.120557
0.173365
0.0850155
0.151711
0.152837
0.153386
0.15338
0.152493
0.152842
0.157098
0.171603
0.202163
0.215097
0.17269
0.0980208
0.123598
0.178759
0.0793738
0.157628
0.158442
0.158472
0.157624
0.156222
0.155871
0.161063
0.177626
0.208624
0.207366
0.152753
0.0841707
0.128555
0.183055
0.0721779
0.160021
0.160593
0.160158
0.158736
0.156559
0.156605
0.163067
0.182658
0.213518
0.193633
0.129038
0.0713929
0.133762
0.185476
0.0637482
0.157648
0.158013
0.157219
0.155344
0.153149
0.152893
0.163393
0.187686
0.217497
0.174505
0.105661
0.0627785
0.14035
0.186504
0.054142
0.149367
0.149442
0.14839
0.146271
0.143829
0.145688
0.161709
0.192746
0.218622
0.149557
0.0827403
0.0568212
0.146167
0.185691
0.0437329
0.13345
0.133196
0.131847
0.129813
0.129026
0.133088
0.157907
0.198608
0.219269
0.125031
0.0686258
0.0545725
0.151676
0.183963
0.0333479
0.108465
0.107563
0.106473
0.10511
0.106641
0.112936
0.147747
0.204326
0.219235
0.102291
0.0598801
0.0491524
0.153622
0.180531
0.0233107
0.0719178
0.0703684
0.0695125
0.07101
0.0764711
0.0836767
0.113936
0.194225
0.22172
0.0908871
0.0498924
0.0385154
0.153747
0.176794
0.0150957
0.0191852
0.0169574
0.0213621
0.0288224
0.0301269
0.0161396
0.0164403
0.160344
0.225239
0.0930425
0.0330316
0.020204
0.150553
0.17317
0.00912005
-0.0440973
-0.0346114
-0.0199025
-0.024234
-0.0516897
-0.130296
-0.152063
0.0957375
0.247553
0.122044
0.0216432
0.00543464
0.148396
0.171998
0.00797356
-0.135477
-0.117588
-0.102848
-0.129059
-0.233957
-0.380944
-0.400288
0.0380683
0.267499
0.13794
0.015417
0.00280433
0.149567
0.173583
0.0112267
-0.313599
-0.320574
-0.377119
-0.464596
-0.638902
-0.863177
-0.753611
-0.0265784
0.214883
0.094371
0.011022
0.0190846
0.160315
0.181379
0.0198681
-0.710874
-0.819629
-0.992087
-1.24333
-1.37382
-1.46675
-1.18897
-0.21765
0.035979
-0.0460482
0.0206073
0.0539027
0.180737
0.194959
0.0320773
-1.27686
-1.52693
-1.79357
-2.15041
-2.18079
-2.10668
-1.36835
-0.314453
-0.0969699
-0.229696
0.0459953
0.108894
0.211955
0.21269
0.0462557
-1.74046
-1.99615
-2.37462
-2.84969
-3.01205
-2.93054
-1.30789
-0.30473
-0.103229
-0.264007
0.0510391
0.179279
0.250696
0.230787
0.05918
-2.02646
-2.38943
-2.94226
-3.4326
-3.92629
-4.2654
-1.27098
-0.428968
0.0213653
-0.0308331
0.0150518
0.277445
0.283184
0.242469
0.0675515
-2.50559
-3.03454
-3.55499
-3.7898
-4.12392
-3.9508
-1.06038
-0.320392
0.450399
0.225225
-0.0509553
0.378209
0.283062
0.239834
0.0678959
-3.08999
-3.70438
-4.02799
-3.55991
-2.67252
-0.513783
0.166562
0.538194
0.626058
0.250502
-0.130136
0.386182
0.238962
0.219913
0.0600341
-3.78262
-4.29352
-4.27349
-3.17198
-1.23003
0.863792
1.153
0.995765
0.213609
0.0046438
-0.280914
0.32177
0.181306
0.193602
0.0492744
-3.91013
-4.27154
-3.99216
-2.52239
-0.325791
0.482508
1.02037
0.561805
-0.40211
-0.289046
-0.411765
0.272397
0.150757
0.179464
0.0436235
0.0400368
0.040344
0.0383302
0.0366443
0.0357363
0.0350827
0.0343588
0.0336067
0.0332698
0.0332328
0.0258888
0.023356
0.0207739
0.0193365
0.0184556
0.0174557
0.0161469
0.0146892
0.0133192
0.011605
0.0216298
0.0223156
0.0230532
0.0233073
0.0229134
0.0220668
0.0211199
0.0203968
0.0204869
0.0209507
0.0221147
0.0223707
0.0218535
0.0204486
0.0186251
0.0169268
0.0156767
0.014958
0.0149316
0.0148947
0.0217891
0.0207882
0.0191732
0.0173901
0.0159116
0.015049
0.0148633
0.0152158
0.0162119
0.0173059
0.0200039
0.0184564
0.0168338
0.0155683
0.0148763
0.0148015
0.0152352
0.0159569
0.0170015
0.0179101
0.0182107
0.0166709
0.0154667
0.0147581
0.0145637
0.0148183
0.0153852
0.0160486
0.0168278
0.0173828
0.0173986
0.0159659
0.0150571
0.0145937
0.0145256
0.0147934
0.0152879
0.0158224
0.0164235
0.0168151
0.0175156
0.0160312
0.0150712
0.0144974
0.0142759
0.0143921
0.0147961
0.0152764
0.0159143
0.0163932
0.0181754
0.0163402
0.0149875
0.0139923
0.0134081
0.0133095
0.0136553
0.0142371
0.0151329
0.0159326
0.0190174
0.0165807
0.0145167
0.0128279
0.0117108
0.0113271
0.0116757
0.0124809
0.0138764
0.0152578
0.0198647
0.0165929
0.013549
0.0109268
0.00911817
0.00840109
0.00880728
0.00999453
0.0121582
0.0144119
0.0206356
0.0163385
0.0120895
0.00833551
0.00570646
0.00461564
0.00514497
0.00687098
0.010076
0.0134833
0.0213571
0.0158531
0.0101821
0.00509204
0.00149096
-3.88648e-05
0.00065824
0.00308338
0.00762534
0.0125443
0.0220707
0.0152154
0.00795044
0.00133311
-0.0034098
-0.00547895
-0.00461808
-0.001365
0.00477537
0.0114632
0.0228003
0.0144635
0.0054046
-0.00298008
-0.00908495
-0.011838
-0.0108004
-0.00656881
0.00147672
0.0103589
0.0236057
0.0137167
0.0027017
-0.00767099
-0.0153786
-0.0189744
-0.0177813
-0.012459
-0.00223212
0.0090635
0.0244799
0.012934
-0.000258065
-0.0129157
-0.0224868
-0.0270687
-0.0256629
-0.0190489
-0.00629527
0.00788442
0.0255044
0.012247
-0.00326085
-0.0184537
-0.0301173
-0.0357908
-0.0341791
-0.0261255
-0.0105951
0.00662905
0.0265513
0.0114841
-0.00661838
-0.0246463
-0.0385601
-0.0453433
-0.0433136
-0.0335331
-0.0148451
0.00593426
0.0277339
0.0108211
-0.0100568
-0.0311135
-0.0473912
-0.0552803
-0.052744
-0.0410871
-0.0190439
0.00522201
0.0289355
0.00999389
-0.0140372
-0.0383877
-0.0570622
-0.0659138
-0.0625362
-0.0486344
-0.0228501
0.0053366
0.0303101
0.0092664
-0.0181594
-0.0459435
-0.0670179
-0.0767313
-0.0724011
-0.0561182
-0.0264672
0.00558129
0.0316942
0.00821736
-0.0230692
-0.0544779
-0.0777956
-0.0880585
-0.0823217
-0.0632151
-0.0292639
0.00710773
0.0332154
0.00717244
-0.028227
-0.0633167
-0.0887508
-0.0993938
-0.092098
-0.0700654
-0.0316999
0.00888563
0.0346882
0.00560787
-0.0343605
-0.0732363
-0.100501
-0.111089
-0.101788
-0.0763485
-0.033165
0.0121173
0.0362376
0.00394739
-0.040796
-0.0834136
-0.112283
-0.12264
-0.111221
-0.0823723
-0.0343199
0.0155961
0.0375947
0.00158574
-0.0482805
-0.0945367
-0.124536
-0.134179
-0.120223
-0.0876326
-0.0343354
0.0205878
0.0388809
-0.00101279
-0.056059
-0.105728
-0.136507
-0.145245
-0.128696
-0.0925019
-0.0340023
0.0257827
0.0397233
-0.00451921
-0.0649019
-0.117629
-0.148546
-0.155866
-0.136381
-0.096409
-0.0324344
0.0325005
0.0402964
-0.00839293
-0.0739789
-0.12935
-0.159973
-0.165711
-0.143312
-0.099826
-0.0305565
0.0393806
0.0402063
-0.0132335
-0.0839171
-0.141319
-0.170899
-0.174614
-0.149092
-0.10211
-0.0274131
0.0476353
0.0396569
-0.0184953
-0.0939168
-0.152779
-0.180858
-0.182456
-0.15392
-0.103791
-0.0239499
0.0559684
0.0381935
-0.0247196
-0.104481
-0.164027
-0.189828
-0.188982
-0.157358
-0.104195
-0.0192741
0.0654947
0.03607
-0.0313199
-0.114861
-0.174489
-0.197604
-0.194338
-0.15981
-0.103939
-0.0144195
0.0748875
0.0329456
-0.0385526
-0.125273
-0.184221
-0.203974
-0.19818
-0.160814
-0.102413
-0.00854276
0.0850017
0.0290688
-0.0459179
-0.135142
-0.192896
-0.208998
-0.200825
-0.160852
-0.100216
-0.00252208
0.0946479
0.0241805
-0.0534501
-0.144457
-0.200414
-0.212375
-0.201902
-0.159477
-0.0967453
0.00430904
0.104572
0.0185146
-0.0607691
-0.15289
-0.206747
-0.214488
-0.201972
-0.157305
-0.092669
0.0110737
0.113793
0.0120578
-0.0675392
-0.160122
-0.211627
-0.214982
-0.200732
-0.154011
-0.087622
0.0182285
0.122856
0.00492677
-0.0736091
-0.166005
-0.215135
-0.214308
-0.198729
-0.150159
-0.0822368
0.0250482
0.131035
-0.00266392
-0.0784188
-0.169997
-0.216843
-0.212051
-0.195682
-0.145467
-0.076355
0.0318247
0.138723
-0.0107262
-0.0821829
-0.172313
-0.217071
-0.208802
-0.192142
-0.140393
-0.0705671
0.037981
0.145405
-0.018716
-0.0841061
-0.172404
-0.215504
-0.204337
-0.188026
-0.134855
-0.0649184
0.0436643
0.151369
-0.0263548
-0.0843623
-0.170635
-0.212541
-0.199167
-0.183744
-0.129241
-0.0597763
0.0485375
0.156327
-0.0324085
-0.081802
-0.166483
-0.208016
-0.193204
-0.179138
-0.123679
-0.0553481
0.0526342
0.160457
-0.036754
-0.0769069
-0.160541
-0.202386
-0.186819
-0.174339
-0.11844
-0.0517573
0.0558165
0.163623
-0.0382825
-0.068973
-0.152787
-0.19591
-0.180309
-0.169478
-0.113783
-0.0491997
0.0580986
0.165977
-0.0369847
-0.0586101
-0.14385
-0.189013
-0.17409
-0.164762
-0.109862
-0.0475991
0.0594934
0.167542
-0.0318751
-0.0457097
-0.134306
-0.182231
-0.16866
-0.16084
-0.107173
-0.0472466
0.0599137
0.168446
-0.0239433
-0.0316146
-0.125161
-0.176307
-0.164615
-0.158138
-0.105758
-0.0479194
0.0594447
0.168772
-0.0131329
-0.0171515
-0.11715
-0.172201
-0.163128
-0.157649
-0.106233
-0.0499492
0.0580131
0.168582
-0.00120642
-0.00453415
-0.111504
-0.170401
-0.164353
-0.159421
-0.10846
-0.0530664
0.055749
0.167925
0.0102993
0.00494116
-0.109596
-0.171998
-0.168951
-0.163865
-0.112675
-0.0574511
0.052648
0.166833
0.0191853
0.0108734
-0.110838
-0.176329
-0.175834
-0.170167
-0.118204
-0.0626466
0.0490625
0.165494
0.0235281
0.0128904
-0.114616
-0.182454
-0.183671
-0.177163
-0.124144
-0.0679302
0.0455646
0.164341
0.022474
0.0112902
-0.119755
-0.18894
-0.190838
-0.18345
-0.129309
-0.0723342
0.0429195
0.163791
0.0175197
0.00758441
-0.124548
-0.194301
-0.196092
-0.18802
-0.132872
-0.0751174
0.0416128
0.164009
0.0121217
0.00393399
-0.127998
-0.197835
-0.199136
-0.190639
-0.134719
-0.0763319
0.0415027
0.164595
0.00935427
0.00182965
-0.129854
-0.199589
-0.200619
-0.191766
-0.135453
-0.0766213
0.0419619
0.164997
0.0358631
0.0361287
0.0361556
0.0359675
0.0353759
0.0341499
0.0322474
0.0298223
0.0270961
0.0242503
0.0213983
0.0185778
0.0158022
0.0130222
0.0100984
0.0060813
0.0121503
0.0130792
0.0144279
0.0155824
0.0161946
0.0162338
0.0158219
0.0151354
0.0142947
0.0133497
0.012301
0.0111173
0.00972513
0.00806389
0.00582149
0.00302711
0.0242701
0.0250751
0.0258612
0.0263213
0.0262139
0.0254876
0.0242073
0.0225372
0.0206128
0.0185186
0.0163213
0.0140144
0.011566
0.00891593
0.00574279
0.00234019
0.016122
0.0167813
0.0175744
0.0181607
0.0183327
0.0181045
0.017568
0.0168852
0.0161259
0.0152789
0.0142447
0.0129222
0.0111927
0.00896818
0.00594831
0.00251361
0.0187274
0.0190733
0.0193418
0.0193749
0.0191153
0.0186016
0.0178881
0.0170951
0.0162938
0.0154529
0.0144783
0.0132172
0.0115049
0.00922725
0.00610102
0.00252244
0.0176416
0.0175698
0.01752
0.0174194
0.0171979
0.0168568
0.0163824
0.0158576
0.0153515
0.0148359
0.0141931
0.0132353
0.0117435
0.0095404
0.00635016
0.00252587
0.0160501
0.0157506
0.0155737
0.0154887
0.015389
0.015242
0.0149951
0.0147144
0.0144637
0.0142284
0.013879
0.0131975
0.0119158
0.00980156
0.00658745
0.00255086
0.01494
0.0145047
0.0142575
0.0141718
0.0141243
0.0140533
0.0139113
0.0137684
0.0137118
0.0137177
0.0136462
0.0132355
0.0121561
0.0101199
0.0068671
0.00260465
0.0142418
0.0137047
0.0133566
0.0131936
0.0130932
0.0130036
0.0128908
0.01284
0.0129467
0.0132058
0.013433
0.0133037
0.0124235
0.0104539
0.00715778
0.00267585
0.0137672
0.013191
0.0127733
0.0125053
0.0122782
0.0120744
0.0119082
0.0118955
0.0121625
0.0126903
0.0132419
0.0134181
0.01275
0.0108418
0.00749073
0.00277
0.0131983
0.0125988
0.0121086
0.0117169
0.0113419
0.0110191
0.0108105
0.0108672
0.0113504
0.0121865
0.0130877
0.0135682
0.0130955
0.0112297
0.00782
0.00287087
0.0126161
0.0120099
0.0114532
0.0109268
0.0103965
0.00994588
0.00969259
0.0098623
0.0105684
0.0117412
0.0130095
0.0138039
0.0135223
0.0116753
0.00818048
0.00297625
0.0122186
0.011674
0.0110883
0.0104054
0.00965764
0.00900409
0.00867113
0.00890339
0.00985388
0.0113766
0.0130136
0.0141113
0.0139884
0.0121294
0.00853601
0.00307649
0.0119547
0.0114571
0.0108182
0.00994832
0.00896221
0.00808868
0.00765246
0.00797067
0.00918365
0.0110926
0.0131402
0.014549
0.0145503
0.0126374
0.00890619
0.00315951
0.0118387
0.011472
0.0108337
0.00977137
0.00849413
0.00734622
0.00675678
0.00713409
0.00861575
0.0109283
0.0133834
0.0150715
0.0151453
0.0131438
0.00925888
0.00322224
0.0118539
0.0116272
0.0110002
0.00976366
0.00822661
0.00681229
0.00606645
0.00647322
0.00821886
0.0109477
0.013808
0.0157385
0.0158173
0.0136757
0.00959368
0.00323908
0.0121987
0.012242
0.0117218
0.0103303
0.00847699
0.00670911
0.00570243
0.00609663
0.00806667
0.0111791
0.0143937
0.0164913
0.0165018
0.0141847
0.00988902
0.00321598
0.0127238
0.0130849
0.0127054
0.0111658
0.00898114
0.00684285
0.00560716
0.00599444
0.00822241
0.0117055
0.015215
0.0173792
0.0172262
0.0146792
0.010128
0.00312078
0.0132694
0.013869
0.0135589
0.0118395
0.00938391
0.00702965
0.00571245
0.00621513
0.00870328
0.0125039
0.0162116
0.0183364
0.0179413
0.0151341
0.0103118
0.00297592
0.0137207
0.0144108
0.014115
0.0123049
0.0097748
0.00739948
0.00615213
0.00683322
0.00959998
0.0136538
0.0174419
0.0193904
0.0186539
0.0155378
0.0104084
0.00274433
0.0145681
0.0154394
0.0152249
0.0133379
0.0106854
0.0082844
0.0070924
0.00792842
0.0108961
0.0150937
0.0188225
0.0204758
0.0193302
0.015884
0.0104369
0.00246104
0.015602
0.0165944
0.0164664
0.01453
0.0118551
0.00945098
0.00840132
0.00945132
0.0126232
0.0168632
0.0203641
0.021577
0.0199425
0.0161351
0.0103519
0.00208891
0.0168837
0.0178727
0.0177381
0.0157802
0.013106
0.0109058
0.0100787
0.0113695
0.0146841
0.0188447
0.0219757
0.0226509
0.0204869
0.0163119
0.0101928
0.00167392
0.0183807
0.0192573
0.0191198
0.0172035
0.0147254
0.0127377
0.0122458
0.0137961
0.0171723
0.0210879
0.0236602
0.0236658
0.0209155
0.0163586
0.00990452
0.00117951
0.0204587
0.0211886
0.021029
0.0192031
0.0169154
0.015277
0.0150059
0.0166817
0.0199578
0.0234685
0.0253469
0.0246134
0.0212585
0.0163233
0.00954442
0.000658726
0.0231924
0.023713
0.023578
0.0219586
0.0199362
0.0184824
0.0184386
0.0201202
0.0230906
0.0259746
0.0269798
0.0254123
0.0214338
0.0161335
0.00905631
8.19821e-05
0.0268079
0.0271663
0.0271536
0.0256506
0.0238468
0.0226605
0.0225431
0.0239958
0.0264285
0.0285155
0.0285381
0.0261013
0.0215058
0.0158595
0.00850958
-0.000496814
0.0314037
0.0315865
0.0315544
0.0303453
0.0287903
0.0275854
0.0274329
0.0284416
0.0300417
0.0310924
0.0299607
0.0265799
0.0213706
0.0154144
0.007845
-0.00110297
0.0368362
0.0368465
0.0370467
0.0359989
0.0346348
0.0335726
0.0329619
0.0332514
0.0337819
0.0336534
0.0312829
0.0269393
0.0211294
0.0148886
0.00713891
-0.00168684
0.0435156
0.0433532
0.0435299
0.0427674
0.0415391
0.0402118
0.0391636
0.038462
0.0376258
0.0361256
0.0323876
0.0270431
0.0206628
0.0141957
0.00634096
-0.00226615
0.0513242
0.0510429
0.0513618
0.0505761
0.0493225
0.0477514
0.0457349
0.0437975
0.0414303
0.0384967
0.0333583
0.0270239
0.020099
0.0134399
0.00552896
-0.00280049
0.0603064
0.0598192
0.0600553
0.0593859
0.0578843
0.0556173
0.0526472
0.0492378
0.0451403
0.0406642
0.0340462
0.0267191
0.0193034
0.0125326
0.0046591
-0.003302
0.0701612
0.0695897
0.0698626
0.0688768
0.0669599
0.063939
0.0595445
0.0545438
0.0486725
0.0426784
0.0345905
0.0263022
0.0184269
0.0115854
0.00380533
-0.0037411
0.0812307
0.0804567
0.0803596
0.079052
0.0763571
0.0721995
0.0664018
0.0596685
0.0519331
0.0443933
0.0348098
0.0255969
0.0173393
0.0105238
0.0029367
-0.00412461
0.0935971
0.0924617
0.0919027
0.0897012
0.0859985
0.0805492
0.0729878
0.0644982
0.0549344
0.0459274
0.0348895
0.0248024
0.0162005
0.0094575
0.00211673
-0.00443679
0.106568
0.105166
0.103837
0.10065
0.0956461
0.0886248
0.079306
0.0689911
0.0575675
0.0471044
0.0346153
0.0237219
0.0148767
0.00831992
0.00132325
-0.00468119
0.120142
0.118366
0.116182
0.11172
0.105216
0.0964675
0.0852145
0.0731269
0.0599191
0.0480971
0.0342097
0.0225695
0.013527
0.00721117
0.000605764
-0.00485398
0.133795
0.131671
0.12848
0.122588
0.11439
0.103825
0.090658
0.0768071
0.0618355
0.0487014
0.0334503
0.0211575
0.0120365
0.00608222
-4.93976e-05
-0.00495697
0.147691
0.145087
0.140643
0.133074
0.123046
0.110618
0.0956015
0.0801076
0.0634764
0.0491354
0.0325816
0.019702
0.0105545
0.00501745
-0.00061062
-0.00499755
0.161135
0.157984
0.152149
0.142794
0.130939
0.116781
0.0999647
0.0829014
0.0646598
0.049173
0.0313668
0.0180159
0.0089797
0.00398154
-0.00108598
-0.0049762
0.174114
0.170212
0.162752
0.151539
0.137926
0.12219
0.103824
0.085347
0.0656054
0.04907
0.0300668
0.0163116
0.00744695
0.00304067
-0.00146009
-0.00490701
0.185744
0.181095
0.172004
0.159064
0.143966
0.126955
0.107049
0.0872687
0.0661058
0.0486029
0.0284719
0.0144385
0.00588574
0.00217435
-0.00173829
-0.00478982
0.196241
0.190557
0.179759
0.165201
0.148915
0.130904
0.109828
0.0889045
0.0664223
0.0480399
0.0268284
0.0125842
0.00440697
0.00142699
-0.001921
-0.00464249
0.204972
0.198271
0.185904
0.170051
0.15301
0.134324
0.111999
0.0900426
0.0663099
0.047111
0.0249418
0.0106202
0.00296248
0.000788164
-0.00201213
-0.00446351
0.212025
0.204193
0.190302
0.17345
0.156101
0.136992
0.113815
0.0909697
0.0660585
0.0460528
0.0230462
0.00870745
0.00163702
0.000281523
-0.00202279
-0.00427059
0.217084
0.208125
0.193045
0.17572
0.158566
0.13926
0.115037
0.0914315
0.0653717
0.0446319
0.0210133
0.00677028
0.000408407
-9.95838e-05
-0.00195813
-0.00406116
0.22008
0.210038
0.193929
0.176595
0.160127
0.140785
0.115975
0.0917562
0.0645054
0.0430798
0.0190679
0.00494622
-0.000666762
-0.000352218
-0.00183613
-0.00385074
0.221265
0.210256
0.193455
0.176654
0.161264
0.14198
0.116329
0.0915992
0.0631591
0.0412149
0.0170993
0.0032367
-0.00158164
-0.000482234
-0.001663
-0.00363534
0.220784
0.208871
0.191433
0.175592
0.161603
0.142413
0.116443
0.0912642
0.0616158
0.0392684
0.0152429
0.00176411
-0.00229356
-0.000499489
-0.00145813
-0.00342702
0.219528
0.206694
0.188617
0.174132
0.16167
0.142554
0.115972
0.0903968
0.0596223
0.0371175
0.0134876
0.000547973
-0.00278936
-0.000413408
-0.00122892
-0.00322086
0.218217
0.203899
0.184775
0.171896
0.16101
0.141931
0.115306
0.0893161
0.0574604
0.0349669
0.0119141
-0.000374019
-0.00306702
-0.000243119
-0.00099069
-0.00302525
0.217725
0.20129
0.180707
0.169632
0.160154
0.141069
0.114064
0.0876641
0.0549039
0.0327486
0.0105638
-0.00097893
-0.00312489
-4.72848e-06
-0.000750101
-0.00283425
0.218
0.198461
0.175933
0.166768
0.158542
0.13947
0.112676
0.0857424
0.052182
0.0306274
0.00949475
-0.0012748
-0.00298977
0.000279885
-0.000515754
-0.00265305
0.21899
0.195641
0.171159
0.163997
0.156697
0.137698
0.110777
0.0832218
0.0491258
0.0285664
0.00876001
-0.00123819
-0.00267445
0.000588026
-0.000294024
-0.00247536
0.219826
0.191992
0.16574
0.160658
0.154101
0.135306
0.108739
0.0803944
0.0459496
0.0266885
0.00837043
-0.000915283
-0.00222223
0.000904374
-8.54559e-05
-0.00230434
0.220642
0.188159
0.160559
0.157278
0.15116
0.13275
0.106167
0.077068
0.0425929
0.0249246
0.00830686
-0.000318569
-0.00166508
0.00120338
0.00010436
-0.0021337
0.220248
0.18401
0.156022
0.153653
0.147471
0.129556
0.103278
0.0735826
0.0394289
0.0233248
0.00844893
0.000431239
-0.0010627
0.00148075
0.000281915
-0.00196565
0.217204
0.177833
0.152033
0.150501
0.14354
0.126161
0.0997587
0.0700213
0.0366745
0.0219047
0.00866075
0.00123703
-0.000478679
0.00170901
0.000441583
-0.00179433
0.20758
0.168856
0.146225
0.146929
0.13914
0.122504
0.0958611
0.0668357
0.0345676
0.0207793
0.00881412
0.00195681
3.10314e-05
0.00189802
0.000595065
-0.00162196
0.195479
0.159874
0.138876
0.142321
0.134677
0.118815
0.0918041
0.06417
0.0329613
0.0198021
0.00882728
0.00252012
0.000415135
0.00202447
0.000736329
-0.00144311
0.180698
0.151619
0.131881
0.136464
0.130502
0.11531
0.0881107
0.0621186
0.0316941
0.0189077
0.00869514
0.00290639
0.000687847
0.00211831
0.000879923
-0.00126016
0.153528
0.143894
0.127805
0.130458
0.127052
0.112224
0.0851645
0.0606275
0.0306069
0.0179501
0.00838469
0.00310594
0.000838963
0.00215557
0.00100978
-0.00107276
0.116285
0.137237
0.127431
0.12649
0.124776
0.110005
0.0832839
0.0597287
0.0297617
0.0169597
0.00790759
0.00314121
0.000911684
0.00216422
0.0011287
-0.000891529
0.0894173
0.127999
0.129903
0.125889
0.123551
0.108827
0.0827812
0.0594496
0.0291735
0.015884
0.00718715
0.00297824
0.000886756
0.00212336
0.00122226
-0.000716009
0.0815142
0.116107
0.13307
0.128344
0.123505
0.109354
0.0836841
0.0597622
0.0289243
0.0148297
0.00628971
0.0026618
0.000811234
0.0020759
0.00130842
-0.000547862
0.081067
0.108294
0.13439
0.131441
0.124282
0.11167
0.0859272
0.0606274
0.0289853
0.0137972
0.00517814
0.00214349
0.000637087
0.00199753
0.00137838
-0.000382772
0.081599
0.10271
0.131295
0.132636
0.125883
0.115315
0.0887959
0.0617839
0.0292771
0.0129245
0.00399115
0.00149488
0.000401778
0.00192166
0.00144737
-0.000223167
0.0830094
0.0982361
0.125078
0.132101
0.128291
0.11871
0.0914521
0.0628473
0.0297031
0.0122396
0.00273437
0.000664257
4.01321e-05
0.0018133
0.00150325
-6.61283e-05
0.0850661
0.0956231
0.119507
0.131295
0.130183
0.120346
0.0929214
0.0634386
0.0301778
0.0118353
0.00157722
-0.0002504
-0.00040348
0.00170046
0.0015585
8.51362e-05
0.0866341
0.094215
0.114556
0.129128
0.130231
0.120189
0.0934488
0.0637677
0.0308018
0.011725
0.000543248
-0.00128618
-0.000996197
0.00154386
0.00160127
0.000233697
0.0872081
0.0931521
0.110003
0.125638
0.128737
0.119023
0.093332
0.0639112
0.0315252
0.0119141
-0.000224488
-0.00233008
-0.00167851
0.00137148
0.00164347
0.000376337
0.0872794
0.0923192
0.106025
0.12123
0.125867
0.116957
0.0927369
0.0639812
0.0323959
0.0123952
-0.000725151
-0.00340314
-0.00250598
0.00114326
0.00167466
0.000516921
0.0874729
0.0918292
0.102717
0.116346
0.121837
0.114055
0.0915477
0.0638153
0.0332465
0.0130814
-0.000895166
-0.00438562
-0.00339663
0.000889806
0.00170564
0.000652253
0.0881399
0.0917054
0.100068
0.111429
0.117002
0.110393
0.0898473
0.0634946
0.0341332
0.0139692
-0.000753089
-0.0052696
-0.00438738
0.000570221
0.00172661
0.000787624
0.089233
0.0917747
0.0978642
0.106725
0.111704
0.106136
0.0876278
0.0628864
0.0348843
0.0149082
-0.000317551
-0.00595508
-0.00538598
0.000216133
0.00174699
0.000919767
0.0903149
0.0916324
0.0957856
0.102332
0.106294
0.101493
0.0850101
0.0620938
0.0355891
0.0159249
0.000371239
-0.00644456
-0.00641494
-0.000214442
0.00175559
0.00105531
0.0907419
0.0909481
0.0935697
0.0981956
0.100963
0.096649
0.0820513
0.0610087
0.0360822
0.0168533
0.00122561
-0.00669237
-0.00737889
-0.00068596
0.00175843
0.00119012
0.0902404
0.0895477
0.0910701
0.0942607
0.0958894
0.091783
0.0788328
0.0597203
0.0364574
0.0177606
0.00221101
-0.00672161
-0.00828186
-0.00123499
0.00173999
0.0013314
0.0886697
0.0873669
0.0882048
0.0903884
0.0910142
0.0868996
0.0753878
0.0581253
0.0365636
0.0184909
0.00320602
-0.00654012
-0.00904368
-0.00181816
0.00170375
0.00147413
0.0860273
0.0843718
0.0848719
0.0864202
0.0862439
0.0820252
0.0717072
0.056285
0.0364899
0.0191419
0.00422241
-0.00617127
-0.00966304
-0.00245824
0.00163069
0.00162524
0.0823698
0.0805849
0.0810067
0.0821597
0.0813593
0.0770205
0.0678115
0.0541203
0.0361027
0.0195663
0.00514214
-0.0056604
-0.0100905
-0.00309997
0.0015257
0.00177768
0.0779897
0.0761551
0.0765981
0.0774783
0.0762348
0.0718715
0.0636411
0.0516521
0.0354683
0.0198612
0.00600777
-0.0050195
-0.0103282
-0.0037503
0.00136912
0.00193564
0.0730917
0.0712665
0.0716895
0.072343
0.0707387
0.0664435
0.0592391
0.0488536
0.0344826
0.0198885
0.00669573
-0.00432841
-0.0103757
-0.0043577
0.00117012
0.0020906
0.0678658
0.0659567
0.0663245
0.0666889
0.0649065
0.0608523
0.0545833
0.0457509
0.0332042
0.0197359
0.00726528
-0.00359393
-0.0102469
-0.00492266
0.000912418
0.00224311
0.062241
0.0603308
0.0605104
0.0606637
0.0588119
0.0550847
0.0498045
0.0423881
0.0315727
0.0192812
0.00759653
-0.00291998
-0.00998243
-0.00540601
0.000614348
0.00238362
0.0565308
0.0544826
0.054427
0.0543388
0.0525852
0.0493169
0.0448688
0.0387601
0.0296132
0.0185929
0.00775583
-0.00229223
-0.00959291
-0.00580249
0.000268894
0.00250786
0.0507315
0.0485638
0.0481749
0.0479208
0.0462928
0.0434457
0.0398413
0.0349047
0.0273048
0.0175784
0.00764229
-0.00181439
-0.0091455
-0.00609731
-9.82798e-05
0.00260798
0.0450161
0.0426827
0.04196
0.0414475
0.0399454
0.0375682
0.034648
0.0307917
0.0246708
0.0163067
0.00733529
-0.00144074
-0.00863661
-0.00628478
-0.000483781
0.00267744
0.0393703
0.0369334
0.0358265
0.0350735
0.0336304
0.0315986
0.0293785
0.026508
0.0217504
0.0147302
0.00675791
-0.00126554
-0.00814661
-0.00637597
-0.0008579
0.00271394
0.0338892
0.0313469
0.0299154
0.0288246
0.0273751
0.0256975
0.0240273
0.0220507
0.018568
0.012903
0.00598352
-0.00122666
-0.00765629
-0.00636475
-0.00120919
0.00271178
0.0285053
0.0259376
0.0241547
0.0227955
0.0213133
0.0198623
0.0187114
0.0175241
0.0151889
0.010812
0.00495248
-0.00140944
-0.00725508
-0.00629168
-0.00151812
0.0026756
0.0232454
0.0206431
0.0186481
0.0169999
0.0154734
0.0142258
0.0134743
0.0129532
0.0116405
0.00850861
0.00373822
-0.00173706
-0.0069065
-0.00615094
-0.00177495
0.00260264
0.0180507
0.0155214
0.0132988
0.0114887
0.00992337
0.00880957
0.00840352
0.00844045
0.00800715
0.00600946
0.00230368
-0.0022777
-0.00669572
-0.00600184
-0.00197765
0.00250384
0.012931
0.0104505
0.00817779
0.00623695
0.00465116
0.00367221
0.00351052
0.00398681
0.00430195
0.00335328
0.000713229
-0.00294804
-0.00656669
-0.00582814
-0.00211928
0.00237983
0.00789616
0.00554395
0.00321975
0.00121265
-0.000364665
-0.00126422
-0.00121331
-0.000373005
0.000572538
0.00055836
-0.00105942
-0.00380473
-0.00659485
-0.00569557
-0.00221645
0.00224339
0.0030256
0.000774629
-0.00157324
-0.00363273
-0.0052071
-0.00599053
-0.00577747
-0.00464716
-0.00317137
-0.00233828
-0.00295172
-0.00476246
-0.00671012
-0.00557325
-0.00226313
0.00209745
-0.00171797
-0.00382859
-0.0061739
-0.00827148
-0.00980841
-0.0105159
-0.0101542
-0.00878172
-0.00686393
-0.00529363
-0.00497284
-0.00586926
-0.00697798
-0.00552608
-0.0022887
0.00195365
-0.00621026
-0.00821264
-0.0105421
-0.0126483
-0.0141576
-0.0147557
-0.0142763
-0.0127172
-0.0104536
-0.00824842
-0.00705242
-0.00704099
-0.00732235
-0.00551093
-0.00228509
0.00181586
-0.0104622
-0.0123245
-0.0146137
-0.0167086
-0.0181483
-0.0186714
-0.0180883
-0.0164034
-0.0138723
-0.0111566
-0.00919103
-0.008318
-0.00779914
-0.00558984
-0.00229165
0.00168849
-0.0143424
-0.0160895
-0.0183327
-0.0203925
-0.0217794
-0.0222
-0.0215493
-0.0197861
-0.0170769
-0.0139589
-0.0113155
-0.00961519
-0.00832789
-0.00571121
-0.00229799
0.0015714
-0.0178845
-0.0194992
-0.0216748
-0.0236799
-0.0249721
-0.025323
-0.0246336
-0.0228438
-0.0200322
-0.0166298
-0.0134243
-0.0109722
-0.00896147
-0.00593129
-0.00234612
0.00145917
-0.020979
-0.0224813
-0.0245882
-0.0265314
-0.0277494
-0.0280389
-0.0273387
-0.0255693
-0.0227255
-0.0191284
-0.0154516
-0.012313
-0.00962447
-0.00619447
-0.00241806
0.00134918
-0.0236715
-0.0250524
-0.0270842
-0.0289578
-0.0301068
-0.0303562
-0.029675
-0.0279542
-0.0251399
-0.0214356
-0.017402
-0.0136772
-0.0103689
-0.00654956
-0.00255182
0.00122963
-0.0259161
-0.0272001
-0.0291616
-0.0309687
-0.0320568
-0.0322855
-0.0316342
-0.0300016
-0.0272623
-0.0235164
-0.0192138
-0.0149904
-0.0111198
-0.0069369
-0.00272129
0.00109905
-0.0277577
-0.0289481
-0.0308398
-0.0325773
-0.0336094
-0.0338234
-0.0332276
-0.0316906
-0.0290564
-0.025337
-0.0208789
-0.0162762
-0.0119219
-0.0074002
-0.00295786
0.00094423
-0.0291903
-0.0303049
-0.0321305
-0.033803
-0.0347831
-0.0349899
-0.0344354
-0.0330088
-0.0305077
-0.0268726
-0.0223387
-0.0174548
-0.0126951
-0.00787541
-0.00322687
0.000768176
-0.0302408
-0.0312862
-0.0330513
-0.0346638
-0.0355989
-0.0357908
-0.0352864
-0.0339578
-0.0315974
-0.0280819
-0.0235827
-0.0185427
-0.0134769
-0.00839857
-0.00355067
0.000559727
-0.03103
-0.0320208
-0.033717
-0.0352529
-0.0361223
-0.0362867
-0.0357927
-0.034546
-0.0323255
-0.0289855
-0.0245739
-0.0194709
-0.0141875
-0.00890056
-0.00388535
0.00032803
-0.0314708
-0.0324182
-0.0340515
-0.0355145
-0.0363197
-0.0364414
-0.0359584
-0.0347868
-0.0327195
-0.0295523
-0.0253107
-0.020252
-0.0148547
-0.00941357
-0.00425024
6.59481e-05
-0.0316774
-0.0325774
-0.03412
-0.0354756
-0.0361954
-0.036268
-0.0357872
-0.0346894
-0.0327619
-0.0298188
-0.025777
-0.0208316
-0.0154041
-0.00986905
-0.00459803
-0.000209854
-0.0314414
-0.0323053
-0.0337684
-0.0350329
-0.0356782
-0.035708
-0.035239
-0.0342233
-0.0324715
-0.0297437
-0.0259586
-0.0212128
-0.0158572
-0.010299
-0.00495184
-0.000505738
-0.0309441
-0.0317399
-0.0330726
-0.0342004
-0.0347509
-0.0347445
-0.0343027
-0.0333896
-0.0318068
-0.0293502
-0.0258547
-0.0213643
-0.0161529
-0.0106396
-0.00526436
-0.000799393
-0.0300392
-0.0307587
-0.0319648
-0.0329728
-0.0334441
-0.0334105
-0.0330067
-0.0322016
-0.0308265
-0.0286283
-0.0254529
-0.0212761
-0.0162972
-0.0109106
-0.00555743
-0.00109786
-0.0291148
-0.0297263
-0.030749
-0.0315769
-0.0319286
-0.0318532
-0.0314768
-0.0307751
-0.0295679
-0.0276448
-0.0247991
-0.0209637
-0.0162627
-0.0110671
-0.00579579
-0.00138429
-0.027544
-0.028009
-0.0288526
-0.029538
-0.0298142
-0.0297357
-0.0294257
-0.0288561
-0.0278743
-0.0262332
-0.0237364
-0.0202774
-0.0159421
-0.0110352
-0.00593386
-0.00162359
-0.0276678
-0.0280987
-0.0287543
-0.0291928
-0.0292421
-0.0289839
-0.0285354
-0.0278851
-0.0268818
-0.0253225
-0.0229985
-0.0197953
-0.0157327
-0.0110878
-0.00616346
-0.00194958
-0.0213732
-0.0216775
-0.0223588
-0.0229756
-0.0233157
-0.0234472
-0.0234705
-0.0233608
-0.0229562
-0.0220181
-0.0203339
-0.017764
-0.0143448
-0.0102957
-0.00583922
-0.00194235
-0.0289175
-0.0292754
-0.0297006
-0.02989
-0.0296863
-0.0291266
-0.0282996
-0.0272167
-0.0258068
-0.0239527
-0.021539
-0.018521
-0.0149208
-0.0109198
-0.00659858
-0.0027439
-0.0086086
-0.00913253
-0.0102737
-0.0114705
-0.012436
-0.0132385
-0.0139641
-0.0145791
-0.0149123
-0.0147524
-0.0139352
-0.0123888
-0.0101661
-0.00743483
-0.00418892
-0.00117812
-0.0396769
-0.0397706
-0.0398441
-0.0397169
-0.0391069
-0.0378111
-0.0358671
-0.0333756
-0.0304971
-0.0273833
-0.0241591
-0.0209061
-0.0176337
-0.0143603
-0.0107702
-0.00692592
-0.349077
-0.370785
-0.361789
-0.328201
-0.213191
-0.108826
-0.0273573
0.0101737
0.0460399
0.0424331
-0.348961
-0.370693
-0.361815
-0.328295
-0.213374
-0.109003
-0.0274836
0.0101429
0.046119
0.0418999
-0.348776
-0.370531
-0.361871
-0.328409
-0.213563
-0.10912
-0.0275676
0.0100762
0.0461896
0.0414707
-0.3486
-0.370322
-0.361996
-0.328528
-0.213706
-0.109121
-0.0275605
0.0100482
0.0462264
0.0416453
-0.348667
-0.369997
-0.362123
-0.328506
-0.2137
-0.108938
-0.0274037
0.0101821
0.0461865
0.042593
-0.349592
-0.369603
-0.362201
-0.328215
-0.213237
-0.108334
-0.0269212
0.0107102
0.0463076
0.0439523
-0.351888
-0.369491
-0.362197
-0.327673
-0.212237
-0.107361
-0.0261979
0.0115846
0.0467097
0.0449424
-0.354982
-0.370147
-0.362204
-0.326662
-0.210559
-0.106034
-0.0252135
0.0128835
0.0475669
0.0461701
-0.357144
-0.370645
-0.361874
-0.325071
-0.20854
-0.104668
-0.0242435
0.0143201
0.048722
0.0477684
-0.357508
-0.370531
-0.361074
-0.322864
-0.206524
-0.103546
-0.0234246
0.0158148
0.0501863
0.050197
-0.356075
-0.369859
-0.359947
-0.320689
-0.205158
-0.10302
-0.0230188
0.0170764
0.0516747
0.0529631
-0.353422
-0.369576
-0.359297
-0.319214
-0.204871
-0.103302
-0.0230866
0.0181128
0.0532175
0.0561974
-0.350011
-0.369727
-0.359265
-0.31862
-0.205756
-0.104408
-0.023724
0.0187772
0.0545433
0.0594957
-0.345963
-0.370501
-0.360132
-0.318907
-0.207813
-0.106422
-0.0249838
0.0190873
0.0557002
0.0629792
-0.3413
-0.371258
-0.361357
-0.319571
-0.210636
-0.109121
-0.0268443
0.0189082
0.0564516
0.0662602
-0.335336
-0.371479
-0.362675
-0.32031
-0.214069
-0.112587
-0.0294028
0.0181693
0.0568122
0.0694009
-0.327987
-0.370419
-0.363311
-0.320543
-0.217516
-0.116409
-0.0324827
0.0168769
0.0566244
0.0719974
-0.318472
-0.36737
-0.362846
-0.320057
-0.220829
-0.120669
-0.0361999
0.0149552
0.0558569
0.0739784
-0.307373
-0.362112
-0.36076
-0.318482
-0.223476
-0.124855
-0.0402309
0.0125583
0.0544576
0.0750665
-0.294367
-0.354211
-0.356755
-0.315778
-0.225433
-0.129067
-0.0447033
0.0095859
0.0523684
0.0752417
-0.280653
-0.344199
-0.350801
-0.311868
-0.226342
-0.132801
-0.0491988
0.0063211
0.0497194
0.0744853
-0.266038
-0.331863
-0.342731
-0.306726
-0.226262
-0.136218
-0.0538908
0.00260212
0.0464208
0.072828
-0.251842
-0.318194
-0.332921
-0.300353
-0.224993
-0.138858
-0.0582975
-0.00123168
0.0427225
0.0704103
-0.23784
-0.302991
-0.321202
-0.292642
-0.222617
-0.140862
-0.0625735
-0.00540319
0.038484
0.0671867
-0.225129
-0.287388
-0.308215
-0.28374
-0.219137
-0.141867
-0.0663182
-0.00951517
0.0340477
0.0634109
-0.213235
-0.271116
-0.293794
-0.273553
-0.21463
-0.142131
-0.069784
-0.0138148
0.0292429
0.0590086
-0.202814
-0.255313
-0.278809
-0.262449
-0.209161
-0.141488
-0.0725965
-0.0178492
0.0244787
0.0543415
-0.193305
-0.239666
-0.263101
-0.250357
-0.202734
-0.140154
-0.0750042
-0.0218889
0.0195111
0.0492375
-0.185125
-0.225126
-0.247567
-0.237801
-0.195534
-0.13798
-0.0767233
-0.0255427
0.0147107
0.0440549
-0.177581
-0.211168
-0.231941
-0.224686
-0.187574
-0.135151
-0.0780174
-0.029123
0.00978269
0.0385466
-0.170684
-0.198333
-0.216932
-0.211548
-0.179116
-0.13161
-0.0786542
-0.0322618
0.00510101
0.0331057
-0.163817
-0.186009
-0.202176
-0.198212
-0.170143
-0.127478
-0.0788508
-0.0352245
0.000391551
0.0274476
-0.157113
-0.174606
-0.188228
-0.18518
-0.160925
-0.122785
-0.0784208
-0.0376961
-0.00399933
0.0219575
-0.150241
-0.16367
-0.174766
-0.172279
-0.151441
-0.117624
-0.0775429
-0.039901
-0.00831413
0.0163482
-0.14336
-0.153481
-0.162192
-0.15993
-0.141965
-0.112101
-0.0761201
-0.0416165
-0.0122722
0.0109843
-0.136279
-0.14369
-0.150224
-0.147976
-0.132489
-0.106299
-0.0743074
-0.0430234
-0.0160587
0.00562371
-0.129115
-0.134443
-0.139094
-0.136712
-0.12326
-0.100363
-0.0720963
-0.0439907
-0.0194685
0.000585226
-0.121787
-0.125504
-0.128576
-0.126006
-0.114276
-0.0943678
-0.0696143
-0.044649
-0.0226164
-0.00431053
-0.114409
-0.116959
-0.118786
-0.11603
-0.105723
-0.0884547
-0.0669119
-0.044946
-0.0253783
-0.00880529
-0.106991
-0.108695
-0.109575
-0.106683
-0.0975955
-0.0826794
-0.0640822
-0.0449665
-0.0278057
-0.0130122
-0.0996257
-0.10077
-0.10099
-0.0980419
-0.090005
-0.0771513
-0.061196
-0.044715
-0.0298504
-0.0167519
-0.0923771
-0.0931595
-0.092952
-0.0900377
-0.0829349
-0.0718998
-0.0583103
-0.0442425
-0.0315239
-0.0200886
-0.085323
-0.0859132
-0.0854772
-0.0826854
-0.0764279
-0.0669868
-0.055485
-0.0435818
-0.0328356
-0.022927
-0.0785583
-0.079065
-0.078545
-0.0759442
-0.0704588
-0.0624155
-0.0527457
-0.042763
-0.0337851
-0.0253093
-0.072138
-0.0726555
-0.072158
-0.0697988
-0.0650219
-0.0582012
-0.0501244
-0.0418207
-0.0344133
-0.0272162
-0.0661548
-0.0667305
-0.0663174
-0.0642201
-0.0600851
-0.0543285
-0.0476269
-0.0407768
-0.0347313
-0.0286883
-0.0606229
-0.0612956
-0.0609981
-0.0591643
-0.0556072
-0.0507756
-0.0452565
-0.0396546
-0.0347869
-0.0297567
-0.0555791
-0.0563494
-0.0561696
-0.0545811
-0.0515382
-0.0475088
-0.0430046
-0.0384701
-0.0346076
-0.0304714
-0.0509552
-0.0518223
-0.0517462
-0.0503816
-0.0477952
-0.0444678
-0.0408335
-0.0372162
-0.0342064
-0.0308503
-0.0467106
-0.0476301
-0.047628
-0.0464558
-0.0442799
-0.041565
-0.0386859
-0.0358486
-0.0335684
-0.0308971
-0.0427181
-0.0436634
-0.0437088
-0.042712
-0.0409075
-0.0387373
-0.0365083
-0.0343433
-0.0326755
-0.0305904
-0.0389449
-0.0398774
-0.0399536
-0.0391217
-0.0376618
-0.0359785
-0.0343156
-0.0327244
-0.031573
-0.0300049
-0.035331
-0.036241
-0.0363521
-0.0356935
-0.034568
-0.0333311
-0.0321666
-0.0310669
-0.0303393
-0.029194
-0.0319567
-0.0328183
-0.0329554
-0.0324694
-0.0316666
-0.0308444
-0.0301237
-0.0294485
-0.0290718
-0.0282961
-0.0289291
-0.0297344
-0.0298649
-0.0295115
-0.0289854
-0.0285235
-0.028181
-0.0278533
-0.0277293
-0.0271821
-0.0262525
-0.0271091
-0.0272622
-0.0269694
-0.0266065
-0.0264079
-0.0263925
-0.0264211
-0.0266698
-0.0266443
-0.0234827
-0.0246679
-0.0250941
-0.0248321
-0.0242976
-0.023807
-0.0234331
-0.0230663
-0.0227442
-0.0219657
-0.0213289
-0.022754
-0.024026
-0.024919
-0.0254931
-0.0258777
-0.026151
-0.0263156
-0.0266936
-0.0270474
-0.0228731
-0.0210394
-0.0186506
-0.0170281
-0.0160465
-0.0152778
-0.0144495
-0.0134126
-0.0120829
-0.0100738
-0.0385303
-0.0409266
-0.0404415
-0.0395334
-0.0390637
-0.0388332
-0.0385802
-0.0382313
-0.0380141
-0.0377265
-3.69169
-3.48156
-3.29213
-2.9816
-2.52776
-1.96311
-1.43997
-1.01849
-0.76045
-0.642082
-0.602571
-0.498374
-0.379667
-0.292194
-0.283378
-3.30983
-2.95966
-2.69688
-2.434
-2.07417
-1.63706
-1.25072
-0.946618
-0.745725
-0.648874
-0.612207
-0.505961
-0.38407
-0.293779
-0.283534
-2.65434
-2.40542
-2.21727
-1.97835
-1.65008
-1.298
-1.00188
-0.797174
-0.687562
-0.640423
-0.619973
-0.513946
-0.389955
-0.296328
-0.284088
-2.17298
-1.98524
-1.81512
-1.53896
-1.21612
-0.947696
-0.755696
-0.635831
-0.603016
-0.616634
-0.62228
-0.522105
-0.397646
-0.300615
-0.28584
-1.80896
-1.608
-1.3654
-1.05425
-0.772233
-0.589664
-0.509187
-0.490373
-0.525283
-0.587588
-0.620702
-0.530102
-0.406065
-0.306555
-0.289609
-1.52735
-1.26175
-0.954489
-0.655585
-0.41731
-0.292651
-0.289289
-0.366873
-0.472182
-0.570733
-0.619276
-0.53514
-0.411232
-0.31149
-0.295668
-1.08125
-0.880126
-0.646028
-0.404698
-0.211469
-0.111482
-0.128611
-0.261873
-0.429622
-0.560506
-0.61577
-0.534609
-0.409982
-0.312409
-0.302468
-0.63863
-0.542354
-0.405249
-0.247017
-0.103495
-0.0215038
-0.0326727
-0.171922
-0.381935
-0.542431
-0.603319
-0.527184
-0.400616
-0.30674
-0.307009
-0.311877
-0.286541
-0.22973
-0.142634
-0.0449401
0.0216438
0.0176196
-0.0996876
-0.323943
-0.510502
-0.580474
-0.515244
-0.38567
-0.295438
-0.306953
-0.137597
-0.130022
-0.110369
-0.069253
-0.00818585
0.0443743
0.0447568
-0.0460528
-0.259894
-0.468025
-0.553779
-0.503309
-0.368545
-0.280786
-0.301224
-0.0418894
-0.0364047
-0.0275032
-0.00762515
0.0257764
0.0605235
0.0610369
-0.00892704
-0.196554
-0.418103
-0.527812
-0.494782
-0.354829
-0.2665
-0.291081
0.0242001
0.0287402
0.0331705
0.0402855
0.0551604
0.0740589
0.072361
0.0167409
-0.139093
-0.362899
-0.501254
-0.489646
-0.346619
-0.254765
-0.277849
0.0746178
0.0763638
0.0761297
0.0762988
0.0793953
0.0856233
0.0801659
0.0342751
-0.0925906
-0.306187
-0.470715
-0.486208
-0.345027
-0.246791
-0.264196
0.109525
0.10917
0.106859
0.102578
0.0984191
0.0954902
0.0862362
0.0471209
-0.0573301
-0.251303
-0.434145
-0.481308
-0.348371
-0.241565
-0.250771
0.133496
0.132069
0.12785
0.121186
0.112654
0.103576
0.0904874
0.0557544
-0.0309261
-0.202243
-0.393127
-0.472103
-0.354535
-0.239038
-0.238908
0.148719
0.146347
0.141402
0.133267
0.122255
0.109177
0.0933562
0.0619321
-0.010237
-0.159736
-0.349712
-0.456899
-0.360579
-0.237828
-0.227863
0.156617
0.153883
0.148388
0.139676
0.127473
0.112591
0.0948468
0.0659742
0.00548373
-0.123448
-0.305737
-0.435196
-0.364484
-0.237965
-0.218222
0.158719
0.155757
0.15018
0.141384
0.129156
0.113563
0.0952218
0.0685763
0.0174266
-0.0925596
-0.26273
-0.407723
-0.364794
-0.238594
-0.209191
0.156126
0.153114
0.147719
0.139424
0.127732
0.112805
0.0946534
0.0699108
0.026135
-0.0671981
-0.222375
-0.375962
-0.361075
-0.239758
-0.201534
0.150088
0.147195
0.142282
0.13482
0.124381
0.110485
0.0932802
0.0704273
0.0326045
-0.0463809
-0.185326
-0.341423
-0.353114
-0.240738
-0.194654
0.142317
0.139645
0.135317
0.128861
0.11962
0.107263
0.0913333
0.0702532
0.037096
-0.0298314
-0.152291
-0.305735
-0.341138
-0.241321
-0.189196
0.133894
0.131515
0.12779
0.122232
0.114333
0.103353
0.0888683
0.0695559
0.0402593
-0.0166151
-0.1233
-0.270086
-0.325453
-0.240911
-0.18451
0.125581
0.123513
0.120313
0.115576
0.108683
0.0991098
0.0860744
0.0684368
0.0422418
-0.00644223
-0.0985744
-0.235732
-0.306737
-0.239312
-0.180992
0.117498
0.115738
0.113017
0.108944
0.103065
0.0946357
0.0829527
0.0668906
0.043423
0.00150858
-0.0776469
-0.203305
-0.285612
-0.236151
-0.177953
0.109943
0.108444
0.1061
0.102602
0.0974191
0.0900266
0.0795987
0.0650757
0.0438919
0.00748203
-0.0604043
-0.173612
-0.262967
-0.231374
-0.17558
0.102687
0.10144
0.0994606
0.0964304
0.0919372
0.0854152
0.0761238
0.0629546
0.0439154
0.0121213
-0.046135
-0.146764
-0.239466
-0.224892
-0.173244
0.0966908
0.0954853
0.0936556
0.0908893
0.0868139
0.0809791
0.0726357
0.0608217
0.0435898
0.0155865
-0.0346186
-0.123161
-0.215959
-0.216878
-0.171019
0.0910752
0.0899707
0.0882893
0.0857716
0.0820811
0.0768163
0.0693556
0.0586263
0.0430992
0.0183249
-0.0251481
-0.10251
-0.192949
-0.20745
-0.168387
0.0864647
0.0853338
0.0836846
0.0812765
0.0778353
0.073036
0.0662514
0.056606
0.0425037
0.0203902
-0.017553
-0.0849297
-0.171082
-0.196931
-0.165418
0.0819231
0.0808805
0.0793467
0.077117
0.0739529
0.0695681
0.0634467
0.0546256
0.0418416
0.022035
-0.0112717
-0.0699103
-0.150607
-0.185558
-0.161839
0.0783214
0.0772457
0.0757208
0.0735364
0.0705123
0.0664333
0.0607756
0.052782
0.0411134
0.0232438
-0.00624228
-0.0574304
-0.131914
-0.17371
-0.157792
0.0744308
0.0734532
0.0720375
0.0700072
0.067205
0.0634334
0.0582826
0.0509243
0.0402947
0.0241513
-0.00206879
-0.0469286
-0.115012
-0.161597
-0.153088
0.0712528
0.0702375
0.0688326
0.066857
0.0641828
0.0606571
0.0558552
0.0491483
0.0394164
0.0247476
0.00124172
-0.0383401
-0.100044
-0.149537
-0.14788
0.0676143
0.0666777
0.0654014
0.0636182
0.0611887
0.0579454
0.0535653
0.0473642
0.0384559
0.025111
0.00397041
-0.0311564
-0.0868415
-0.137666
-0.142047
0.0646975
0.0637618
0.0625033
0.0607698
0.0584496
0.0554149
0.0513149
0.045635
0.037453
0.0252495
0.00609177
-0.0253195
-0.0754033
-0.126235
-0.135817
0.0615098
0.0606541
0.0594943
0.0578881
0.0557386
0.0529178
0.0491619
0.0438993
0.0363776
0.0252038
0.00780315
-0.0204301
-0.065476
-0.115292
-0.129147
0.0587138
0.0578785
0.0567555
0.0552139
0.0531758
0.0505442
0.047029
0.0421951
0.0352628
0.0249869
0.00907822
-0.0164642
-0.056979
-0.105005
-0.122279
0.0555208
0.0547735
0.0537769
0.0524019
0.0505663
0.0481563
0.044951
0.0404675
0.034064
0.0246016
0.0100486
-0.0131298
-0.0496431
-0.0953453
-0.115168
0.0526984
0.0520004
0.0510684
0.0497821
0.048068
0.0458358
0.0428379
0.0387038
0.0327886
0.0240649
0.0107001
-0.010414
-0.0433779
-0.0864138
-0.108046
0.0495999
0.0489981
0.0481807
0.0470292
0.0454759
0.0434264
0.0406918
0.0368712
0.0314157
0.0233878
0.0111359
-0.00810917
-0.0379437
-0.0781301
-0.100857
0.0467633
0.0462099
0.0454489
0.0443725
0.042928
0.0410437
0.0385131
0.0350129
0.0300004
0.0226194
0.0113659
-0.00621355
-0.0332722
-0.0705471
-0.0938072
0.0437071
0.0432141
0.042552
0.0416156
0.0403471
0.0386594
0.0363834
0.0331753
0.0285665
0.0217793
0.0114596
-0.00458976
-0.0291782
-0.0635656
-0.0868319
0.0410822
0.0406247
0.0400114
0.0391487
0.0379847
0.0364459
0.0343453
0.0313975
0.0271511
0.0209019
0.0114222
-0.00325084
-0.0256288
-0.0572226
-0.0801148
0.0386018
0.038195
0.0376429
0.036855
0.0357839
0.034357
0.0324221
0.0296864
0.0257533
0.0199896
0.0112919
-0.00211286
-0.0224976
-0.0514242
-0.0735917
0.0364719
0.0360943
0.0355624
0.0347958
0.0337629
0.0324118
0.030586
0.0280362
0.0243888
0.0190712
0.0110779
-0.00118939
-0.0197796
-0.0462005
-0.0674182
0.034278
0.033928
0.0334338
0.0327205
0.0317626
0.0305062
0.0288179
0.0264487
0.0230669
0.0181582
0.0108117
-0.000420201
-0.0173858
-0.0414669
-0.0615256
0.0322633
0.0319314
0.0314557
0.0307749
0.0298727
0.0287064
0.0271365
0.0249408
0.0218148
0.0172815
0.0105061
0.000190013
-0.0153152
-0.0372427
-0.0560383
0.0302465
0.0299342
0.0294982
0.0288815
0.0280664
0.0270034
0.0255639
0.0235397
0.0206441
0.0164409
0.0101815
0.000691933
-0.0134885
-0.0334358
-0.0508746
0.0284651
0.0281679
0.0277542
0.0271766
0.0264238
0.0254479
0.0241223
0.0222457
0.0195555
0.0156545
0.00984725
0.00109291
-0.0118947
-0.0300425
-0.0461146
0.0268179
0.0265328
0.0261438
0.0256117
0.0249268
0.024036
0.0228106
0.0210635
0.0185575
0.0149181
0.00953059
0.00145015
-0.0104494
-0.0269594
-0.0416545
0.0253953
0.0251219
0.0247499
0.0242511
0.0236174
0.0227918
0.0216444
0.0200038
0.0176565
0.0142685
0.00926347
0.00179253
-0.00912643
-0.0241683
-0.0375392
0.0241123
0.0238508
0.023505
0.0230513
0.0224749
0.0217078
0.0206247
0.0190778
0.0168846
0.0137283
0.0090886
0.00218624
-0.00783663
-0.0215635
-0.033658
0.0230437
0.0228002
0.0224758
0.0220537
0.0215145
0.020787
0.0197569
0.0183017
0.0162576
0.0133331
0.00903566
0.00265576
-0.00656461
-0.0191288
-0.0300451
0.0220446
0.0218284
0.0215442
0.021172
0.0206824
0.0200008
0.01903
0.0176718
0.0157784
0.013066
0.00908861
0.00319179
-0.00529268
-0.0167926
-0.0266156
0.0212114
0.0210273
0.0207786
0.0204432
0.0199867
0.0193406
0.0184264
0.0171605
0.0153964
0.0128687
0.00916353
0.00368783
-0.00412708
-0.0146029
-0.0233978
0.020436
0.0202824
0.0200741
0.0197818
0.019365
0.0187601
0.0179024
0.0167122
0.0150431
0.0126409
0.00913714
0.00400589
-0.00318532
-0.0126208
-0.0202492
0.0197881
0.019656
0.0194718
0.0192042
0.0188133
0.0182436
0.0174348
0.0163009
0.0146906
0.0123681
0.0089919
0.00411089
-0.00256669
-0.0110713
-0.0172904
0.0192647
0.0191377
0.0189645
0.0187135
0.0183475
0.0178158
0.0170567
0.0159771
0.0144259
0.0121734
0.00890402
0.00421557
-0.00211239
-0.00998924
-0.0151264
0.0189344
0.0188048
0.0186273
0.0183768
0.0180223
0.0175176
0.016798
0.0157642
0.0142644
0.012082
0.00891566
0.00440856
-0.00160555
-0.00875275
-0.0139732
0.0187495
0.0186132
0.0184266
0.0181672
0.0178034
0.017288
0.0165493
0.0154819
0.0139338
0.0116939
0.00851029
0.00419509
-0.00103212
-0.00587733
-0.00970191
)
;

boundaryField
{
    airfoil
    {
        type            zeroGradient;
    }
    farBoundaries
    {
        type            freestreamPressure;
        freestreamValue uniform 0;
        supersonic      false;
        value           nonuniform List<scalar> 
52
(
-0.0175861
-0.0186798
-0.0184584
-0.0180439
-0.0178295
-0.0177243
-0.0176089
-0.0174496
-0.0173505
-0.0172192
-0.0181094
-0.0181522
-0.0181857
-0.0181277
-0.0178493
-0.0172578
-0.0163705
-0.0152333
-0.0139196
-0.0124983
-0.0110267
-0.00954199
-0.00804842
-0.00655435
-0.00491576
-0.00316114
0.0194944
0.0196387
0.0196534
0.0195511
0.0192295
0.0185631
0.017529
0.0162107
0.0147289
0.0131819
0.0116316
0.0100985
0.00858975
0.0070786
0.00548927
0.00330566
0.0217631
0.0219301
0.0208354
0.0199191
0.0194255
0.0190702
0.0186767
0.0182679
0.0180847
0.0180646
)
;
    }
    inlet
    {
        type            freestreamPressure;
        freestreamValue uniform 0;
        supersonic      false;
        value           nonuniform List<scalar> 
30
(
0.018712
0.0185715
0.0183786
0.0181099
0.0177322
0.0171956
0.0164246
0.0153087
0.0136907
0.011362
0.00810347
0.00384862
-0.000882751
-0.0043882
-0.00550138
0.0188322
0.0189846
0.0191946
0.0194821
0.019872
0.0203943
0.0210832
0.0219676
0.0230438
0.0242114
0.0251574
0.0251501
0.0228909
0.0175033
0.0112946
)
;
    }
    outlet
    {
        type            freestreamPressure;
        freestreamValue uniform 0;
        supersonic      false;
        value           nonuniform List<scalar> 
120
(
-1.46329e-06
-1.21015e-06
-9.64293e-07
-7.23631e-07
-4.92989e-07
-2.64077e-07
-4.24748e-08
1.78066e-07
3.90716e-07
6.01266e-07
8.03301e-07
1.00317e-06
1.19464e-06
1.38509e-06
1.569e-06
1.75476e-06
1.93635e-06
2.12219e-06
2.30604e-06
2.49534e-06
2.68217e-06
2.87009e-06
3.04946e-06
3.21871e-06
3.36693e-06
3.4869e-06
3.57026e-06
3.60969e-06
3.60533e-06
3.55435e-06
3.46554e-06
3.34083e-06
3.19257e-06
3.02471e-06
2.84705e-06
2.66438e-06
2.48177e-06
2.30556e-06
2.13434e-06
1.97371e-06
1.81413e-06
1.65992e-06
1.49466e-06
1.32203e-06
1.12375e-06
9.07857e-07
6.60201e-07
3.95365e-07
1.03532e-07
-1.95404e-07
-5.12305e-07
-8.2401e-07
-1.14553e-06
-1.45423e-06
-1.75179e-06
-2.04879e-06
-2.31284e-06
-2.52826e-06
-2.13632e-06
-1.40028e-06
6.10533e-06
3.89667e-06
3.18325e-06
3.2387e-06
3.17516e-06
3.11892e-06
3.08714e-06
3.09288e-06
3.11391e-06
3.15103e-06
3.18053e-06
3.20258e-06
3.20656e-06
3.18232e-06
3.12562e-06
3.01623e-06
2.86945e-06
2.66413e-06
2.42962e-06
2.13717e-06
1.8268e-06
1.46718e-06
1.09946e-06
6.88284e-07
2.748e-07
-1.74633e-07
-6.24354e-07
-1.10448e-06
-1.58131e-06
-2.07529e-06
-2.55743e-06
-3.03862e-06
-3.49124e-06
-3.91622e-06
-4.29451e-06
-4.62252e-06
-4.88797e-06
-5.08613e-06
-5.21845e-06
-5.2831e-06
-5.28923e-06
-5.23683e-06
-5.14242e-06
-5.00679e-06
-4.84643e-06
-4.66071e-06
-4.46508e-06
-4.25709e-06
-4.04851e-06
-3.83514e-06
-3.62617e-06
-3.4157e-06
-3.21001e-06
-3.00204e-06
-2.79686e-06
-2.58679e-06
-2.37627e-06
-2.15736e-06
-1.9346e-06
-1.70288e-06
)
;
    }
    defaultFaces
    {
        type            empty;
    }
}


// ************************************************************************* //
