/*--------------------------------*- C++ -*----------------------------------*\
  =========                 |
  \\      /  F ield         | OpenFOAM: The Open Source CFD Toolbox
   \\    /   O peration     | Website:  https://openfoam.org
    \\  /    A nd           | Version:  6.0
     \\/     M anipulation  |
\*---------------------------------------------------------------------------*/
FoamFile
{
    version     2.0;
    format      ascii;
    class       volScalarField;
    location    "450";
    object      nut;
}
// * * * * * * * * * * * * * * * * * * * * * * * * * * * * * * * * * * * * * //

dimensions      [0 2 -1 0 0 0 0];

internalField   nonuniform List<scalar> 
9800
(
0.140005
0.140007
0.139996
0.139987
0.139975
0.139964
0.139975
0.139995
0.140001
0.140006
0.14001
0.140014
0.140017
0.140021
0.140024
0.140029
0.140034
0.140039
0.140039
0.140039
0.140039
0.140036
0.140018
0.140017
0.140035
0.140039
0.140039
0.140038
0.140039
0.140035
0.14003
0.140025
0.140022
0.140018
0.140015
0.140011
0.140007
0.140002
0.139996
0.139982
0.139968
0.139975
0.139986
0.139995
0.140002
0.140009
0.140016
0.140024
0.140033
0.140044
0.140057
0.140072
0.140091
0.140113
0.140141
0.140175
0.140218
0.140273
0.140343
0.140436
0.140564
0.14074
0.14102
0.141396
0.142369
0.143572
0.144852
0.146291
0.146897
0.147509
0.147878
0.148142
0.148285
0.148338
0.148339
0.148337
0.148375
0.148475
0.148641
0.148855
0.149087
0.149299
0.149458
0.149541
0.149538
0.14945
0.149287
0.149063
0.148785
0.148513
0.14833
0.148246
0.148253
0.148338
0.148488
0.14869
0.148944
0.149642
0.163014
0.256735
0.140198
0.140167
0.140125
0.140095
0.140073
0.140063
0.140069
0.140075
0.140073
0.14007
0.140069
0.140069
0.140069
0.140069
0.140068
0.140061
0.140045
0.140024
0.140054
0.140072
0.140083
0.14008
0.140048
0.140046
0.140081
0.140085
0.140075
0.140059
0.140025
0.140042
0.140058
0.140066
0.140067
0.140066
0.140066
0.140067
0.140069
0.14007
0.140072
0.140068
0.14006
0.140064
0.140078
0.140098
0.140121
0.140145
0.14017
0.140197
0.140227
0.14026
0.140297
0.140339
0.140387
0.140442
0.140505
0.140579
0.140666
0.140768
0.140889
0.141034
0.14121
0.141424
0.141699
0.142026
0.142513
0.143044
0.143439
0.143744
0.143934
0.144109
0.144268
0.144408
0.144523
0.144611
0.14468
0.14474
0.144799
0.144862
0.144931
0.145002
0.145074
0.145136
0.145195
0.145288
0.145418
0.145581
0.145772
0.145983
0.146205
0.146429
0.146648
0.146854
0.147041
0.147206
0.147346
0.147461
0.147552
0.147623
0.147827
0.150922
0.140259
0.140216
0.140175
0.140148
0.140132
0.140125
0.140123
0.140119
0.140113
0.140108
0.140102
0.140093
0.140078
0.140054
0.140023
0.140017
0.140028
0.140039
0.140077
0.140107
0.140126
0.140121
0.140079
0.140076
0.14012
0.140128
0.140111
0.140082
0.140041
0.140023
0.140012
0.140025
0.140057
0.140079
0.140091
0.1401
0.140105
0.140109
0.140113
0.140115
0.140115
0.140117
0.140124
0.140138
0.140157
0.14018
0.140206
0.140235
0.140265
0.140297
0.140332
0.14037
0.140411
0.140456
0.140505
0.140559
0.140619
0.140684
0.140755
0.140832
0.140915
0.140997
0.141112
0.141251
0.141416
0.141605
0.141808
0.142033
0.142275
0.142529
0.142788
0.143043
0.143292
0.143536
0.143773
0.144006
0.144235
0.144462
0.144683
0.144897
0.145101
0.145293
0.14547
0.145628
0.145766
0.145881
0.145973
0.146042
0.146086
0.146108
0.14611
0.146093
0.146061
0.146018
0.145966
0.145911
0.145855
0.145802
0.145756
0.145737
0.140264
0.140224
0.14019
0.140167
0.14015
0.140137
0.140122
0.140104
0.140082
0.140057
0.140041
0.140031
0.140021
0.140017
0.140015
0.140022
0.140045
0.140078
0.140119
0.140154
0.140172
0.140158
0.14011
0.140104
0.140154
0.14017
0.140154
0.140121
0.140077
0.140039
0.140014
0.14
0.14
0.140013
0.140027
0.14004
0.140067
0.140091
0.140108
0.14012
0.140129
0.140135
0.140142
0.140152
0.140165
0.140182
0.140204
0.140228
0.140255
0.140285
0.140317
0.140351
0.140387
0.140425
0.140466
0.140509
0.140555
0.140604
0.140655
0.140708
0.140763
0.140817
0.140872
0.140931
0.140989
0.141049
0.141115
0.141192
0.141278
0.141372
0.141471
0.141571
0.141671
0.141768
0.141857
0.141937
0.142006
0.142063
0.142113
0.142156
0.142195
0.14223
0.142264
0.142298
0.142335
0.142375
0.142419
0.142466
0.142518
0.142572
0.142628
0.142687
0.142746
0.142807
0.142868
0.14293
0.142993
0.143056
0.143117
0.143211
0.140268
0.140235
0.140205
0.14018
0.140158
0.140136
0.140113
0.140088
0.140061
0.140032
0.140002
0.13997
0.139947
0.139953
0.139981
0.14003
0.140072
0.140118
0.140163
0.140198
0.140211
0.140188
0.140136
0.140127
0.140179
0.140204
0.140193
0.140159
0.140111
0.14006
0.139999
0.13995
0.139932
0.139947
0.139981
0.14001
0.14004
0.14007
0.140096
0.140117
0.140135
0.14015
0.140163
0.140175
0.140188
0.140203
0.14022
0.14024
0.140263
0.140289
0.140317
0.140348
0.14038
0.140414
0.14045
0.140488
0.140527
0.140568
0.14061
0.140653
0.140696
0.14074
0.140782
0.140822
0.140861
0.140896
0.140931
0.140966
0.141002
0.141043
0.141088
0.141137
0.141191
0.141247
0.141303
0.141358
0.14141
0.141459
0.141507
0.141554
0.141601
0.14165
0.141701
0.141754
0.141808
0.141863
0.141919
0.141976
0.142034
0.142092
0.14215
0.142207
0.142265
0.142323
0.142381
0.14244
0.142499
0.14256
0.142617
0.142693
0.14025
0.140223
0.140196
0.14017
0.140145
0.140118
0.140088
0.140053
0.140012
0.139962
0.139906
0.139874
0.139869
0.139898
0.139962
0.140046
0.140105
0.140159
0.140206
0.140238
0.140242
0.140211
0.140156
0.140143
0.140197
0.14023
0.140227
0.140196
0.140147
0.140086
0.140006
0.139916
0.139867
0.13986
0.139889
0.139941
0.139989
0.140032
0.140068
0.140098
0.140123
0.140144
0.140163
0.140179
0.140194
0.140209
0.140224
0.140241
0.140259
0.14028
0.140302
0.140327
0.140353
0.140381
0.140411
0.140442
0.140475
0.140509
0.140543
0.140579
0.140615
0.140652
0.140689
0.140726
0.140763
0.140799
0.140835
0.14087
0.140905
0.14094
0.140977
0.141016
0.141057
0.141102
0.141148
0.141196
0.141245
0.141295
0.141346
0.141396
0.141447
0.141499
0.141552
0.141606
0.14166
0.141715
0.14177
0.141825
0.14188
0.141935
0.141989
0.142042
0.142095
0.142148
0.1422
0.142253
0.142305
0.142357
0.142406
0.142465
0.140196
0.140168
0.140131
0.14009
0.140045
0.139994
0.13994
0.139896
0.139853
0.139813
0.139789
0.139796
0.139843
0.139924
0.140007
0.140089
0.140154
0.14021
0.140252
0.140274
0.140267
0.140226
0.140166
0.140148
0.140208
0.140251
0.140259
0.140236
0.140191
0.14013
0.140052
0.139958
0.139861
0.139797
0.13978
0.139797
0.139832
0.139873
0.139918
0.139974
0.140025
0.140069
0.140106
0.140136
0.140161
0.140182
0.140201
0.140218
0.140235
0.140253
0.140271
0.140291
0.140313
0.140336
0.140361
0.140387
0.140415
0.140444
0.140474
0.140505
0.140537
0.14057
0.140603
0.140637
0.140672
0.140708
0.140744
0.140781
0.140818
0.140855
0.140893
0.140931
0.14097
0.14101
0.141051
0.141094
0.141137
0.141182
0.141227
0.141272
0.141318
0.141364
0.14141
0.141456
0.141501
0.141547
0.141592
0.141637
0.141681
0.141725
0.141769
0.141812
0.141855
0.141897
0.141939
0.141981
0.142023
0.142065
0.142104
0.142144
0.140012
0.139983
0.139923
0.139867
0.13982
0.139776
0.139738
0.139712
0.1397
0.139708
0.139747
0.139822
0.139908
0.139997
0.140079
0.140153
0.140215
0.140264
0.140297
0.140305
0.140283
0.140229
0.140154
0.140112
0.1402
0.14026
0.140284
0.140275
0.14024
0.140186
0.140116
0.14003
0.139931
0.13983
0.139741
0.139693
0.139679
0.139688
0.139715
0.139754
0.1398
0.139848
0.139905
0.139964
0.140018
0.140066
0.140108
0.140144
0.140174
0.140199
0.140222
0.140243
0.140263
0.140284
0.140306
0.140328
0.140352
0.140377
0.140402
0.140429
0.140457
0.140486
0.140515
0.140546
0.140577
0.140609
0.140642
0.140676
0.140711
0.140746
0.140782
0.140818
0.140855
0.140892
0.140929
0.140967
0.141005
0.141044
0.141083
0.141122
0.14116
0.141199
0.141237
0.141275
0.141312
0.141348
0.141385
0.14142
0.141455
0.14149
0.141525
0.141559
0.141592
0.141626
0.141659
0.141693
0.141727
0.141761
0.141793
0.141823
0.139725
0.139686
0.139643
0.139609
0.139584
0.139573
0.139576
0.1396
0.139648
0.139724
0.139826
0.139919
0.140007
0.140089
0.140162
0.140226
0.140278
0.140315
0.140332
0.140322
0.140279
0.140201
0.140089
0.14006
0.140172
0.140253
0.140296
0.140305
0.140286
0.140245
0.140187
0.140112
0.140025
0.139925
0.139814
0.139702
0.139619
0.139568
0.139546
0.139546
0.139562
0.13959
0.139628
0.139674
0.139724
0.139776
0.139828
0.139885
0.139945
0.140003
0.140057
0.140105
0.140147
0.140184
0.140215
0.140244
0.14027
0.140295
0.14032
0.140345
0.14037
0.140396
0.140422
0.140449
0.140476
0.140505
0.140533
0.140563
0.140593
0.140623
0.140655
0.140686
0.140718
0.14075
0.140782
0.140814
0.140846
0.140878
0.14091
0.140942
0.140973
0.141004
0.141034
0.141064
0.141093
0.141122
0.14115
0.141178
0.141205
0.141232
0.141259
0.141285
0.141312
0.141339
0.141366
0.141393
0.14142
0.141448
0.141475
0.141496
0.139451
0.139424
0.139418
0.139428
0.139457
0.139508
0.139582
0.139671
0.139764
0.139862
0.139959
0.140043
0.14012
0.14019
0.140251
0.140302
0.140339
0.140358
0.140353
0.14032
0.140252
0.140144
0.140006
0.139993
0.14012
0.140224
0.14029
0.140321
0.140321
0.140298
0.140255
0.140195
0.140122
0.140036
0.139937
0.139826
0.13971
0.139596
0.139499
0.139433
0.139394
0.139378
0.13938
0.139395
0.139419
0.139452
0.139492
0.139538
0.139589
0.139644
0.139701
0.139756
0.139809
0.139865
0.139928
0.139992
0.140052
0.140107
0.140155
0.140198
0.140236
0.14027
0.140302
0.140331
0.14036
0.140387
0.140414
0.140441
0.140467
0.140494
0.14052
0.140546
0.140572
0.140597
0.140623
0.140648
0.140672
0.140697
0.14072
0.140744
0.140766
0.140788
0.14081
0.140831
0.140852
0.140872
0.140892
0.140912
0.140932
0.140951
0.140971
0.140991
0.141011
0.141031
0.141052
0.141073
0.141095
0.141118
0.141139
0.141154
0.139256
0.139255
0.139313
0.139398
0.139502
0.139611
0.139717
0.139819
0.139916
0.140006
0.14009
0.140164
0.14023
0.140287
0.140333
0.140367
0.140384
0.14038
0.14035
0.140289
0.140192
0.14006
0.13992
0.139916
0.140047
0.140174
0.140264
0.140318
0.140341
0.140338
0.140314
0.140271
0.140214
0.140143
0.14006
0.139965
0.139858
0.139741
0.139617
0.139493
0.139377
0.139286
0.139224
0.139187
0.13917
0.139166
0.139175
0.139193
0.139219
0.139252
0.139291
0.139334
0.13938
0.139429
0.139483
0.139539
0.139595
0.139649
0.139702
0.139759
0.139824
0.13989
0.139952
0.140009
0.140061
0.140107
0.140148
0.140185
0.140218
0.140248
0.140276
0.140301
0.140325
0.140348
0.140369
0.140388
0.140407
0.140425
0.140443
0.140459
0.140476
0.140491
0.140507
0.140522
0.140537
0.140552
0.140567
0.140583
0.140598
0.140614
0.140631
0.140648
0.140666
0.140684
0.140703
0.140723
0.140743
0.140763
0.140782
0.140793
0.139291
0.139354
0.139454
0.139567
0.139681
0.13979
0.139892
0.139986
0.140072
0.140151
0.140223
0.140285
0.140337
0.140379
0.140407
0.14042
0.140413
0.140383
0.140325
0.140235
0.14011
0.139954
0.139812
0.139793
0.139887
0.140052
0.140179
0.140265
0.140316
0.140337
0.140335
0.140312
0.140272
0.140217
0.140148
0.140067
0.139973
0.139866
0.139744
0.139609
0.139461
0.139308
0.139167
0.139056
0.138976
0.138921
0.138884
0.138863
0.138853
0.138853
0.138861
0.138876
0.138897
0.138923
0.138954
0.138989
0.139026
0.139063
0.139102
0.139142
0.139185
0.139228
0.139271
0.139312
0.139356
0.139405
0.139458
0.139511
0.139561
0.139607
0.139648
0.139685
0.139718
0.139748
0.139774
0.139797
0.139818
0.139837
0.139855
0.139872
0.139888
0.139904
0.13992
0.139936
0.139952
0.139969
0.139987
0.140006
0.140025
0.140044
0.140065
0.140085
0.140105
0.140125
0.140144
0.140163
0.140181
0.140198
0.140212
0.14021
0.139287
0.139371
0.139503
0.13964
0.139766
0.139878
0.139977
0.140066
0.140146
0.140216
0.140279
0.140329
0.140366
0.14039
0.140398
0.140387
0.140352
0.14029
0.140195
0.140062
0.139892
0.139715
0.139616
0.139611
0.139706
0.139898
0.140064
0.140184
0.140265
0.140312
0.140334
0.140331
0.140309
0.140271
0.140218
0.140152
0.140073
0.139981
0.139874
0.139751
0.139611
0.139454
0.139285
0.139114
0.138952
0.138812
0.138702
0.138618
0.138554
0.138505
0.13847
0.138444
0.138427
0.138417
0.138413
0.138413
0.138417
0.138424
0.138433
0.138444
0.138456
0.138469
0.138483
0.138496
0.138511
0.138525
0.13854
0.138555
0.13857
0.138584
0.138596
0.138606
0.138616
0.138625
0.138637
0.138653
0.138671
0.138692
0.138715
0.138739
0.138764
0.13879
0.138816
0.138844
0.138873
0.138903
0.138933
0.138965
0.138997
0.139029
0.139061
0.139092
0.139123
0.139152
0.139179
0.139204
0.139226
0.139245
0.139259
0.13925
0.139579
0.139682
0.139797
0.139911
0.140014
0.140107
0.140189
0.140261
0.140324
0.140376
0.140418
0.140446
0.140459
0.140457
0.140436
0.140394
0.140326
0.140228
0.140097
0.139932
0.139735
0.139527
0.139378
0.139325
0.139361
0.139466
0.13961
0.139781
0.139927
0.140034
0.140104
0.140139
0.140146
0.140128
0.14009
0.140033
0.139957
0.139861
0.139744
0.139605
0.13944
0.139262
0.139082
0.138907
0.13874
0.138585
0.138447
0.138327
0.138223
0.138135
0.13806
0.137996
0.137942
0.137895
0.137856
0.137821
0.137792
0.137768
0.137747
0.137728
0.137712
0.137697
0.137684
0.137671
0.137659
0.137648
0.137637
0.137624
0.137612
0.137599
0.137585
0.137571
0.137557
0.137543
0.137529
0.137514
0.1375
0.137486
0.137473
0.137461
0.13745
0.137441
0.137435
0.137434
0.13744
0.137452
0.137469
0.13749
0.137514
0.13754
0.137566
0.137592
0.137614
0.137634
0.137651
0.137664
0.137672
0.137676
0.13767
0.137611
0.139256
0.139268
0.13933
0.139402
0.139471
0.139533
0.139587
0.139634
0.139674
0.139708
0.139738
0.139753
0.139748
0.139714
0.139656
0.139576
0.13948
0.139373
0.139254
0.139125
0.138997
0.138888
0.138824
0.138827
0.138906
0.139071
0.139271
0.139468
0.139642
0.139786
0.139898
0.139975
0.140021
0.140042
0.140037
0.140011
0.139963
0.139895
0.139807
0.139701
0.139578
0.139441
0.139295
0.139143
0.138986
0.138826
0.138664
0.138502
0.138343
0.138194
0.138058
0.137937
0.137827
0.137728
0.137638
0.137555
0.137479
0.137408
0.137342
0.137279
0.137219
0.137161
0.137105
0.137052
0.137
0.136949
0.1369
0.136852
0.136804
0.136757
0.136711
0.136665
0.13662
0.136575
0.136531
0.136488
0.136446
0.136405
0.136364
0.136325
0.136285
0.136246
0.136207
0.136167
0.136129
0.13609
0.136052
0.136015
0.135978
0.135945
0.13592
0.135907
0.135901
0.135899
0.135899
0.135899
0.135899
0.135895
0.135884
0.135813
0.1395
0.139498
0.139511
0.13953
0.139548
0.139563
0.139572
0.139575
0.13957
0.139557
0.139535
0.139501
0.139451
0.139384
0.139301
0.139205
0.139097
0.138979
0.138854
0.138724
0.138591
0.138457
0.138324
0.1382
0.13812
0.138124
0.138181
0.138265
0.13836
0.138457
0.138547
0.138626
0.138687
0.138732
0.13876
0.138771
0.138766
0.138746
0.138711
0.138662
0.138601
0.138529
0.138447
0.138356
0.138257
0.138151
0.138039
0.137922
0.137802
0.13768
0.137558
0.137437
0.137318
0.137201
0.137086
0.136973
0.136863
0.136754
0.136649
0.136546
0.136445
0.136347
0.136252
0.13616
0.136071
0.135986
0.135903
0.135824
0.135748
0.135675
0.135604
0.135536
0.13547
0.135407
0.135344
0.135283
0.135224
0.135165
0.135107
0.135049
0.134992
0.134934
0.134875
0.134816
0.134755
0.134693
0.13463
0.134565
0.134499
0.134431
0.134361
0.134291
0.13422
0.134146
0.134069
0.133991
0.133909
0.133825
0.133738
0.133654
0.138313
0.13839
0.138463
0.138483
0.138468
0.13844
0.138406
0.138371
0.13833
0.138273
0.138191
0.138119
0.138048
0.137978
0.13791
0.137846
0.137792
0.137749
0.137718
0.137699
0.137691
0.137691
0.137697
0.137713
0.13774
0.137782
0.137838
0.137905
0.137978
0.138055
0.138132
0.138203
0.138269
0.138326
0.138375
0.138414
0.138443
0.13846
0.138467
0.138464
0.13845
0.138427
0.138394
0.138352
0.138301
0.138242
0.138176
0.138102
0.138021
0.137933
0.137839
0.137738
0.137632
0.13752
0.137404
0.137282
0.137156
0.137026
0.136891
0.136754
0.136616
0.136477
0.136335
0.136187
0.136031
0.135869
0.135702
0.135533
0.135367
0.135208
0.135056
0.134911
0.134772
0.13464
0.134512
0.134388
0.134268
0.13415
0.134034
0.133918
0.133805
0.133693
0.13358
0.133468
0.133355
0.133242
0.133129
0.133015
0.132901
0.132788
0.132676
0.132564
0.132452
0.132339
0.132224
0.132108
0.13199
0.131872
0.131753
0.13164
0.138268
0.13825
0.138221
0.138183
0.138139
0.138093
0.138047
0.138002
0.137957
0.137913
0.137869
0.137828
0.137788
0.137748
0.13771
0.137675
0.137642
0.137613
0.137588
0.137567
0.137548
0.137532
0.137517
0.137502
0.137487
0.13747
0.137451
0.13743
0.137407
0.13738
0.137353
0.13733
0.137313
0.137301
0.137291
0.137281
0.137267
0.137249
0.137228
0.137203
0.137176
0.137143
0.137104
0.137059
0.137009
0.136955
0.136896
0.136834
0.136767
0.136694
0.136617
0.136535
0.136449
0.136359
0.136265
0.136168
0.136068
0.135965
0.135858
0.135749
0.135636
0.135522
0.135408
0.135295
0.135184
0.135069
0.134953
0.134837
0.134723
0.134611
0.134499
0.134389
0.134283
0.134177
0.134073
0.133969
0.133868
0.13377
0.133672
0.133575
0.13348
0.133385
0.133288
0.133191
0.133093
0.132995
0.132895
0.132795
0.132694
0.132592
0.132489
0.132386
0.13228
0.132173
0.132063
0.131946
0.131814
0.131664
0.13149
0.131316
0.140108
0.140396
0.140624
0.140792
0.140911
0.14099
0.141038
0.141059
0.141054
0.141023
0.141001
0.140971
0.140936
0.1409
0.140862
0.140825
0.140788
0.140751
0.140716
0.140682
0.140648
0.140614
0.140579
0.140544
0.140508
0.140471
0.140431
0.14039
0.140344
0.140293
0.140237
0.140208
0.140167
0.140125
0.140083
0.140039
0.139993
0.139946
0.139897
0.139845
0.13979
0.139733
0.139674
0.139612
0.139549
0.139481
0.13941
0.139335
0.139259
0.139177
0.13909
0.138999
0.138903
0.138803
0.138698
0.138589
0.138478
0.138363
0.138248
0.138132
0.138012
0.137893
0.137786
0.137662
0.137534
0.137398
0.137255
0.137106
0.136949
0.136782
0.136607
0.136417
0.136213
0.135994
0.135763
0.135512
0.135251
0.134974
0.134686
0.134393
0.1341
0.133809
0.13352
0.133233
0.132947
0.132663
0.132379
0.132096
0.131814
0.13153
0.131246
0.130961
0.130672
0.130381
0.130087
0.129791
0.129496
0.129207
0.128942
0.128737
0.126877
0.125802
0.125327
0.125165
0.125156
0.125195
0.125132
0.124902
0.124517
0.12406
0.124272
0.123635
0.122935
0.12229
0.121687
0.121116
0.120568
0.120038
0.119524
0.119022
0.118534
0.118061
0.117606
0.11717
0.116757
0.116365
0.115995
0.115646
0.115313
0.115003
0.114828
0.115284
0.114984
0.114682
0.114373
0.114055
0.11373
0.113398
0.113058
0.112713
0.112363
0.112009
0.111651
0.11129
0.110926
0.110559
0.110189
0.109817
0.109442
0.109066
0.108687
0.108306
0.107923
0.107538
0.107153
0.106769
0.106387
0.106007
0.105629
0.105253
0.104879
0.104693
0.104876
0.104615
0.104333
0.104038
0.103732
0.103416
0.10309
0.102755
0.102411
0.102059
0.101699
0.101332
0.100958
0.100577
0.10019
0.0997974
0.0993994
0.0989966
0.0985897
0.098179
0.0977647
0.0973473
0.0969268
0.0965034
0.0960772
0.0956483
0.0952173
0.0947852
0.0943535
0.0939243
0.0935009
0.0930883
0.0926946
0.0923322
0.0920211
0.0917928
0.0916981
0.0918228
0.375477
0.391134
0.405875
0.419757
0.432875
0.44531
0.457128
0.468385
0.47913
0.489406
0.499249
0.508692
0.517764
0.52649
0.534893
0.542993
0.550827
0.55837
0.565659
0.572715
0.579551
0.58618
0.592611
0.598857
0.604925
0.610825
0.616567
0.622157
0.627605
0.632917
0.638101
0.643164
0.648039
0.652715
0.657449
0.662092
0.666648
0.671121
0.675519
0.679847
0.684111
0.688317
0.69247
0.696577
0.700644
0.704677
0.708682
0.71247
0.716157
0.720143
0.724128
0.728117
0.732113
0.736124
0.740155
0.744211
0.748299
0.752423
0.75659
0.760388
0.764277
0.768723
0.773229
0.777793
0.782417
0.787103
0.791853
0.79553
0.801122
0.806022
0.15377
0.154414
0.155152
0.155963
0.156839
0.157774
0.158762
0.159801
0.160888
0.162023
0.163203
0.164428
0.165696
0.167006
0.168358
0.169751
0.171189
0.172659
0.174167
0.175714
0.177299
0.178923
0.180584
0.182281
0.184014
0.185783
0.187586
0.189424
0.191295
0.193201
0.195141
0.197114
0.199089
0.20106
0.203139
0.205251
0.207394
0.209565
0.211765
0.213992
0.216246
0.218527
0.220835
0.223171
0.225535
0.227929
0.230355
0.232717
0.235087
0.237677
0.240314
0.242995
0.245725
0.24851
0.251357
0.254276
0.257278
0.260377
0.263588
0.26669
0.270018
0.273866
0.277912
0.282171
0.286676
0.291458
0.296552
0.3013
0.30782
0.314159
0.1457
0.145706
0.145721
0.14574
0.145759
0.145776
0.14579
0.145801
0.145808
0.145814
0.145819
0.145824
0.14583
0.145837
0.145846
0.145857
0.145871
0.145887
0.145905
0.145925
0.145947
0.145972
0.145998
0.146026
0.146055
0.146086
0.146117
0.146148
0.146178
0.146208
0.146234
0.146258
0.146276
0.146287
0.146305
0.146324
0.146343
0.146363
0.146383
0.146405
0.146428
0.146454
0.146481
0.146511
0.146544
0.14658
0.14662
0.146646
0.146669
0.146725
0.14679
0.146862
0.146941
0.147029
0.147125
0.147232
0.14735
0.14748
0.147626
0.147736
0.147876
0.148113
0.148388
0.148703
0.149067
0.149494
0.149999
0.150421
0.151321
0.15225
0.143076
0.143035
0.142994
0.142956
0.142922
0.142891
0.142863
0.142835
0.142808
0.142779
0.14275
0.14272
0.14269
0.14266
0.142631
0.142602
0.142574
0.142547
0.14252
0.142495
0.14247
0.142446
0.142422
0.142399
0.142376
0.142354
0.142333
0.142312
0.142291
0.14227
0.14225
0.14223
0.142209
0.142188
0.142167
0.142146
0.142124
0.142101
0.142077
0.142052
0.142026
0.141999
0.141971
0.141943
0.141913
0.141882
0.14185
0.141815
0.141779
0.141742
0.141705
0.141668
0.141629
0.14159
0.141551
0.14151
0.141469
0.141427
0.141384
0.141335
0.141285
0.141239
0.141193
0.141149
0.141107
0.141068
0.141032
0.140988
0.140975
0.140968
0.14262
0.142591
0.142559
0.142526
0.142493
0.14246
0.142427
0.142396
0.142366
0.142336
0.142305
0.142274
0.142243
0.142212
0.142182
0.142152
0.142124
0.142097
0.14207
0.142043
0.142017
0.14199
0.141964
0.141938
0.141913
0.141887
0.141862
0.141837
0.141812
0.141788
0.141764
0.14174
0.141717
0.141694
0.141671
0.141648
0.141626
0.141604
0.141583
0.141562
0.141541
0.14152
0.1415
0.141481
0.141462
0.141443
0.141425
0.141408
0.14139
0.141372
0.141354
0.141337
0.141319
0.141301
0.141284
0.141266
0.141248
0.141231
0.141214
0.141197
0.14118
0.141162
0.141145
0.141128
0.141112
0.141099
0.141087
0.141079
0.141075
0.141076
0.142419
0.142398
0.142374
0.142348
0.14232
0.142291
0.142261
0.142231
0.142203
0.142174
0.142145
0.142116
0.142087
0.142057
0.142027
0.141998
0.14197
0.141944
0.141918
0.141892
0.141866
0.141841
0.141815
0.141789
0.141763
0.141738
0.141713
0.141687
0.141662
0.141637
0.141613
0.141589
0.141565
0.141542
0.141518
0.141495
0.141472
0.14145
0.141427
0.141405
0.141384
0.141363
0.141343
0.141323
0.141303
0.141285
0.141267
0.14125
0.141232
0.141215
0.141198
0.141181
0.141164
0.141148
0.141131
0.141115
0.141099
0.141083
0.141068
0.141054
0.141038
0.141023
0.141008
0.140993
0.14098
0.140968
0.14096
0.140953
0.140951
0.140954
0.142114
0.1421
0.142082
0.142062
0.14204
0.142015
0.141989
0.141962
0.141936
0.14191
0.141885
0.141859
0.141832
0.141805
0.141778
0.141751
0.141724
0.141698
0.141674
0.14165
0.141627
0.141603
0.14158
0.141556
0.141532
0.141508
0.141484
0.141459
0.141435
0.141411
0.141388
0.141364
0.141341
0.141317
0.141294
0.14127
0.141247
0.141223
0.1412
0.141177
0.141154
0.141132
0.14111
0.141089
0.141069
0.14105
0.141032
0.141015
0.140999
0.140983
0.140967
0.140952
0.140937
0.140922
0.140907
0.140893
0.140879
0.140865
0.140852
0.140838
0.140825
0.14081
0.140796
0.140782
0.140768
0.140757
0.140748
0.14074
0.140737
0.140739
0.141802
0.141791
0.141778
0.141762
0.141743
0.141721
0.141699
0.141675
0.141652
0.14163
0.141608
0.141584
0.14156
0.141535
0.14151
0.141484
0.141458
0.141431
0.141404
0.141378
0.141352
0.141327
0.141303
0.141279
0.141256
0.141233
0.141211
0.141189
0.141167
0.141146
0.141125
0.141104
0.141084
0.141064
0.141045
0.141025
0.141006
0.140986
0.140967
0.140948
0.140929
0.14091
0.140891
0.140872
0.140853
0.140834
0.140815
0.140795
0.140775
0.140754
0.140733
0.140712
0.14069
0.140669
0.140647
0.140626
0.140606
0.140586
0.140567
0.140549
0.14053
0.140512
0.140494
0.140478
0.140463
0.140451
0.140443
0.140437
0.140434
0.140436
0.141482
0.141475
0.141465
0.141452
0.141436
0.141418
0.141398
0.141377
0.141357
0.141338
0.141319
0.141299
0.141278
0.141256
0.141234
0.141211
0.141188
0.141165
0.141142
0.14112
0.141097
0.141075
0.141054
0.141033
0.141013
0.140994
0.140976
0.140959
0.140942
0.140926
0.14091
0.140894
0.140878
0.140863
0.140848
0.140834
0.14082
0.140807
0.140795
0.140782
0.140769
0.140755
0.140741
0.140726
0.140711
0.140695
0.140679
0.140663
0.140646
0.140628
0.14061
0.140592
0.140573
0.140554
0.140534
0.140514
0.140494
0.140474
0.140454
0.140434
0.140413
0.140392
0.140371
0.140351
0.140331
0.140313
0.140298
0.140285
0.140279
0.140278
0.141142
0.141137
0.141128
0.141116
0.141101
0.141084
0.141065
0.141046
0.14103
0.141014
0.140998
0.140981
0.140963
0.140945
0.140926
0.140908
0.140889
0.140871
0.140853
0.140835
0.140818
0.140802
0.140786
0.14077
0.140755
0.14074
0.140726
0.140712
0.140697
0.140683
0.140669
0.140655
0.140642
0.140628
0.140615
0.140601
0.140588
0.140575
0.140561
0.140548
0.140534
0.140521
0.140507
0.140493
0.140478
0.140464
0.140449
0.140435
0.14042
0.140404
0.140388
0.140372
0.140356
0.140339
0.140322
0.140304
0.140287
0.14027
0.140253
0.140237
0.140219
0.140201
0.140182
0.140164
0.140145
0.140128
0.140113
0.140098
0.140089
0.140087
0.140774
0.140767
0.140757
0.140743
0.140726
0.140707
0.140686
0.140668
0.140653
0.140638
0.140622
0.140606
0.14059
0.140573
0.140555
0.140538
0.14052
0.140502
0.140485
0.140468
0.140452
0.140436
0.14042
0.140405
0.14039
0.140375
0.14036
0.140345
0.140331
0.140316
0.140302
0.140287
0.140273
0.140259
0.140245
0.14023
0.140216
0.140202
0.140187
0.140173
0.140158
0.140143
0.140128
0.140113
0.140098
0.140082
0.140067
0.140051
0.140036
0.140019
0.140003
0.139986
0.139968
0.139951
0.139933
0.139915
0.139897
0.139879
0.139862
0.139845
0.139827
0.139809
0.13979
0.139771
0.139752
0.139734
0.139719
0.139702
0.139691
0.139688
0.140172
0.140158
0.140141
0.14012
0.140097
0.140074
0.140052
0.140034
0.140019
0.140004
0.139988
0.139972
0.139956
0.139939
0.139922
0.139905
0.139887
0.13987
0.139852
0.139835
0.139818
0.139801
0.139785
0.139768
0.139752
0.139736
0.13972
0.139704
0.139688
0.139672
0.139657
0.139641
0.139626
0.13961
0.139595
0.13958
0.139564
0.139549
0.139534
0.139518
0.139503
0.139487
0.139471
0.139455
0.139439
0.139423
0.139408
0.139392
0.139376
0.13936
0.139343
0.139327
0.13931
0.139293
0.139275
0.139258
0.13924
0.139223
0.139207
0.139191
0.139174
0.139156
0.139139
0.139121
0.139103
0.139086
0.139071
0.139054
0.139041
0.139036
0.139186
0.139165
0.139141
0.139115
0.13909
0.139067
0.139047
0.13903
0.139017
0.139003
0.138989
0.138974
0.138959
0.138943
0.138926
0.13891
0.138893
0.138877
0.13886
0.138844
0.138828
0.138812
0.138797
0.138782
0.138768
0.138754
0.138739
0.138726
0.138712
0.138698
0.138685
0.138671
0.138658
0.138645
0.138632
0.13862
0.138607
0.138595
0.138582
0.13857
0.138558
0.138545
0.138533
0.13852
0.138508
0.138495
0.138483
0.138471
0.138458
0.138446
0.138433
0.138421
0.138408
0.138395
0.138382
0.138369
0.138356
0.138343
0.138331
0.138319
0.138306
0.138293
0.13828
0.138267
0.138253
0.13824
0.138228
0.138213
0.138201
0.138197
0.137532
0.137514
0.137497
0.137481
0.137468
0.137458
0.137451
0.137447
0.137444
0.13744
0.137435
0.137429
0.137421
0.137412
0.137402
0.137392
0.137382
0.137372
0.137362
0.137352
0.137343
0.137334
0.137326
0.137318
0.137311
0.137304
0.137297
0.137291
0.137285
0.137279
0.137272
0.137266
0.13726
0.137254
0.137248
0.137243
0.137237
0.137232
0.137227
0.137222
0.137217
0.137212
0.137206
0.137201
0.137195
0.137189
0.137183
0.137176
0.137169
0.137162
0.137156
0.13715
0.137144
0.137137
0.137131
0.137124
0.137117
0.13711
0.137103
0.137095
0.137087
0.137081
0.137074
0.137067
0.13706
0.137051
0.137042
0.137028
0.137016
0.137007
0.13573
0.135718
0.135709
0.135702
0.135699
0.135697
0.135697
0.135698
0.1357
0.1357
0.1357
0.135697
0.13569
0.135681
0.135669
0.135655
0.13564
0.135625
0.13561
0.135597
0.135584
0.135572
0.135562
0.135552
0.135543
0.135535
0.135527
0.13552
0.135514
0.135508
0.135502
0.135497
0.13549
0.135483
0.135477
0.135472
0.135467
0.135464
0.135461
0.13546
0.13546
0.13546
0.135461
0.135461
0.13546
0.135457
0.135453
0.135447
0.135439
0.135433
0.135429
0.135426
0.135424
0.135422
0.135421
0.135419
0.135417
0.135413
0.135408
0.1354
0.135392
0.135388
0.135386
0.135384
0.135381
0.135375
0.135368
0.135354
0.135346
0.135337
0.133579
0.133574
0.133572
0.13357
0.133569
0.133568
0.133567
0.133566
0.133565
0.133564
0.133562
0.133559
0.133557
0.133554
0.13355
0.133547
0.133543
0.133539
0.133535
0.133531
0.133527
0.133523
0.133519
0.133516
0.133512
0.133509
0.133506
0.133503
0.1335
0.133497
0.133494
0.133491
0.133487
0.133483
0.133479
0.133475
0.133471
0.133468
0.133465
0.133462
0.13346
0.133458
0.133456
0.133454
0.133453
0.133451
0.133448
0.133444
0.133439
0.133435
0.133432
0.13343
0.133428
0.133427
0.133426
0.133426
0.133426
0.133426
0.133425
0.13342
0.133415
0.133414
0.133413
0.133415
0.133416
0.133417
0.133417
0.133406
0.133402
0.133392
0.13156
0.131541
0.131526
0.13151
0.131496
0.131481
0.131467
0.131453
0.13144
0.131426
0.131413
0.1314
0.131387
0.131373
0.13136
0.131348
0.131335
0.131322
0.131309
0.131296
0.131283
0.13127
0.131257
0.131244
0.131232
0.13122
0.131208
0.131197
0.131186
0.131175
0.131164
0.131153
0.131141
0.131128
0.131115
0.131102
0.13109
0.131078
0.131067
0.131056
0.131046
0.131037
0.131028
0.13102
0.131013
0.131005
0.130997
0.130986
0.130973
0.130962
0.130952
0.130943
0.130936
0.13093
0.130925
0.130921
0.130918
0.130915
0.13091
0.130901
0.130889
0.130882
0.130878
0.130876
0.130875
0.130874
0.13087
0.130851
0.130841
0.130823
0.131149
0.131085
0.131022
0.130959
0.130896
0.130832
0.130769
0.130706
0.130643
0.130579
0.130516
0.130453
0.13039
0.130327
0.130264
0.130201
0.130138
0.130075
0.130012
0.129949
0.129886
0.129823
0.129761
0.129699
0.129638
0.129577
0.129516
0.129457
0.129398
0.129339
0.129281
0.129224
0.129165
0.129104
0.129042
0.128981
0.12892
0.128861
0.128802
0.128744
0.128687
0.128632
0.128577
0.128524
0.128472
0.128421
0.128371
0.128317
0.128257
0.128197
0.12814
0.128085
0.128032
0.127982
0.127935
0.12789
0.127847
0.127806
0.127765
0.127715
0.127658
0.127606
0.12756
0.127519
0.127483
0.127451
0.12742
0.127361
0.127322
0.127282
0.127623
0.127447
0.12733
0.127216
0.127099
0.126981
0.12686
0.126737
0.126612
0.126485
0.126357
0.126228
0.126097
0.125965
0.125832
0.125699
0.125567
0.125433
0.125297
0.125161
0.125025
0.124889
0.124753
0.124617
0.124481
0.124345
0.124209
0.124074
0.123941
0.123809
0.123678
0.123549
0.123414
0.123267
0.123126
0.122986
0.122848
0.122712
0.122578
0.122445
0.122315
0.122187
0.122061
0.121939
0.12182
0.121703
0.121588
0.121454
0.121302
0.121163
0.121031
0.120904
0.120782
0.120666
0.120556
0.120451
0.120353
0.120259
0.12017
0.120038
0.119894
0.119781
0.119685
0.119604
0.119538
0.119485
0.119446
0.119295
0.119291
0.119274
0.0840275
0.0826087
0.0818305
0.0811312
0.0804596
0.0798099
0.0791805
0.0785702
0.0779781
0.0774033
0.0768448
0.0763018
0.0757737
0.0752598
0.0747594
0.0742721
0.0738022
0.0733412
0.0728882
0.0724444
0.0720105
0.0715867
0.0711735
0.070771
0.0703797
0.0699997
0.0696312
0.0692745
0.0689297
0.068597
0.0682762
0.0679673
0.067649
0.0673034
0.0669794
0.066668
0.066367
0.0660762
0.0657958
0.065526
0.0652668
0.0650184
0.0647809
0.0645544
0.064339
0.0641346
0.0639411
0.0637006
0.0634182
0.0631771
0.0629553
0.0627478
0.0625538
0.0623733
0.0622065
0.0620534
0.0619142
0.0617892
0.0616792
0.0614545
0.0612001
0.0610202
0.0608781
0.0607657
0.0606835
0.0606354
0.0606289
0.0603155
0.0604467
0.0606756
0.860358
0.918749
0.950925
0.970219
0.983014
0.992281
0.999455
1.00528
1.01017
1.01438
1.01807
1.02135
1.02431
1.02701
1.02948
1.03178
1.03392
1.03592
1.03781
1.03961
1.04131
1.04294
1.0445
1.04599
1.04744
1.04883
1.05019
1.0515
1.05278
1.05403
1.05525
1.05645
1.05762
1.05877
1.0599
1.06102
1.06212
1.0632
1.06427
1.06534
1.06639
1.06743
1.06846
1.06949
1.07051
1.07153
1.07254
1.07354
1.07454
1.07554
1.07654
1.07753
1.07852
1.07951
1.0805
1.08149
1.08247
1.08346
1.08445
1.08543
1.08642
1.08741
1.08839
1.08938
1.09036
1.09134
1.09231
1.09327
1.09421
1.09511
1.09595
1.09671
1.09734
1.09778
1.09796
0.389176
0.516058
0.61768
0.695631
0.755001
0.800833
0.837027
0.866318
0.890569
0.911048
0.928642
0.943982
0.957529
0.969629
0.980541
0.990466
0.999558
1.00794
1.01571
1.02296
1.02974
1.03611
1.04213
1.04782
1.05323
1.05839
1.06331
1.06802
1.07254
1.07689
1.08109
1.08514
1.08905
1.09285
1.09653
1.10011
1.1036
1.10699
1.11031
1.11355
1.11672
1.11983
1.12288
1.12587
1.12881
1.1317
1.13454
1.13734
1.14011
1.14284
1.14553
1.14819
1.15082
1.15342
1.156
1.15855
1.16108
1.16358
1.16607
1.16854
1.17098
1.17341
1.17583
1.17822
1.1806
1.18295
1.18528
1.18757
1.1898
1.19197
1.19402
1.19589
1.19749
1.19869
1.19929
0.16428
0.207156
0.269391
0.342782
0.418068
0.488948
0.552437
0.607854
0.65575
0.697163
0.733197
0.764829
0.792857
0.817908
0.840474
0.860941
0.879619
0.89676
0.912573
0.92723
0.940874
0.953626
0.965588
0.976845
0.987472
0.997532
1.00708
1.01616
1.02483
1.03311
1.04103
1.04864
1.05594
1.06298
1.06976
1.07631
1.08265
1.08878
1.09473
1.10051
1.10612
1.11158
1.11691
1.1221
1.12717
1.13212
1.13697
1.14172
1.14637
1.15093
1.1554
1.1598
1.16412
1.16837
1.17256
1.17668
1.18074
1.18475
1.1887
1.1926
1.19645
1.20025
1.20401
1.20773
1.2114
1.21503
1.21861
1.22213
1.22558
1.22893
1.23213
1.23512
1.23776
1.23984
1.24105
0.140939
0.142141
0.147912
0.161621
0.185505
0.219675
0.26234
0.310625
0.361474
0.412283
0.461194
0.507105
0.549532
0.588414
0.623944
0.656436
0.686233
0.713663
0.739018
0.762543
0.78445
0.804914
0.824088
0.842102
0.859071
0.875096
0.890264
0.904653
0.918333
0.931363
0.943798
0.955685
0.967068
0.977985
0.988471
0.998557
1.00827
1.01764
1.02669
1.03544
1.04391
1.05211
1.06007
1.06781
1.07532
1.08264
1.08976
1.0967
1.10348
1.11009
1.11656
1.12288
1.12907
1.13514
1.14108
1.14691
1.15263
1.15824
1.16376
1.16919
1.17452
1.17977
1.18494
1.19004
1.19505
1.19999
1.20485
1.20963
1.21432
1.21889
1.22331
1.22749
1.23129
1.23443
1.23645
0.141148
0.141107
0.140833
0.14061
0.141196
0.143765
0.14967
0.160145
0.17603
0.197601
0.224543
0.256037
0.290941
0.327991
0.365978
0.403872
0.440891
0.476503
0.510399
0.542449
0.572647
0.601066
0.627818
0.653035
0.676844
0.699368
0.720714
0.740979
0.760249
0.778602
0.796106
0.812825
0.828815
0.844129
0.858814
0.872915
0.886471
0.899519
0.912091
0.924219
0.93593
0.94725
0.958203
0.968812
0.979097
0.989076
0.998767
1.00819
1.01735
1.02627
1.03496
1.04344
1.05171
1.05979
1.06768
1.07539
1.08294
1.09033
1.09756
1.10465
1.11161
1.11843
1.12513
1.1317
1.13816
1.1445
1.15073
1.15685
1.16286
1.16872
1.17443
1.17989
1.18497
1.18936
1.19242
0.141037
0.141183
0.141293
0.141309
0.141172
0.140875
0.14052
0.140363
0.140811
0.142397
0.145728
0.151416
0.159996
0.17186
0.187203
0.205997
0.227996
0.252772
0.279769
0.308369
0.337947
0.367933
0.397837
0.427273
0.45596
0.483712
0.510424
0.536053
0.5606
0.584097
0.60659
0.628133
0.648783
0.668595
0.687619
0.705904
0.723493
0.740426
0.756742
0.772476
0.787661
0.802328
0.816506
0.830222
0.843503
0.856373
0.868853
0.880964
0.892726
0.904158
0.915276
0.926096
0.936632
0.9469
0.956912
0.96668
0.976216
0.985531
0.994634
1.00354
1.01224
1.02077
1.02911
1.03729
1.0453
1.05315
1.06085
1.0684
1.0758
1.08304
1.09011
1.09694
1.1034
1.1092
1.11358
0.140801
0.140916
0.141032
0.141148
0.141254
0.14133
0.141345
0.141266
0.141075
0.140786
0.140456
0.140204
0.140204
0.140691
0.141945
0.14428
0.148016
0.15346
0.160876
0.170466
0.182344
0.196528
0.212938
0.231398
0.251657
0.273409
0.296314
0.320028
0.34422
0.368593
0.392893
0.416912
0.440494
0.463527
0.485937
0.507683
0.52875
0.549138
0.568862
0.587942
0.606403
0.624271
0.641573
0.658335
0.67458
0.690334
0.705617
0.720453
0.73486
0.748858
0.762467
0.775703
0.788585
0.801127
0.813346
0.825255
0.836868
0.848199
0.859259
0.870059
0.88061
0.890923
0.901005
0.910867
0.920517
0.92996
0.939206
0.948258
0.95712
0.965793
0.974266
0.982509
0.990428
0.997764
1.00376
0.140488
0.140584
0.14068
0.140777
0.140876
0.140978
0.141079
0.141176
0.141257
0.141309
0.141313
0.141254
0.141122
0.140918
0.14066
0.14039
0.140171
0.140096
0.140283
0.140871
0.142023
0.143912
0.146718
0.150618
0.155775
0.162329
0.170385
0.180008
0.191219
0.203987
0.218235
0.233843
0.250656
0.268493
0.287158
0.30645
0.326173
0.346145
0.366201
0.386201
0.406027
0.425588
0.444813
0.463654
0.482078
0.500066
0.51761
0.534712
0.551376
0.567613
0.583433
0.598851
0.613878
0.62853
0.642817
0.656754
0.670353
0.683626
0.696583
0.709236
0.721596
0.733672
0.745475
0.757013
0.768295
0.779329
0.790124
0.800684
0.811017
0.821125
0.831007
0.840653
0.850017
0.858944
0.866869
0.140315
0.140382
0.140447
0.140514
0.140583
0.140653
0.140726
0.140802
0.140881
0.140962
0.141045
0.141123
0.141193
0.141246
0.141272
0.141262
0.141208
0.141106
0.140957
0.140769
0.140561
0.14036
0.140206
0.140153
0.140265
0.140619
0.1413
0.142405
0.144034
0.146291
0.149281
0.1531
0.157839
0.163573
0.170361
0.17824
0.187225
0.197304
0.208444
0.220587
0.233653
0.247547
0.262162
0.277379
0.293081
0.30915
0.325472
0.341942
0.358467
0.374964
0.391365
0.407611
0.423657
0.439468
0.455019
0.470293
0.485279
0.499971
0.514366
0.528467
0.542277
0.555799
0.569039
0.582003
0.594697
0.607125
0.619294
0.631208
0.642871
0.654288
0.66546
0.676386
0.68706
0.697472
0.707608
0.140108
0.140146
0.140183
0.140223
0.140265
0.140309
0.140356
0.140405
0.140457
0.140512
0.140571
0.140633
0.1407
0.14077
0.140842
0.140914
0.140983
0.141045
0.141095
0.141127
0.141137
0.14112
0.141073
0.140994
0.140886
0.140753
0.140606
0.140458
0.14033
0.140246
0.140239
0.140345
0.140606
0.141071
0.141791
0.142824
0.144228
0.146064
0.148393
0.151272
0.154759
0.158902
0.163744
0.169319
0.17565
0.182749
0.190613
0.199231
0.208574
0.218606
0.229279
0.240535
0.252312
0.264542
0.277154
0.290078
0.303244
0.316586
0.330042
0.343554
0.357073
0.370553
0.383956
0.397248
0.410403
0.423399
0.436218
0.448846
0.461272
0.473489
0.48549
0.497269
0.508829
0.52026
0.532674
0.139698
0.139715
0.139733
0.139753
0.139774
0.139797
0.139822
0.13985
0.139881
0.139916
0.139954
0.139995
0.140041
0.140091
0.140145
0.140203
0.140265
0.14033
0.140397
0.140466
0.140535
0.140601
0.140664
0.140719
0.140764
0.140797
0.140815
0.140816
0.140798
0.14076
0.140703
0.140629
0.140542
0.140447
0.140352
0.140268
0.140206
0.140184
0.140218
0.14033
0.140543
0.140885
0.141382
0.142067
0.142972
0.14413
0.145576
0.147345
0.149473
0.151991
0.154931
0.158322
0.162187
0.166549
0.171421
0.176813
0.182729
0.189165
0.196114
0.203558
0.211478
0.219847
0.228632
0.2378
0.247311
0.257125
0.2672
0.277493
0.287962
0.298565
0.309261
0.320013
0.330783
0.341529
0.355027
0.139019
0.138985
0.138955
0.138932
0.138915
0.138905
0.138902
0.138904
0.138914
0.138929
0.138951
0.13898
0.139014
0.139054
0.139099
0.139149
0.139202
0.139259
0.139318
0.13938
0.139445
0.13951
0.139577
0.139644
0.139712
0.139778
0.139843
0.139905
0.139964
0.140017
0.140064
0.140103
0.140134
0.140154
0.140163
0.140161
0.140147
0.140121
0.140085
0.140041
0.13999
0.139936
0.139883
0.139837
0.139806
0.139795
0.139815
0.139875
0.139988
0.140165
0.140422
0.140771
0.141231
0.141817
0.142547
0.14344
0.144515
0.145789
0.147283
0.149014
0.151001
0.15326
0.155807
0.158657
0.16182
0.165307
0.169125
0.173279
0.177769
0.182595
0.18775
0.193226
0.199034
0.204897
0.213836
0.138164
0.138091
0.138013
0.137938
0.137868
0.137805
0.13775
0.137704
0.137667
0.137642
0.137626
0.137621
0.137626
0.13764
0.137664
0.137695
0.137733
0.137777
0.137825
0.137877
0.137932
0.13799
0.138049
0.138109
0.138169
0.13823
0.138291
0.138352
0.138413
0.138473
0.138532
0.13859
0.138645
0.138699
0.13875
0.138797
0.138841
0.13888
0.138914
0.138942
0.138964
0.13898
0.138989
0.138992
0.138989
0.138979
0.138965
0.138946
0.138924
0.138901
0.138879
0.13886
0.138846
0.138843
0.138852
0.138878
0.138927
0.139002
0.13911
0.139257
0.13945
0.139695
0.14
0.140372
0.140821
0.141355
0.141981
0.14271
0.14355
0.14451
0.145599
0.146823
0.148209
0.149626
0.15216
0.136835
0.136516
0.136215
0.135935
0.135682
0.135455
0.135255
0.135084
0.134939
0.13482
0.134727
0.134672
0.134666
0.134699
0.134758
0.134835
0.134922
0.135015
0.135112
0.13521
0.135309
0.135407
0.135504
0.135598
0.13569
0.135779
0.135865
0.135949
0.13603
0.136108
0.136183
0.136256
0.136326
0.136393
0.136458
0.13652
0.136579
0.136635
0.136689
0.136739
0.136786
0.13683
0.136871
0.136909
0.136944
0.136976
0.137004
0.137029
0.137051
0.13707
0.137086
0.137099
0.13711
0.137118
0.137124
0.137128
0.137131
0.137133
0.137134
0.137137
0.137141
0.137147
0.137157
0.137173
0.137195
0.137226
0.137267
0.137321
0.13739
0.137477
0.137584
0.137713
0.137871
0.138042
0.138379
0.135121
0.134711
0.134317
0.133945
0.133601
0.133289
0.133009
0.132763
0.132551
0.132374
0.132238
0.132149
0.132102
0.132091
0.132106
0.132142
0.132194
0.132257
0.132328
0.132406
0.132487
0.13257
0.132655
0.13274
0.132825
0.13291
0.132993
0.133075
0.133156
0.133235
0.133311
0.133385
0.133457
0.133527
0.133594
0.133658
0.133719
0.133778
0.133834
0.133887
0.133937
0.133984
0.134029
0.134072
0.134112
0.13415
0.134186
0.13422
0.134253
0.134284
0.134313
0.134342
0.134369
0.134395
0.13442
0.134444
0.134466
0.134487
0.134506
0.134524
0.13454
0.134555
0.134567
0.134578
0.134587
0.134595
0.134601
0.134606
0.13461
0.134613
0.134615
0.134619
0.134622
0.13463
0.134639
0.133065
0.132449
0.131869
0.131338
0.130862
0.130443
0.130081
0.129772
0.12951
0.129291
0.129112
0.128968
0.128855
0.128771
0.128712
0.128676
0.128659
0.12866
0.128675
0.128703
0.128742
0.12879
0.128858
0.128944
0.129041
0.129142
0.129245
0.129347
0.129446
0.129543
0.129637
0.129728
0.129815
0.129899
0.129979
0.130056
0.130129
0.130198
0.130264
0.130326
0.130385
0.13044
0.130492
0.130541
0.130587
0.13063
0.130671
0.130709
0.130746
0.130781
0.130815
0.130848
0.130879
0.130909
0.130938
0.130965
0.130992
0.131019
0.131044
0.131069
0.131092
0.131115
0.131137
0.131157
0.131177
0.131195
0.131212
0.131227
0.131241
0.131254
0.131264
0.131274
0.13128
0.131289
0.131292
0.130291
0.129321
0.128439
0.127669
0.127016
0.126478
0.126042
0.125693
0.125418
0.125204
0.125039
0.124915
0.124824
0.124759
0.124717
0.124693
0.124686
0.124695
0.124724
0.124772
0.124833
0.124904
0.124982
0.125063
0.125146
0.12523
0.125315
0.125399
0.125483
0.125565
0.125645
0.125725
0.125803
0.12588
0.125955
0.126027
0.126098
0.126167
0.126233
0.126297
0.126358
0.126417
0.126473
0.126526
0.126577
0.126626
0.126673
0.126718
0.12676
0.126801
0.12684
0.126877
0.126912
0.126944
0.126972
0.126997
0.12702
0.127046
0.127075
0.127108
0.127142
0.127179
0.127217
0.12726
0.127311
0.127365
0.12742
0.127475
0.127529
0.127584
0.127638
0.127691
0.127746
0.127792
0.127873
0.126251
0.124446
0.122935
0.121739
0.120828
0.120155
0.119669
0.119326
0.119093
0.118942
0.118854
0.118813
0.118808
0.118831
0.118875
0.118934
0.119006
0.119087
0.119175
0.119269
0.119368
0.119472
0.119578
0.119688
0.119798
0.119911
0.120024
0.120136
0.120245
0.120362
0.120496
0.120639
0.120783
0.120927
0.121068
0.121207
0.121343
0.121476
0.121607
0.121735
0.121861
0.121985
0.122106
0.122226
0.122345
0.122462
0.122577
0.122692
0.122805
0.122918
0.123029
0.123141
0.123251
0.123362
0.123472
0.123582
0.123692
0.123803
0.123915
0.124028
0.124142
0.124258
0.124376
0.124495
0.124617
0.124741
0.124867
0.124996
0.125128
0.125262
0.125399
0.125538
0.125684
0.125815
0.126041
0.116617
0.112665
0.11004
0.108466
0.107629
0.107463
0.107658
0.108006
0.108414
0.108838
0.10926
0.109672
0.11007
0.110454
0.110824
0.111181
0.111526
0.111861
0.112186
0.112503
0.112812
0.113115
0.113412
0.113704
0.113991
0.114274
0.114554
0.11483
0.115103
0.115374
0.115643
0.115913
0.116183
0.116453
0.116723
0.116994
0.117265
0.117536
0.117808
0.11808
0.118352
0.118624
0.118896
0.119169
0.119442
0.119715
0.119989
0.120262
0.120537
0.120811
0.121086
0.121361
0.121638
0.121914
0.122192
0.122471
0.122751
0.123032
0.123315
0.123601
0.123888
0.124179
0.124472
0.124769
0.125069
0.125374
0.125683
0.125997
0.126317
0.126642
0.126974
0.127311
0.127661
0.127984
0.128523
0.0606116
0.0626008
0.0655969
0.0690506
0.072635
0.0761702
0.0795648
0.0827709
0.0857615
0.0885253
0.0910629
0.0933835
0.0955013
0.0974326
0.0991945
0.100804
0.102277
0.103629
0.104873
0.106022
0.107087
0.108079
0.109005
0.109874
0.110693
0.111468
0.112204
0.112906
0.113579
0.114225
0.114848
0.115451
0.116037
0.116609
0.117167
0.117715
0.118254
0.118785
0.11931
0.119829
0.120344
0.120856
0.121365
0.121873
0.122381
0.12289
0.123401
0.123915
0.124432
0.124953
0.125478
0.126007
0.126541
0.12708
0.127625
0.128175
0.128732
0.129295
0.129865
0.130443
0.131029
0.131623
0.132227
0.13284
0.133464
0.134099
0.134744
0.135402
0.136071
0.136754
0.137449
0.138157
0.138888
0.139573
0.140685
0.0391896
0.0394576
0.041288
0.0451835
0.0497842
0.0543272
0.0584189
0.0620707
0.0657545
0.0693434
0.0727753
0.076039
0.079138
0.082081
0.0848778
0.0875386
0.090073
0.09249
0.0947982
0.0970053
0.0991186
0.101145
0.10309
0.10496
0.10676
0.108495
0.110169
0.111787
0.113352
0.114868
0.116338
0.117766
0.119154
0.120505
0.121821
0.123107
0.124362
0.125591
0.126794
0.127976
0.129128
0.130268
0.131422
0.132594
0.133781
0.134981
0.136193
0.137416
0.138648
0.139888
0.141136
0.142389
0.143648
0.144912
0.14618
0.147453
0.148731
0.150013
0.1513
0.152591
0.153888
0.155191
0.1565
0.157814
0.159135
0.160463
0.161798
0.163143
0.164497
0.16586
0.167231
0.168609
0.170002
0.17133
0.173324
0.121409
0.122036
0.12329
0.124919
0.126837
0.128958
0.131185
0.133437
0.135667
0.137843
0.139941
0.14195
0.143863
0.145681
0.147409
0.149055
0.150627
0.152137
0.153592
0.155003
0.156376
0.15772
0.159039
0.160338
0.161622
0.162892
0.164152
0.165402
0.166644
0.16788
0.16911
0.170336
0.171556
0.172773
0.173986
0.175196
0.176402
0.177605
0.178805
0.180001
0.181193
0.182379
0.183561
0.184738
0.18591
0.187078
0.18824
0.189397
0.190548
0.191692
0.192829
0.19396
0.195083
0.1962
0.197309
0.198412
0.199509
0.200598
0.201681
0.202758
0.203829
0.204894
0.205954
0.207008
0.208057
0.209101
0.210138
0.211168
0.212189
0.213203
0.214209
0.215206
0.216199
0.217146
0.218492
0.145648
0.145261
0.145351
0.14576
0.146416
0.147277
0.148318
0.149518
0.150854
0.152308
0.153859
0.155493
0.157193
0.158947
0.16074
0.162561
0.1644
0.166245
0.16809
0.169928
0.171754
0.173564
0.175353
0.177119
0.178859
0.18057
0.182251
0.1839
0.185517
0.187101
0.188652
0.190169
0.191653
0.193103
0.19452
0.195906
0.197259
0.198582
0.199874
0.201137
0.20237
0.203575
0.204753
0.205903
0.207027
0.208125
0.209198
0.210248
0.211273
0.212276
0.213254
0.214207
0.215135
0.21604
0.216923
0.217783
0.218624
0.219445
0.220247
0.221032
0.2218
0.222552
0.223289
0.22401
0.224718
0.225413
0.226094
0.226763
0.227421
0.228066
0.228701
0.229325
0.229941
0.230521
0.231354
0.144498
0.145989
0.147276
0.148394
0.149375
0.150244
0.151023
0.151729
0.152378
0.152981
0.153548
0.154086
0.154602
0.155101
0.155585
0.156054
0.156527
0.156868
0.157368
0.157975
0.158665
0.159426
0.160248
0.161123
0.162045
0.163007
0.164003
0.16503
0.16608
0.167151
0.168238
0.169338
0.170447
0.171563
0.172682
0.173802
0.174922
0.17604
0.177153
0.178261
0.179362
0.180456
0.181541
0.182617
0.183682
0.184738
0.185782
0.186814
0.187834
0.188842
0.189839
0.190825
0.191801
0.192765
0.193717
0.194655
0.195579
0.196488
0.197383
0.198262
0.199126
0.199973
0.200805
0.20162
0.202419
0.203203
0.203971
0.204723
0.20546
0.206183
0.206891
0.207585
0.20827
0.208902
0.209847
0.138956
0.140218
0.141544
0.142901
0.14426
0.145601
0.14691
0.148176
0.149395
0.150562
0.151676
0.152738
0.153748
0.154707
0.155619
0.156485
0.157309
0.158089
0.158831
0.159543
0.160232
0.160902
0.161557
0.1622
0.162833
0.163458
0.164077
0.164692
0.165303
0.16591
0.166516
0.167119
0.167721
0.168322
0.168921
0.16952
0.170117
0.170714
0.17131
0.171905
0.172499
0.173092
0.173683
0.174274
0.174863
0.175451
0.176037
0.176621
0.177204
0.177784
0.178362
0.17894
0.179515
0.180089
0.18066
0.18123
0.181798
0.182363
0.182927
0.183487
0.184046
0.184601
0.185154
0.185704
0.186251
0.186795
0.187336
0.187874
0.188409
0.188941
0.189469
0.189993
0.19052
0.191005
0.191757
0.13797
0.138246
0.138627
0.139111
0.13969
0.140353
0.141089
0.141885
0.142731
0.143616
0.144532
0.14547
0.146423
0.147386
0.148353
0.149319
0.150281
0.151236
0.152181
0.153113
0.154031
0.154933
0.155819
0.156688
0.15754
0.158376
0.159194
0.159995
0.160781
0.16155
0.162304
0.163043
0.163768
0.164479
0.165177
0.165863
0.166537
0.167199
0.167851
0.168493
0.169125
0.169748
0.170362
0.170967
0.171564
0.172152
0.172733
0.173304
0.173868
0.174424
0.174971
0.17551
0.176041
0.176563
0.177077
0.177583
0.178081
0.178572
0.179055
0.179532
0.180001
0.180464
0.180921
0.181372
0.181816
0.182256
0.18269
0.183119
0.183544
0.183964
0.18438
0.184792
0.185204
0.185582
0.18617
0.138588
0.138703
0.138829
0.138975
0.139147
0.13935
0.139588
0.139862
0.140172
0.140517
0.140896
0.141307
0.141748
0.142217
0.14271
0.143226
0.143763
0.144317
0.144887
0.145469
0.146063
0.146667
0.147277
0.147893
0.148513
0.149135
0.149758
0.150381
0.151002
0.151622
0.152239
0.152852
0.15346
0.154065
0.154664
0.155259
0.155848
0.156432
0.15701
0.157583
0.158151
0.158712
0.159269
0.159819
0.160365
0.160905
0.16144
0.161971
0.162497
0.163018
0.163534
0.164045
0.164551
0.16505
0.165545
0.166033
0.166516
0.166993
0.167464
0.16793
0.168389
0.168843
0.169291
0.169734
0.170172
0.170604
0.171031
0.171454
0.171872
0.172285
0.172695
0.1731
0.173506
0.173879
0.17446
0.138951
0.13908
0.139207
0.139333
0.139461
0.139591
0.139726
0.139867
0.140015
0.140171
0.140336
0.140511
0.140698
0.140895
0.141104
0.141325
0.141558
0.141803
0.142059
0.142326
0.142603
0.14289
0.143187
0.143492
0.143806
0.144126
0.144453
0.144786
0.145124
0.145466
0.145813
0.146163
0.146516
0.146872
0.14723
0.147591
0.147954
0.148319
0.148685
0.149053
0.149423
0.149794
0.150167
0.15054
0.150915
0.15129
0.151666
0.152043
0.152419
0.152796
0.153172
0.153548
0.153923
0.154297
0.15467
0.155042
0.155411
0.155779
0.156146
0.15651
0.156872
0.157232
0.157589
0.157945
0.158299
0.158651
0.159001
0.159351
0.1597
0.160048
0.160398
0.160748
0.161104
0.161435
0.161971
0.139124
0.139287
0.139448
0.139608
0.139768
0.139927
0.140085
0.140242
0.140398
0.140552
0.140706
0.140859
0.141011
0.141165
0.141319
0.141475
0.141633
0.141794
0.141958
0.142125
0.142296
0.14247
0.142648
0.14283
0.143016
0.143204
0.143396
0.143591
0.143789
0.14399
0.144193
0.144399
0.144607
0.144818
0.145031
0.145245
0.145461
0.145679
0.145899
0.146121
0.146344
0.146569
0.146795
0.147022
0.147251
0.14748
0.147711
0.147942
0.148174
0.148406
0.148638
0.14887
0.149102
0.149334
0.149567
0.1498
0.150034
0.15027
0.150507
0.150749
0.150994
0.151246
0.151506
0.151776
0.152058
0.152356
0.152674
0.153014
0.153381
0.153781
0.154218
0.154698
0.155235
0.15577
0.156768
0.139548
0.139669
0.139795
0.139927
0.140065
0.140209
0.140357
0.140509
0.140663
0.140819
0.140975
0.14113
0.141286
0.141441
0.141596
0.14175
0.141904
0.142059
0.142213
0.142369
0.142525
0.142682
0.14284
0.143
0.14316
0.143321
0.143482
0.143645
0.143807
0.143971
0.144134
0.144298
0.144461
0.144624
0.144786
0.144948
0.145109
0.14527
0.14543
0.145589
0.145747
0.145905
0.146061
0.146218
0.146375
0.146533
0.146693
0.146856
0.147024
0.147199
0.147384
0.147582
0.147798
0.148035
0.148301
0.1486
0.14894
0.14933
0.14978
0.150298
0.150897
0.151589
0.152387
0.153306
0.154361
0.155567
0.156942
0.158501
0.160263
0.162243
0.164459
0.166923
0.169681
0.172493
0.177412
0.13985
0.139988
0.140125
0.140263
0.140403
0.140547
0.140693
0.140842
0.140992
0.141144
0.141296
0.141448
0.1416
0.141752
0.141903
0.142055
0.142206
0.142357
0.142508
0.14266
0.142811
0.142963
0.143116
0.143268
0.143421
0.143573
0.143725
0.143876
0.144025
0.144172
0.144318
0.144461
0.144602
0.14474
0.144878
0.145015
0.145154
0.145296
0.145446
0.145607
0.145784
0.145985
0.146216
0.146487
0.146809
0.147195
0.147659
0.148216
0.148885
0.149685
0.150638
0.151766
0.153094
0.154648
0.156452
0.158536
0.160924
0.163645
0.166724
0.170185
0.174051
0.178342
0.183075
0.188262
0.193914
0.200035
0.206625
0.213679
0.221188
0.229136
0.237506
0.246271
0.255421
0.264685
0.277922
0.140239
0.140368
0.140497
0.140629
0.140764
0.140903
0.141045
0.141189
0.141335
0.141483
0.141632
0.141781
0.141931
0.142081
0.142231
0.142381
0.142531
0.142682
0.142832
0.142983
0.143132
0.143281
0.143427
0.143572
0.143714
0.143856
0.143997
0.144141
0.144291
0.144454
0.144636
0.144848
0.145101
0.145413
0.145801
0.146286
0.146895
0.147655
0.148597
0.149756
0.151168
0.152873
0.154911
0.157323
0.16015
0.163432
0.167208
0.171512
0.176375
0.181822
0.187875
0.194545
0.201839
0.209757
0.218288
0.227417
0.237121
0.247369
0.258126
0.269351
0.280999
0.293024
0.305376
0.318004
0.330859
0.343892
0.357056
0.370307
0.383602
0.396903
0.410176
0.423387
0.43651
0.449601
0.464879
0.1406
0.140751
0.140899
0.141046
0.141194
0.141342
0.141491
0.141642
0.141793
0.141947
0.142101
0.142258
0.142416
0.142576
0.142738
0.142903
0.143066
0.143229
0.143391
0.143556
0.143731
0.143927
0.144157
0.144443
0.144811
0.145293
0.145928
0.146762
0.147846
0.149237
0.150996
0.153187
0.155877
0.15913
0.163011
0.167577
0.17288
0.178964
0.185861
0.193591
0.202161
0.211566
0.221785
0.232786
0.244525
0.256945
0.269985
0.283574
0.29764
0.312106
0.326897
0.34194
0.357165
0.372507
0.387906
0.40331
0.418673
0.433957
0.449127
0.464158
0.479029
0.493724
0.508231
0.522541
0.536651
0.550555
0.564253
0.577744
0.591027
0.604101
0.616966
0.629618
0.642054
0.654312
0.666774
0.14102
0.141183
0.141346
0.141509
0.141672
0.141836
0.142002
0.142172
0.142347
0.142529
0.142723
0.142938
0.143164
0.143406
0.143679
0.144012
0.144451
0.145054
0.145894
0.147059
0.14865
0.150774
0.153547
0.157084
0.161494
0.16688
0.173327
0.180902
0.189646
0.199577
0.210684
0.222928
0.236249
0.250561
0.265761
0.281734
0.298357
0.315502
0.333042
0.350858
0.368836
0.386877
0.404892
0.422805
0.440554
0.458092
0.475382
0.492396
0.509119
0.52554
0.541656
0.557468
0.57298
0.588199
0.603132
0.617789
0.632177
0.646306
0.660183
0.673817
0.687213
0.700379
0.71332
0.726041
0.738548
0.750845
0.762935
0.774822
0.786509
0.797995
0.809279
0.820349
0.831162
0.841581
0.851075
0.141405
0.141608
0.141809
0.142011
0.142223
0.142455
0.142722
0.143058
0.143487
0.144024
0.144756
0.145818
0.147406
0.14974
0.153054
0.157578
0.163524
0.171068
0.180339
0.191404
0.204271
0.21888
0.235118
0.252819
0.271783
0.291784
0.312585
0.333953
0.355663
0.377514
0.39933
0.420961
0.442291
0.46323
0.483716
0.503707
0.523182
0.542136
0.560573
0.578506
0.595954
0.612937
0.629478
0.645598
0.661319
0.676661
0.691641
0.706277
0.720585
0.734577
0.748268
0.76167
0.774795
0.787652
0.800253
0.812608
0.824725
0.836615
0.848284
0.859741
0.870994
0.88205
0.892914
0.903594
0.914093
0.924418
0.934572
0.944559
0.954379
0.964031
0.973503
0.982762
0.991712
1.00007
1.007
0.141702
0.141971
0.142297
0.14277
0.143563
0.144811
0.146814
0.150072
0.155176
0.162712
0.1731
0.18657
0.203147
0.222665
0.244799
0.269107
0.295082
0.322202
0.349963
0.377918
0.405688
0.432974
0.459556
0.485285
0.510077
0.533894
0.556738
0.578639
0.599641
0.619799
0.639169
0.657808
0.67577
0.693103
0.709851
0.726052
0.741742
0.756952
0.771709
0.786039
0.799967
0.813513
0.826699
0.839544
0.852065
0.86428
0.876204
0.887853
0.899239
0.910377
0.921277
0.93195
0.942408
0.952659
0.962713
0.972577
0.982259
0.991768
1.00111
1.01029
1.01931
1.02819
1.03692
1.04551
1.05397
1.06229
1.07049
1.07856
1.0865
1.0943
1.10194
1.10936
1.11642
1.12277
1.12759
0.142281
0.143864
0.147327
0.154239
0.166349
0.184847
0.209882
0.240637
0.275726
0.313566
0.352654
0.391731
0.429848
0.466367
0.500921
0.533352
0.563657
0.59193
0.618322
0.643009
0.666167
0.687964
0.708548
0.728048
0.746574
0.764219
0.781062
0.797171
0.812606
0.827418
0.841656
0.855361
0.868573
0.881326
0.893653
0.905583
0.917142
0.928356
0.939246
0.949831
0.960132
0.970163
0.97994
0.989478
0.99879
1.00789
1.01678
1.02549
1.034
1.04235
1.05053
1.05856
1.06643
1.07416
1.08175
1.08922
1.09656
1.10378
1.11088
1.11788
1.12476
1.13155
1.13824
1.14483
1.15133
1.15774
1.16407
1.17029
1.17642
1.18244
1.1883
1.19394
1.19919
1.20372
1.20686
0.158143
0.189353
0.236844
0.295789
0.359207
0.421584
0.479676
0.532076
0.578549
0.619496
0.655595
0.687583
0.716147
0.741877
0.765251
0.786652
0.806379
0.824669
0.84171
0.857657
0.872636
0.886757
0.900112
0.912782
0.924834
0.936331
0.947323
0.957856
0.967969
0.977697
0.987072
0.996119
1.00486
1.01333
1.02153
1.02949
1.03722
1.04475
1.05207
1.05921
1.06617
1.07297
1.07961
1.08611
1.09247
1.0987
1.10481
1.1108
1.11668
1.12245
1.12813
1.13371
1.1392
1.1446
1.14992
1.15516
1.16033
1.16543
1.17046
1.17542
1.18032
1.18516
1.18995
1.19467
1.19934
1.20396
1.20851
1.21301
1.21742
1.22174
1.22592
1.22988
1.23346
1.23641
1.23826
0.358582
0.481226
0.579882
0.656214
0.714941
0.760694
0.797115
0.826823
0.851635
0.872799
0.891176
0.907374
0.921835
0.934887
0.946782
0.957712
0.967829
0.977253
0.986079
0.994383
1.00223
1.00967
1.01674
1.02349
1.02995
1.03614
1.04209
1.04782
1.05334
1.05869
1.06386
1.06887
1.07374
1.07848
1.08309
1.08758
1.09196
1.09625
1.10043
1.10453
1.10854
1.11247
1.11633
1.12013
1.12385
1.12751
1.13112
1.13467
1.13816
1.14161
1.14501
1.14836
1.15168
1.15495
1.15819
1.16139
1.16455
1.16769
1.17079
1.17386
1.17691
1.17992
1.18292
1.18588
1.18882
1.19173
1.19461
1.19744
1.20023
1.20293
1.20552
1.20791
1.21001
1.21164
1.21254
0.83432
0.898698
0.934607
0.95636
0.970829
0.9813
0.989409
0.996019
1.00162
1.00649
1.01082
1.01474
1.01831
1.02161
1.02468
1.02756
1.03027
1.03283
1.03527
1.0376
1.03983
1.04196
1.04402
1.04601
1.04794
1.0498
1.05161
1.05337
1.05508
1.05675
1.05839
1.05999
1.06155
1.06309
1.0646
1.06608
1.06754
1.06897
1.07038
1.07178
1.07316
1.07452
1.07586
1.07719
1.0785
1.07981
1.0811
1.08238
1.08365
1.08491
1.08616
1.08741
1.08864
1.08987
1.0911
1.09231
1.09353
1.09473
1.09594
1.09714
1.09833
1.09953
1.10071
1.1019
1.10308
1.10425
1.10541
1.10656
1.10768
1.10876
1.10978
1.1107
1.11146
1.112
1.11223
0.0920482
0.0904611
0.08966
0.0889684
0.088298
0.0876367
0.0869825
0.0863344
0.0856914
0.0850526
0.084417
0.0837836
0.0831515
0.0825196
0.0818868
0.0812517
0.0806095
0.079956
0.0792951
0.0786287
0.0779579
0.077284
0.0766083
0.075932
0.0752562
0.0745822
0.0739111
0.0732443
0.0725828
0.0719275
0.0712792
0.0706377
0.0700015
0.0692742
0.0685443
0.0678168
0.0670899
0.0663649
0.0656437
0.064928
0.0642196
0.0635204
0.0628319
0.0621553
0.0614911
0.0608383
0.0601943
0.0595215
0.0586797
0.0578353
0.0570103
0.0562017
0.0554125
0.0546457
0.053904
0.0531886
0.0524987
0.0518308
0.0511774
0.0503852
0.0493781
0.0483953
0.047496
0.0466716
0.0459156
0.0452169
0.0445604
0.0433275
0.0422868
0.0412797
0.139037
0.139063
0.139124
0.139173
0.139208
0.139227
0.139231
0.139221
0.139196
0.139157
0.139103
0.139034
0.138951
0.138852
0.138737
0.138604
0.13845
0.13827
0.13806
0.137814
0.13752
0.137174
0.136806
0.136428
0.136043
0.135655
0.135268
0.134888
0.13452
0.134175
0.133873
0.133603
0.133347
0.13306
0.132774
0.132491
0.132209
0.131928
0.131648
0.131371
0.131097
0.130827
0.130562
0.130302
0.130048
0.129798
0.129549
0.129284
0.128937
0.12859
0.128251
0.127918
0.127595
0.127282
0.126982
0.126696
0.126423
0.126162
0.125904
0.125569
0.12512
0.124695
0.124316
0.123981
0.123689
0.123429
0.123184
0.122608
0.122152
0.121635
0.137276
0.13751
0.137742
0.137976
0.13821
0.138446
0.138682
0.13892
0.139158
0.139397
0.139636
0.139876
0.140116
0.140355
0.140594
0.140832
0.141069
0.141305
0.14154
0.141771
0.141999
0.142222
0.142439
0.14265
0.142855
0.143053
0.143244
0.143428
0.143605
0.143776
0.143941
0.1441
0.144254
0.144409
0.144565
0.144717
0.144864
0.145006
0.145142
0.145274
0.1454
0.14552
0.145636
0.145746
0.14585
0.145949
0.146042
0.146129
0.146212
0.146299
0.146379
0.146453
0.146521
0.146582
0.146638
0.146689
0.146733
0.146771
0.146802
0.146817
0.146816
0.14681
0.146794
0.146765
0.146722
0.146667
0.146612
0.146488
0.14638
0.146256
0.133249
0.133312
0.133378
0.133447
0.133517
0.133591
0.133666
0.133745
0.133827
0.133912
0.134
0.134092
0.134188
0.134287
0.13439
0.134497
0.134608
0.134723
0.134842
0.134966
0.135094
0.135227
0.135363
0.135503
0.135646
0.135793
0.135943
0.136095
0.136249
0.136405
0.136562
0.136721
0.13688
0.13705
0.137227
0.137407
0.137588
0.137771
0.137955
0.138139
0.138323
0.138507
0.13869
0.138872
0.139052
0.13923
0.139407
0.139586
0.139786
0.139998
0.140207
0.140412
0.140614
0.140811
0.141003
0.141189
0.141369
0.141543
0.141712
0.141894
0.142108
0.142327
0.14253
0.142716
0.142884
0.143036
0.143172
0.143353
0.143505
0.143618
0.137715
0.13769
0.137666
0.137642
0.137618
0.137593
0.137569
0.137544
0.137519
0.137494
0.137469
0.137443
0.137418
0.137392
0.137367
0.137341
0.137315
0.13729
0.137265
0.13724
0.137216
0.137194
0.137172
0.137152
0.137134
0.137116
0.137101
0.137087
0.137075
0.137065
0.137056
0.137048
0.137042
0.137036
0.137032
0.13703
0.137031
0.137034
0.137039
0.137047
0.137057
0.13707
0.137085
0.137101
0.13712
0.13714
0.137161
0.137184
0.137212
0.137244
0.137279
0.137317
0.137356
0.137397
0.13744
0.137485
0.137529
0.137575
0.13762
0.137672
0.137736
0.137805
0.137873
0.137938
0.138001
0.138061
0.138118
0.138201
0.138277
0.138344
0.136394
0.136444
0.136495
0.136545
0.136594
0.136643
0.13669
0.136736
0.136782
0.136826
0.13687
0.136912
0.136954
0.136995
0.137034
0.137073
0.137111
0.137148
0.137184
0.137219
0.137254
0.137287
0.137319
0.13735
0.13738
0.137409
0.137438
0.137465
0.137491
0.137515
0.137539
0.137561
0.137582
0.137602
0.137621
0.13764
0.137657
0.137674
0.137689
0.137704
0.137718
0.137731
0.137743
0.137754
0.137765
0.137775
0.137783
0.137791
0.137797
0.137803
0.137809
0.137814
0.13782
0.137825
0.137829
0.137834
0.137838
0.137842
0.137845
0.137847
0.137849
0.137851
0.137854
0.137857
0.13786
0.137863
0.137865
0.137867
0.137869
0.137872
0.138783
0.138766
0.13875
0.138736
0.138722
0.138709
0.138696
0.138684
0.138672
0.138661
0.13865
0.138639
0.138629
0.13862
0.138611
0.138603
0.138595
0.138588
0.138582
0.138576
0.138571
0.138567
0.138564
0.138561
0.138559
0.138558
0.138557
0.138557
0.138558
0.138558
0.138559
0.138561
0.138562
0.138563
0.138565
0.138566
0.138568
0.13857
0.138572
0.138575
0.138577
0.138579
0.138582
0.138584
0.138586
0.138587
0.138588
0.138589
0.138589
0.138589
0.138588
0.138588
0.138587
0.138587
0.138586
0.138584
0.138583
0.138581
0.138578
0.138575
0.13857
0.138565
0.138561
0.138556
0.138552
0.138547
0.138543
0.138537
0.138534
0.138532
0.139155
0.139146
0.139135
0.139124
0.139112
0.139098
0.139084
0.139069
0.139052
0.139035
0.139018
0.139
0.138983
0.138966
0.138949
0.138933
0.138918
0.138903
0.13889
0.138877
0.138865
0.138855
0.138846
0.138837
0.13883
0.138824
0.138818
0.138814
0.13881
0.138808
0.138806
0.138805
0.138804
0.138805
0.138806
0.138808
0.13881
0.138812
0.138815
0.138817
0.13882
0.138823
0.138826
0.138828
0.138831
0.138834
0.138837
0.138841
0.138844
0.138849
0.138852
0.138856
0.138859
0.138862
0.138864
0.138866
0.138868
0.13887
0.138872
0.138875
0.138877
0.138879
0.138881
0.138882
0.138882
0.138882
0.138882
0.138882
0.138883
0.138884
0.140601
0.140567
0.140531
0.140496
0.14046
0.140424
0.140386
0.140348
0.140309
0.140269
0.140229
0.140188
0.140147
0.140106
0.140066
0.140025
0.139985
0.139946
0.139907
0.139869
0.139832
0.139796
0.139761
0.139728
0.139695
0.139663
0.139633
0.139603
0.139575
0.139548
0.139522
0.139497
0.139474
0.139452
0.13943
0.139409
0.139388
0.139369
0.13935
0.139332
0.139315
0.139298
0.139282
0.139267
0.139252
0.139238
0.139224
0.139212
0.1392
0.139188
0.139177
0.139165
0.139154
0.139144
0.139134
0.139124
0.139114
0.139106
0.139098
0.13909
0.139083
0.139075
0.139068
0.139061
0.139054
0.139048
0.139044
0.13904
0.139039
0.13904
0.14113
0.141104
0.141078
0.141051
0.141023
0.140995
0.140966
0.140935
0.140904
0.140871
0.140838
0.140804
0.140769
0.140734
0.140699
0.140663
0.140628
0.140593
0.140558
0.140523
0.140489
0.140455
0.140422
0.140389
0.140356
0.140324
0.140293
0.140263
0.140233
0.140204
0.140175
0.140148
0.140122
0.140097
0.140072
0.140047
0.140023
0.14
0.139976
0.139954
0.139931
0.139909
0.139888
0.139867
0.139847
0.139827
0.139808
0.139791
0.139773
0.139756
0.139738
0.139721
0.139704
0.139687
0.13967
0.139654
0.139638
0.139623
0.139609
0.139596
0.139582
0.139568
0.139554
0.13954
0.139527
0.139515
0.139505
0.139496
0.139489
0.139487
0.14143
0.141398
0.141365
0.141333
0.1413
0.141266
0.141233
0.141198
0.141163
0.141128
0.141092
0.141056
0.141019
0.140983
0.140947
0.140911
0.140875
0.14084
0.140805
0.140771
0.140737
0.140705
0.140672
0.140641
0.14061
0.14058
0.14055
0.140522
0.140494
0.140466
0.14044
0.140415
0.140391
0.140367
0.140344
0.140321
0.140299
0.140277
0.140256
0.140235
0.140214
0.140194
0.140174
0.140154
0.140135
0.140117
0.140099
0.140082
0.140065
0.140048
0.140031
0.140014
0.139998
0.139981
0.139964
0.139948
0.139932
0.139916
0.139902
0.139888
0.139874
0.139859
0.139844
0.139829
0.139815
0.139803
0.139793
0.139784
0.139778
0.139778
0.141557
0.141529
0.1415
0.141472
0.141444
0.141416
0.141387
0.141359
0.14133
0.141301
0.141272
0.141243
0.141214
0.141185
0.141157
0.141129
0.141101
0.141074
0.141047
0.141022
0.140996
0.140972
0.140947
0.140924
0.140901
0.140878
0.140856
0.140835
0.140814
0.140794
0.140774
0.140755
0.140737
0.140719
0.140701
0.140684
0.140667
0.14065
0.140633
0.140616
0.140599
0.140583
0.140566
0.14055
0.140534
0.140518
0.140502
0.140487
0.140472
0.140456
0.140441
0.140425
0.140408
0.140392
0.140376
0.140359
0.140343
0.140327
0.140312
0.140297
0.140282
0.140266
0.140249
0.140233
0.140217
0.140203
0.140192
0.140181
0.140174
0.140173
0.141701
0.141677
0.141654
0.141631
0.141607
0.141584
0.141561
0.141539
0.141516
0.141493
0.141471
0.141449
0.141428
0.141406
0.141385
0.141365
0.141345
0.141326
0.141307
0.141288
0.14127
0.141252
0.141235
0.141218
0.141202
0.141186
0.14117
0.141154
0.141139
0.141123
0.141108
0.141094
0.141079
0.141065
0.141051
0.141036
0.141022
0.141007
0.140993
0.140978
0.140963
0.140948
0.140932
0.140917
0.140901
0.140886
0.140871
0.140856
0.14084
0.140824
0.140808
0.140791
0.140774
0.140757
0.140739
0.140722
0.140704
0.140687
0.14067
0.140654
0.140637
0.140619
0.140601
0.140584
0.140567
0.140552
0.14054
0.140529
0.140522
0.140522
0.142098
0.142081
0.142064
0.142048
0.142031
0.142014
0.141997
0.14198
0.141963
0.141946
0.14193
0.141914
0.141898
0.141883
0.141867
0.141852
0.141837
0.141823
0.141808
0.141794
0.14178
0.141766
0.141752
0.141737
0.141723
0.141709
0.141695
0.141681
0.141666
0.141651
0.141637
0.141622
0.141607
0.141592
0.141577
0.141561
0.141545
0.141528
0.141512
0.141494
0.141477
0.141459
0.141441
0.141422
0.141403
0.141384
0.141366
0.141347
0.141328
0.141308
0.141288
0.141267
0.141246
0.141224
0.141202
0.14118
0.141159
0.141137
0.141117
0.141096
0.141075
0.141053
0.141031
0.14101
0.14099
0.140972
0.140957
0.140944
0.140936
0.140936
0.142607
0.142593
0.142578
0.142564
0.142549
0.142535
0.14252
0.142505
0.14249
0.142475
0.14246
0.142445
0.14243
0.142415
0.1424
0.142385
0.14237
0.142354
0.142339
0.142324
0.142308
0.142292
0.142276
0.14226
0.142244
0.142227
0.14221
0.142192
0.142174
0.142156
0.142138
0.142119
0.1421
0.142081
0.142061
0.142041
0.14202
0.141999
0.141978
0.141956
0.141933
0.14191
0.141887
0.141864
0.14184
0.141816
0.141793
0.141769
0.141745
0.141721
0.141696
0.14167
0.141644
0.141618
0.141592
0.141566
0.141541
0.141515
0.141491
0.141467
0.141443
0.141418
0.141393
0.14137
0.141348
0.141329
0.141313
0.141301
0.141294
0.141296
0.143182
0.143165
0.143149
0.143132
0.143115
0.143098
0.143081
0.143063
0.143045
0.143027
0.143008
0.142989
0.14297
0.142951
0.142931
0.142911
0.142891
0.142871
0.14285
0.142829
0.142808
0.142786
0.142764
0.142741
0.142719
0.142695
0.142671
0.142647
0.142623
0.142598
0.142572
0.142547
0.142522
0.142496
0.142469
0.142442
0.142415
0.142387
0.142359
0.14233
0.142302
0.142272
0.142243
0.142213
0.142184
0.142154
0.142125
0.142096
0.142067
0.142037
0.142007
0.141977
0.141947
0.141916
0.141886
0.141856
0.141827
0.141798
0.141771
0.141744
0.141717
0.14169
0.141664
0.14164
0.141617
0.141598
0.141582
0.14157
0.141565
0.141569
0.143714
0.143692
0.14367
0.143647
0.143624
0.143601
0.143578
0.143554
0.143529
0.143505
0.143479
0.143454
0.143428
0.143402
0.143375
0.143348
0.143321
0.143294
0.143266
0.143237
0.143209
0.14318
0.14315
0.14312
0.14309
0.14306
0.143029
0.142998
0.142966
0.142935
0.142903
0.142871
0.142839
0.142807
0.142775
0.142742
0.142709
0.142677
0.142644
0.14261
0.142577
0.142544
0.142511
0.142479
0.142446
0.142415
0.142383
0.142353
0.142321
0.14229
0.142259
0.142229
0.142199
0.14217
0.142141
0.142113
0.142087
0.142062
0.142039
0.142015
0.141991
0.141969
0.14195
0.141934
0.141921
0.141912
0.141909
0.141901
0.141913
0.141928
0.144199
0.144178
0.144158
0.144138
0.14412
0.144102
0.144086
0.14407
0.144056
0.144043
0.14403
0.144019
0.14401
0.144001
0.143994
0.143988
0.143983
0.143978
0.143976
0.143974
0.143974
0.143976
0.143979
0.143984
0.14399
0.143999
0.144009
0.144021
0.144036
0.144054
0.144074
0.144097
0.144124
0.144138
0.144167
0.144198
0.144232
0.14427
0.144311
0.144355
0.144404
0.144457
0.144516
0.14458
0.14465
0.144729
0.144815
0.144903
0.144963
0.145061
0.145165
0.145276
0.145394
0.145519
0.145653
0.145795
0.145948
0.146113
0.146292
0.146447
0.146581
0.146791
0.147024
0.147282
0.147571
0.147897
0.148271
0.148519
0.149074
0.149605
0.158757
0.159501
0.160313
0.161189
0.162124
0.163117
0.164163
0.165261
0.166407
0.167599
0.168833
0.170108
0.171419
0.172764
0.174139
0.175543
0.176969
0.178413
0.17988
0.181367
0.182871
0.184391
0.185925
0.187472
0.189029
0.190596
0.192171
0.193754
0.195343
0.196939
0.19854
0.200146
0.201758
0.203258
0.204859
0.206463
0.208067
0.209672
0.211277
0.212883
0.214492
0.216104
0.217721
0.219345
0.220979
0.222626
0.224289
0.225931
0.227395
0.229093
0.230823
0.232585
0.234386
0.236237
0.238149
0.240133
0.242205
0.244381
0.246679
0.248927
0.251178
0.253969
0.25698
0.260234
0.263764
0.267607
0.271805
0.275654
0.281082
0.286453
0.421976
0.434127
0.445652
0.456605
0.467035
0.476989
0.486503
0.495613
0.504346
0.512728
0.520783
0.528532
0.535991
0.543178
0.550107
0.556792
0.563236
0.569447
0.575454
0.581265
0.586888
0.592331
0.597603
0.602712
0.607664
0.612467
0.617127
0.621651
0.626046
0.630317
0.634471
0.638515
0.642451
0.646031
0.649749
0.653382
0.656933
0.660408
0.663815
0.667161
0.670451
0.673695
0.676898
0.680069
0.683215
0.686345
0.689465
0.692506
0.695179
0.698295
0.701435
0.704606
0.707815
0.711072
0.714385
0.717762
0.721213
0.724745
0.728367
0.731759
0.734999
0.738968
0.743058
0.747271
0.751612
0.756084
0.760694
0.764287
0.769801
0.774699
0.125424
0.125008
0.124709
0.12444
0.12418
0.123908
0.123571
0.123088
0.122336
0.121839
0.122907
0.122848
0.122699
0.122531
0.122351
0.122158
0.121954
0.121738
0.121512
0.121274
0.121027
0.120769
0.1205
0.120221
0.11993
0.119624
0.119297
0.118939
0.118524
0.118002
0.118414
0.118499
0.118334
0.118139
0.117933
0.117718
0.117494
0.117262
0.117021
0.116773
0.116516
0.116253
0.115982
0.115703
0.115418
0.115127
0.114828
0.114524
0.114213
0.113896
0.113574
0.113244
0.112908
0.112565
0.112214
0.111856
0.111488
0.111105
0.110701
0.110255
0.109729
0.109793
0.109656
0.109357
0.109034
0.1087
0.108357
0.108006
0.107646
0.107277
0.106901
0.106517
0.106126
0.105728
0.105323
0.104912
0.104496
0.104077
0.103656
0.103235
0.102817
0.102405
0.102003
0.101612
0.101236
0.100874
0.100528
0.100196
0.0998781
0.0995728
0.0992786
0.0989942
0.0987178
0.0984476
0.0981821
0.0979218
0.0976783
0.0975097
0.0976527
0.0984734
0.139794
0.139634
0.139547
0.139493
0.13946
0.139444
0.13944
0.139443
0.139441
0.139438
0.139469
0.139479
0.139489
0.139499
0.139509
0.139517
0.139524
0.139528
0.13953
0.139528
0.139522
0.139511
0.139497
0.139477
0.139453
0.139426
0.139395
0.139362
0.139326
0.139281
0.139263
0.139239
0.139208
0.139174
0.139137
0.139098
0.139056
0.139012
0.138966
0.138919
0.13887
0.13882
0.138768
0.138716
0.138663
0.138611
0.138558
0.138507
0.138457
0.138409
0.138366
0.13833
0.138299
0.138275
0.138258
0.138246
0.138239
0.138237
0.138237
0.138238
0.138234
0.138246
0.138255
0.138264
0.138276
0.138292
0.13831
0.138332
0.138357
0.138384
0.138414
0.138445
0.138479
0.138514
0.138551
0.138589
0.138627
0.138666
0.138705
0.138744
0.138783
0.138821
0.138858
0.138892
0.138923
0.138952
0.138978
0.139001
0.139021
0.139039
0.139054
0.139066
0.139074
0.13908
0.139085
0.139092
0.139106
0.139148
0.13926
0.139547
0.138283
0.13829
0.138293
0.13829
0.138281
0.138266
0.138247
0.138226
0.138207
0.138193
0.138177
0.138161
0.138141
0.138116
0.138087
0.138052
0.138013
0.137969
0.137918
0.137859
0.13779
0.137709
0.137612
0.137492
0.137347
0.137176
0.136997
0.13682
0.136648
0.136483
0.13633
0.136183
0.136033
0.135883
0.135733
0.135584
0.135435
0.135287
0.135139
0.134994
0.134853
0.134715
0.134581
0.134451
0.134324
0.134201
0.134085
0.133978
0.133892
0.133834
0.133799
0.13378
0.13377
0.133768
0.133772
0.133781
0.133793
0.133809
0.133827
0.133846
0.133867
0.133885
0.133905
0.133928
0.133954
0.133983
0.134014
0.134047
0.134083
0.134121
0.134162
0.134205
0.13425
0.134299
0.134349
0.134403
0.134459
0.134518
0.13458
0.134645
0.134712
0.134783
0.134859
0.134938
0.135022
0.135109
0.1352
0.135295
0.135395
0.135498
0.135605
0.135718
0.135834
0.135956
0.136082
0.136214
0.136352
0.1365
0.136669
0.136894
0.138249
0.138199
0.138152
0.138108
0.138066
0.138026
0.137986
0.137946
0.137907
0.137872
0.137844
0.137816
0.137788
0.137758
0.137727
0.137695
0.137661
0.137625
0.137587
0.137544
0.137499
0.137449
0.137395
0.137339
0.137279
0.137217
0.137153
0.137088
0.137021
0.136954
0.136891
0.136829
0.136767
0.136702
0.136637
0.13657
0.136502
0.136433
0.136364
0.136294
0.136223
0.136152
0.136081
0.13601
0.13594
0.135871
0.135802
0.135734
0.135666
0.1356
0.135533
0.135468
0.135402
0.135338
0.135273
0.135209
0.135146
0.135083
0.135021
0.13496
0.134898
0.134841
0.134784
0.134728
0.134672
0.134616
0.134561
0.134505
0.13445
0.134394
0.134338
0.134282
0.134226
0.13417
0.134113
0.134056
0.133999
0.133941
0.133883
0.133824
0.133764
0.133704
0.133642
0.133579
0.133515
0.133449
0.133382
0.133315
0.133249
0.133186
0.133126
0.13307
0.133022
0.132993
0.132989
0.133
0.133022
0.133054
0.133098
0.13317
0.139513
0.139529
0.139545
0.13956
0.139572
0.139578
0.139578
0.139573
0.139563
0.139551
0.139537
0.139517
0.139491
0.139458
0.139419
0.139376
0.139327
0.139273
0.139213
0.139144
0.139063
0.138968
0.138862
0.138754
0.138648
0.138546
0.138448
0.138352
0.138259
0.138169
0.138085
0.138003
0.137923
0.137843
0.137765
0.137687
0.137612
0.137539
0.137468
0.137399
0.137332
0.137268
0.137206
0.137151
0.137111
0.137086
0.137071
0.137063
0.137058
0.137057
0.137057
0.137058
0.137061
0.137064
0.137068
0.137073
0.137078
0.137085
0.137091
0.137098
0.137105
0.137113
0.13712
0.137129
0.137138
0.137149
0.137161
0.137174
0.137187
0.137203
0.137219
0.137236
0.137255
0.137275
0.137297
0.13732
0.137345
0.137371
0.137399
0.137429
0.137461
0.137494
0.13753
0.137568
0.137608
0.137648
0.137685
0.137719
0.137748
0.137773
0.137794
0.13781
0.137822
0.137829
0.137832
0.137831
0.137825
0.137816
0.137801
0.137778
0.139275
0.139288
0.139295
0.139296
0.139291
0.139283
0.13927
0.139254
0.139233
0.139202
0.139158
0.139109
0.139055
0.138998
0.13894
0.138883
0.138826
0.138771
0.138717
0.138663
0.138609
0.138555
0.138502
0.13845
0.138398
0.138346
0.138295
0.138244
0.138192
0.13814
0.138088
0.138037
0.137987
0.137936
0.137886
0.137835
0.137786
0.137736
0.137686
0.137637
0.137589
0.137542
0.137497
0.137453
0.137412
0.137372
0.137334
0.137297
0.137261
0.137226
0.137192
0.137159
0.137126
0.137094
0.137062
0.137031
0.137
0.136969
0.136938
0.136908
0.136877
0.136848
0.136819
0.136791
0.136762
0.136733
0.136704
0.136675
0.136646
0.136616
0.136586
0.136556
0.136525
0.136494
0.136462
0.13643
0.136397
0.136364
0.13633
0.136295
0.13626
0.136224
0.136188
0.136151
0.136113
0.136074
0.136034
0.135996
0.135961
0.135931
0.135911
0.135918
0.135941
0.135973
0.136011
0.136054
0.136101
0.136152
0.136213
0.136304
0.139503
0.13945
0.139405
0.139369
0.13934
0.139317
0.139297
0.13928
0.139266
0.139255
0.139246
0.139238
0.139228
0.139216
0.139201
0.139182
0.139158
0.139126
0.139084
0.139032
0.138975
0.138917
0.138861
0.138806
0.138752
0.1387
0.138648
0.138596
0.138544
0.138493
0.138442
0.138393
0.138344
0.138295
0.138248
0.138202
0.138158
0.138115
0.138075
0.138037
0.138002
0.137976
0.137964
0.137961
0.137966
0.137975
0.137986
0.137999
0.138013
0.138028
0.138043
0.138058
0.138073
0.138089
0.138105
0.138122
0.138139
0.138157
0.138176
0.138195
0.138214
0.138234
0.138254
0.138274
0.138295
0.138316
0.138338
0.13836
0.138383
0.138406
0.13843
0.138454
0.138479
0.138504
0.138529
0.138555
0.138581
0.138607
0.138634
0.138661
0.138689
0.138717
0.138746
0.138776
0.138806
0.138834
0.138858
0.138879
0.138895
0.138908
0.138915
0.138919
0.138919
0.138916
0.138909
0.138899
0.138886
0.13887
0.138853
0.138833
0.139237
0.139205
0.139182
0.139168
0.139161
0.139159
0.13916
0.139164
0.139169
0.139172
0.139172
0.139168
0.139159
0.139145
0.139124
0.139096
0.13906
0.139018
0.138975
0.138933
0.138894
0.138858
0.138825
0.138794
0.138764
0.138736
0.138709
0.138682
0.138656
0.13863
0.138606
0.138582
0.13856
0.138539
0.138521
0.138506
0.138494
0.138485
0.138479
0.138475
0.138474
0.138475
0.138478
0.138483
0.138489
0.138495
0.138503
0.13851
0.138518
0.138526
0.138534
0.138543
0.138554
0.138569
0.138586
0.138606
0.138629
0.138652
0.138675
0.138697
0.13872
0.138742
0.138764
0.138785
0.138803
0.138821
0.138837
0.138853
0.138867
0.138881
0.138893
0.138905
0.138915
0.138924
0.138931
0.138937
0.138942
0.138945
0.138946
0.138945
0.138941
0.138936
0.138927
0.138918
0.138912
0.138909
0.138911
0.138916
0.138924
0.138935
0.138949
0.138965
0.138983
0.139004
0.139026
0.13905
0.139076
0.139103
0.139133
0.139171
0.139264
0.139256
0.139258
0.139268
0.139285
0.139304
0.139324
0.139341
0.139354
0.139362
0.139363
0.139356
0.139339
0.139314
0.139281
0.139239
0.139194
0.139153
0.139118
0.139089
0.139065
0.139046
0.139031
0.13902
0.139013
0.139009
0.139008
0.139011
0.139017
0.139026
0.139039
0.139054
0.139075
0.139106
0.139144
0.139188
0.139235
0.139283
0.139332
0.139381
0.13943
0.139478
0.139526
0.139572
0.139618
0.139662
0.139705
0.139747
0.139787
0.139826
0.139863
0.139899
0.139934
0.139967
0.139999
0.140029
0.140058
0.140086
0.140113
0.140139
0.140163
0.140187
0.140211
0.140233
0.140255
0.140277
0.140299
0.14032
0.140341
0.140363
0.140384
0.140405
0.140426
0.140447
0.140468
0.14049
0.140512
0.140533
0.140555
0.140578
0.1406
0.140623
0.140646
0.140667
0.140687
0.140703
0.140717
0.140728
0.140736
0.140742
0.140745
0.140746
0.140744
0.14074
0.140734
0.140727
0.140717
0.140707
0.140696
0.14068
0.139289
0.139327
0.139368
0.139409
0.139449
0.139484
0.139513
0.139532
0.139541
0.13954
0.139528
0.139506
0.139474
0.139443
0.139418
0.1394
0.13939
0.139386
0.13939
0.139401
0.139419
0.139441
0.139468
0.139496
0.139527
0.139561
0.139602
0.139648
0.139697
0.139748
0.139798
0.139848
0.139897
0.139943
0.139988
0.140031
0.140072
0.140111
0.140148
0.140184
0.140217
0.140249
0.140279
0.140308
0.140335
0.140361
0.140386
0.140409
0.140431
0.140452
0.140472
0.140491
0.140508
0.140525
0.140541
0.140555
0.140569
0.140582
0.140595
0.140606
0.140617
0.140628
0.140638
0.140648
0.140657
0.140666
0.140675
0.140684
0.140692
0.1407
0.140709
0.140717
0.140725
0.140733
0.140741
0.140749
0.140756
0.140764
0.140771
0.140778
0.140785
0.140793
0.140801
0.140812
0.140824
0.140838
0.140854
0.140872
0.140891
0.140912
0.140934
0.140958
0.140983
0.141008
0.141035
0.141062
0.141089
0.141117
0.141146
0.141178
0.13951
0.139559
0.139603
0.13964
0.13967
0.139692
0.139704
0.139706
0.139702
0.139696
0.139693
0.139693
0.139701
0.139717
0.139741
0.139771
0.139806
0.139846
0.1399
0.13996
0.140022
0.140081
0.140137
0.14019
0.140239
0.140284
0.140326
0.140365
0.1404
0.140433
0.140462
0.140489
0.140514
0.140536
0.140557
0.140576
0.140593
0.140609
0.140624
0.140638
0.14065
0.140662
0.140674
0.140684
0.140694
0.140704
0.140714
0.140723
0.140732
0.140741
0.14075
0.140759
0.140769
0.140778
0.140787
0.140797
0.140806
0.140816
0.140826
0.140836
0.140847
0.140858
0.140869
0.14088
0.140891
0.140904
0.140916
0.14093
0.140944
0.140959
0.140974
0.14099
0.141007
0.141025
0.141044
0.141064
0.141084
0.141106
0.141128
0.14115
0.141172
0.141194
0.141215
0.141235
0.141255
0.141274
0.141292
0.141309
0.141326
0.141342
0.141358
0.141374
0.141389
0.141404
0.141419
0.141434
0.14145
0.141466
0.141483
0.1415
0.139772
0.139797
0.139813
0.139827
0.13984
0.139853
0.139866
0.139882
0.139903
0.139928
0.139959
0.139996
0.140048
0.140109
0.140172
0.140233
0.140291
0.140345
0.140395
0.140439
0.140479
0.140515
0.140546
0.140572
0.140595
0.140614
0.14063
0.140643
0.140654
0.140662
0.140669
0.140673
0.140676
0.140678
0.140678
0.140678
0.140678
0.140677
0.140675
0.140674
0.140672
0.140671
0.14067
0.140669
0.140669
0.140669
0.14067
0.140671
0.140673
0.140676
0.140679
0.140683
0.140687
0.140692
0.140698
0.140704
0.140711
0.140718
0.140726
0.140734
0.140743
0.140753
0.140762
0.140772
0.140783
0.140794
0.140805
0.140817
0.140828
0.140841
0.140853
0.140866
0.14088
0.140893
0.140907
0.140922
0.140938
0.140954
0.140972
0.140991
0.141011
0.141033
0.141057
0.141082
0.141108
0.141136
0.141165
0.141195
0.141226
0.141258
0.141291
0.141325
0.141359
0.141394
0.141429
0.141464
0.141499
0.141535
0.141571
0.141614
0.140027
0.140038
0.140051
0.140065
0.140083
0.140111
0.140144
0.140182
0.140222
0.140265
0.140309
0.140354
0.140396
0.140436
0.140474
0.140507
0.140537
0.140564
0.140586
0.140604
0.140619
0.140629
0.140637
0.140641
0.140643
0.140642
0.14064
0.140636
0.140631
0.140625
0.140618
0.140611
0.140604
0.140597
0.140591
0.140585
0.140579
0.140575
0.140571
0.140568
0.140566
0.140565
0.140565
0.140567
0.140569
0.140573
0.140578
0.140584
0.140591
0.140599
0.140608
0.140618
0.140629
0.140641
0.140654
0.140668
0.140683
0.140699
0.140716
0.140733
0.140751
0.14077
0.140789
0.140809
0.14083
0.140852
0.140874
0.140896
0.14092
0.140944
0.140968
0.140993
0.141018
0.141044
0.14107
0.141095
0.141121
0.141146
0.141171
0.141196
0.141221
0.141246
0.141271
0.141295
0.14132
0.141345
0.14137
0.141396
0.141422
0.141448
0.141475
0.141502
0.14153
0.141558
0.141587
0.141617
0.141647
0.141678
0.14171
0.141752
0.140203
0.140222
0.140246
0.140272
0.140299
0.140329
0.140361
0.140393
0.140424
0.140453
0.14048
0.140504
0.140524
0.14054
0.140553
0.140562
0.140568
0.14057
0.14057
0.140567
0.140562
0.140555
0.140547
0.140538
0.140529
0.140519
0.14051
0.140501
0.140493
0.140486
0.14048
0.140475
0.140471
0.140468
0.140466
0.140466
0.140467
0.140469
0.140473
0.140478
0.140484
0.140493
0.140502
0.140513
0.140526
0.140539
0.140554
0.140569
0.140586
0.140603
0.140621
0.14064
0.140659
0.140679
0.1407
0.140722
0.140744
0.140766
0.140789
0.140813
0.140837
0.140861
0.140886
0.14091
0.140935
0.140961
0.140986
0.141012
0.141039
0.141066
0.141093
0.141121
0.14115
0.141179
0.141209
0.14124
0.141272
0.141305
0.141338
0.141372
0.141407
0.141442
0.141478
0.141514
0.141551
0.141587
0.141625
0.141662
0.1417
0.141738
0.141776
0.141814
0.141852
0.14189
0.141928
0.141966
0.142004
0.142042
0.14208
0.142134
0.140271
0.140293
0.140321
0.140351
0.140384
0.140416
0.140445
0.14047
0.140488
0.140501
0.140507
0.140509
0.140505
0.140499
0.14049
0.140479
0.140468
0.140456
0.140445
0.140434
0.140425
0.140417
0.140411
0.140406
0.140402
0.140401
0.140401
0.140402
0.140406
0.14041
0.140417
0.140424
0.140433
0.140444
0.140456
0.14047
0.140486
0.140503
0.140522
0.140543
0.140565
0.140589
0.140613
0.140638
0.140664
0.140691
0.140717
0.140745
0.140772
0.1408
0.140828
0.140857
0.140887
0.140917
0.140948
0.14098
0.141012
0.141044
0.141077
0.14111
0.141144
0.141177
0.141211
0.141245
0.141278
0.141312
0.141346
0.14138
0.141413
0.141447
0.14148
0.141513
0.141547
0.14158
0.141614
0.141648
0.141681
0.141716
0.14175
0.141785
0.14182
0.141856
0.141892
0.141929
0.141966
0.142004
0.142043
0.142083
0.142123
0.142164
0.142206
0.142249
0.142292
0.142336
0.14238
0.142426
0.142471
0.142517
0.142566
0.142637
0.140298
0.140327
0.14036
0.140392
0.14042
0.140441
0.140452
0.140454
0.140448
0.140436
0.140421
0.140405
0.140389
0.140375
0.140363
0.140353
0.140347
0.140344
0.140345
0.140348
0.140355
0.140364
0.140375
0.140389
0.140404
0.140421
0.14044
0.140459
0.14048
0.140501
0.140523
0.140546
0.140571
0.140598
0.140627
0.140658
0.140691
0.140725
0.140761
0.140797
0.140834
0.14087
0.140905
0.140939
0.140971
0.141002
0.141031
0.141059
0.141086
0.141114
0.141141
0.14117
0.141199
0.141229
0.14126
0.141291
0.141322
0.141354
0.141385
0.141417
0.141449
0.14148
0.141512
0.141543
0.141575
0.141607
0.14164
0.141674
0.141709
0.141744
0.141781
0.14182
0.141859
0.141899
0.141941
0.141983
0.142026
0.14207
0.142114
0.142159
0.142205
0.14225
0.142297
0.142343
0.14239
0.142438
0.142486
0.142535
0.142585
0.142635
0.142686
0.142738
0.14279
0.142843
0.142897
0.142952
0.143007
0.143063
0.143123
0.143215
0.140297
0.140326
0.14035
0.140367
0.140373
0.140364
0.140347
0.140327
0.140309
0.140293
0.140282
0.140276
0.140275
0.140277
0.140284
0.140296
0.140312
0.140332
0.140355
0.140383
0.140413
0.140447
0.140485
0.140527
0.140571
0.140617
0.140664
0.140712
0.140762
0.140812
0.140863
0.140918
0.140977
0.141039
0.141103
0.141169
0.141236
0.141302
0.141367
0.14143
0.141491
0.141548
0.1416
0.141648
0.14169
0.141726
0.141757
0.141783
0.141806
0.141827
0.141846
0.141863
0.14188
0.141897
0.141913
0.141931
0.141949
0.141967
0.141985
0.142004
0.142022
0.142041
0.142059
0.142076
0.142094
0.142112
0.14213
0.142149
0.142169
0.14219
0.142214
0.142239
0.142267
0.142297
0.142329
0.142364
0.142401
0.14244
0.142482
0.142525
0.14257
0.142617
0.142665
0.142715
0.142766
0.142819
0.142874
0.14293
0.142988
0.143047
0.143108
0.14317
0.143234
0.143299
0.143366
0.143434
0.143504
0.143575
0.143653
0.143763
0.140285
0.140297
0.140298
0.140289
0.140271
0.140236
0.140218
0.140213
0.140217
0.140228
0.140244
0.140264
0.140285
0.140305
0.14033
0.140361
0.140397
0.140438
0.140484
0.140534
0.140588
0.140655
0.14073
0.140812
0.140901
0.140996
0.141097
0.141204
0.141317
0.141435
0.141566
0.141701
0.141843
0.141993
0.142146
0.142301
0.142455
0.142607
0.142757
0.142904
0.14305
0.143196
0.14334
0.143484
0.143627
0.14377
0.143912
0.144052
0.144188
0.144318
0.14444
0.144554
0.144659
0.144752
0.144833
0.144903
0.14496
0.145005
0.145038
0.14506
0.14507
0.145071
0.145061
0.145043
0.145016
0.144981
0.144938
0.144889
0.144833
0.144772
0.144705
0.144634
0.144559
0.14448
0.144399
0.144316
0.144231
0.144145
0.144059
0.143972
0.143886
0.143796
0.143691
0.143618
0.143567
0.143532
0.14351
0.143501
0.143502
0.143513
0.143533
0.143562
0.143599
0.143643
0.143693
0.143751
0.143816
0.143896
0.144019
0.144246
0.14021
0.140208
0.140199
0.140186
0.140173
0.140167
0.140171
0.140185
0.140209
0.140241
0.140279
0.140323
0.140372
0.140426
0.140484
0.140548
0.140617
0.140693
0.140777
0.14087
0.140973
0.14109
0.141223
0.141375
0.141552
0.141758
0.142005
0.142303
0.142567
0.142782
0.143014
0.143151
0.143283
0.143388
0.143467
0.143525
0.143563
0.143583
0.14359
0.143585
0.143573
0.143557
0.143542
0.143533
0.14353
0.143525
0.143542
0.143581
0.143636
0.143706
0.143787
0.143877
0.143974
0.144077
0.144185
0.144298
0.144415
0.144535
0.144657
0.144782
0.144908
0.145034
0.14516
0.145285
0.145407
0.145526
0.145639
0.145745
0.145843
0.145931
0.146007
0.146069
0.146118
0.146151
0.146167
0.146168
0.146152
0.146121
0.146075
0.146014
0.14594
0.145853
0.145754
0.145646
0.145531
0.145413
0.145294
0.145173
0.145053
0.144931
0.144792
0.144695
0.14463
0.14459
0.144575
0.144596
0.14473
0.145342
0.147808
0.154917
0.140021
0.140032
0.140032
0.14002
0.140008
0.140008
0.140016
0.140031
0.140048
0.140066
0.140085
0.140106
0.140128
0.140153
0.140181
0.140212
0.140248
0.140289
0.140339
0.140398
0.140471
0.140561
0.140674
0.140821
0.141017
0.141287
0.14169
0.142293
0.142934
0.143871
0.145041
0.145931
0.146765
0.147376
0.147745
0.147878
0.14786
0.147742
0.147557
0.147329
0.147087
0.146856
0.146663
0.146526
0.146457
0.14646
0.146528
0.146649
0.146802
0.146966
0.147119
0.147242
0.14732
0.147345
0.147314
0.14723
0.147101
0.146937
0.14675
0.146547
0.146353
0.146206
0.146111
0.146063
0.146058
0.146088
0.146149
0.146234
0.146337
0.146455
0.146582
0.146716
0.146855
0.146995
0.147135
0.147272
0.147404
0.14753
0.147647
0.147755
0.147852
0.147937
0.148009
0.148066
0.148109
0.148137
0.14815
0.14815
0.148136
0.148109
0.14807
0.148023
0.147974
0.147937
0.147991
0.148606
0.152497
0.171591
0.231603
0.343554
)
;

boundaryField
{
    airfoil
    {
        type            calculated;
        value           uniform 0;
    }
    farBoundaries
    {
        type            calculated;
        value           uniform 1;
    }
    inlet
    {
        type            freestream;
        freestreamValue uniform 0.14;
        value           nonuniform List<scalar> 
200
(
0.14
0.14
0.14
0.14
0.14
0.14
0.14
0.14
0.14
0.14
0.14
0.14
0.14
0.14
0.14
0.14
0.14
0.14
0.14
0.14
0.14
0.14
0.14
0.14
0.14
0.14
0.14
0.14
0.14
0.14
0.145041
0.14
0.146765
0.147376
0.147745
0.147878
0.14786
0.147742
0.147557
0.147329
0.147087
0.146856
0.146663
0.146526
0.146457
0.14646
0.146528
0.146649
0.146802
0.146966
0.147119
0.147242
0.14732
0.147345
0.147314
0.14723
0.147101
0.146937
0.14675
0.146547
0.146353
0.146206
0.146111
0.146063
0.146058
0.146088
0.146149
0.146234
0.146337
0.146455
0.146582
0.146716
0.146855
0.146995
0.147135
0.147272
0.147404
0.14753
0.147647
0.147755
0.147852
0.147937
0.148009
0.148066
0.148109
0.148137
0.14815
0.14815
0.148136
0.148109
0.14807
0.148023
0.147974
0.147937
0.147991
0.148606
0.152497
0.171591
0.231603
0.343554
0.14
0.14
0.14
0.14
0.14
0.14
0.14
0.14
0.14
0.14
0.14
0.14
0.14
0.14
0.14
0.14
0.14
0.14
0.14
0.14
0.14
0.14
0.14
0.14
0.14
0.14
0.14
0.14
0.14
0.14
0.14
0.14
0.14
0.14
0.14
0.14
0.14
0.14
0.14
0.14
0.14
0.14
0.14
0.14
0.14
0.14
0.14
0.14
0.14
0.14
0.14
0.14
0.14
0.14
0.14
0.14
0.14
0.14
0.14
0.14
0.14
0.14
0.14
0.14
0.14
0.14
0.14
0.146291
0.146897
0.147509
0.147878
0.148142
0.148285
0.148338
0.148339
0.148337
0.148375
0.148475
0.148641
0.148855
0.149087
0.149299
0.149458
0.149541
0.149538
0.14945
0.149287
0.149063
0.148785
0.148513
0.14833
0.148246
0.148253
0.148338
0.148488
0.14869
0.148944
0.149642
0.163014
0.256735
)
;
    }
    outlet
    {
        type            freestream;
        freestreamValue uniform 0.14;
        value           nonuniform List<scalar> 
40
(
0.173324
0.218492
0.231354
0.209847
0.191757
0.18617
0.17446
0.161971
0.156768
0.177412
0.277922
0.464879
0.666774
0.851075
1.007
1.12759
1.20686
1.23826
1.21254
1.11223
1.09796
1.19929
1.24105
1.23645
1.19242
1.11358
1.00376
0.866869
0.707608
0.532674
0.355027
0.213836
0.15216
0.138379
0.134639
0.131292
0.127873
0.126041
0.128523
0.140685
)
;
    }
    defaultFaces
    {
        type            empty;
    }
}


// ************************************************************************* //
