/*--------------------------------*- C++ -*----------------------------------*\
  =========                 |
  \\      /  F ield         | OpenFOAM: The Open Source CFD Toolbox
   \\    /   O peration     | Website:  https://openfoam.org
    \\  /    A nd           | Version:  6.0
     \\/     M anipulation  |
\*---------------------------------------------------------------------------*/
FoamFile
{
    version     2.0;
    format      ascii;
    class       volScalarField;
    location    "450";
    object      p;
}
// * * * * * * * * * * * * * * * * * * * * * * * * * * * * * * * * * * * * * //

dimensions      [0 2 -2 0 0 0 0];

internalField   nonuniform List<scalar> 
9800
(
143.425
141.332
139.862
138.766
137.875
137.096
136.37
135.664
134.962
134.253
133.511
132.739
131.939
131.109
130.251
129.366
128.457
127.533
126.604
125.694
124.837
124.095
123.59
123.598
124.122
124.893
125.781
126.723
127.684
128.641
129.58
130.488
131.365
132.208
133.015
133.784
134.515
135.204
135.853
136.46
137.024
137.543
138.017
138.442
138.818
139.14
139.406
139.613
139.755
139.829
139.827
139.746
139.578
139.318
138.962
138.513
137.975
137.376
136.757
136.226
135.938
136.212
137.57
140.779
147.461
157.969
176.176
186.279
201.701
207.69
212.162
217.659
222.957
227.36
231.295
235.242
239.227
243.059
246.618
249.921
253.044
256.055
258.991
261.868
264.686
267.444
270.138
272.762
275.307
277.767
280.14
282.428
284.639
286.781
288.864
290.895
292.878
294.818
296.649
298.501
223.025
223.674
224.067
224.37
224.634
224.887
225.133
225.367
225.584
225.786
225.967
226.119
226.241
226.334
226.399
226.442
226.467
226.483
226.5
226.532
226.59
226.665
226.708
226.727
226.726
226.697
226.686
226.699
226.725
226.75
226.762
226.754
226.711
226.631
226.508
226.341
226.124
225.858
225.537
225.163
224.73
224.238
223.682
223.062
222.372
221.61
220.77
219.85
218.841
217.74
216.539
215.232
213.808
212.262
210.578
208.748
206.752
204.574
202.18
199.534
196.582
193.241
189.448
185.049
180.259
175.118
173.396
177.612
186.158
196.815
205.374
211.762
217.336
222.73
227.885
232.63
236.936
240.858
244.46
247.801
250.937
253.909
256.748
259.47
262.086
264.605
267.029
269.354
271.579
273.699
275.715
277.63
279.444
281.16
282.771
284.27
285.64
286.861
287.873
288.575
142.093
144.27
146.107
147.695
149.112
150.419
151.662
152.872
154.066
155.258
156.477
157.733
159.017
160.33
161.668
163.029
164.401
165.77
167.111
168.387
169.544
170.505
171.117
171.161
170.627
169.728
168.619
167.385
166.077
164.736
163.383
162.044
160.728
159.435
158.167
156.927
155.716
154.535
153.383
152.262
151.17
150.11
149.08
148.085
147.123
146.201
145.319
144.484
143.7
142.976
142.322
141.751
141.276
140.921
140.708
140.672
140.854
141.306
142.102
143.326
145.107
147.586
150.975
155.476
161.389
168.798
177.93
187.487
196.333
203.813
209.984
215.416
220.541
225.346
229.702
233.609
237.185
240.535
243.722
246.774
249.701
252.506
255.194
257.772
260.25
262.63
264.91
267.082
269.144
271.094
272.936
274.67
276.295
277.807
279.197
280.453
281.56
282.494
283.242
283.723
154.742
153.13
151.897
150.922
150.128
149.465
148.896
148.403
147.971
147.59
147.251
146.952
146.691
146.469
146.28
146.122
145.989
145.875
145.774
145.678
145.586
145.512
145.489
145.52
145.602
145.731
145.879
146.03
146.185
146.353
146.537
146.746
146.984
147.256
147.564
147.912
148.301
148.733
149.21
149.734
150.307
150.931
151.608
152.344
153.14
154.002
154.935
155.946
157.042
158.231
159.523
160.93
162.463
164.138
165.969
167.972
170.166
172.565
175.186
178.034
181.118
184.416
187.911
191.536
195.236
198.902
202.472
205.92
209.368
212.941
216.683
220.477
224.187
227.718
231.063
234.251
237.332
240.329
243.246
246.063
248.764
251.344
253.809
256.161
258.406
260.539
262.558
264.46
266.249
267.928
269.504
270.976
272.345
273.602
274.742
275.757
276.638
277.372
277.964
278.35
177.739
177.029
176.286
175.547
174.829
174.139
173.476
172.841
172.232
171.645
171.06
170.473
169.889
169.307
168.725
168.146
167.572
167.009
166.469
165.968
165.528
165.181
164.985
165.013
165.268
165.682
166.195
166.77
167.385
168.023
168.672
169.317
169.955
170.589
171.219
171.844
172.465
173.085
173.703
174.323
174.946
175.575
176.213
176.862
177.526
178.208
178.912
179.641
180.4
181.194
182.027
182.904
183.832
184.816
185.862
186.975
188.165
189.434
190.797
192.254
193.824
195.511
197.343
199.333
201.527
203.954
206.658
209.642
212.872
216.236
219.615
222.904
226.077
229.131
232.092
234.965
237.753
240.449
243.049
245.548
247.946
250.244
252.444
254.542
256.537
258.425
260.209
261.889
263.475
264.968
266.374
267.689
268.911
270.036
271.058
271.975
272.784
273.479
274.073
274.505
182.555
182.294
182.047
181.816
181.6
181.401
181.221
181.061
180.924
180.812
180.712
180.626
180.558
180.507
180.47
180.447
180.439
180.445
180.466
180.502
180.552
180.609
180.663
180.713
180.758
180.798
180.843
180.899
180.968
181.048
181.139
181.237
181.341
181.455
181.582
181.722
181.876
182.048
182.239
182.451
182.689
182.955
183.253
183.586
183.959
184.376
184.84
185.358
185.935
186.575
187.286
188.073
188.945
189.906
190.967
192.133
193.416
194.821
196.359
198.035
199.861
201.834
203.963
206.235
208.651
211.183
213.809
216.479
219.158
221.803
224.405
226.954
229.463
231.927
234.348
236.714
239.02
241.258
243.429
245.529
247.56
249.513
251.387
253.174
254.875
256.488
258.022
259.476
260.856
262.159
263.388
264.536
265.604
266.587
267.484
268.292
269.012
269.637
270.182
270.588
189.14
188.391
187.726
187.138
186.621
186.169
185.777
185.442
185.163
184.936
184.75
184.604
184.501
184.438
184.413
184.423
184.464
184.533
184.623
184.728
184.841
184.951
185.045
185.106
185.133
185.139
185.139
185.142
185.157
185.189
185.245
185.324
185.431
185.57
185.745
185.957
186.206
186.496
186.827
187.201
187.619
188.084
188.596
189.159
189.773
190.442
191.166
191.95
192.794
193.701
194.675
195.716
196.828
198.011
199.269
200.601
202.01
203.494
205.055
206.687
208.392
210.159
211.986
213.859
215.779
217.731
219.713
221.713
223.733
225.761
227.803
229.844
231.881
233.899
235.894
237.852
239.775
241.652
243.485
245.263
246.987
248.648
250.245
251.776
253.245
254.65
255.998
257.285
258.513
259.677
260.778
261.812
262.78
263.678
264.508
265.268
265.96
266.579
267.141
267.59
197.024
196.297
195.607
194.959
194.354
193.792
193.273
192.798
192.369
191.985
191.632
191.311
191.026
190.776
190.56
190.377
190.225
190.105
190.014
189.952
189.92
189.918
189.95
190.015
190.113
190.241
190.399
190.583
190.793
191.029
191.291
191.575
191.882
192.216
192.579
192.97
193.391
193.841
194.323
194.836
195.382
195.96
196.573
197.221
197.906
198.627
199.388
200.188
201.03
201.914
202.842
203.815
204.834
205.899
207.014
208.175
209.388
210.647
211.958
213.314
214.72
216.168
217.66
219.187
220.754
222.353
223.985
225.64
227.317
229.005
230.701
232.392
234.079
235.747
237.4
239.027
240.629
242.195
243.728
245.216
246.664
248.065
249.423
250.735
252.005
253.229
254.409
255.541
256.624
257.656
258.636
259.562
260.435
261.253
262.016
262.723
263.377
263.973
264.526
264.983
203.609
202.959
202.348
201.775
201.239
200.742
200.281
199.857
199.473
199.128
198.806
198.511
198.245
198.01
197.804
197.627
197.478
197.359
197.269
197.208
197.178
197.18
197.216
197.288
197.396
197.535
197.704
197.899
198.12
198.366
198.636
198.923
199.228
199.555
199.907
200.281
200.68
201.104
201.554
202.029
202.534
203.065
203.628
204.22
204.845
205.502
206.195
206.921
207.685
208.485
209.324
210.201
211.118
212.074
213.071
214.107
215.184
216.297
217.451
218.639
219.863
221.117
222.4
223.705
225.036
226.385
227.753
229.131
230.52
231.911
233.305
234.694
236.079
237.452
238.813
240.155
241.479
242.776
244.05
245.294
246.512
247.699
248.859
249.987
251.086
252.149
253.179
254.171
255.125
256.039
256.914
257.746
258.538
259.287
259.994
260.659
261.282
261.861
262.41
262.877
209.091
208.508
207.959
207.443
206.964
206.52
206.112
205.74
205.409
205.115
204.846
204.603
204.392
204.211
204.059
203.937
203.843
203.777
203.738
203.726
203.739
203.777
203.838
203.921
204.024
204.148
204.293
204.458
204.647
204.857
205.091
205.343
205.613
205.907
206.228
206.573
206.944
207.342
207.767
208.218
208.699
209.207
209.746
210.313
210.911
211.538
212.197
212.885
213.606
214.356
215.138
215.949
216.792
217.662
218.564
219.491
220.447
221.427
222.435
223.462
224.515
225.583
226.671
227.769
228.884
230.01
231.148
232.292
233.445
234.598
235.754
236.905
238.053
239.192
240.322
241.439
242.543
243.631
244.705
245.759
246.798
247.817
248.816
249.791
250.745
251.671
252.571
253.443
254.285
255.097
255.879
256.628
257.347
258.033
258.687
259.309
259.9
260.458
260.993
261.46
214.856
214.281
213.74
213.233
212.761
212.324
211.921
211.554
211.225
210.935
210.668
210.427
210.217
210.036
209.885
209.762
209.668
209.601
209.561
209.548
209.561
209.6
209.664
209.752
209.863
209.996
210.151
210.328
210.526
210.747
210.99
211.25
211.527
211.826
212.149
212.495
212.865
213.257
213.675
214.115
214.58
215.069
215.582
216.119
216.681
217.265
217.875
218.507
219.164
219.842
220.544
221.267
222.013
222.778
223.565
224.37
225.195
226.036
226.896
227.77
228.661
229.562
230.475
231.394
232.325
233.262
234.208
235.156
236.109
237.06
238.014
238.963
239.911
240.851
241.788
242.716
243.638
244.549
245.453
246.343
247.223
248.088
248.938
249.77
250.586
251.381
252.157
252.911
253.644
254.354
255.042
255.706
256.348
256.966
257.561
258.133
258.683
259.207
259.716
260.168
218.437
218.05
217.68
217.33
217.001
216.696
216.414
216.158
215.931
215.734
215.551
215.387
215.245
215.128
215.034
214.962
214.914
214.889
214.887
214.906
214.949
215.013
215.101
215.21
215.341
215.491
215.662
215.851
216.061
216.29
216.54
216.802
217.079
217.375
217.692
218.029
218.386
218.763
219.161
219.578
220.017
220.474
220.952
221.45
221.968
222.504
223.06
223.634
224.227
224.837
225.465
226.109
226.771
227.446
228.138
228.842
229.562
230.292
231.036
231.788
232.553
233.324
234.103
234.883
235.672
236.464
237.262
238.061
238.865
239.667
240.472
241.275
242.079
242.879
243.678
244.472
245.262
246.046
246.824
247.591
248.351
249.099
249.837
250.56
251.272
251.968
252.65
253.316
253.967
254.602
255.221
255.823
256.408
256.977
257.529
258.063
258.581
259.08
259.569
260.009
224.843
224.358
223.905
223.482
223.089
222.727
222.395
222.093
221.826
221.591
221.379
221.189
221.026
220.889
220.777
220.691
220.629
220.592
220.578
220.588
220.622
220.678
220.757
220.859
220.983
221.127
221.291
221.472
221.672
221.891
222.128
222.376
222.636
222.913
223.21
223.523
223.854
224.202
224.568
224.95
225.349
225.764
226.196
226.642
227.105
227.581
228.073
228.577
229.096
229.626
230.17
230.724
231.292
231.868
232.456
233.051
233.657
234.27
234.892
235.52
236.156
236.794
237.438
238.082
238.732
239.384
240.042
240.7
241.363
242.026
242.692
243.356
244.022
244.685
245.348
246.006
246.663
247.312
247.958
248.596
249.229
249.852
250.469
251.075
251.674
252.262
252.841
253.409
253.968
254.516
255.053
255.578
256.093
256.595
257.087
257.566
258.034
258.49
258.939
259.348
224.1
224.017
223.936
223.86
223.793
223.736
223.691
223.661
223.65
223.658
223.665
223.678
223.705
223.745
223.8
223.869
223.953
224.051
224.164
224.29
224.43
224.584
224.752
224.932
225.124
225.328
225.544
225.772
226.014
226.27
226.54
226.816
227.101
227.399
227.714
228.041
228.384
228.74
229.11
229.493
229.89
230.298
230.72
231.153
231.598
232.053
232.52
232.996
233.484
233.979
234.484
234.997
235.52
236.048
236.586
237.129
237.68
238.235
238.798
239.365
239.938
240.513
241.092
241.67
242.253
242.838
243.428
244.018
244.611
245.204
245.799
246.391
246.985
247.575
248.165
248.75
249.333
249.912
250.486
251.055
251.62
252.178
252.73
253.276
253.815
254.347
254.871
255.387
255.896
256.395
256.887
257.368
257.841
258.304
258.758
259.201
259.636
260.059
260.476
260.857
235.98
235.488
235.031
234.605
234.207
233.839
233.498
233.185
232.9
232.645
232.419
232.218
232.042
231.89
231.762
231.657
231.576
231.518
231.484
231.472
231.484
231.517
231.574
231.652
231.755
231.877
232.02
232.181
232.358
232.552
232.761
232.979
233.205
233.443
233.694
233.957
234.233
234.519
234.817
235.123
235.441
235.768
236.105
236.449
236.804
237.165
237.536
237.913
238.298
238.69
239.089
239.494
239.907
240.324
240.748
241.177
241.612
242.051
242.496
242.944
243.397
243.852
244.308
244.764
245.224
245.685
246.15
246.615
247.084
247.551
248.021
248.49
248.96
249.429
249.897
250.364
250.83
251.293
251.755
252.213
252.67
253.123
253.573
254.019
254.462
254.899
255.333
255.762
256.186
256.605
257.018
257.427
257.829
258.227
258.618
259.004
259.384
259.758
260.126
260.469
222.493
222.884
223.263
223.636
224.009
224.383
224.762
225.149
225.553
225.967
226.351
226.719
227.089
227.462
227.84
228.22
228.604
228.991
229.381
229.773
230.168
230.565
230.964
231.365
231.767
232.168
232.571
232.975
233.383
233.794
234.208
234.614
235.017
235.425
235.838
236.256
236.681
237.109
237.544
237.983
238.428
238.878
239.333
239.791
240.256
240.723
241.196
241.672
242.153
242.636
243.124
243.614
244.108
244.603
245.102
245.602
246.105
246.608
247.113
247.618
248.125
248.629
249.132
249.631
250.13
250.626
251.124
251.619
252.113
252.605
253.095
253.582
254.067
254.547
255.026
255.499
255.969
256.434
256.895
257.35
257.801
258.245
258.684
259.117
259.544
259.964
260.378
260.785
261.185
261.578
261.963
262.342
262.712
263.075
263.431
263.778
264.117
264.447
264.769
265.072
255.281
254.57
253.896
253.255
252.641
252.05
251.479
250.925
250.381
249.856
249.402
248.982
248.589
248.219
247.875
247.555
247.261
246.991
246.748
246.53
246.338
246.172
246.032
245.917
245.829
245.765
245.727
245.709
245.714
245.737
245.779
245.839
245.904
245.982
246.074
246.179
246.296
246.425
246.566
246.717
246.88
247.053
247.236
247.429
247.632
247.843
248.064
248.293
248.53
248.775
249.027
249.286
249.553
249.826
250.105
250.39
250.68
250.975
251.276
251.58
251.89
252.2
252.512
252.824
253.137
253.453
253.774
254.096
254.422
254.748
255.078
255.409
255.742
256.075
256.41
256.744
257.08
257.415
257.751
258.086
258.42
258.753
259.086
259.417
259.747
260.074
260.401
260.724
261.046
261.365
261.681
261.994
262.304
262.611
262.914
263.213
263.509
263.8
264.084
264.368
201.571
202.897
204.209
205.502
206.793
208.089
209.398
210.732
212.113
213.514
214.775
215.975
217.165
218.35
219.532
220.707
221.877
223.038
224.191
225.334
226.468
227.589
228.699
229.795
230.878
231.947
233.001
234.041
235.068
236.081
237.074
238.011
238.927
239.83
240.722
241.604
242.477
243.34
244.193
245.037
245.872
246.697
247.513
248.319
249.116
249.904
250.683
251.451
252.211
252.961
253.702
254.432
255.154
255.864
256.566
257.257
257.938
258.609
259.27
259.919
260.559
261.184
261.794
262.395
262.984
263.56
264.128
264.685
265.233
265.769
266.296
266.812
267.318
267.813
268.298
268.771
269.234
269.686
270.127
270.556
270.975
271.382
271.778
272.163
272.536
272.898
273.249
273.588
273.915
274.231
274.536
274.829
275.111
275.382
275.641
275.889
276.126
276.351
276.557
276.782
302.779
301.415
299.864
298.321
296.812
295.314
293.816
292.306
290.736
289.074
287.808
286.571
285.319
284.099
282.918
281.774
280.668
279.602
278.578
277.597
276.659
275.767
274.918
274.112
273.352
272.636
271.966
271.34
270.76
270.214
269.684
269.259
268.835
268.406
268.008
267.642
267.308
267.001
266.724
266.474
266.253
266.056
265.886
265.741
265.62
265.521
265.445
265.39
265.356
265.341
265.345
265.366
265.404
265.458
265.527
265.61
265.706
265.815
265.936
266.068
266.205
266.338
266.492
266.671
266.827
266.988
267.162
267.348
267.543
267.747
267.959
268.178
268.405
268.638
268.877
269.121
269.371
269.625
269.883
270.144
270.409
270.677
270.946
271.218
271.492
271.766
272.042
272.318
272.595
272.871
273.147
273.422
273.696
273.97
274.241
274.511
274.778
275.036
275.283
275.819
122.076
128.431
132.845
137.941
143.456
149.155
155.084
161.554
167.577
169.482
170.999
174.968
179.196
183.208
187.167
191.093
194.983
198.822
202.611
206.341
210.013
213.62
217.163
220.636
224.041
227.369
230.617
233.825
237.055
240.003
241.906
243.802
246.499
248.968
251.342
253.669
255.955
258.192
260.381
262.52
264.612
266.654
268.649
270.593
272.49
274.337
276.138
277.888
279.592
281.248
282.857
284.418
285.933
287.401
288.827
290.21
291.546
292.835
294.086
295.3
296.432
297.364
298.29
299.494
300.506
301.438
302.348
303.232
304.085
304.906
305.697
306.458
307.189
307.89
308.564
309.209
309.827
310.417
310.982
311.52
312.034
312.523
312.989
313.432
313.852
314.251
314.63
314.987
315.326
315.646
315.948
316.232
316.5
316.752
316.99
317.216
317.42
317.553
317.649
318.867
299.032
298.783
298.7
298.711
298.752
298.815
298.902
299.014
299.151
299.31
299.491
299.693
299.914
300.153
300.409
300.686
300.97
301.263
301.577
301.909
302.252
302.608
302.974
303.353
303.741
304.14
304.549
304.968
305.397
305.838
306.286
306.707
307.101
307.603
308.154
308.646
309.132
309.632
310.139
310.655
311.175
311.705
312.239
312.785
313.342
313.9
314.354
314.789
315.479
316.23
316.822
317.403
317.999
318.609
319.224
319.856
320.509
321.148
321.543
321.998
322.983
323.979
324.668
325.356
326.102
326.747
326.825
328.076
329.585
329.385
288.057
288.11
288.503
288.923
289.311
289.692
290.075
290.46
290.844
291.23
291.616
292.004
292.392
292.783
293.175
293.571
293.969
294.37
294.773
295.181
295.59
296.004
296.419
296.84
297.262
297.689
298.119
298.554
298.991
299.435
299.881
300.331
300.781
301.239
301.702
302.167
302.632
303.105
303.58
304.061
304.544
305.035
305.528
306.028
306.531
307.042
307.55
308.061
308.584
309.119
309.643
310.174
310.71
311.256
311.805
312.364
312.929
313.505
314.069
314.639
315.246
315.863
316.46
317.071
317.7
318.339
318.943
319.645
320.435
320.829
284.095
284.348
284.828
285.311
285.771
286.228
286.685
287.143
287.599
288.055
288.51
288.965
289.417
289.87
290.321
290.771
291.22
291.669
292.115
292.562
293.006
293.45
293.892
294.335
294.776
295.217
295.656
296.097
296.535
296.974
297.412
297.851
298.286
298.722
299.155
299.589
300.02
300.453
300.884
301.316
301.747
302.179
302.61
303.042
303.473
303.907
304.337
304.766
305.191
305.618
306.039
306.463
306.885
307.31
307.733
308.159
308.584
309.013
309.438
309.858
310.274
310.692
311.105
311.522
311.943
312.369
312.79
313.207
313.665
313.98
278.731
279.024
279.533
280.037
280.517
280.995
281.474
281.953
282.432
282.912
283.391
283.87
284.347
284.825
285.301
285.777
286.252
286.726
287.199
287.672
288.143
288.614
289.083
289.553
290.02
290.489
290.956
291.424
291.89
292.357
292.823
293.29
293.753
294.217
294.679
295.14
295.598
296.057
296.515
296.974
297.432
297.891
298.349
298.808
299.266
299.727
300.184
300.64
301.092
301.545
301.99
302.438
302.885
303.334
303.783
304.235
304.685
305.141
305.591
306.036
306.48
306.921
307.354
307.792
308.235
308.685
309.123
309.566
310.041
310.367
274.959
275.268
275.784
276.293
276.78
277.265
277.751
278.239
278.726
279.214
279.7
280.187
280.671
281.156
281.638
282.121
282.601
283.082
283.56
284.038
284.514
284.99
285.464
285.938
286.41
286.883
287.353
287.825
288.295
288.767
289.237
289.708
290.175
290.642
291.106
291.568
292.029
292.491
292.951
293.413
293.873
294.335
294.796
295.259
295.721
296.186
296.648
297.107
297.562
298.017
298.465
298.915
299.365
299.819
300.272
300.729
301.186
301.649
302.107
302.559
303.007
303.453
303.891
304.337
304.788
305.249
305.699
306.152
306.639
306.977
271.036
271.36
271.884
272.397
272.886
273.375
273.865
274.356
274.848
275.34
275.832
276.324
276.815
277.306
277.796
278.286
278.774
279.263
279.749
280.237
280.721
281.207
281.69
282.175
282.657
283.141
283.622
284.106
284.587
285.071
285.553
286.037
286.517
286.997
287.473
287.948
288.421
288.896
289.369
289.845
290.319
290.795
291.27
291.748
292.225
292.706
293.184
293.659
294.129
294.597
295.057
295.522
295.986
296.455
296.923
297.396
297.869
298.347
298.823
299.291
299.752
300.208
300.659
301.117
301.584
302.06
302.528
302.994
303.489
303.843
268.076
268.409
268.934
269.448
269.938
270.429
270.922
271.416
271.91
272.404
272.898
273.391
273.883
274.375
274.865
275.356
275.844
276.333
276.82
277.307
277.792
278.278
278.761
279.246
279.728
280.212
280.694
281.178
281.66
282.144
282.627
283.113
283.594
284.075
284.551
285.027
285.501
285.977
286.452
286.929
287.405
287.883
288.361
288.841
289.321
289.806
290.288
290.767
291.239
291.708
292.171
292.638
293.106
293.579
294.051
294.528
295.007
295.492
295.974
296.448
296.913
297.371
297.824
298.288
298.761
299.245
299.721
300.193
300.691
301.053
265.473
265.812
266.334
266.845
267.332
267.821
268.312
268.806
269.299
269.793
270.285
270.779
271.27
271.763
272.253
272.744
273.233
273.723
274.212
274.7
275.186
275.673
276.157
276.643
277.127
277.612
278.096
278.581
279.065
279.55
280.036
280.523
281.006
281.487
281.964
282.44
282.915
283.391
283.867
284.344
284.821
285.299
285.778
286.259
286.74
287.225
287.709
288.189
288.662
289.129
289.591
290.058
290.526
290.998
291.471
291.95
292.43
292.917
293.403
293.88
294.345
294.801
295.255
295.722
296.198
296.687
297.17
297.647
298.146
298.517
263.371
263.713
264.234
264.741
265.227
265.715
266.206
266.697
267.188
267.679
268.169
268.659
269.147
269.636
270.123
270.61
271.096
271.582
272.067
272.552
273.034
273.517
273.998
274.48
274.961
275.443
275.923
276.405
276.886
277.369
277.851
278.336
278.817
279.296
279.77
280.242
280.714
281.188
281.661
282.136
282.611
283.088
283.565
284.045
284.525
285.009
285.493
285.972
286.443
286.907
287.367
287.832
288.298
288.769
289.241
289.719
290.199
290.686
291.172
291.65
292.112
292.564
293.015
293.48
293.956
294.447
294.931
295.409
295.905
296.279
261.954
262.298
262.809
263.306
263.782
264.26
264.74
265.222
265.701
266.182
266.66
267.14
267.618
268.097
268.574
269.052
269.529
270.006
270.482
270.958
271.432
271.907
272.381
272.855
273.328
273.802
274.276
274.751
275.225
275.702
276.179
276.658
277.133
277.607
278.074
278.541
279.007
279.476
279.944
280.415
280.885
281.358
281.831
282.307
282.784
283.266
283.747
284.224
284.69
285.15
285.605
286.066
286.529
286.997
287.465
287.94
288.417
288.902
289.386
289.861
290.317
290.762
291.207
291.666
292.137
292.624
293.105
293.578
294.063
294.434
260.65
260.998
261.505
261.997
262.469
262.942
263.416
263.892
264.365
264.839
265.311
265.784
266.255
266.727
267.197
267.668
268.138
268.608
269.077
269.546
270.013
270.48
270.946
271.413
271.879
272.346
272.812
273.28
273.747
274.217
274.687
275.159
275.628
276.095
276.555
277.014
277.474
277.936
278.397
278.861
279.325
279.792
280.259
280.729
281.201
281.677
282.153
282.626
283.086
283.539
283.988
284.444
284.901
285.363
285.828
286.297
286.77
287.252
287.733
288.204
288.656
289.093
289.533
289.988
290.456
290.94
291.419
291.891
292.369
292.741
260.483
260.828
261.319
261.796
262.253
262.711
263.17
263.63
264.088
264.547
265.004
265.463
265.92
266.377
266.833
267.291
267.747
268.203
268.659
269.114
269.567
270.021
270.474
270.927
271.379
271.832
272.285
272.739
273.193
273.649
274.106
274.564
275.02
275.472
275.917
276.361
276.806
277.253
277.699
278.148
278.597
279.048
279.5
279.955
280.412
280.873
281.335
281.792
282.237
282.672
283.104
283.544
283.986
284.432
284.882
285.337
285.796
286.265
286.734
287.194
287.63
288.052
288.478
288.92
289.376
289.852
290.323
290.786
291.25
291.614
259.794
260.139
260.622
261.09
261.539
261.99
262.441
262.892
263.342
263.792
264.241
264.691
265.139
265.588
266.035
266.483
266.929
267.377
267.823
268.269
268.713
269.157
269.6
270.044
270.486
270.93
271.374
271.819
272.263
272.71
273.158
273.608
274.055
274.498
274.934
275.37
275.806
276.244
276.683
277.123
277.564
278.007
278.452
278.899
279.349
279.803
280.258
280.708
281.146
281.573
281.998
282.43
282.865
283.305
283.748
284.196
284.649
285.112
285.576
286.03
286.459
286.874
287.292
287.729
288.18
288.651
289.117
289.577
290.034
290.398
261.282
261.61
262.063
262.503
262.926
263.349
263.773
264.199
264.623
265.047
265.47
265.894
266.317
266.74
267.163
267.585
268.007
268.43
268.852
269.273
269.692
270.112
270.53
270.949
271.368
271.787
272.207
272.627
273.048
273.471
273.895
274.322
274.746
275.165
275.576
275.987
276.399
276.814
277.228
277.644
278.062
278.482
278.903
279.328
279.755
280.187
280.62
281.049
281.462
281.864
282.264
282.672
283.082
283.498
283.917
284.342
284.772
285.212
285.655
286.085
286.487
286.871
287.262
287.671
288.096
288.543
288.987
289.422
289.846
290.184
260.855
261.169
261.608
262.038
262.451
262.865
263.279
263.694
264.108
264.522
264.936
265.349
265.762
266.175
266.587
267
267.412
267.825
268.236
268.647
269.056
269.465
269.874
270.283
270.692
271.102
271.511
271.922
272.334
272.748
273.162
273.58
273.994
274.404
274.806
275.208
275.611
276.017
276.422
276.83
277.239
277.651
278.064
278.481
278.9
279.324
279.75
280.171
280.577
280.971
281.364
281.765
282.17
282.579
282.992
283.411
283.835
284.269
284.706
285.132
285.53
285.91
286.298
286.704
287.126
287.569
288.01
288.444
288.867
289.211
265.434
265.718
266.113
266.504
266.88
267.255
267.631
268.007
268.381
268.755
269.127
269.499
269.87
270.24
270.609
270.978
271.346
271.714
272.08
272.445
272.808
273.171
273.532
273.894
274.255
274.616
274.977
275.339
275.701
276.065
276.43
276.798
277.163
277.521
277.87
278.218
278.567
278.919
279.271
279.624
279.979
280.337
280.696
281.058
281.424
281.794
282.167
282.534
282.883
283.216
283.549
283.89
284.236
284.587
284.942
285.304
285.672
286.052
286.437
286.807
287.142
287.455
287.78
288.126
288.491
288.881
289.274
289.652
290.007
290.295
264.692
264.891
265.25
265.628
265.986
266.339
266.694
267.048
267.402
267.755
268.107
268.46
268.811
269.162
269.512
269.862
270.211
270.561
270.91
271.257
271.603
271.949
272.294
272.639
272.984
273.329
273.675
274.022
274.37
274.72
275.071
275.426
275.778
276.123
276.459
276.796
277.135
277.476
277.818
278.162
278.508
278.856
279.208
279.563
279.921
280.285
280.652
281.014
281.359
281.689
282.021
282.362
282.708
283.058
283.414
283.777
284.146
284.527
284.911
285.285
285.627
285.95
286.284
286.639
287.012
287.408
287.805
288.195
288.567
288.878
277.107
277.206
277.467
277.763
278.039
278.305
278.569
278.831
279.089
279.344
279.596
279.845
280.091
280.334
280.574
280.812
281.047
281.281
281.511
281.737
281.96
282.181
282.399
282.615
282.829
283.043
283.256
283.469
283.681
283.895
284.11
284.327
284.54
284.742
284.93
285.116
285.305
285.495
285.685
285.877
286.071
286.268
286.467
286.671
286.879
287.094
287.314
287.525
287.707
287.867
288.03
288.204
288.385
288.572
288.768
288.973
289.189
289.42
289.66
289.881
290.047
290.187
290.347
290.537
290.755
291.008
291.275
291.509
291.708
291.872
276.217
275.318
275.369
275.729
275.998
276.213
276.428
276.647
276.863
277.074
277.282
277.487
277.688
277.887
278.083
278.275
278.466
278.656
278.842
279.025
279.204
279.382
279.558
279.732
279.905
280.078
280.251
280.424
280.597
280.772
280.949
281.129
281.307
281.471
281.62
281.772
281.927
282.084
282.243
282.404
282.569
282.737
282.909
283.087
283.269
283.459
283.655
283.844
284.006
284.147
284.297
284.459
284.628
284.805
284.992
285.188
285.396
285.618
285.849
286.065
286.24
286.396
286.574
286.778
287.007
287.267
287.535
287.781
288.023
288.196
320.419
317.095
316.03
315.951
315.693
315.283
314.876
314.488
314.1
313.708
313.313
312.917
312.519
312.119
311.717
311.314
310.909
310.506
310.098
309.688
309.275
308.86
308.444
308.028
307.612
307.196
306.782
306.369
305.959
305.551
305.147
304.748
304.343
303.906
303.438
302.972
302.507
302.043
301.579
301.117
300.657
300.202
299.751
299.306
298.867
298.438
298.018
297.577
297.054
296.473
295.901
295.339
294.784
294.238
293.705
293.187
292.686
292.207
291.754
291.242
290.56
289.802
289.093
288.441
287.849
287.325
286.882
286.242
285.491
284.87
324.706
317.276
311.864
307.98
305.062
302.819
301.077
299.704
298.598
297.689
296.928
296.282
295.727
295.245
294.824
294.453
294.126
293.837
293.579
293.351
293.147
292.965
292.802
292.658
292.528
292.413
292.311
292.22
292.139
292.067
292.003
291.947
291.898
291.855
291.817
291.784
291.756
291.732
291.711
291.694
291.679
291.667
291.658
291.65
291.644
291.64
291.637
291.636
291.635
291.635
291.636
291.637
291.639
291.642
291.644
291.647
291.649
291.652
291.654
291.656
291.658
291.66
291.661
291.661
291.661
291.661
291.66
291.659
291.657
291.656
291.654
291.652
291.651
291.649
291.644
319.948
315.879
312.142
309.111
306.506
304.269
302.413
300.893
299.643
298.606
297.739
297.007
296.381
295.841
295.371
294.959
294.596
294.273
293.987
293.732
293.505
293.302
293.12
292.958
292.812
292.682
292.566
292.462
292.369
292.286
292.212
292.147
292.088
292.036
291.991
291.95
291.914
291.883
291.856
291.832
291.812
291.794
291.779
291.767
291.756
291.747
291.74
291.734
291.729
291.725
291.722
291.72
291.719
291.718
291.717
291.717
291.716
291.716
291.715
291.715
291.714
291.713
291.712
291.71
291.708
291.705
291.702
291.698
291.694
291.689
291.684
291.679
291.674
291.667
291.652
314.247
312.005
309.655
307.849
306.22
304.604
303.08
301.707
300.486
299.41
298.474
297.666
296.97
296.371
295.853
295.403
295.009
294.662
294.354
294.081
293.837
293.619
293.424
293.248
293.09
292.948
292.82
292.705
292.603
292.51
292.428
292.354
292.288
292.228
292.176
292.128
292.086
292.049
292.016
291.987
291.961
291.938
291.918
291.901
291.885
291.872
291.86
291.85
291.841
291.834
291.827
291.822
291.817
291.812
291.808
291.805
291.801
291.798
291.795
291.792
291.788
291.784
291.78
291.776
291.771
291.765
291.759
291.752
291.745
291.736
291.726
291.716
291.705
291.691
291.663
310.93
309.565
307.866
306.454
305.155
303.874
302.679
301.604
300.63
299.735
298.914
298.168
297.494
296.89
296.35
295.87
295.444
295.067
294.733
294.436
294.173
293.939
293.731
293.544
293.377
293.226
293.09
292.967
292.856
292.755
292.665
292.583
292.51
292.444
292.384
292.331
292.283
292.24
292.201
292.167
292.136
292.108
292.083
292.061
292.041
292.023
292.007
291.993
291.98
291.969
291.959
291.949
291.941
291.933
291.926
291.919
291.913
291.906
291.9
291.894
291.888
291.881
291.874
291.867
291.859
291.85
291.841
291.83
291.818
291.805
291.79
291.773
291.754
291.731
291.686
307.739
306.724
305.501
304.618
303.796
302.89
301.965
301.088
300.268
299.504
298.8
298.162
297.587
297.067
296.597
296.171
295.783
295.429
295.105
294.809
294.538
294.293
294.071
293.872
293.693
293.531
293.385
293.253
293.133
293.025
292.927
292.839
292.76
292.688
292.623
292.564
292.511
292.462
292.418
292.378
292.342
292.309
292.279
292.252
292.227
292.205
292.184
292.166
292.149
292.133
292.119
292.106
292.094
292.083
292.072
292.062
292.052
292.043
292.033
292.024
292.015
292.005
291.995
291.985
291.974
291.962
291.949
291.935
291.919
291.901
291.88
291.857
291.831
291.8
291.738
304.802
304.071
303.164
302.628
302.139
301.538
300.893
300.27
299.671
299.087
298.524
297.992
297.496
297.038
296.619
296.24
295.898
295.588
295.307
295.048
294.811
294.591
294.39
294.204
294.034
293.876
293.73
293.594
293.468
293.351
293.243
293.145
293.056
292.975
292.903
292.837
292.778
292.723
292.674
292.629
292.587
292.549
292.514
292.482
292.453
292.425
292.4
292.377
292.355
292.335
292.316
292.299
292.282
292.267
292.252
292.238
292.225
292.212
292.199
292.187
292.175
292.162
292.149
292.136
292.122
292.107
292.091
292.074
292.055
292.033
292.008
291.981
291.949
291.912
291.837
302.155
301.637
300.959
300.681
300.449
300.085
299.658
299.233
298.814
298.393
297.976
297.574
297.192
296.832
296.496
296.184
295.897
295.633
295.387
295.16
294.948
294.753
294.573
294.41
294.261
294.125
293.999
293.882
293.771
293.665
293.565
293.47
293.382
293.299
293.223
293.152
293.087
293.027
292.971
292.92
292.872
292.827
292.786
292.748
292.712
292.68
292.65
292.622
292.596
292.571
292.548
292.527
292.506
292.487
292.468
292.45
292.433
292.417
292.401
292.385
292.37
292.354
292.339
292.323
292.307
292.29
292.272
292.252
292.231
292.208
292.182
292.152
292.119
292.081
292
299.752
299.415
298.926
298.86
298.841
298.677
298.434
298.182
297.922
297.648
297.363
297.078
296.799
296.531
296.276
296.037
295.815
295.608
295.415
295.233
295.06
294.897
294.744
294.602
294.471
294.351
294.239
294.134
294.034
293.939
293.848
293.762
293.68
293.603
293.533
293.467
293.406
293.35
293.296
293.246
293.197
293.15
293.106
293.063
293.022
292.984
292.948
292.914
292.881
292.851
292.822
292.795
292.769
292.745
292.721
292.699
292.678
292.658
292.638
292.62
292.601
292.584
292.566
292.548
292.531
292.512
292.494
292.474
292.453
292.431
292.406
292.379
292.349
292.317
292.241
297.615
297.417
297.069
297.165
297.312
297.305
297.213
297.104
296.981
296.835
296.669
296.493
296.313
296.134
295.959
295.792
295.634
295.485
295.343
295.207
295.076
294.95
294.831
294.719
294.615
294.519
294.428
294.342
294.259
294.178
294.098
294.019
293.943
293.871
293.803
293.74
293.682
293.628
293.577
293.529
293.483
293.44
293.397
293.357
293.318
293.28
293.245
293.211
293.178
293.147
293.117
293.088
293.059
293.032
293.005
292.98
292.955
292.931
292.908
292.885
292.864
292.843
292.824
292.804
292.786
292.767
292.749
292.73
292.712
292.693
292.673
292.653
292.631
292.611
292.553
295.815
295.727
295.497
295.722
296
296.12
296.15
296.159
296.152
296.115
296.052
295.972
295.881
295.783
295.682
295.581
295.483
295.388
295.295
295.203
295.112
295.022
294.934
294.851
294.772
294.697
294.627
294.558
294.491
294.423
294.356
294.288
294.22
294.155
294.093
294.034
293.979
293.927
293.878
293.831
293.786
293.742
293.698
293.656
293.616
293.577
293.539
293.504
293.47
293.438
293.407
293.377
293.348
293.321
293.294
293.268
293.243
293.219
293.196
293.173
293.151
293.131
293.111
293.091
293.073
293.056
293.039
293.023
293.008
292.993
292.98
292.968
292.957
292.951
292.923
294.201
294.19
294.035
294.355
294.733
294.952
295.079
295.186
295.276
295.335
295.365
295.373
295.365
295.345
295.316
295.282
295.245
295.207
295.165
295.12
295.071
295.02
294.968
294.915
294.864
294.815
294.767
294.718
294.668
294.616
294.562
294.505
294.448
294.391
294.336
294.284
294.234
294.186
294.141
294.098
294.055
294.013
293.971
293.93
293.891
293.852
293.815
293.779
293.744
293.711
293.679
293.649
293.619
293.591
293.563
293.536
293.511
293.486
293.463
293.44
293.419
293.4
293.381
293.364
293.348
293.334
293.321
293.31
293.301
293.294
293.289
293.287
293.288
293.295
293.303
293.054
293.096
293.01
293.396
293.84
294.127
294.324
294.503
294.666
294.799
294.901
294.979
295.038
295.081
295.111
295.132
295.145
295.153
295.154
295.148
295.134
295.115
295.091
295.064
295.036
295.006
294.975
294.942
294.905
294.864
294.819
294.771
294.721
294.67
294.62
294.571
294.523
294.478
294.434
294.391
294.348
294.305
294.263
294.221
294.18
294.14
294.101
294.064
294.028
293.994
293.961
293.929
293.899
293.869
293.841
293.813
293.787
293.762
293.738
293.715
293.694
293.674
293.656
293.64
293.626
293.613
293.603
293.595
293.59
293.587
293.587
293.591
293.6
293.612
293.645
291.924
291.973
291.888
292.306
292.799
293.139
293.396
293.642
293.877
294.085
294.262
294.415
294.545
294.657
294.751
294.833
294.903
294.963
295.012
295.051
295.078
295.096
295.106
295.111
295.11
295.105
295.095
295.081
295.062
295.037
295.006
294.97
294.931
294.889
294.847
294.805
294.763
294.722
294.681
294.641
294.6
294.559
294.518
294.477
294.437
294.397
294.358
294.321
294.284
294.25
294.216
294.183
294.152
294.122
294.093
294.065
294.038
294.013
293.989
293.967
293.946
293.928
293.911
293.896
293.884
293.874
293.866
293.861
293.859
293.86
293.865
293.873
293.886
293.9
293.941
291.536
291.56
291.489
291.904
292.395
292.746
293.024
293.301
293.574
293.826
294.051
294.252
294.431
294.588
294.727
294.85
294.958
295.052
295.132
295.198
295.251
295.292
295.322
295.343
295.356
295.364
295.365
295.359
295.347
295.328
295.302
295.27
295.234
295.194
295.153
295.111
295.069
295.027
294.985
294.943
294.9
294.857
294.813
294.77
294.726
294.684
294.642
294.602
294.563
294.526
294.49
294.455
294.421
294.388
294.357
294.327
294.299
294.272
294.247
294.224
294.203
294.184
294.167
294.153
294.141
294.132
294.125
294.122
294.121
294.124
294.131
294.141
294.156
294.171
294.212
290.716
290.637
290.453
290.846
291.363
291.759
292.094
292.438
292.786
293.115
293.419
293.696
293.948
294.175
294.379
294.561
294.725
294.87
294.997
295.106
295.198
295.274
295.336
295.386
295.426
295.457
295.479
295.492
295.496
295.491
295.478
295.458
295.432
295.402
295.368
295.333
295.296
295.259
295.22
295.181
295.14
295.099
295.056
295.013
294.97
294.927
294.886
294.845
294.806
294.767
294.73
294.695
294.66
294.626
294.594
294.563
294.534
294.507
294.482
294.458
294.437
294.418
294.402
294.388
294.377
294.369
294.364
294.362
294.363
294.367
294.375
294.386
294.403
294.418
294.46
291.284
290.999
290.721
290.993
291.41
291.753
292.076
292.436
292.817
293.188
293.536
293.859
294.153
294.418
294.655
294.865
295.051
295.214
295.355
295.474
295.573
295.655
295.72
295.771
295.81
295.839
295.858
295.867
295.867
295.859
295.841
295.816
295.786
295.751
295.712
295.672
295.63
295.588
295.544
295.499
295.453
295.406
295.358
295.31
295.262
295.215
295.168
295.123
295.08
295.037
294.996
294.957
294.919
294.882
294.847
294.813
294.781
294.752
294.724
294.699
294.677
294.657
294.64
294.625
294.614
294.606
294.601
294.599
294.6
294.605
294.614
294.626
294.642
294.657
294.698
290.209
289.6
289.137
289.481
290.013
290.455
290.884
291.361
291.858
292.342
292.797
293.22
293.608
293.959
294.273
294.554
294.804
295.024
295.216
295.382
295.523
295.641
295.74
295.821
295.886
295.938
295.977
296.003
296.019
296.023
296.018
296.004
295.983
295.956
295.925
295.89
295.853
295.814
295.773
295.73
295.685
295.639
295.591
295.543
295.495
295.447
295.4
295.354
295.309
295.265
295.222
295.181
295.141
295.103
295.066
295.031
294.998
294.967
294.939
294.913
294.89
294.87
294.852
294.838
294.826
294.818
294.814
294.812
294.815
294.82
294.83
294.842
294.859
294.875
294.915
291.695
290
289.177
289.388
289.917
290.463
291.046
291.676
292.311
292.91
293.456
293.944
294.373
294.745
295.066
295.341
295.575
295.773
295.94
296.079
296.192
296.283
296.355
296.409
296.449
296.476
296.491
296.496
296.491
296.477
296.455
296.425
296.39
296.35
296.306
296.26
296.212
296.162
296.111
296.059
296.005
295.951
295.895
295.84
295.785
295.73
295.676
295.624
295.573
295.524
295.476
295.43
295.385
295.342
295.302
295.263
295.226
295.193
295.161
295.133
295.108
295.086
295.067
295.051
295.039
295.03
295.025
295.023
295.026
295.032
295.042
295.055
295.073
295.089
295.127
288.201
287.283
286.883
286.963
287.451
288.212
289.064
289.924
290.772
291.586
292.338
293.012
293.608
294.128
294.577
294.962
295.291
295.57
295.806
296.004
296.169
296.305
296.414
296.501
296.567
296.616
296.649
296.669
296.677
296.673
296.66
296.639
296.61
296.576
296.537
296.494
296.448
296.399
296.348
296.295
296.24
296.184
296.127
296.07
296.013
295.956
295.9
295.845
295.791
295.738
295.687
295.638
295.59
295.544
295.5
295.459
295.42
295.384
295.351
295.321
295.295
295.271
295.251
295.234
295.221
295.212
295.207
295.206
295.209
295.216
295.228
295.243
295.263
295.282
295.32
276.271
279.013
283.154
285.097
286.741
288.554
290.169
291.487
292.588
293.518
294.287
294.915
295.425
295.838
296.169
296.432
296.642
296.809
296.941
297.046
297.127
297.188
297.23
297.256
297.267
297.266
297.254
297.234
297.205
297.171
297.13
297.085
297.035
296.982
296.926
296.867
296.805
296.742
296.678
296.613
296.547
296.481
296.415
296.35
296.285
296.22
296.157
296.096
296.035
295.976
295.919
295.864
295.81
295.759
295.71
295.664
295.621
295.581
295.545
295.512
295.482
295.457
295.434
295.416
295.401
295.39
295.384
295.382
295.385
295.394
295.408
295.427
295.453
295.478
295.533
271.095
271.973
272.862
276.122
279.917
283.038
285.576
287.8
289.735
291.342
292.645
293.699
294.548
295.226
295.76
296.18
296.51
296.77
296.976
297.139
297.268
297.367
297.439
297.486
297.513
297.522
297.516
297.499
297.472
297.438
297.398
297.353
297.302
297.248
297.189
297.126
297.06
296.992
296.923
296.852
296.78
296.709
296.638
296.567
296.497
296.427
296.359
296.292
296.226
296.162
296.099
296.038
295.979
295.923
295.87
295.819
295.773
295.73
295.69
295.654
295.623
295.595
295.57
295.55
295.533
295.521
295.513
295.51
295.514
295.523
295.54
295.564
295.601
295.633
295.744
278.595
278.61
279.56
283.953
287.761
289.953
291.465
292.821
293.987
294.9
295.605
296.163
296.604
296.943
297.198
297.387
297.528
297.634
297.716
297.78
297.829
297.864
297.882
297.886
297.874
297.85
297.817
297.775
297.729
297.68
297.628
297.574
297.516
297.456
297.391
297.324
297.253
297.18
297.106
297.031
296.956
296.882
296.808
296.736
296.664
296.593
296.523
296.455
296.387
296.32
296.255
296.191
296.129
296.07
296.014
295.962
295.913
295.868
295.828
295.791
295.758
295.729
295.704
295.683
295.666
295.653
295.645
295.642
295.646
295.656
295.675
295.702
295.743
295.783
295.915
294.873
292.609
290.998
291.378
291.999
292.269
292.557
293.057
293.67
294.288
294.881
295.437
295.94
296.378
296.747
297.055
297.309
297.521
297.698
297.845
297.965
298.058
298.124
298.164
298.18
298.176
298.154
298.12
298.078
298.029
297.977
297.92
297.859
297.794
297.723
297.649
297.57
297.489
297.406
297.323
297.239
297.157
297.075
296.995
296.916
296.838
296.761
296.685
296.61
296.536
296.464
296.394
296.326
296.262
296.2
296.142
296.088
296.038
295.992
295.951
295.914
295.881
295.852
295.827
295.806
295.789
295.777
295.77
295.769
295.774
295.786
295.806
295.835
295.865
295.935
298.617
296.987
296.109
296.005
296.237
296.519
296.843
297.24
297.674
298.096
298.478
298.808
299.077
299.284
299.433
299.534
299.596
299.63
299.644
299.643
299.627
299.596
299.551
299.489
299.411
299.321
299.222
299.117
299.01
298.902
298.796
298.69
298.585
298.479
298.371
298.262
298.151
298.04
297.93
297.82
297.713
297.609
297.507
297.408
297.311
297.217
297.125
297.035
296.947
296.862
296.779
296.698
296.619
296.543
296.47
296.401
296.337
296.277
296.222
296.172
296.127
296.086
296.049
296.017
295.988
295.964
295.945
295.93
295.92
295.917
295.918
295.925
295.936
295.951
295.949
295.502
295.658
295.574
296.155
296.875
297.415
297.835
298.234
298.627
298.992
299.314
299.588
299.813
299.989
300.12
300.213
300.276
300.314
300.333
300.335
300.322
300.292
300.245
300.18
300.098
300.001
299.893
299.777
299.658
299.537
299.415
299.293
299.17
299.046
298.92
298.792
298.663
298.534
298.405
298.278
298.154
298.032
297.913
297.798
297.685
297.575
297.468
297.363
297.261
297.161
297.063
296.968
296.875
296.786
296.701
296.621
296.546
296.476
296.411
296.352
296.298
296.249
296.205
296.165
296.129
296.098
296.071
296.049
296.032
296.021
296.016
296.016
296.02
296.028
296.028
299.252
299.337
299.318
299.646
300.023
300.277
300.472
300.68
300.9
301.108
301.288
301.437
301.551
301.63
301.676
301.692
301.683
301.654
301.607
301.545
301.469
301.38
301.276
301.157
301.025
300.882
300.731
300.575
300.416
300.257
300.099
299.942
299.786
299.63
299.475
299.319
299.165
299.011
298.86
298.712
298.567
298.426
298.289
298.156
298.027
297.901
297.779
297.66
297.544
297.43
297.318
297.21
297.105
297.005
296.909
296.818
296.733
296.653
296.579
296.511
296.448
296.39
296.338
296.29
296.246
296.207
296.173
296.145
296.122
296.106
296.096
296.092
296.097
296.105
296.137
299.712
299.781
299.664
300.148
300.708
301.081
301.348
301.595
301.825
302.019
302.171
302.285
302.362
302.406
302.418
302.403
302.365
302.305
302.228
302.136
302.031
301.914
301.785
301.645
301.494
301.334
301.168
300.998
300.826
300.653
300.48
300.308
300.137
299.967
299.798
299.63
299.464
299.299
299.137
298.978
298.822
298.671
298.523
298.38
298.241
298.105
297.974
297.845
297.72
297.598
297.479
297.363
297.251
297.143
297.04
296.942
296.849
296.763
296.682
296.606
296.536
296.472
296.413
296.358
296.308
296.264
296.224
296.191
296.163
296.143
296.13
296.125
296.13
296.138
296.187
303.126
302.992
302.834
303.14
303.487
303.67
303.765
303.846
303.916
303.957
303.968
303.954
303.916
303.857
303.778
303.679
303.561
303.427
303.279
303.12
302.952
302.776
302.593
302.405
302.211
302.012
301.81
301.605
301.4
301.196
300.992
300.791
300.592
300.397
300.204
300.014
299.828
299.645
299.465
299.29
299.119
298.952
298.79
298.634
298.481
298.333
298.19
298.05
297.913
297.78
297.65
297.524
297.403
297.286
297.173
297.067
296.965
296.87
296.78
296.697
296.618
296.546
296.478
296.416
296.359
296.307
296.261
296.22
296.187
296.161
296.143
296.133
296.135
296.141
296.187
304.482
304.401
304.199
304.525
304.896
305.078
305.149
305.192
305.211
305.197
305.149
305.076
304.982
304.868
304.735
304.583
304.412
304.225
304.025
303.814
303.597
303.377
303.154
302.93
302.704
302.477
302.248
302.019
301.789
301.561
301.335
301.112
300.893
300.679
300.469
300.264
300.064
299.867
299.675
299.488
299.305
299.128
298.956
298.789
298.628
298.471
298.318
298.17
298.025
297.884
297.747
297.614
297.486
297.362
297.244
297.13
297.023
296.921
296.825
296.734
296.649
296.569
296.494
296.425
296.361
296.302
296.249
296.202
296.162
296.13
296.106
296.09
296.087
296.089
296.128
307.605
307.373
307.099
307.261
307.45
307.469
307.388
307.282
307.159
307.009
306.837
306.65
306.45
306.238
306.013
305.775
305.521
305.255
304.98
304.699
304.418
304.14
303.866
303.595
303.327
303.062
302.797
302.534
302.272
302.013
301.758
301.509
301.265
301.028
300.797
300.572
300.353
300.139
299.931
299.728
299.531
299.339
299.154
298.974
298.8
298.632
298.468
298.309
298.154
298.003
297.857
297.715
297.578
297.446
297.32
297.199
297.083
296.973
296.869
296.77
296.676
296.587
296.504
296.426
296.353
296.285
296.223
296.167
296.118
296.076
296.043
296.018
296.006
296
296.027
309.691
309.44
309.094
309.2
309.325
309.265
309.095
308.895
308.675
308.432
308.17
307.896
307.615
307.326
307.026
306.714
306.389
306.055
305.716
305.376
305.041
304.714
304.396
304.086
303.782
303.483
303.187
302.894
302.604
302.319
302.04
301.768
301.505
301.249
301.002
300.762
300.529
300.302
300.081
299.866
299.658
299.456
299.261
299.072
298.889
298.712
298.54
298.373
298.21
298.053
297.9
297.751
297.608
297.47
297.337
297.21
297.087
296.97
296.858
296.751
296.649
296.552
296.46
296.372
296.29
296.212
296.14
296.074
296.014
295.961
295.916
295.879
295.854
295.839
295.84
312.799
312.397
311.943
311.876
311.814
311.58
311.247
310.89
310.522
310.141
309.751
309.359
308.966
308.571
308.172
307.766
307.355
306.94
306.527
306.121
305.727
305.347
304.982
304.628
304.285
303.948
303.617
303.291
302.971
302.658
302.353
302.058
301.774
301.499
301.234
300.977
300.728
300.486
300.252
300.024
299.803
299.589
299.382
299.181
298.987
298.799
298.617
298.439
298.267
298.1
297.937
297.781
297.629
297.483
297.342
297.206
297.076
296.95
296.83
296.714
296.604
296.497
296.396
296.299
296.206
296.118
296.034
295.956
295.882
295.815
295.754
295.7
295.654
295.621
295.574
315.366
314.889
314.32
314.124
313.926
313.553
313.083
312.591
312.094
311.589
311.083
310.58
310.083
309.589
309.097
308.604
308.112
307.624
307.146
306.682
306.237
305.811
305.404
305.012
304.633
304.263
303.901
303.547
303.201
302.865
302.54
302.226
301.924
301.633
301.352
301.08
300.816
300.561
300.313
300.073
299.842
299.617
299.401
299.192
298.989
298.793
298.602
298.418
298.239
298.066
297.898
297.735
297.578
297.426
297.279
297.137
296.999
296.867
296.739
296.616
296.497
296.383
296.273
296.167
296.065
295.967
295.873
295.783
295.697
295.616
295.539
295.466
295.398
295.34
295.247
318.597
317.949
317.214
316.798
316.373
315.792
315.13
314.458
313.792
313.13
312.478
311.84
311.217
310.609
310.012
309.427
308.852
308.292
307.75
307.23
306.734
306.261
305.81
305.377
304.958
304.551
304.155
303.77
303.397
303.037
302.691
302.358
302.039
301.732
301.437
301.151
300.875
300.608
300.35
300.099
299.857
299.623
299.397
299.178
298.965
298.759
298.559
298.366
298.179
297.997
297.822
297.653
297.489
297.331
297.179
297.032
296.891
296.754
296.622
296.495
296.373
296.254
296.14
296.029
295.922
295.818
295.718
295.62
295.525
295.433
295.342
295.253
295.165
295.081
294.952
321.514
320.72
319.796
319.168
318.528
317.741
316.883
316.028
315.193
314.378
313.585
312.819
312.08
311.364
310.669
309.995
309.342
308.714
308.113
307.541
307
306.487
305.998
305.531
305.081
304.648
304.229
303.824
303.434
303.06
302.7
302.354
302.021
301.701
301.392
301.093
300.805
300.527
300.258
299.999
299.75
299.51
299.278
299.055
298.84
298.632
298.432
298.239
298.052
297.872
297.699
297.531
297.369
297.212
297.061
296.915
296.773
296.636
296.504
296.375
296.251
296.13
296.013
295.899
295.788
295.68
295.574
295.471
295.369
295.268
295.167
295.066
294.964
294.861
294.715
324.98
323.919
322.712
321.754
320.802
319.738
318.629
317.539
316.485
315.47
314.5
313.579
312.706
311.878
311.091
310.343
309.632
308.957
308.317
307.712
307.138
306.592
306.071
305.571
305.091
304.629
304.186
303.762
303.356
302.968
302.597
302.242
301.903
301.578
301.266
300.967
300.679
300.403
300.137
299.882
299.635
299.398
299.169
298.948
298.735
298.528
298.329
298.137
297.951
297.771
297.597
297.428
297.266
297.108
296.956
296.808
296.666
296.527
296.393
296.264
296.138
296.015
295.897
295.781
295.668
295.558
295.45
295.344
295.239
295.135
295.03
294.925
294.817
294.705
294.56
328.202
326.91
325.351
323.974
322.595
321.145
319.716
318.378
317.136
315.978
314.894
313.878
312.923
312.021
311.168
310.362
309.601
308.884
308.209
307.574
306.975
306.41
305.875
305.367
304.885
304.427
303.991
303.575
303.18
302.802
302.44
302.094
301.761
301.442
301.135
300.839
300.555
300.281
300.017
299.762
299.517
299.28
299.051
298.831
298.618
298.412
298.213
298.022
297.836
297.657
297.484
297.317
297.155
296.998
296.847
296.7
296.558
296.42
296.286
296.157
296.031
295.909
295.791
295.675
295.563
295.453
295.345
295.239
295.135
295.031
294.928
294.824
294.719
294.607
294.476
331.69
329.527
327.265
325.412
323.696
321.978
320.318
318.77
317.338
316.016
314.799
313.682
312.654
311.707
310.833
310.025
309.275
308.577
307.925
307.313
306.736
306.191
305.673
305.18
304.711
304.264
303.836
303.428
303.037
302.662
302.302
301.957
301.626
301.308
301.002
300.708
300.425
300.152
299.89
299.637
299.393
299.158
298.931
298.712
298.501
298.297
298.1
297.91
297.726
297.548
297.376
297.21
297.049
296.893
296.743
296.597
296.455
296.318
296.186
296.057
295.932
295.811
295.693
295.579
295.468
295.359
295.254
295.15
295.049
294.95
294.852
294.755
294.657
294.554
294.446
335.783
332.497
329.307
326.597
324.136
321.889
319.906
318.181
316.674
315.347
314.166
313.105
312.141
311.258
310.441
309.682
308.972
308.305
307.676
307.08
306.516
305.98
305.47
304.985
304.522
304.08
303.658
303.254
302.868
302.497
302.142
301.802
301.474
301.16
300.858
300.567
300.287
300.018
299.758
299.508
299.267
299.034
298.81
298.593
298.384
298.182
297.987
297.799
297.616
297.44
297.27
297.105
296.946
296.792
296.643
296.498
296.359
296.223
296.092
295.965
295.841
295.722
295.606
295.493
295.384
295.278
295.174
295.074
294.977
294.882
294.79
294.701
294.613
294.523
294.441
340.219
334.037
329.36
325.84
323.044
320.758
318.863
317.263
315.883
314.67
313.583
312.597
311.691
310.853
310.071
309.34
308.652
308.003
307.39
306.809
306.258
305.734
305.235
304.76
304.307
303.873
303.459
303.062
302.682
302.318
301.968
301.633
301.31
301
300.702
300.416
300.14
299.874
299.617
299.371
299.133
298.903
298.681
298.468
298.261
298.062
297.869
297.683
297.504
297.33
297.162
296.999
296.842
296.69
296.543
296.4
296.262
296.129
295.999
295.874
295.753
295.635
295.521
295.41
295.303
295.199
295.098
295.001
294.907
294.816
294.73
294.648
294.57
294.494
294.437
166.457
168.789
172.878
176.193
179.068
181.942
184.818
187.628
190.365
193.041
195.662
198.228
200.74
203.198
205.605
207.961
210.27
212.545
214.779
216.963
219.097
221.179
223.205
225.175
227.085
228.937
230.727
232.458
234.126
235.734
237.279
238.766
240.206
241.612
243.007
244.372
245.689
246.949
248.15
249.298
250.39
251.428
252.412
253.345
254.225
255.057
255.848
256.615
257.351
258.078
258.794
259.47
260.091
260.664
261.192
261.678
262.122
262.53
262.927
263.298
263.619
263.937
264.252
264.527
264.755
264.953
265.197
265.323
265.321
265.421
281.975
283.435
283.468
283.042
282.751
282.53
282.285
282.016
281.739
281.457
281.17
280.878
280.583
280.285
279.987
279.689
279.391
279.087
278.777
278.463
278.147
277.829
277.512
277.197
276.885
276.578
276.278
275.986
275.703
275.432
275.174
274.933
274.716
274.432
274.084
273.754
273.446
273.15
272.868
272.602
272.354
272.126
271.92
271.737
271.579
271.448
271.356
271.288
271.054
270.711
270.441
270.228
270.045
269.893
269.777
269.701
269.665
269.678
269.78
269.819
269.556
269.232
269.079
269.038
269.066
269.2
269.59
269.49
269.16
269.034
227.326
228.714
229.686
230.472
231.291
232.137
232.985
233.831
234.681
235.534
236.394
237.26
238.133
239.016
239.909
240.813
241.729
242.658
243.597
244.546
245.502
246.464
247.434
248.407
249.385
250.366
251.349
252.334
253.32
254.305
255.291
256.276
257.248
258.245
259.264
260.263
261.263
262.265
263.266
264.263
265.259
266.25
267.237
268.219
269.198
270.171
271.137
272.083
273.07
274.071
275.034
275.992
276.949
277.899
278.841
279.776
280.705
281.632
282.541
283.439
284.374
285.293
286.168
287.044
287.927
288.82
289.668
290.563
291.564
292.287
280.504
280.856
281.073
281.242
281.426
281.622
281.82
282.018
282.218
282.42
282.623
282.827
283.032
283.238
283.444
283.65
283.856
284.059
284.26
284.46
284.66
284.861
285.064
285.269
285.478
285.69
285.907
286.129
286.358
286.593
286.836
287.089
287.343
287.59
287.82
288.042
288.272
288.51
288.756
289.009
289.272
289.545
289.828
290.123
290.43
290.751
291.084
291.411
291.729
292.011
292.28
292.568
292.876
293.2
293.542
293.902
294.284
294.688
295.099
295.501
295.889
296.219
296.546
296.92
297.345
297.817
298.252
298.778
299.294
299.694
250.673
251.237
251.861
252.436
252.999
253.568
254.143
254.72
255.299
255.88
256.465
257.053
257.644
258.239
258.838
259.44
260.046
260.655
261.266
261.879
262.493
263.109
263.726
264.344
264.963
265.583
266.204
266.825
267.447
268.07
268.695
269.321
269.943
270.57
271.195
271.812
272.432
273.054
273.677
274.301
274.926
275.552
276.18
276.809
277.44
278.074
278.709
279.336
279.975
280.604
281.22
281.842
282.47
283.1
283.733
284.369
285.011
285.658
286.3
286.938
287.597
288.231
288.85
289.484
290.135
290.8
291.419
292.139
292.877
293.472
276.039
276.344
276.676
276.985
277.289
277.598
277.911
278.224
278.539
278.854
279.17
279.488
279.807
280.126
280.446
280.766
281.085
281.403
281.719
282.033
282.347
282.66
282.974
283.287
283.602
283.917
284.234
284.553
284.876
285.2
285.528
285.861
286.195
286.519
286.828
287.131
287.439
287.75
288.064
288.381
288.702
289.026
289.356
289.691
290.033
290.381
290.738
291.09
291.419
291.717
292.011
292.316
292.632
292.955
293.288
293.632
293.988
294.36
294.742
295.107
295.428
295.704
295.993
296.316
296.673
297.069
297.466
297.848
298.201
298.477
263.646
264.064
264.581
265.064
265.532
266.005
266.484
266.964
267.447
267.931
268.417
268.906
269.396
269.89
270.385
270.883
271.381
271.881
272.38
272.879
273.379
273.877
274.376
274.874
275.372
275.871
276.37
276.869
277.37
277.871
278.374
278.878
279.38
279.881
280.378
280.868
281.362
281.856
282.352
282.849
283.348
283.847
284.349
284.852
285.358
285.867
286.379
286.884
287.388
287.878
288.361
288.85
289.344
289.841
290.342
290.846
291.356
291.873
292.391
292.899
293.402
293.879
294.354
294.845
295.356
295.883
296.394
296.934
297.478
297.911
277.448
277.765
278.166
278.547
278.916
279.287
279.659
280.03
280.399
280.767
281.134
281.5
281.865
282.229
282.592
282.954
283.314
283.673
284.029
284.383
284.736
285.087
285.439
285.789
286.14
286.49
286.842
287.194
287.548
287.902
288.26
288.62
288.98
289.333
289.677
290.015
290.357
290.701
291.047
291.394
291.745
292.097
292.454
292.814
293.178
293.547
293.922
294.291
294.649
294.983
295.314
295.652
295.999
296.35
296.71
297.075
297.45
297.834
298.226
298.604
298.957
299.277
299.604
299.955
300.332
300.734
301.133
301.531
301.917
302.213
273.254
273.625
274.117
274.585
275.034
275.487
275.941
276.395
276.847
277.3
277.751
278.203
278.653
279.104
279.553
280.001
280.447
280.891
281.332
281.77
282.207
282.64
283.073
283.503
283.933
284.361
284.791
285.219
285.649
286.077
286.509
286.94
287.37
287.797
288.22
288.635
289.055
289.474
289.896
290.317
290.741
291.165
291.592
292.019
292.45
292.883
293.32
293.75
294.178
294.591
295
295.412
295.832
296.252
296.678
297.106
297.542
297.982
298.424
298.857
299.283
299.685
300.087
300.505
300.94
301.39
301.828
302.287
302.748
303.108
281.621
281.941
282.385
282.81
283.215
283.619
284.02
284.418
284.811
285.201
285.588
285.972
286.352
286.73
287.105
287.477
287.847
288.214
288.579
288.941
289.303
289.662
290.021
290.378
290.736
291.091
291.449
291.804
292.162
292.519
292.879
293.24
293.6
293.955
294.304
294.647
294.993
295.339
295.689
296.038
296.39
296.743
297.099
297.457
297.819
298.183
298.552
298.915
299.272
299.611
299.946
300.286
300.634
300.984
301.34
301.7
302.067
302.441
302.82
303.188
303.54
303.866
304.196
304.544
304.911
305.296
305.676
306.062
306.444
306.732
281.311
281.647
282.129
282.59
283.027
283.463
283.897
284.329
284.756
285.182
285.604
286.025
286.443
286.857
287.269
287.679
288.085
288.489
288.89
289.287
289.682
290.075
290.468
290.858
291.249
291.638
292.028
292.417
292.807
293.196
293.588
293.98
294.371
294.758
295.143
295.52
295.901
296.282
296.665
297.047
297.432
297.817
298.205
298.592
298.984
299.376
299.773
300.162
300.55
300.925
301.295
301.669
302.049
302.429
302.815
303.202
303.596
303.994
304.394
304.785
305.169
305.533
305.897
306.274
306.668
307.073
307.466
307.88
308.297
308.616
287.114
287.403
287.839
288.256
288.648
289.036
289.422
289.806
290.186
290.564
290.94
291.312
291.682
292.05
292.416
292.78
293.143
293.504
293.864
294.221
294.579
294.935
295.293
295.648
296.005
296.361
296.719
297.076
297.434
297.793
298.154
298.515
298.876
299.233
299.586
299.934
300.285
300.635
300.988
301.341
301.696
302.051
302.41
302.769
303.131
303.495
303.863
304.225
304.584
304.929
305.27
305.615
305.965
306.317
306.674
307.033
307.399
307.769
308.143
308.506
308.86
309.194
309.529
309.876
310.241
310.619
310.987
311.369
311.751
312.033
288.811
289.075
289.491
289.884
290.253
290.619
290.988
291.355
291.723
292.09
292.458
292.826
293.195
293.564
293.935
294.305
294.678
295.051
295.425
295.797
296.172
296.545
296.92
297.294
297.669
298.044
298.421
298.797
299.175
299.552
299.932
300.313
300.692
301.069
301.444
301.813
302.184
302.556
302.929
303.302
303.677
304.052
304.43
304.808
305.188
305.57
305.955
306.333
306.71
307.077
307.439
307.804
308.173
308.543
308.918
309.295
309.676
310.061
310.448
310.826
311.199
311.557
311.912
312.279
312.659
313.05
313.431
313.83
314.232
314.528
293.686
293.922
294.301
294.662
295.002
295.343
295.689
296.037
296.386
296.736
297.088
297.44
297.794
298.149
298.505
298.861
299.218
299.574
299.931
300.285
300.641
300.995
301.35
301.704
302.059
302.414
302.769
303.124
303.481
303.838
304.196
304.555
304.913
305.269
305.623
305.971
306.322
306.672
307.025
307.377
307.731
308.085
308.442
308.799
309.159
309.52
309.884
310.241
310.598
310.946
311.289
311.633
311.983
312.334
312.688
313.045
313.406
313.77
314.136
314.493
314.846
315.185
315.521
315.867
316.227
316.596
316.954
317.333
317.717
317.991
296.619
296.876
297.283
297.673
298.04
298.408
298.778
299.147
299.514
299.88
300.244
300.607
300.968
301.328
301.688
302.045
302.403
302.758
303.113
303.466
303.819
304.17
304.523
304.873
305.225
305.576
305.928
306.279
306.632
306.984
307.338
307.692
308.045
308.396
308.747
309.092
309.44
309.787
310.135
310.483
310.834
311.184
311.536
311.888
312.242
312.597
312.954
313.305
313.658
314.003
314.344
314.685
315.03
315.376
315.726
316.077
316.432
316.789
317.146
317.496
317.846
318.185
318.519
318.861
319.215
319.575
319.924
320.296
320.677
320.947
301.558
301.802
302.198
302.576
302.931
303.284
303.637
303.988
304.338
304.685
305.032
305.377
305.721
306.064
306.407
306.749
307.09
307.43
307.77
308.107
308.446
308.783
309.12
309.456
309.793
310.129
310.466
310.802
311.139
311.475
311.814
312.151
312.487
312.822
313.158
313.488
313.82
314.15
314.483
314.814
315.148
315.48
315.815
316.149
316.485
316.821
317.159
317.491
317.824
318.154
318.477
318.801
319.128
319.456
319.787
320.118
320.454
320.791
321.126
321.455
321.786
322.108
322.425
322.747
323.079
323.417
323.741
324.091
324.451
324.692
304.643
304.875
305.26
305.626
305.971
306.314
306.658
307.002
307.345
307.688
308.031
308.372
308.715
309.056
309.398
309.738
310.08
310.42
310.761
311.101
311.441
311.781
312.121
312.46
312.801
313.14
313.481
313.821
314.162
314.503
314.846
315.188
315.528
315.868
316.211
316.548
316.886
317.223
317.562
317.9
318.24
318.579
318.919
319.259
319.602
319.944
320.286
320.623
320.963
321.302
321.634
321.965
322.3
322.634
322.971
323.308
323.648
323.989
324.328
324.661
324.999
325.332
325.656
325.985
326.321
326.661
326.987
327.341
327.709
327.953
309.76
309.993
310.368
310.725
311.063
311.399
311.736
312.071
312.407
312.741
313.074
313.406
313.739
314.07
314.401
314.731
315.062
315.391
315.721
316.049
316.378
316.705
317.034
317.361
317.688
318.015
318.343
318.669
318.997
319.323
319.651
319.977
320.303
320.627
320.954
321.276
321.599
321.92
322.243
322.564
322.887
323.208
323.53
323.852
324.174
324.496
324.818
325.135
325.453
325.77
326.083
326.394
326.707
327.019
327.332
327.645
327.96
328.275
328.588
328.895
329.203
329.507
329.807
330.109
330.417
330.729
331.032
331.35
331.694
331.907
311.99
312.074
312.384
312.697
312.985
313.269
313.555
313.841
314.128
314.414
314.702
314.991
315.281
315.571
315.864
316.157
316.452
316.749
317.048
317.348
317.651
317.956
318.263
318.572
318.885
319.199
319.516
319.836
320.159
320.485
320.815
321.146
321.478
321.814
322.156
322.497
322.842
323.189
323.542
323.898
324.258
324.622
324.99
325.362
325.739
326.12
326.504
326.882
327.272
327.669
328.061
328.454
328.855
329.26
329.671
330.087
330.511
330.94
331.367
331.789
332.237
332.692
333.137
333.592
334.063
334.542
334.998
335.535
336.122
336.441
316.242
316.195
316.294
316.423
316.559
316.707
316.871
317.049
317.241
317.446
317.664
317.894
318.137
318.391
318.657
318.93
319.211
319.505
319.815
320.133
320.461
320.797
321.144
321.498
321.861
322.232
322.612
322.999
323.395
323.799
324.216
324.625
324.963
325.392
325.911
326.36
326.801
327.25
327.708
328.17
328.639
329.111
329.589
330.071
330.564
331.064
331.515
331.842
332.385
333.071
333.595
334.095
334.609
335.132
335.661
336.197
336.751
337.298
337.68
337.99
338.735
339.594
340.178
340.744
341.357
341.887
341.974
342.979
344.144
344.048
108.069
104.699
103.108
100.216
96.7579
93.3899
90.3847
88.0005
86.7559
87.7836
87.3663
81.5564
80.7029
81.1933
81.2096
81.0698
81.0463
81.121
81.2587
81.459
81.7301
82.0723
82.4884
82.9774
83.5426
84.1835
84.9035
85.691
86.504
87.4988
89.143
88.0507
87.637
88.5789
89.6059
90.4841
91.3704
92.3064
93.2779
94.2732
95.2975
96.3481
97.4284
98.534
99.6686
100.828
102.015
103.227
104.466
105.728
107.018
108.324
109.643
110.967
112.303
113.646
115.002
116.366
117.743
119.097
120.355
122.177
123.097
124.077
125.402
126.756
128.072
129.38
130.7
132.02
133.342
134.661
135.98
137.296
138.61
139.919
141.225
142.524
143.819
145.106
146.388
147.66
148.926
150.181
151.43
152.668
153.899
155.118
156.33
157.53
158.722
159.902
161.074
162.234
163.386
164.527
165.645
166.736
168.058
170.844
304.613
305.419
305.924
306.525
307.17
307.772
308.281
308.654
308.92
309.151
309.06
308.962
309.104
309.241
309.303
309.309
309.27
309.185
309.055
308.88
308.66
308.398
308.093
307.747
307.361
306.937
306.475
305.974
305.442
304.971
304.438
303.901
303.527
303.213
302.868
302.49
302.093
301.678
301.247
300.798
300.334
299.856
299.363
298.859
298.342
297.815
297.278
296.733
296.179
295.619
295.052
294.486
293.929
293.384
292.851
292.329
291.82
291.322
290.837
290.366
289.956
289.505
289.003
288.61
288.291
287.977
287.666
287.364
287.077
286.8
286.537
286.284
286.044
285.817
285.602
285.399
285.209
285.032
284.868
284.717
284.579
284.453
284.337
284.224
284.115
284.009
283.905
283.8
283.694
283.587
283.476
283.361
283.241
283.114
282.98
282.838
282.689
282.539
282.378
281.74
200.51
199.951
199.485
198.976
198.466
197.996
197.582
197.241
196.986
196.81
196.663
196.519
196.368
196.25
196.168
196.117
196.095
196.103
196.139
196.203
196.295
196.413
196.558
196.727
196.921
197.139
197.379
197.641
197.925
198.231
198.523
198.804
199.083
199.376
199.688
200.017
200.361
200.719
201.091
201.476
201.874
202.284
202.705
203.137
203.579
204.03
204.491
204.959
205.435
205.918
206.408
206.904
207.404
207.909
208.417
208.928
209.441
209.955
210.469
210.982
211.499
211.999
212.493
212.992
213.49
213.985
214.476
214.962
215.442
215.916
216.383
216.841
217.291
217.732
218.162
218.582
218.99
219.386
219.769
220.139
220.495
220.836
221.167
221.49
221.808
222.126
222.444
222.763
223.082
223.403
223.726
224.051
224.38
224.712
225.048
225.388
225.734
226.089
226.434
226.372
255.935
256.363
256.757
257.174
257.599
258.014
258.412
258.786
259.127
259.44
259.75
260.077
260.41
260.733
261.042
261.343
261.635
261.918
262.192
262.457
262.714
262.962
263.201
263.432
263.655
263.87
264.076
264.276
264.467
264.652
264.846
265.057
265.278
265.497
265.708
265.915
266.118
266.318
266.515
266.709
266.899
267.088
267.273
267.457
267.638
267.818
267.997
268.174
268.349
268.524
268.699
268.872
269.046
269.22
269.394
269.568
269.744
269.92
270.097
270.275
270.456
270.643
270.836
271.036
271.24
271.445
271.653
271.862
272.075
272.29
272.51
272.732
272.959
273.189
273.424
273.662
273.906
274.155
274.409
274.668
274.933
275.203
275.481
275.765
276.055
276.345
276.637
276.928
277.217
277.503
277.787
278.068
278.347
278.623
278.896
279.166
279.433
279.697
279.957
280.173
222.192
222.079
222
221.909
221.824
221.757
221.712
221.694
221.706
221.746
221.795
221.849
221.91
221.988
222.08
222.187
222.308
222.443
222.592
222.754
222.93
223.118
223.319
223.533
223.759
223.996
224.245
224.505
224.775
225.057
225.338
225.62
225.905
226.198
226.499
226.809
227.126
227.451
227.782
228.121
228.465
228.816
229.173
229.535
229.901
230.273
230.649
231.029
231.413
231.801
232.191
232.584
232.98
233.379
233.779
234.18
234.583
234.987
235.392
235.797
236.204
236.605
237.006
237.408
237.808
238.207
238.605
239.001
239.396
239.788
240.178
240.565
240.949
241.33
241.708
242.082
242.452
242.818
243.18
243.537
243.89
244.237
244.58
244.916
245.248
245.572
245.893
246.213
246.536
246.86
247.187
247.515
247.847
248.181
248.519
248.86
249.206
249.555
249.908
250.17
236.447
236.824
237.193
237.572
237.959
238.352
238.748
239.145
239.542
239.938
240.338
240.74
241.147
241.557
241.969
242.384
242.801
243.222
243.644
244.07
244.496
244.926
245.356
245.788
246.221
246.656
247.091
247.528
247.964
248.401
248.841
249.285
249.732
250.18
250.628
251.077
251.525
251.975
252.424
252.874
253.323
253.773
254.221
254.67
255.118
255.565
256.011
256.457
256.901
257.344
257.785
258.225
258.663
259.1
259.534
259.967
260.398
260.826
261.252
261.676
262.097
262.517
262.934
263.35
263.764
264.175
264.582
264.987
265.389
265.787
266.183
266.576
266.966
267.352
267.736
268.116
268.493
268.867
269.238
269.605
269.97
270.331
270.689
271.044
271.396
271.745
272.09
272.426
272.755
273.074
273.385
273.686
273.978
274.26
274.532
274.794
275.046
275.286
275.516
275.704
224.196
224.361
224.544
224.724
224.911
225.113
225.33
225.563
225.813
226.081
226.356
226.633
226.918
227.215
227.524
227.844
228.173
228.514
228.864
229.225
229.595
229.974
230.363
230.76
231.166
231.58
232.002
232.432
232.868
233.312
233.758
234.203
234.652
235.106
235.565
236.029
236.498
236.97
237.446
237.926
238.409
238.895
239.383
239.873
240.364
240.858
241.352
241.847
242.342
242.838
243.333
243.829
244.323
244.816
245.308
245.799
246.287
246.774
247.258
247.74
248.22
248.694
249.164
249.632
250.095
250.555
251.011
251.463
251.91
252.353
252.791
253.224
253.652
254.074
254.492
254.903
255.309
255.71
256.104
256.492
256.874
257.25
257.619
257.982
258.338
258.687
259.032
259.374
259.713
260.05
260.383
260.714
261.043
261.369
261.693
262.016
262.337
262.655
262.976
263.239
225.302
225.711
226.125
226.545
226.977
227.421
227.877
228.345
228.824
229.313
229.81
230.307
230.814
231.331
231.858
232.393
232.937
233.49
234.051
234.621
235.197
235.782
236.373
236.971
237.574
238.185
238.8
239.42
240.045
240.674
241.305
241.938
242.573
243.213
243.854
244.499
245.144
245.793
246.442
247.092
247.742
248.393
249.044
249.694
250.343
250.991
251.637
252.281
252.922
253.562
254.197
254.83
255.459
256.084
256.704
257.321
257.932
258.538
259.139
259.735
260.324
260.908
261.484
262.055
262.62
263.178
263.729
264.273
264.81
265.34
265.863
266.378
266.885
267.384
267.876
268.359
268.834
269.301
269.76
270.21
270.652
271.085
271.51
271.926
272.333
272.731
273.118
273.494
273.858
274.212
274.554
274.885
275.204
275.512
275.807
276.092
276.364
276.624
276.876
277.075
218.799
219.164
219.543
219.925
220.319
220.729
221.155
221.599
222.06
222.537
223.024
223.514
224.014
224.53
225.058
225.599
226.151
226.717
227.293
227.881
228.48
229.091
229.71
230.341
230.98
231.629
232.285
232.95
233.621
234.3
234.982
235.664
236.348
237.038
237.732
238.43
239.131
239.834
240.539
241.246
241.953
242.661
243.368
244.075
244.78
245.483
246.184
246.882
247.577
248.269
248.956
249.639
250.316
250.989
251.656
252.318
252.972
253.62
254.261
254.895
255.522
256.139
256.747
257.348
257.94
258.524
259.099
259.666
260.223
260.771
261.31
261.839
262.359
262.869
263.37
263.86
264.341
264.812
265.272
265.722
266.162
266.592
267.012
267.422
267.823
268.216
268.6
268.977
269.345
269.706
270.059
270.404
270.741
271.071
271.393
271.709
272.017
272.318
272.617
272.862
215.391
215.881
216.382
216.893
217.421
217.967
218.53
219.113
219.715
220.335
220.967
221.604
222.256
222.924
223.607
224.306
225.018
225.746
226.486
227.241
228.008
228.788
229.58
230.383
231.197
232.021
232.855
233.698
234.548
235.406
236.268
237.132
237.999
238.872
239.749
240.63
241.512
242.398
243.284
244.171
245.057
245.944
246.828
247.711
248.59
249.465
250.336
251.203
252.063
252.917
253.765
254.606
255.439
256.264
257.081
257.89
258.689
259.479
260.259
261.028
261.787
262.534
263.269
263.993
264.706
265.408
266.097
266.775
267.44
268.093
268.733
269.361
269.975
270.577
271.166
271.742
272.304
272.853
273.388
273.91
274.417
274.911
275.39
275.854
276.303
276.738
277.157
277.562
277.952
278.327
278.687
279.033
279.363
279.68
279.982
280.27
280.544
280.803
281.053
281.242
209.63
210.135
210.657
211.191
211.743
212.318
212.915
213.535
214.18
214.847
215.53
216.222
216.931
217.661
218.41
219.179
219.965
220.77
221.591
222.431
223.286
224.157
225.044
225.945
226.859
227.787
228.726
229.677
230.638
231.608
232.584
233.562
234.543
235.532
236.525
237.523
238.522
239.523
240.524
241.525
242.523
243.52
244.513
245.503
246.487
247.466
248.439
249.405
250.361
251.31
252.248
253.176
254.093
254.998
255.892
256.773
257.642
258.499
259.342
260.172
260.988
261.789
262.574
263.345
264.101
264.841
265.567
266.278
266.973
267.653
268.317
268.966
269.599
270.217
270.818
271.404
271.974
272.528
273.067
273.59
274.098
274.592
275.071
275.535
275.985
276.42
276.84
277.246
277.636
278.013
278.375
278.723
279.056
279.375
279.679
279.97
280.247
280.509
280.763
280.953
204.21
204.762
205.334
205.923
206.536
207.177
207.846
208.544
209.273
210.031
210.812
211.607
212.427
213.275
214.148
215.047
215.969
216.917
217.889
218.884
219.901
220.94
221.999
223.078
224.175
225.29
226.42
227.565
228.722
229.891
231.067
232.246
233.43
234.622
235.819
237.021
238.224
239.43
240.635
241.839
243.04
244.235
245.424
246.607
247.78
248.945
250.1
251.245
252.379
253.503
254.613
255.711
256.794
257.861
258.913
259.948
260.965
261.966
262.95
263.917
264.867
265.798
266.711
267.606
268.482
269.34
270.179
270.999
271.8
272.582
273.346
274.091
274.816
275.523
276.209
276.876
277.524
278.152
278.759
279.346
279.914
280.461
280.988
281.494
281.98
282.445
282.89
283.314
283.718
284.101
284.463
284.805
285.127
285.429
285.711
285.974
286.217
286.439
286.648
286.788
197.688
198.284
198.897
199.525
200.177
200.856
201.563
202.302
203.073
203.877
204.707
205.557
206.436
207.348
208.291
209.267
210.273
211.312
212.382
213.485
214.618
215.783
216.976
218.2
219.452
220.73
222.033
223.36
224.706
226.07
227.446
228.828
230.215
231.61
233.009
234.409
235.809
237.207
238.602
239.993
241.377
242.755
244.122
245.478
246.818
248.143
249.45
250.739
252.009
253.263
254.498
255.716
256.916
258.097
259.258
260.397
261.514
262.609
263.68
264.729
265.755
266.758
267.739
268.698
269.635
270.55
271.443
272.313
273.16
273.985
274.787
275.568
276.326
277.063
277.779
278.473
279.146
279.797
280.427
281.036
281.623
282.189
282.733
283.257
283.759
284.239
284.698
285.134
285.549
285.94
286.31
286.656
286.98
287.28
287.558
287.811
288.042
288.247
288.434
288.547
189.861
190.523
191.207
191.908
192.637
193.401
194.199
195.034
195.907
196.821
197.767
198.74
199.748
200.796
201.883
203.008
204.171
205.372
206.61
207.887
209.198
210.546
211.927
213.343
214.79
216.27
217.78
219.32
220.886
222.48
224.095
225.726
227.371
229.032
230.699
232.37
234.037
235.697
237.348
238.987
240.615
242.232
243.836
245.427
247.001
248.557
250.09
251.598
253.077
254.528
255.95
257.345
258.713
260.057
261.376
262.671
263.939
265.181
266.394
267.579
268.735
269.861
270.959
272.031
273.077
274.097
275.093
276.063
277.007
277.925
278.816
279.682
280.522
281.337
282.126
282.891
283.63
284.344
285.034
285.697
286.336
286.949
287.537
288.1
288.637
289.148
289.635
290.095
290.529
290.936
291.317
291.67
291.995
292.292
292.562
292.802
293.013
293.193
293.351
293.434
182.806
183.121
183.508
183.946
184.437
184.983
185.59
186.256
186.986
187.779
188.633
189.543
190.517
191.561
192.674
193.859
195.117
196.45
197.856
199.338
200.893
202.52
204.216
205.977
207.798
209.675
211.596
213.559
215.55
217.564
219.589
221.617
223.644
225.673
227.698
229.717
231.719
233.7
235.65
237.565
239.441
241.281
243.084
244.857
246.603
248.324
250.021
251.691
253.331
254.937
256.506
258.036
259.527
260.982
262.404
263.794
265.154
266.486
267.787
269.058
270.297
271.501
272.672
273.811
274.919
275.997
277.047
278.069
279.063
280.031
280.971
281.883
282.768
283.626
284.457
285.261
286.04
286.793
287.52
288.221
288.897
289.547
290.17
290.767
291.338
291.882
292.399
292.889
293.351
293.785
294.19
294.565
294.91
295.223
295.504
295.752
295.967
296.146
296.295
296.365
178.316
178.695
179.079
179.51
179.975
180.464
180.979
181.526
182.109
182.73
183.386
184.073
184.803
185.583
186.417
187.31
188.268
189.297
190.404
191.597
192.882
194.27
195.768
197.386
199.13
201.009
203.023
205.176
207.46
209.866
212.373
214.955
217.58
220.22
222.848
225.455
228.033
230.583
233.09
235.545
237.93
240.237
242.458
244.596
246.654
248.644
250.575
252.458
254.296
256.094
257.847
259.555
261.212
262.819
264.376
265.888
267.358
268.791
270.188
271.554
272.888
274.188
275.453
276.683
277.878
279.04
280.168
281.265
282.332
283.369
284.378
285.358
286.309
287.231
288.123
288.987
289.823
290.632
291.413
292.167
292.895
293.596
294.27
294.917
295.537
296.129
296.695
297.232
297.743
298.225
298.678
299.102
299.495
299.857
300.187
300.484
300.747
300.973
301.168
301.279
156.514
157.929
159.185
160.346
161.485
162.63
163.786
164.965
166.183
167.445
168.752
170.101
171.508
172.981
174.527
176.147
177.847
179.627
181.491
183.437
185.467
187.578
189.767
192.033
194.368
196.771
199.233
201.751
204.315
206.924
209.561
212.235
214.965
217.746
220.536
223.293
225.995
228.659
231.299
233.926
236.528
239.091
241.59
244.01
246.334
248.56
250.692
252.745
254.73
256.659
258.538
260.372
262.158
263.892
265.569
267.188
268.751
270.263
271.729
273.156
274.546
275.901
277.221
278.506
279.754
280.965
282.139
283.279
284.385
285.46
286.505
287.521
288.508
289.466
290.395
291.296
292.168
293.013
293.831
294.624
295.39
296.13
296.845
297.534
298.196
298.833
299.442
300.025
300.581
301.108
301.606
302.074
302.511
302.913
303.28
303.607
303.893
304.131
304.324
304.418
139.867
138.921
138.29
137.64
137.027
136.512
136.095
135.763
135.513
135.35
135.289
135.339
135.505
135.796
136.23
136.823
137.6
138.584
139.808
141.303
143.115
145.285
147.869
150.922
154.508
158.692
163.534
169.092
175.393
182.45
189.855
197.101
203.695
209.497
214.603
219.198
223.381
227.177
230.62
233.797
236.789
239.646
242.385
245.02
247.548
249.96
252.241
254.401
256.455
258.429
260.341
262.203
264.021
265.797
267.527
269.208
270.836
272.413
273.941
275.426
276.873
278.285
279.662
281.007
282.317
283.591
284.828
286.03
287.196
288.328
289.427
290.496
291.533
292.541
293.519
294.467
295.386
296.276
297.139
297.975
298.786
299.57
300.33
301.065
301.776
302.463
303.126
303.765
304.382
304.975
305.545
306.091
306.613
307.11
307.58
308.022
308.434
308.812
309.158
309.423
222.248
220.95
219.698
218.698
217.774
216.821
215.852
214.871
213.87
212.834
211.763
210.637
209.46
208.222
206.919
205.541
204.086
202.539
200.894
199.133
197.245
195.211
193.012
190.636
188.068
185.319
182.433
179.548
176.994
175.753
177.981
183.786
191.644
199.729
206.502
212.194
217.418
222.327
226.797
230.805
234.446
237.84
241.04
244.071
246.94
249.666
252.254
254.707
257.021
259.207
261.279
263.256
265.156
266.991
268.769
270.494
272.164
273.78
275.342
276.854
278.318
279.74
281.123
282.47
283.782
285.058
286.299
287.504
288.674
289.809
290.912
291.983
293.024
294.037
295.021
295.978
296.907
297.81
298.688
299.54
300.37
301.176
301.96
302.723
303.464
304.185
304.887
305.57
306.235
306.882
307.514
308.129
308.73
309.316
309.889
310.448
310.995
311.524
311.987
312.21
145.95
146.646
146.868
147.156
147.422
147.573
147.636
147.638
147.594
147.499
147.353
147.17
146.95
146.693
146.413
146.118
145.826
145.558
145.352
145.25
145.329
145.679
146.445
147.81
150.043
153.496
158.65
166.096
176.137
188.934
197.2
205.89
209.297
211.813
215.658
220.481
225.16
229.357
233.223
236.852
240.169
243.15
245.852
248.385
250.819
253.196
255.515
257.773
259.954
262.052
264.062
265.994
267.86
269.676
271.45
273.187
274.889
276.551
278.171
279.747
281.278
282.767
284.215
285.626
286.999
288.335
289.633
290.892
292.112
293.294
294.437
295.544
296.616
297.653
298.657
299.629
300.568
301.478
302.357
303.209
304.033
304.832
305.607
306.358
307.087
307.795
308.484
309.154
309.807
310.444
311.067
311.676
312.273
312.858
313.432
313.995
314.542
315.056
315.548
316.116
)
;

boundaryField
{
    airfoil
    {
        type            zeroGradient;
    }
    farBoundaries
    {
        type            zeroGradient;
    }
    inlet
    {
        type            freestream;
        freestreamValue uniform 1;
        value           nonuniform List<scalar> 
200
(
1
1
1
1
1
1
1
1
1
1
1
1
1
1
1
1
1
1
1
1
1
1
1
1
1
1
1
1
1
86.6532
86.8641
188.431
209.129
211.812
215.658
220.481
225.16
229.357
233.223
236.852
240.169
243.15
245.852
248.385
250.819
253.196
255.515
257.773
259.954
262.052
264.062
265.994
267.86
269.676
271.45
273.187
274.889
276.551
278.171
279.747
281.278
282.767
284.215
285.626
286.999
288.335
289.633
290.892
292.112
293.294
294.437
295.544
296.616
297.653
298.657
299.629
300.568
301.478
302.357
303.209
304.033
304.832
305.607
306.358
307.087
307.795
308.484
309.154
309.807
310.444
311.067
311.676
312.273
312.858
313.432
313.995
314.542
315.056
315.548
316.116
1
1
1
1
1
1
1
1
1
1
1
1
1
1
1
1
1
1
1
1
1
1
1
1
1
1
1
1
1
1
1
1
1
1
1
1
1
1
1
1
1
1
1
1
1
1
1
1
1
1
1
1
1
1
1
1
1
1
1
1
1
1
1
1
1
1
102.039
88.7252
201.248
207.69
212.162
217.659
222.957
227.36
231.295
235.242
239.227
243.059
246.618
249.921
253.044
256.055
258.991
261.868
264.686
267.444
270.138
272.762
275.307
277.767
280.14
282.428
284.639
286.781
288.864
290.895
292.878
294.818
296.649
298.501
)
;
    }
    outlet
    {
        type            freestream;
        freestreamValue uniform 1;
        value           nonuniform List<scalar> 
40
(
295.744
295.915
295.935
295.949
296.028
296.137
296.187
296.187
296.128
296.027
295.84
295.574
295.247
294.952
294.715
294.56
294.476
294.446
294.441
294.437
291.644
291.652
291.663
291.686
291.738
291.837
292
292.241
292.553
292.923
293.303
293.645
293.941
294.212
294.46
294.698
294.915
295.127
295.32
295.533
)
;
    }
    defaultFaces
    {
        type            empty;
    }
}


// ************************************************************************* //
