/*--------------------------------*- C++ -*----------------------------------*\
  =========                 |
  \\      /  F ield         | OpenFOAM: The Open Source CFD Toolbox
   \\    /   O peration     | Website:  https://openfoam.org
    \\  /    A nd           | Version:  6.0
     \\/     M anipulation  |
\*---------------------------------------------------------------------------*/
FoamFile
{
    version     2.0;
    format      ascii;
    class       volScalarField;
    location    "300";
    object      nut;
}
// * * * * * * * * * * * * * * * * * * * * * * * * * * * * * * * * * * * * * //

dimensions      [0 2 -1 0 0 0 0];

internalField   nonuniform List<scalar> 
9800
(
0.140017
0.14
0.140003
0.140004
0.140005
0.140006
0.140007
0.140008
0.140009
0.140011
0.140012
0.140013
0.140014
0.140015
0.140017
0.14002
0.140022
0.140024
0.140024
0.140021
0.14002
0.140016
0.140007
0.140007
0.140017
0.14002
0.140022
0.140025
0.140025
0.140024
0.140021
0.140019
0.140017
0.140016
0.140015
0.140013
0.140012
0.140011
0.14001
0.140008
0.140007
0.140005
0.140003
0.14
0.139998
0.139994
0.13998
0.13997
0.139965
0.139974
0.139984
0.139992
0.139999
0.140004
0.14001
0.140016
0.140022
0.14003
0.14004
0.140051
0.140065
0.140083
0.140104
0.14013
0.140163
0.140205
0.140259
0.140331
0.140429
0.140564
0.140773
0.141049
0.141715
0.142365
0.142823
0.144355
0.145066
0.145221
0.145258
0.145291
0.145305
0.145297
0.145264
0.145207
0.145131
0.145045
0.144956
0.144874
0.144805
0.144754
0.144721
0.144702
0.144692
0.144683
0.144656
0.144652
0.144659
0.144662
0.144334
0.161015
0.140079
0.140066
0.140058
0.140053
0.140049
0.140047
0.140045
0.140044
0.140043
0.140043
0.140042
0.140042
0.14004
0.140039
0.140036
0.140028
0.140011
0.139999
0.140003
0.140024
0.140031
0.140028
0.140011
0.14001
0.14003
0.140033
0.140027
0.140005
0.140002
0.14001
0.140029
0.140037
0.14004
0.140041
0.140041
0.140041
0.140041
0.140042
0.140042
0.140043
0.140045
0.140046
0.140047
0.140048
0.140049
0.14005
0.140046
0.140039
0.140034
0.140038
0.140048
0.140063
0.14008
0.140098
0.140117
0.140137
0.140159
0.140182
0.140208
0.140238
0.140271
0.140309
0.140354
0.140405
0.140465
0.140535
0.140618
0.140716
0.140833
0.140972
0.141147
0.141348
0.141633
0.141921
0.142098
0.142242
0.142322
0.142373
0.14241
0.142439
0.142463
0.142479
0.142492
0.142501
0.142509
0.142515
0.142513
0.142538
0.142581
0.142639
0.14271
0.142793
0.142886
0.142989
0.143097
0.143211
0.143326
0.143438
0.14353
0.143793
0.140106
0.140094
0.140084
0.140076
0.14007
0.140062
0.140055
0.140045
0.140034
0.140023
0.140016
0.140007
0.140002
0.139995
0.139987
0.139976
0.139966
0.139976
0.14
0.140027
0.14004
0.140037
0.140014
0.14001
0.140036
0.140041
0.140029
0.139998
0.139964
0.139961
0.139978
0.139995
0.140004
0.140012
0.140025
0.140037
0.140045
0.14005
0.140054
0.140058
0.140061
0.140064
0.140067
0.14007
0.140072
0.140074
0.140075
0.140074
0.140071
0.140069
0.140071
0.140078
0.140089
0.140102
0.140119
0.140136
0.140156
0.140176
0.140198
0.140222
0.140247
0.140273
0.140302
0.140333
0.140357
0.14038
0.140422
0.140477
0.140544
0.14062
0.140708
0.140807
0.140919
0.141043
0.141175
0.141315
0.141465
0.141622
0.141785
0.141951
0.142117
0.142284
0.142446
0.142604
0.142757
0.142905
0.143045
0.143179
0.143304
0.143422
0.143533
0.143636
0.143733
0.143823
0.143908
0.143988
0.144063
0.144133
0.1442
0.144312
0.140097
0.140079
0.140057
0.140034
0.140014
0.140005
0.139995
0.139985
0.139974
0.139965
0.13996
0.139956
0.139959
0.139965
0.139964
0.13996
0.139963
0.139983
0.140013
0.140039
0.140052
0.140045
0.140016
0.139998
0.140037
0.140048
0.140036
0.140006
0.139968
0.139946
0.139932
0.139936
0.139945
0.139954
0.139966
0.139978
0.139988
0.139996
0.140001
0.140005
0.140007
0.14001
0.140014
0.140024
0.140037
0.140048
0.140058
0.140065
0.140071
0.140074
0.140076
0.14008
0.140085
0.140093
0.140103
0.140116
0.140131
0.140147
0.140165
0.140184
0.140205
0.140226
0.140249
0.140273
0.140296
0.140317
0.140339
0.140364
0.140393
0.140426
0.140462
0.1405
0.140538
0.140577
0.140621
0.14067
0.140725
0.140783
0.140841
0.140899
0.140956
0.141011
0.141063
0.141111
0.141154
0.141191
0.141223
0.141251
0.141277
0.141299
0.141319
0.141338
0.141357
0.141376
0.141395
0.141416
0.141438
0.141463
0.141491
0.1415
0.140076
0.140051
0.140021
0.139992
0.139963
0.139938
0.139917
0.139908
0.1399
0.139896
0.139894
0.139897
0.139902
0.139908
0.139914
0.13993
0.139961
0.139993
0.140025
0.14005
0.140059
0.140047
0.140007
0.139966
0.140026
0.140047
0.140038
0.140008
0.139961
0.139913
0.139883
0.139872
0.139875
0.139882
0.139892
0.139903
0.139916
0.139934
0.139954
0.139971
0.139983
0.139992
0.139998
0.140007
0.140017
0.140028
0.14004
0.140052
0.140063
0.140072
0.14008
0.140087
0.140093
0.1401
0.140108
0.140117
0.140127
0.14014
0.140153
0.140168
0.140185
0.140202
0.14022
0.140239
0.140259
0.140279
0.140299
0.140317
0.140336
0.140354
0.140372
0.14039
0.140407
0.140423
0.140439
0.140456
0.140474
0.140494
0.140515
0.140539
0.140563
0.140589
0.140617
0.140645
0.140673
0.140701
0.140728
0.140755
0.140781
0.140808
0.140834
0.14086
0.140886
0.140912
0.140938
0.140963
0.140989
0.141016
0.141044
0.141052
0.139979
0.139958
0.139914
0.13988
0.139856
0.139838
0.139827
0.139822
0.139819
0.139819
0.13982
0.139824
0.13983
0.13984
0.13986
0.1399
0.139956
0.139999
0.140033
0.140056
0.14006
0.140038
0.139981
0.139933
0.140004
0.140037
0.140034
0.140003
0.139945
0.139874
0.139829
0.139805
0.139797
0.1398
0.139807
0.139817
0.139827
0.139841
0.139859
0.139882
0.139907
0.139931
0.139951
0.139969
0.139985
0.14
0.140014
0.140027
0.140041
0.140053
0.140065
0.140075
0.140085
0.140093
0.140101
0.140109
0.140116
0.140125
0.140134
0.140144
0.140155
0.140166
0.140179
0.140193
0.140207
0.140222
0.140238
0.140253
0.140269
0.140284
0.140299
0.140313
0.140328
0.140342
0.140356
0.14037
0.140384
0.140398
0.140414
0.14043
0.140448
0.140467
0.140488
0.140509
0.140533
0.140557
0.140582
0.140607
0.140633
0.14066
0.140686
0.140713
0.14074
0.140767
0.140793
0.14082
0.140846
0.140872
0.140901
0.140908
0.139821
0.139796
0.139769
0.13975
0.139739
0.139732
0.139728
0.139727
0.139728
0.139731
0.139738
0.139751
0.139774
0.139812
0.13986
0.139914
0.139968
0.140011
0.140043
0.14006
0.140055
0.140015
0.139933
0.139893
0.139972
0.140019
0.140026
0.140001
0.139947
0.139873
0.139798
0.139746
0.13972
0.13971
0.13971
0.139715
0.139721
0.13973
0.139742
0.139757
0.139776
0.139797
0.139818
0.139839
0.139858
0.139875
0.139891
0.139907
0.139924
0.139944
0.139964
0.139984
0.140004
0.140023
0.14004
0.140055
0.140069
0.140082
0.140093
0.140104
0.140114
0.140124
0.140134
0.140144
0.140155
0.140166
0.140178
0.14019
0.140203
0.140216
0.140229
0.140243
0.140257
0.140271
0.140285
0.140299
0.140314
0.140329
0.140344
0.14036
0.140376
0.140393
0.14041
0.140428
0.140447
0.140466
0.140486
0.140507
0.140528
0.140549
0.14057
0.140592
0.140613
0.140634
0.140656
0.140677
0.140698
0.140718
0.140741
0.140744
0.139656
0.13964
0.13963
0.139624
0.139621
0.139622
0.139625
0.139633
0.139646
0.139669
0.139703
0.139739
0.139784
0.139836
0.13989
0.139943
0.139991
0.140028
0.140052
0.140059
0.140037
0.139976
0.13987
0.139844
0.139928
0.139989
0.140011
0.139997
0.139955
0.139889
0.13981
0.139728
0.139665
0.139629
0.139611
0.139605
0.139605
0.139609
0.139615
0.139622
0.139632
0.139644
0.139658
0.139674
0.13969
0.139706
0.139722
0.139737
0.139752
0.139768
0.139784
0.1398
0.139817
0.139836
0.139856
0.139879
0.139904
0.139929
0.139953
0.139977
0.139999
0.14002
0.140039
0.140057
0.140074
0.140089
0.140103
0.140117
0.14013
0.140142
0.140155
0.140167
0.14018
0.140193
0.140206
0.140219
0.140233
0.140247
0.140261
0.140276
0.140291
0.140306
0.140321
0.140337
0.140352
0.140368
0.140384
0.140401
0.140417
0.140433
0.140449
0.140466
0.140482
0.140498
0.140513
0.140529
0.140544
0.140559
0.140577
0.140574
0.139513
0.139489
0.13949
0.139496
0.139506
0.139522
0.139544
0.139575
0.139614
0.139663
0.13972
0.139768
0.139821
0.139874
0.139926
0.139972
0.140011
0.14004
0.140053
0.140043
0.140002
0.139919
0.139801
0.13978
0.139859
0.139942
0.139982
0.139984
0.139957
0.139905
0.139835
0.139748
0.13966
0.139585
0.139535
0.139504
0.139487
0.13948
0.139478
0.13948
0.139483
0.139488
0.139494
0.139501
0.13951
0.139519
0.139529
0.13954
0.139552
0.139563
0.139575
0.139587
0.139599
0.139612
0.139625
0.13964
0.139656
0.139673
0.139692
0.139712
0.139733
0.139754
0.139774
0.139794
0.139816
0.13984
0.139867
0.139896
0.139925
0.139953
0.139979
0.140004
0.140026
0.140047
0.140066
0.140084
0.140101
0.140117
0.140132
0.140147
0.140162
0.140176
0.14019
0.140203
0.140217
0.14023
0.140242
0.140255
0.140267
0.14028
0.140292
0.140304
0.140316
0.140327
0.140339
0.14035
0.140361
0.140372
0.140386
0.140374
0.139408
0.139388
0.13941
0.139439
0.139474
0.139515
0.13956
0.139609
0.139661
0.139715
0.139771
0.139821
0.139871
0.139919
0.139963
0.14
0.140029
0.140044
0.14004
0.140011
0.139947
0.139842
0.139719
0.139693
0.139753
0.139863
0.13993
0.139954
0.139946
0.139911
0.139857
0.139784
0.139699
0.13961
0.139525
0.139454
0.139402
0.139366
0.139344
0.139331
0.139325
0.139322
0.139322
0.139323
0.139325
0.139328
0.139332
0.139336
0.139341
0.139347
0.139353
0.139359
0.139366
0.139372
0.139379
0.139386
0.139394
0.139402
0.139412
0.139423
0.139434
0.139447
0.13946
0.139474
0.139487
0.139502
0.139518
0.139536
0.139555
0.139574
0.139595
0.13962
0.13965
0.139684
0.139717
0.13975
0.139781
0.139809
0.139834
0.139857
0.139878
0.139896
0.139913
0.139928
0.139942
0.139955
0.139967
0.139977
0.139988
0.139997
0.140006
0.140015
0.140023
0.140031
0.140038
0.140045
0.140052
0.140058
0.140067
0.140036
0.139327
0.139327
0.139375
0.139431
0.139488
0.139546
0.139603
0.139659
0.139713
0.139767
0.139821
0.139868
0.139913
0.139953
0.139988
0.140013
0.140027
0.140025
0.139999
0.139944
0.13985
0.139718
0.139608
0.13958
0.139634
0.139758
0.139854
0.139905
0.13992
0.139907
0.139873
0.139819
0.139751
0.139673
0.139589
0.139504
0.139423
0.139349
0.139287
0.139237
0.139201
0.139175
0.139157
0.139145
0.139138
0.139132
0.139128
0.139125
0.139123
0.139122
0.139122
0.139121
0.139122
0.139122
0.139122
0.139123
0.139123
0.139124
0.139124
0.139125
0.139126
0.139127
0.139129
0.139132
0.139135
0.139139
0.139143
0.139147
0.139151
0.139156
0.139161
0.139167
0.139175
0.139184
0.139194
0.139205
0.13922
0.139242
0.139269
0.139298
0.139326
0.139353
0.139378
0.139401
0.139422
0.13944
0.139456
0.139471
0.139484
0.139495
0.139506
0.139515
0.139524
0.139532
0.139538
0.139545
0.13955
0.139555
0.139562
0.139529
0.13939
0.139421
0.139473
0.139529
0.139585
0.13964
0.139693
0.139744
0.139793
0.139841
0.139887
0.139927
0.139963
0.139992
0.140012
0.140022
0.140017
0.139993
0.139942
0.139858
0.139734
0.139578
0.139469
0.139436
0.139478
0.13958
0.139707
0.139796
0.139843
0.139858
0.139849
0.139817
0.139769
0.139708
0.139636
0.139556
0.13947
0.13938
0.139291
0.139206
0.139129
0.139063
0.139008
0.138966
0.138935
0.138912
0.138895
0.138883
0.138872
0.138864
0.138856
0.138849
0.138843
0.138837
0.138831
0.138825
0.13882
0.138813
0.138807
0.1388
0.138792
0.138784
0.138777
0.138769
0.138761
0.138753
0.138746
0.138738
0.138731
0.138724
0.138716
0.138709
0.138701
0.138694
0.138686
0.138678
0.13867
0.138664
0.138658
0.138654
0.138652
0.138654
0.138663
0.138676
0.138692
0.138708
0.138725
0.138741
0.138756
0.138769
0.138781
0.138791
0.1388
0.138806
0.138812
0.138816
0.138819
0.13882
0.138823
0.138781
0.139304
0.139317
0.139381
0.139456
0.13953
0.139599
0.139662
0.139719
0.139771
0.139819
0.139868
0.139903
0.139929
0.139945
0.139949
0.139938
0.139905
0.139846
0.139752
0.139621
0.139466
0.139341
0.139263
0.139247
0.139299
0.139415
0.139569
0.139691
0.139771
0.139814
0.13983
0.13982
0.139793
0.139751
0.139698
0.139634
0.139561
0.139481
0.139393
0.139301
0.139206
0.139111
0.139018
0.138932
0.138853
0.138784
0.138724
0.138676
0.138637
0.138605
0.138579
0.138558
0.138539
0.138523
0.138508
0.138493
0.138481
0.138468
0.138455
0.138441
0.138427
0.138413
0.138398
0.138383
0.138368
0.138352
0.138335
0.138318
0.138301
0.138283
0.138265
0.138246
0.138228
0.138209
0.138191
0.138172
0.138152
0.138132
0.138112
0.138091
0.138071
0.13805
0.13803
0.13801
0.137991
0.137974
0.137963
0.13796
0.137963
0.13797
0.137979
0.137988
0.137996
0.138004
0.138011
0.138017
0.138021
0.138025
0.138028
0.137987
0.139473
0.139516
0.139576
0.139641
0.139703
0.139761
0.139814
0.139862
0.139904
0.139941
0.139972
0.13999
0.139997
0.13999
0.139967
0.139926
0.139861
0.139768
0.139645
0.139493
0.13932
0.139151
0.139034
0.138988
0.139004
0.139074
0.139172
0.139273
0.13937
0.139458
0.139529
0.139559
0.13956
0.139536
0.13949
0.139427
0.139349
0.139261
0.139166
0.139068
0.138968
0.138867
0.138768
0.138671
0.138578
0.138492
0.138413
0.138343
0.138282
0.13823
0.138187
0.138149
0.138117
0.138089
0.138065
0.138042
0.138022
0.138003
0.137984
0.137965
0.137945
0.137926
0.137906
0.137887
0.137866
0.137846
0.137825
0.137803
0.13778
0.137756
0.137733
0.137709
0.137685
0.137661
0.137636
0.137611
0.137585
0.137559
0.137533
0.137505
0.137477
0.137448
0.137418
0.137387
0.137356
0.137323
0.13729
0.137258
0.137225
0.137192
0.13716
0.137129
0.137099
0.137071
0.137046
0.137024
0.137004
0.136985
0.136972
0.136928
0.139098
0.139118
0.139163
0.139211
0.139256
0.139298
0.139334
0.139364
0.139387
0.139403
0.139411
0.139407
0.139392
0.139362
0.139318
0.139257
0.139178
0.139082
0.13897
0.138849
0.13873
0.13863
0.138573
0.138572
0.138634
0.138767
0.138925
0.13907
0.139196
0.139304
0.139391
0.139447
0.139477
0.139481
0.139463
0.139425
0.13937
0.139302
0.139225
0.13914
0.139051
0.138959
0.138864
0.138769
0.138674
0.138579
0.138487
0.138396
0.138309
0.138224
0.138143
0.138065
0.137989
0.137916
0.137846
0.137783
0.137724
0.13767
0.137622
0.137577
0.137534
0.137494
0.137456
0.137419
0.137383
0.137348
0.137313
0.137278
0.137243
0.137208
0.137173
0.137137
0.137101
0.137065
0.137028
0.136991
0.136954
0.136915
0.136876
0.136837
0.136797
0.136757
0.136716
0.136675
0.136633
0.136591
0.136548
0.136504
0.136459
0.136414
0.136368
0.136321
0.136272
0.136224
0.136178
0.136141
0.136114
0.136095
0.136083
0.136034
0.139229
0.139231
0.139245
0.139261
0.139277
0.139289
0.139296
0.139298
0.139294
0.139281
0.139261
0.13923
0.139187
0.139132
0.139066
0.138988
0.138899
0.1388
0.138695
0.138587
0.138478
0.138374
0.138273
0.138176
0.138087
0.138059
0.138087
0.138141
0.138204
0.138268
0.138327
0.138377
0.138413
0.138434
0.13844
0.138432
0.138411
0.138378
0.138335
0.138283
0.138226
0.138162
0.138095
0.138024
0.137951
0.137876
0.1378
0.137723
0.137646
0.137568
0.13749
0.137412
0.137335
0.137258
0.137183
0.137108
0.137036
0.136966
0.136899
0.136835
0.136772
0.136712
0.136654
0.136598
0.136543
0.13649
0.136437
0.136387
0.136337
0.136288
0.136241
0.136194
0.136148
0.136103
0.136058
0.136014
0.135969
0.135925
0.13588
0.135834
0.135789
0.135743
0.135696
0.135649
0.1356
0.135551
0.1355
0.135448
0.135395
0.135341
0.135285
0.135229
0.13517
0.135109
0.135045
0.13498
0.134913
0.134844
0.134774
0.134706
0.138675
0.138795
0.138839
0.13884
0.138823
0.1388
0.138773
0.138743
0.138707
0.13866
0.1386
0.138541
0.138479
0.138412
0.138344
0.138276
0.138209
0.138147
0.13809
0.138038
0.137993
0.137954
0.137921
0.137896
0.137881
0.137883
0.137902
0.137936
0.137977
0.138024
0.13807
0.138113
0.138151
0.138183
0.138208
0.138225
0.138233
0.138233
0.138225
0.138209
0.138186
0.138156
0.138121
0.138081
0.138036
0.137988
0.137935
0.13788
0.137822
0.137761
0.137697
0.137632
0.137564
0.137494
0.137423
0.13735
0.137276
0.137201
0.137125
0.137049
0.136973
0.136898
0.136823
0.136747
0.136668
0.136585
0.136499
0.136408
0.136312
0.136209
0.136098
0.13598
0.135858
0.135737
0.135617
0.135501
0.13539
0.135283
0.135179
0.135078
0.13498
0.134883
0.134788
0.134694
0.1346
0.134506
0.134413
0.13432
0.134226
0.134133
0.134038
0.133945
0.133851
0.133759
0.133665
0.13357
0.133473
0.133377
0.13328
0.133188
0.138851
0.138844
0.138818
0.13878
0.138738
0.138694
0.138649
0.138603
0.138557
0.138509
0.138461
0.138413
0.138363
0.138312
0.138259
0.138207
0.138157
0.138108
0.138062
0.138018
0.137976
0.137937
0.137899
0.137863
0.137829
0.137795
0.137763
0.137731
0.137699
0.137667
0.137636
0.137609
0.13759
0.137574
0.137561
0.137548
0.137532
0.137513
0.137492
0.137468
0.137441
0.13741
0.137375
0.137336
0.137293
0.137246
0.137197
0.137146
0.137092
0.137034
0.136974
0.13691
0.136845
0.136777
0.136707
0.136635
0.136561
0.136486
0.136409
0.13633
0.136249
0.136166
0.136084
0.136003
0.135923
0.135842
0.13576
0.135677
0.135594
0.135512
0.135426
0.13534
0.135254
0.135167
0.135078
0.134988
0.134898
0.13481
0.134721
0.134632
0.134544
0.134456
0.134365
0.134274
0.13418
0.134084
0.133987
0.133887
0.133784
0.133679
0.13357
0.133459
0.133343
0.133224
0.133099
0.132968
0.132822
0.132665
0.132496
0.132326
0.140189
0.140415
0.14057
0.140666
0.140717
0.140739
0.140739
0.140722
0.140687
0.140635
0.140584
0.140533
0.140483
0.140433
0.140385
0.14034
0.140297
0.140257
0.14022
0.140186
0.140155
0.140126
0.1401
0.140075
0.140052
0.14003
0.140007
0.139983
0.139956
0.139923
0.139885
0.139862
0.139834
0.139808
0.139784
0.139761
0.139739
0.139717
0.139694
0.139671
0.139646
0.139621
0.139594
0.139566
0.139536
0.139504
0.13947
0.139433
0.139394
0.139352
0.139307
0.139258
0.139205
0.139149
0.13909
0.139028
0.138963
0.138896
0.138826
0.138755
0.138678
0.1386
0.138531
0.13845
0.138366
0.138278
0.138186
0.138091
0.137992
0.137887
0.137778
0.137662
0.137538
0.137405
0.137264
0.13711
0.136946
0.136764
0.136562
0.136339
0.136096
0.135833
0.13555
0.135252
0.134947
0.134641
0.134336
0.134033
0.133731
0.13343
0.133129
0.132828
0.132524
0.132218
0.131908
0.131597
0.131282
0.13097
0.130674
0.130437
0.134125
0.133018
0.13265
0.132627
0.132733
0.132765
0.13267
0.132454
0.132135
0.13177
0.131837
0.131168
0.13054
0.130018
0.129561
0.129143
0.128746
0.128358
0.127972
0.127582
0.127188
0.126786
0.126379
0.125966
0.125551
0.125136
0.124725
0.124323
0.123937
0.123584
0.123413
0.123844
0.123611
0.123322
0.122984
0.122604
0.122189
0.121744
0.121274
0.120785
0.12028
0.119762
0.119236
0.118704
0.118169
0.117633
0.1171
0.11657
0.116047
0.115531
0.115023
0.114525
0.114035
0.113555
0.113084
0.112622
0.112172
0.111731
0.111299
0.110874
0.110453
0.110223
0.11037
0.110088
0.109788
0.10948
0.109164
0.10884
0.10851
0.108173
0.10783
0.107481
0.107125
0.106764
0.106397
0.106024
0.105646
0.105261
0.104871
0.104475
0.104073
0.103665
0.103252
0.102835
0.102414
0.101989
0.10156
0.101128
0.100694
0.100258
0.0998227
0.0993907
0.0989661
0.0985562
0.0981725
0.0978345
0.0975747
0.0974475
0.0975442
0.0980219
0.260279
0.278489
0.295713
0.311812
0.32693
0.341194
0.354704
0.367541
0.379772
0.391456
0.40264
0.413367
0.423672
0.433586
0.443135
0.452344
0.461253
0.469838
0.478137
0.486175
0.493966
0.501524
0.508858
0.51598
0.5229
0.529625
0.536165
0.542527
0.548717
0.554744
0.560612
0.566329
0.571819
0.577068
0.582358
0.587525
0.59257
0.597498
0.602314
0.607025
0.611637
0.616154
0.620585
0.624936
0.629215
0.633429
0.637588
0.641483
0.645243
0.649319
0.653388
0.657454
0.66153
0.665629
0.669765
0.673953
0.678209
0.682548
0.686987
0.691071
0.695327
0.700303
0.705449
0.71077
0.71628
0.721992
0.727921
0.73277
0.739979
0.746556
0.144294
0.144479
0.144708
0.144976
0.145283
0.145628
0.146013
0.146437
0.146899
0.147397
0.147927
0.148488
0.149079
0.149702
0.150358
0.151047
0.151774
0.15253
0.153318
0.154142
0.155
0.155894
0.156822
0.157785
0.158782
0.159814
0.160879
0.161977
0.163109
0.164272
0.165469
0.166696
0.167928
0.169154
0.170473
0.171827
0.17321
0.174622
0.176062
0.177528
0.17902
0.180537
0.182079
0.183644
0.185233
0.186845
0.188482
0.190051
0.191605
0.193341
0.195109
0.196902
0.198718
0.200559
0.202427
0.204324
0.206255
0.208224
0.210241
0.212081
0.214024
0.216352
0.218788
0.22134
0.224039
0.226924
0.230052
0.232777
0.237148
0.24149
0.14422
0.144183
0.144143
0.144107
0.144073
0.144044
0.144016
0.14399
0.143964
0.143937
0.14391
0.143881
0.14385
0.143819
0.143786
0.143751
0.143714
0.143674
0.143632
0.143588
0.143542
0.143493
0.143442
0.143388
0.143332
0.143273
0.143212
0.143148
0.143082
0.143013
0.142942
0.142868
0.142788
0.142703
0.142619
0.142534
0.142447
0.142359
0.14227
0.14218
0.142089
0.141997
0.141906
0.141814
0.141722
0.14163
0.141538
0.141435
0.141324
0.141229
0.141137
0.141047
0.140959
0.140873
0.14079
0.140709
0.140631
0.140555
0.140481
0.140376
0.140271
0.14021
0.140161
0.140123
0.140099
0.140091
0.140108
0.140035
0.140212
0.1404
0.141486
0.141483
0.141478
0.14147
0.14146
0.141449
0.141436
0.141423
0.141409
0.141396
0.141384
0.141371
0.141357
0.141342
0.141327
0.141311
0.141296
0.141281
0.141266
0.141252
0.141238
0.141225
0.141212
0.141201
0.141189
0.141178
0.141168
0.141157
0.141145
0.141134
0.141122
0.141109
0.141096
0.141082
0.141067
0.141052
0.141035
0.141018
0.141
0.140982
0.140962
0.140942
0.14092
0.140898
0.140875
0.140852
0.140827
0.140801
0.140773
0.140745
0.140715
0.140686
0.140655
0.140624
0.140593
0.140561
0.140528
0.140495
0.14046
0.140423
0.140384
0.140344
0.140304
0.140264
0.140224
0.140185
0.140144
0.140101
0.140061
0.140025
0.141027
0.141017
0.141006
0.140994
0.140983
0.140971
0.140958
0.140943
0.140928
0.140912
0.140897
0.140882
0.140867
0.140853
0.140839
0.140824
0.14081
0.140797
0.140784
0.140772
0.140758
0.140745
0.140731
0.140717
0.140703
0.140688
0.140673
0.140658
0.140643
0.140628
0.140612
0.140597
0.140582
0.140567
0.140551
0.140536
0.140521
0.140506
0.140491
0.140476
0.140462
0.140448
0.140434
0.140422
0.14041
0.140399
0.140388
0.140379
0.140369
0.14036
0.140351
0.140343
0.140335
0.140328
0.140322
0.140316
0.140311
0.140306
0.140302
0.140298
0.140294
0.14029
0.140286
0.140283
0.14028
0.140278
0.140278
0.140277
0.140277
0.140278
0.140881
0.140871
0.14086
0.140848
0.140837
0.140826
0.140813
0.1408
0.140786
0.140771
0.140755
0.14074
0.140725
0.140711
0.140696
0.140681
0.140665
0.14065
0.140636
0.140623
0.14061
0.140596
0.140582
0.140568
0.140553
0.140538
0.140523
0.140508
0.140492
0.140476
0.140461
0.140445
0.14043
0.140415
0.1404
0.140385
0.14037
0.140356
0.140342
0.140328
0.140315
0.140303
0.14029
0.140279
0.140268
0.140258
0.140248
0.140239
0.14023
0.140221
0.140212
0.140204
0.140195
0.140187
0.140179
0.140171
0.140163
0.140155
0.140148
0.140141
0.140134
0.140127
0.14012
0.140114
0.140108
0.140102
0.140098
0.140095
0.140093
0.140093
0.14072
0.140711
0.140701
0.14069
0.14068
0.140669
0.140658
0.140646
0.140633
0.14062
0.140605
0.140591
0.140577
0.140563
0.140549
0.140535
0.140519
0.140503
0.140488
0.140473
0.140459
0.140446
0.140432
0.140417
0.140402
0.140387
0.140371
0.140354
0.140338
0.14032
0.140303
0.140286
0.140268
0.14025
0.140232
0.140214
0.140196
0.140178
0.140161
0.140143
0.140126
0.14011
0.140094
0.140079
0.140064
0.14005
0.140036
0.140024
0.140011
0.139998
0.139986
0.139975
0.139963
0.139953
0.139942
0.139933
0.139924
0.139917
0.139909
0.139902
0.139895
0.139888
0.139882
0.139876
0.139871
0.139867
0.139864
0.139862
0.139861
0.139861
0.140554
0.140546
0.140537
0.140527
0.140517
0.140506
0.140495
0.140484
0.140472
0.140458
0.140445
0.140432
0.140419
0.140405
0.14039
0.140374
0.140358
0.14034
0.140322
0.140303
0.140284
0.140265
0.140247
0.140229
0.14021
0.140192
0.140173
0.140154
0.140135
0.140115
0.140096
0.140077
0.140059
0.14004
0.140021
0.140003
0.139984
0.139966
0.139948
0.13993
0.139912
0.139894
0.139877
0.13986
0.139843
0.139827
0.139811
0.139796
0.139781
0.139766
0.139751
0.139737
0.139724
0.139711
0.139699
0.139687
0.139676
0.139667
0.139658
0.13965
0.139642
0.139635
0.139629
0.139624
0.139621
0.139618
0.139615
0.139613
0.139611
0.139609
0.140353
0.140346
0.140338
0.140328
0.140317
0.140304
0.14029
0.140276
0.140262
0.140247
0.140233
0.140219
0.140205
0.140189
0.140172
0.140153
0.140134
0.140113
0.140091
0.140069
0.140046
0.140022
0.139999
0.139977
0.139955
0.139933
0.139912
0.139891
0.13987
0.13985
0.139829
0.139809
0.139789
0.139769
0.13975
0.13973
0.13971
0.139691
0.139671
0.139652
0.139633
0.139614
0.139596
0.139578
0.13956
0.139542
0.139526
0.13951
0.139494
0.139479
0.139464
0.13945
0.139437
0.139424
0.139413
0.139402
0.139392
0.139383
0.139376
0.139369
0.139363
0.139358
0.139354
0.139352
0.139351
0.139351
0.139351
0.13935
0.139351
0.13935
0.14001
0.140004
0.139996
0.139985
0.139972
0.139956
0.139939
0.139921
0.139904
0.139887
0.139871
0.139855
0.139838
0.139819
0.139799
0.139778
0.139756
0.139733
0.13971
0.139685
0.139661
0.139636
0.13961
0.139586
0.139561
0.139538
0.139515
0.139493
0.139471
0.13945
0.139429
0.139409
0.13939
0.13937
0.139351
0.139332
0.139313
0.139294
0.139276
0.139258
0.13924
0.139223
0.139206
0.139189
0.139173
0.139158
0.139143
0.139129
0.139116
0.139102
0.13909
0.139078
0.139067
0.139057
0.139048
0.13904
0.139032
0.139026
0.139021
0.139016
0.139013
0.13901
0.13901
0.13901
0.139012
0.139014
0.139017
0.139018
0.139021
0.139021
0.139497
0.13949
0.139482
0.13947
0.139456
0.13944
0.139422
0.139404
0.139386
0.139369
0.139353
0.139337
0.139319
0.139301
0.139282
0.139262
0.13924
0.139218
0.139196
0.139172
0.139149
0.139126
0.139102
0.139079
0.139057
0.139035
0.139014
0.138994
0.138975
0.138957
0.13894
0.138923
0.138906
0.13889
0.138875
0.138859
0.138845
0.13883
0.138816
0.138802
0.138789
0.138776
0.138763
0.138751
0.138739
0.138728
0.138718
0.138708
0.138698
0.138689
0.138681
0.138673
0.138665
0.138659
0.138653
0.138648
0.138644
0.13864
0.138638
0.138635
0.138634
0.138634
0.138635
0.138637
0.13864
0.138644
0.138648
0.13865
0.138653
0.138652
0.138747
0.138741
0.138734
0.138725
0.138715
0.138703
0.138689
0.138676
0.138663
0.138651
0.138639
0.138628
0.138615
0.138602
0.138587
0.138572
0.138556
0.138539
0.138522
0.138505
0.138487
0.13847
0.138452
0.138435
0.138419
0.138403
0.138388
0.138374
0.13836
0.138347
0.138334
0.138322
0.13831
0.138298
0.138286
0.138275
0.138264
0.138254
0.138245
0.138235
0.138226
0.138218
0.13821
0.138202
0.138195
0.138188
0.138182
0.138175
0.138169
0.138163
0.138158
0.138153
0.138149
0.138146
0.138143
0.138141
0.138139
0.138138
0.138137
0.138136
0.138136
0.138138
0.13814
0.138144
0.138149
0.138154
0.138158
0.138161
0.138165
0.138164
0.137959
0.137958
0.137956
0.137953
0.137947
0.13794
0.137932
0.137923
0.137915
0.137909
0.137903
0.137897
0.137892
0.137885
0.137877
0.137868
0.137857
0.137845
0.137832
0.137818
0.137805
0.137792
0.13778
0.137769
0.137759
0.13775
0.137742
0.137734
0.137728
0.137721
0.137715
0.13771
0.137705
0.1377
0.137695
0.13769
0.137686
0.137682
0.137678
0.137675
0.137672
0.137669
0.137667
0.137664
0.137662
0.13766
0.137658
0.137656
0.137654
0.137652
0.137651
0.137649
0.137649
0.137648
0.137649
0.137649
0.13765
0.137651
0.137651
0.137651
0.137651
0.137652
0.137655
0.137658
0.137661
0.137664
0.137667
0.137666
0.137667
0.137665
0.136903
0.136904
0.136904
0.136902
0.1369
0.136896
0.136892
0.136889
0.136888
0.136887
0.136887
0.136886
0.136885
0.136883
0.136881
0.136876
0.136871
0.136864
0.136857
0.136849
0.136842
0.136836
0.136831
0.136826
0.136822
0.136818
0.136815
0.136813
0.136811
0.136809
0.136808
0.136807
0.136806
0.136804
0.136803
0.136802
0.136801
0.136801
0.136801
0.136801
0.136801
0.136801
0.136802
0.136802
0.136803
0.136804
0.136805
0.136805
0.136805
0.136805
0.136806
0.136807
0.136809
0.136811
0.136813
0.136816
0.136818
0.136821
0.136823
0.136824
0.136825
0.136828
0.136832
0.136836
0.13684
0.136844
0.136847
0.136847
0.136848
0.136846
0.136001
0.136001
0.135999
0.135995
0.135991
0.135988
0.135985
0.135983
0.135981
0.135979
0.135977
0.135975
0.135973
0.135971
0.135969
0.135967
0.135964
0.135962
0.13596
0.135958
0.135956
0.135954
0.135952
0.135951
0.13595
0.135949
0.135949
0.135949
0.13595
0.135951
0.135952
0.135953
0.135954
0.135955
0.135956
0.135958
0.135961
0.135963
0.135967
0.135971
0.135975
0.135981
0.135986
0.135993
0.136
0.136007
0.136014
0.13602
0.136026
0.136033
0.136042
0.136051
0.136061
0.136073
0.136085
0.136098
0.136112
0.136125
0.136137
0.136146
0.136155
0.136167
0.136181
0.136196
0.136212
0.136226
0.136237
0.136241
0.136248
0.136245
0.134651
0.134648
0.134646
0.134644
0.134642
0.13464
0.134638
0.134637
0.134635
0.134634
0.134632
0.134631
0.134629
0.134628
0.134626
0.134625
0.134623
0.134621
0.13462
0.134618
0.134616
0.134614
0.134613
0.134611
0.13461
0.134609
0.134609
0.134608
0.134608
0.134608
0.134608
0.134608
0.134608
0.134607
0.134606
0.134606
0.134607
0.134608
0.134609
0.134611
0.134613
0.134617
0.13462
0.134625
0.13463
0.134635
0.134639
0.134643
0.134645
0.13465
0.134655
0.134662
0.13467
0.134679
0.134689
0.1347
0.134712
0.134724
0.134734
0.134742
0.134749
0.13476
0.134774
0.134789
0.134805
0.13482
0.134832
0.134835
0.134843
0.134841
0.133115
0.133101
0.133089
0.133077
0.133065
0.133053
0.133041
0.133029
0.133017
0.133005
0.132993
0.132982
0.13297
0.132958
0.132946
0.132934
0.132923
0.132911
0.132899
0.132887
0.132875
0.132864
0.132852
0.132841
0.13283
0.13282
0.13281
0.132801
0.132792
0.132784
0.132776
0.132769
0.132761
0.132752
0.132744
0.132736
0.132729
0.132723
0.132718
0.132713
0.13271
0.132709
0.132708
0.132708
0.13271
0.132712
0.132713
0.132713
0.132711
0.132712
0.132715
0.13272
0.132727
0.132736
0.132748
0.132762
0.132777
0.132792
0.132806
0.132814
0.132823
0.132839
0.13286
0.132885
0.132912
0.132939
0.132959
0.132964
0.132979
0.132975
0.132135
0.132051
0.131969
0.131889
0.13181
0.131731
0.131653
0.131576
0.1315
0.131425
0.13135
0.131277
0.131205
0.131134
0.131063
0.130994
0.130926
0.130858
0.130792
0.130726
0.130661
0.130597
0.130534
0.130472
0.130411
0.130352
0.130294
0.130237
0.130181
0.130127
0.130074
0.130023
0.129972
0.12992
0.129868
0.129818
0.12977
0.129723
0.129678
0.129635
0.129593
0.129553
0.129516
0.12948
0.129446
0.129415
0.129384
0.129351
0.129314
0.12928
0.129249
0.129221
0.129196
0.129174
0.129155
0.12914
0.129126
0.129115
0.129104
0.129082
0.129059
0.129045
0.129037
0.129035
0.129038
0.129042
0.129044
0.129018
0.12902
0.129008
0.129392
0.129138
0.128937
0.128741
0.128543
0.128343
0.128142
0.12794
0.127737
0.127533
0.127328
0.127124
0.126919
0.126714
0.12651
0.126306
0.126104
0.125903
0.125702
0.125502
0.125303
0.125106
0.12491
0.124716
0.124524
0.124332
0.124143
0.123955
0.123771
0.12359
0.123414
0.123243
0.123072
0.122893
0.122721
0.122553
0.122387
0.122226
0.122069
0.121915
0.121765
0.121619
0.121478
0.121342
0.121212
0.121087
0.120969
0.12084
0.120698
0.12057
0.120449
0.120335
0.120226
0.120123
0.120028
0.119939
0.119858
0.119784
0.119718
0.119615
0.119508
0.119431
0.119371
0.119323
0.119289
0.119268
0.119257
0.119143
0.119168
0.119172
0.0903575
0.0888806
0.0880843
0.0873749
0.0866931
0.0860321
0.0853903
0.0847666
0.0841601
0.0835699
0.0829952
0.0824353
0.0818896
0.0813574
0.0808381
0.0803314
0.0798417
0.0793605
0.0788871
0.0784225
0.0779674
0.0775222
0.0770872
0.0766628
0.0762491
0.0758465
0.0754552
0.0750754
0.0747074
0.0743514
0.0740075
0.0736762
0.0733358
0.0729669
0.0726194
0.0722846
0.0719602
0.071646
0.0713422
0.071049
0.0707666
0.0704952
0.0702348
0.0699858
0.0697483
0.0695226
0.0693095
0.0690489
0.0687436
0.068479
0.0682343
0.0680043
0.0677881
0.067586
0.067398
0.0672245
0.0670658
0.0669228
0.0667974
0.066554
0.0662756
0.0660712
0.0659067
0.0657735
0.0656721
0.0656068
0.0655861
0.0652372
0.0653221
0.0655144
0.820878
0.906847
0.954736
0.982111
0.999062
1.01075
1.01965
1.02691
1.03308
1.03846
1.04323
1.04752
1.05142
1.05501
1.05833
1.06143
1.06435
1.0671
1.06971
1.0722
1.07459
1.07688
1.0791
1.08124
1.08331
1.08534
1.08731
1.08923
1.09112
1.09297
1.09479
1.09658
1.09834
1.10009
1.10181
1.10351
1.1052
1.10687
1.10853
1.11018
1.11182
1.11345
1.11507
1.11669
1.1183
1.11991
1.12152
1.12312
1.12472
1.12632
1.12791
1.12951
1.13111
1.13271
1.13431
1.13592
1.13752
1.13913
1.14075
1.14237
1.14399
1.14561
1.14724
1.14888
1.15051
1.15215
1.15378
1.15541
1.15702
1.15858
1.16009
1.16147
1.16266
1.16353
1.16392
0.294624
0.404586
0.510536
0.603849
0.681803
0.745242
0.796462
0.838009
0.872154
0.900717
0.925067
0.946195
0.964806
0.981405
0.996361
1.00995
1.0224
1.03387
1.04451
1.05442
1.06371
1.07246
1.08072
1.08854
1.09599
1.10309
1.10989
1.11641
1.12267
1.12871
1.13454
1.14018
1.14565
1.15096
1.15612
1.16115
1.16606
1.17085
1.17554
1.18013
1.18463
1.18904
1.19338
1.19765
1.20185
1.20598
1.21006
1.21409
1.21807
1.222
1.22588
1.22973
1.23353
1.23731
1.24105
1.24476
1.24844
1.25209
1.25572
1.25933
1.26291
1.26648
1.27003
1.27355
1.27706
1.28055
1.28401
1.28745
1.29084
1.29417
1.29739
1.30041
1.30311
1.30525
1.30645
0.143081
0.158349
0.188
0.232156
0.287492
0.349429
0.413602
0.47659
0.536103
0.590881
0.640458
0.684905
0.724613
0.76012
0.791998
0.820788
0.84696
0.870909
0.892955
0.913358
0.932327
0.950036
0.966628
0.982227
0.996937
1.01085
1.02405
1.0366
1.04857
1.06001
1.07096
1.08147
1.09158
1.10131
1.1107
1.11978
1.12856
1.13707
1.14533
1.15335
1.16116
1.16877
1.17618
1.18342
1.1905
1.19742
1.2042
1.21084
1.21736
1.22376
1.23004
1.23622
1.2423
1.24828
1.25418
1.26
1.26573
1.27139
1.27698
1.28251
1.28797
1.29337
1.29872
1.30401
1.30924
1.31443
1.31956
1.32464
1.32965
1.33459
1.3394
1.344
1.34825
1.35183
1.35414
0.139643
0.138583
0.137993
0.139458
0.144847
0.155677
0.173163
0.197569
0.228444
0.264788
0.305269
0.348431
0.392873
0.437373
0.480956
0.522913
0.562791
0.600352
0.635527
0.668371
0.699014
0.727628
0.7544
0.779513
0.803137
0.825423
0.846502
0.866489
0.885482
0.903567
0.920819
0.937307
0.95309
0.968223
0.982756
0.996734
1.0102
1.02318
1.03573
1.04786
1.0596
1.07099
1.08204
1.09278
1.10322
1.11339
1.12329
1.13295
1.14239
1.1516
1.16061
1.16943
1.17807
1.18653
1.19483
1.20298
1.21098
1.21885
1.22658
1.23418
1.24167
1.24904
1.25631
1.26347
1.27054
1.2775
1.28438
1.29116
1.29786
1.30444
1.3109
1.31716
1.32307
1.32831
1.3321
0.140288
0.140204
0.139885
0.139244
0.138278
0.137306
0.136768
0.137249
0.139424
0.143912
0.151426
0.16242
0.177172
0.195749
0.218013
0.243632
0.272127
0.302917
0.335373
0.368865
0.402809
0.436689
0.470081
0.50266
0.534192
0.56453
0.5936
0.621382
0.647898
0.673198
0.69735
0.720426
0.742502
0.76365
0.783939
0.803429
0.822176
0.840231
0.857637
0.874436
0.890666
0.906361
0.921553
0.936273
0.950548
0.964404
0.977866
0.990957
1.0037
1.01611
1.0282
1.04001
1.05153
1.06278
1.07379
1.08455
1.09509
1.10541
1.11553
1.12544
1.13518
1.14473
1.15411
1.16333
1.17239
1.18131
1.19008
1.1987
1.2072
1.21555
1.22375
1.23176
1.23947
1.24657
1.25224
0.140112
0.140144
0.140171
0.14017
0.140095
0.139893
0.139516
0.138944
0.138206
0.137383
0.136592
0.136071
0.136106
0.136983
0.138996
0.142493
0.147754
0.15503
0.164522
0.176358
0.190588
0.207176
0.226004
0.24688
0.269554
0.293732
0.319094
0.345316
0.372081
0.399096
0.426101
0.452874
0.479236
0.505051
0.530218
0.554675
0.578385
0.601338
0.623538
0.645006
0.665767
0.685854
0.7053
0.724139
0.742405
0.760128
0.777337
0.794059
0.810318
0.826139
0.841542
0.856547
0.871173
0.885437
0.899358
0.91295
0.92623
0.93921
0.951905
0.964328
0.97649
0.988403
1.00008
1.01152
1.02275
1.03376
1.04457
1.05518
1.0656
1.07584
1.08588
1.09572
1.1053
1.11443
1.1224
0.139864
0.139864
0.139861
0.13986
0.139864
0.139867
0.139859
0.139821
0.139732
0.139568
0.139302
0.138923
0.138424
0.137795
0.137097
0.136397
0.135792
0.135403
0.135328
0.135698
0.136662
0.138357
0.140981
0.144694
0.149643
0.155953
0.163728
0.173042
0.183935
0.196408
0.210426
0.225916
0.242774
0.260865
0.280032
0.300104
0.320902
0.342247
0.363963
0.385888
0.407874
0.42979
0.451527
0.472994
0.49412
0.514853
0.535155
0.555004
0.574388
0.593305
0.61176
0.629763
0.647326
0.664465
0.681196
0.697535
0.713499
0.729102
0.744358
0.759282
0.773886
0.788181
0.802179
0.815889
0.829322
0.842486
0.855389
0.86804
0.880446
0.892611
0.90454
0.916233
0.92768
0.938848
0.949601
0.139572
0.1395
0.13943
0.139363
0.139301
0.139245
0.139196
0.139153
0.139116
0.139083
0.139047
0.139002
0.138938
0.138841
0.1387
0.138502
0.138243
0.137923
0.13754
0.137106
0.136663
0.136218
0.135794
0.135433
0.135187
0.135115
0.135287
0.135777
0.136666
0.138039
0.139983
0.142568
0.14592
0.150109
0.155208
0.161282
0.168379
0.176533
0.185762
0.196065
0.207424
0.2198
0.23314
0.247375
0.262422
0.278189
0.294577
0.311484
0.328806
0.346442
0.364294
0.382273
0.400296
0.41829
0.436191
0.453946
0.47151
0.488847
0.505932
0.522743
0.539269
0.555499
0.571432
0.587066
0.602403
0.617447
0.632203
0.646676
0.660872
0.674796
0.688451
0.70184
0.714974
0.727952
0.741863
0.139303
0.139214
0.139129
0.139047
0.13897
0.138895
0.138825
0.138761
0.138704
0.138656
0.138622
0.138602
0.138598
0.138609
0.138632
0.138662
0.138691
0.13871
0.13871
0.138687
0.138636
0.138554
0.138437
0.138283
0.138093
0.137867
0.13761
0.137331
0.137039
0.136748
0.136477
0.136247
0.136084
0.136019
0.136085
0.13632
0.136765
0.137465
0.138464
0.139812
0.141558
0.14375
0.146438
0.149667
0.153469
0.157918
0.163043
0.168867
0.175412
0.182692
0.190712
0.199467
0.208943
0.219116
0.229957
0.241424
0.253474
0.266054
0.279108
0.292577
0.306402
0.320522
0.334875
0.349404
0.364054
0.378771
0.393508
0.408221
0.422869
0.437418
0.451837
0.466098
0.480178
0.494077
0.511049
0.138972
0.138876
0.138786
0.138706
0.138638
0.138584
0.138546
0.138524
0.138515
0.138516
0.138526
0.138542
0.138564
0.138592
0.138624
0.13866
0.1387
0.138741
0.138784
0.138826
0.138867
0.138904
0.138936
0.138962
0.13898
0.138987
0.138982
0.138962
0.138926
0.138872
0.138799
0.138707
0.138595
0.138464
0.138318
0.138158
0.13799
0.137819
0.137653
0.137502
0.137376
0.137287
0.13725
0.137282
0.137398
0.13762
0.137969
0.138469
0.139143
0.140018
0.14112
0.142478
0.144118
0.14607
0.14836
0.151016
0.154063
0.157525
0.161424
0.165777
0.170596
0.175908
0.181721
0.188036
0.194851
0.20216
0.209953
0.218212
0.226917
0.236042
0.24556
0.255433
0.265668
0.275782
0.290777
0.138589
0.13847
0.138353
0.138242
0.138138
0.138041
0.137951
0.137871
0.137809
0.137779
0.137788
0.137823
0.137875
0.137934
0.137998
0.138063
0.138128
0.138193
0.138256
0.138318
0.138379
0.138438
0.138496
0.138552
0.138608
0.138662
0.138715
0.138766
0.138815
0.138863
0.138907
0.138947
0.138983
0.139013
0.139037
0.139053
0.139062
0.139061
0.13905
0.13903
0.139
0.13896
0.13891
0.138852
0.138787
0.138718
0.138645
0.138574
0.138506
0.138448
0.138403
0.138378
0.138379
0.138415
0.138492
0.13862
0.138809
0.139069
0.139412
0.13985
0.140394
0.141059
0.141858
0.142807
0.143919
0.145209
0.146694
0.148386
0.1503
0.152451
0.154852
0.157506
0.160479
0.163411
0.168748
0.138096
0.137958
0.137826
0.137703
0.13759
0.137489
0.137406
0.137345
0.137308
0.137293
0.137297
0.137315
0.137344
0.13738
0.137421
0.137466
0.137513
0.137562
0.137612
0.137663
0.137714
0.137765
0.137816
0.137866
0.137917
0.137968
0.138019
0.13807
0.138122
0.138175
0.138228
0.138282
0.138337
0.138392
0.138448
0.138504
0.13856
0.138615
0.138669
0.138723
0.138774
0.138823
0.138869
0.138912
0.138952
0.138987
0.139018
0.139045
0.139067
0.139083
0.139095
0.139103
0.139106
0.139106
0.139102
0.139097
0.139091
0.139085
0.139082
0.139082
0.139088
0.139103
0.139129
0.139169
0.139226
0.139304
0.139406
0.139537
0.139701
0.139903
0.140147
0.140438
0.140792
0.141144
0.141892
0.137563
0.137367
0.137177
0.136996
0.136825
0.136666
0.136521
0.13639
0.136275
0.136175
0.136092
0.136025
0.135972
0.135931
0.135918
0.135942
0.135992
0.136055
0.136125
0.136197
0.13627
0.136342
0.136414
0.136484
0.136554
0.136622
0.136689
0.136756
0.136823
0.136889
0.136955
0.137021
0.137088
0.137154
0.137222
0.137289
0.137358
0.137426
0.137495
0.137564
0.137633
0.137702
0.13777
0.137839
0.137906
0.137973
0.138038
0.138102
0.138165
0.138227
0.138286
0.138344
0.138399
0.138453
0.138504
0.138554
0.138601
0.138646
0.138688
0.138729
0.138768
0.138806
0.138842
0.138877
0.138911
0.138944
0.138978
0.139013
0.139048
0.139086
0.139127
0.13917
0.139221
0.139266
0.139364
0.136729
0.136502
0.136279
0.136065
0.135861
0.13567
0.135493
0.135331
0.135183
0.135053
0.134948
0.134878
0.134844
0.134835
0.134842
0.134862
0.13489
0.134925
0.134963
0.135003
0.135046
0.13509
0.135136
0.135183
0.13523
0.13528
0.13533
0.135381
0.135434
0.135488
0.135544
0.135601
0.13566
0.13572
0.135782
0.135844
0.135909
0.135974
0.13604
0.136106
0.136174
0.136241
0.136309
0.136377
0.136445
0.136512
0.136579
0.136645
0.136711
0.136775
0.136839
0.136902
0.136964
0.137025
0.137085
0.137144
0.137202
0.137259
0.137315
0.137371
0.137425
0.137478
0.137531
0.137583
0.137634
0.137684
0.137734
0.137783
0.137831
0.137879
0.137926
0.137972
0.13802
0.138059
0.138129
0.136057
0.135704
0.135365
0.135045
0.134747
0.134473
0.134225
0.134003
0.133805
0.133629
0.133477
0.133348
0.133242
0.133158
0.133094
0.133046
0.133014
0.132994
0.132985
0.132985
0.132992
0.133016
0.13306
0.133115
0.133176
0.133239
0.133303
0.133368
0.133433
0.133498
0.133564
0.13363
0.133696
0.133763
0.133831
0.133899
0.133968
0.134037
0.134107
0.134176
0.134246
0.134315
0.134384
0.134453
0.134521
0.134588
0.134655
0.13472
0.134784
0.134848
0.13491
0.13497
0.13503
0.135089
0.135146
0.135203
0.135258
0.135312
0.135366
0.135418
0.13547
0.135521
0.135572
0.135622
0.135671
0.13572
0.135768
0.135816
0.135864
0.135911
0.135958
0.136004
0.136051
0.13609
0.136158
0.134603
0.134142
0.133701
0.133292
0.132922
0.132595
0.132319
0.132104
0.131954
0.131857
0.131797
0.131762
0.131743
0.131735
0.131733
0.131736
0.131741
0.131748
0.131756
0.131764
0.131772
0.131781
0.131791
0.131803
0.131817
0.131832
0.13185
0.13187
0.131892
0.131915
0.131941
0.131969
0.131999
0.132031
0.132064
0.1321
0.132138
0.132177
0.132217
0.132259
0.132303
0.132347
0.132392
0.132437
0.132483
0.132529
0.132575
0.132621
0.132666
0.132712
0.132757
0.132801
0.132845
0.132889
0.132931
0.132974
0.133016
0.133057
0.133098
0.133139
0.13318
0.13322
0.13326
0.1333
0.13334
0.133381
0.133421
0.133461
0.133502
0.133543
0.133584
0.133625
0.133668
0.133704
0.133769
0.132526
0.131705
0.130956
0.130297
0.129734
0.129265
0.128883
0.128576
0.128334
0.128147
0.128007
0.127906
0.127838
0.127795
0.127776
0.127776
0.12779
0.127817
0.127852
0.127894
0.127941
0.127992
0.128056
0.128132
0.128213
0.128294
0.128375
0.128453
0.128529
0.128602
0.128674
0.128743
0.12881
0.128876
0.12894
0.129003
0.129065
0.129127
0.129187
0.129248
0.129307
0.129366
0.129425
0.129483
0.129541
0.129598
0.129655
0.129712
0.129768
0.129824
0.129879
0.129934
0.129988
0.130043
0.130097
0.130151
0.130205
0.130259
0.130314
0.130369
0.130424
0.13048
0.130537
0.130595
0.130653
0.130713
0.130774
0.130836
0.1309
0.130965
0.131031
0.131099
0.131171
0.131234
0.131348
0.128202
0.126768
0.125552
0.124576
0.123992
0.123726
0.123634
0.123632
0.123678
0.123749
0.123831
0.12392
0.124009
0.124098
0.124185
0.12427
0.124353
0.124434
0.124514
0.124592
0.124668
0.124744
0.12482
0.124895
0.12497
0.125046
0.125122
0.125198
0.125274
0.125351
0.125428
0.125506
0.125585
0.125665
0.125746
0.125828
0.125912
0.125997
0.126083
0.126172
0.126262
0.126354
0.126448
0.126544
0.126642
0.126742
0.126844
0.126948
0.127054
0.127162
0.127272
0.127385
0.127499
0.127616
0.127736
0.127857
0.127982
0.128108
0.128238
0.128371
0.128506
0.128645
0.128787
0.128932
0.129081
0.129233
0.12939
0.12955
0.129714
0.129882
0.130054
0.13023
0.130414
0.13058
0.130871
0.116779
0.113317
0.110944
0.11
0.109833
0.110009
0.110345
0.110762
0.11122
0.111695
0.112175
0.112651
0.113117
0.113571
0.114012
0.11444
0.114855
0.115258
0.11565
0.116032
0.116405
0.11677
0.117127
0.117478
0.117823
0.118162
0.118498
0.118829
0.119157
0.119482
0.119805
0.120127
0.120448
0.120768
0.121088
0.121408
0.121729
0.122052
0.122375
0.122701
0.123028
0.123357
0.123689
0.124022
0.124359
0.124698
0.12504
0.125384
0.125732
0.126083
0.126436
0.126793
0.127153
0.127517
0.127884
0.128255
0.12863
0.129008
0.12939
0.129777
0.130167
0.130562
0.130961
0.131365
0.131774
0.132186
0.132604
0.133026
0.133453
0.133885
0.134322
0.134762
0.135215
0.135625
0.136316
0.0650736
0.0660575
0.0679854
0.0703809
0.0730109
0.0757318
0.0784574
0.0811353
0.0837312
0.0862228
0.0885974
0.0908494
0.0929786
0.0949881
0.0968834
0.0986712
0.100359
0.101954
0.103465
0.104899
0.106262
0.107561
0.108802
0.10999
0.111131
0.11223
0.11329
0.114316
0.115311
0.11628
0.117225
0.118149
0.119056
0.119947
0.120826
0.121693
0.122551
0.123402
0.124246
0.125085
0.125921
0.126754
0.127584
0.128413
0.129241
0.130068
0.130896
0.131724
0.132552
0.133382
0.134213
0.135046
0.13588
0.136716
0.137554
0.138393
0.139234
0.140077
0.140922
0.141768
0.142616
0.143465
0.144316
0.145167
0.146019
0.146871
0.147724
0.148579
0.149434
0.150291
0.151148
0.152003
0.152866
0.153677
0.155031
0.0564345
0.0552683
0.0574544
0.0606539
0.0641413
0.0676498
0.0710749
0.0743876
0.0775861
0.0806748
0.0836593
0.0865466
0.0893438
0.0920576
0.0946942
0.0972594
0.0997585
0.102196
0.104578
0.106906
0.109187
0.111422
0.113617
0.115774
0.117896
0.119987
0.12205
0.124087
0.126101
0.128094
0.130068
0.132024
0.133964
0.135889
0.1378
0.139697
0.14158
0.143448
0.145303
0.147144
0.148969
0.150779
0.152573
0.15435
0.156114
0.157868
0.159611
0.16134
0.163055
0.164755
0.166437
0.168102
0.169749
0.171377
0.172985
0.174574
0.176142
0.177689
0.179216
0.180722
0.182206
0.18367
0.185111
0.186531
0.187929
0.189304
0.190657
0.191985
0.193288
0.194567
0.195822
0.197051
0.198264
0.199381
0.201039
0.136459
0.138297
0.140448
0.142777
0.145243
0.147804
0.15041
0.153022
0.155609
0.158151
0.160633
0.163044
0.165379
0.167636
0.169815
0.171915
0.173941
0.175895
0.17778
0.1796
0.181359
0.183059
0.184706
0.186303
0.187853
0.18936
0.190827
0.192258
0.193655
0.195021
0.196357
0.197667
0.19895
0.20021
0.201446
0.202656
0.203836
0.204988
0.206112
0.20721
0.208281
0.209327
0.210347
0.211343
0.212312
0.21325
0.214159
0.21504
0.215895
0.216724
0.217528
0.21831
0.219069
0.219807
0.220525
0.221224
0.221904
0.222567
0.223213
0.223842
0.224456
0.225055
0.225638
0.226208
0.226764
0.227306
0.227835
0.22835
0.228854
0.229344
0.229823
0.230289
0.230747
0.231165
0.231791
0.144377
0.144456
0.144984
0.14571
0.146558
0.147494
0.1485
0.149567
0.150687
0.151854
0.153063
0.154308
0.155584
0.156885
0.158208
0.159548
0.1609
0.16226
0.163625
0.16499
0.166352
0.167708
0.169056
0.170391
0.171713
0.173018
0.174306
0.175573
0.17682
0.178044
0.179245
0.180423
0.181576
0.182704
0.183807
0.184889
0.185949
0.186987
0.188002
0.188994
0.189962
0.190907
0.191829
0.192728
0.193604
0.194458
0.195288
0.196097
0.196883
0.197648
0.198391
0.199113
0.199815
0.200496
0.201158
0.2018
0.202424
0.20303
0.203618
0.204189
0.204743
0.205282
0.205805
0.206313
0.206807
0.207287
0.207754
0.208209
0.208651
0.209082
0.209502
0.209911
0.210315
0.210676
0.211251
0.140199
0.141179
0.142082
0.142925
0.143721
0.144479
0.145205
0.145903
0.146578
0.147232
0.147869
0.148491
0.149099
0.149696
0.150282
0.150859
0.151428
0.151989
0.152543
0.153092
0.153634
0.154171
0.154703
0.15523
0.155753
0.156272
0.156786
0.157297
0.157804
0.158307
0.158807
0.159303
0.159796
0.160286
0.160773
0.161257
0.16174
0.162225
0.162711
0.163199
0.163687
0.164176
0.164666
0.165155
0.165644
0.166132
0.16662
0.167106
0.16759
0.168073
0.168553
0.169031
0.169507
0.169979
0.170449
0.170916
0.171379
0.171839
0.172296
0.172749
0.173198
0.173643
0.174084
0.174521
0.174954
0.175383
0.175808
0.176228
0.176644
0.177056
0.177463
0.177865
0.178268
0.178631
0.179216
0.13713
0.137819
0.13854
0.139282
0.140035
0.140794
0.141553
0.142309
0.143059
0.143801
0.144535
0.145258
0.14597
0.146671
0.14736
0.148036
0.1487
0.149351
0.14999
0.150616
0.15123
0.151832
0.152423
0.153002
0.153571
0.15413
0.154678
0.155217
0.155746
0.156267
0.156779
0.157284
0.157779
0.158267
0.158746
0.159217
0.159679
0.160131
0.160574
0.161007
0.161431
0.161846
0.162253
0.162652
0.163043
0.163426
0.163802
0.16417
0.164532
0.164887
0.165236
0.165578
0.165914
0.166244
0.166569
0.166888
0.167202
0.167511
0.167816
0.168116
0.168411
0.168702
0.168989
0.169272
0.169552
0.169828
0.170101
0.17037
0.170636
0.1709
0.17116
0.171417
0.171675
0.171906
0.172284
0.137697
0.137815
0.137979
0.138187
0.138435
0.138718
0.139031
0.13937
0.139733
0.140116
0.140516
0.14093
0.141356
0.141791
0.142235
0.142683
0.143135
0.14359
0.144045
0.144501
0.144954
0.145406
0.145855
0.1463
0.146741
0.147177
0.147609
0.148035
0.148457
0.148873
0.149283
0.149688
0.150087
0.150482
0.150871
0.151256
0.151636
0.152011
0.152381
0.152747
0.153107
0.153463
0.153814
0.15416
0.154501
0.154837
0.155169
0.155496
0.155818
0.156135
0.156448
0.156756
0.15706
0.157359
0.157654
0.157945
0.158231
0.158514
0.158793
0.159068
0.15934
0.159608
0.159873
0.160134
0.160393
0.160649
0.160903
0.161154
0.161402
0.161649
0.161893
0.162134
0.162377
0.162596
0.162954
0.138693
0.138803
0.138914
0.13903
0.139151
0.13928
0.139416
0.139561
0.139716
0.13988
0.140054
0.140237
0.140429
0.140629
0.140836
0.14105
0.14127
0.141495
0.141724
0.141956
0.142192
0.142429
0.142668
0.142909
0.143151
0.143393
0.143636
0.143879
0.144123
0.144366
0.144609
0.144852
0.145094
0.145336
0.145578
0.145819
0.146059
0.146299
0.146538
0.146777
0.147015
0.147252
0.147488
0.147723
0.147957
0.148191
0.148423
0.148654
0.148883
0.149112
0.149339
0.149564
0.149789
0.150012
0.150234
0.150454
0.150673
0.15089
0.151107
0.151322
0.151536
0.151748
0.15196
0.152171
0.15238
0.152589
0.152797
0.153004
0.153211
0.153416
0.153622
0.153826
0.154032
0.154219
0.154526
0.138888
0.139
0.139113
0.139228
0.139344
0.139461
0.139579
0.139698
0.139818
0.139941
0.140066
0.140194
0.140325
0.140458
0.140595
0.140735
0.140877
0.141021
0.141167
0.141315
0.141464
0.141615
0.141767
0.141921
0.142075
0.14223
0.142386
0.142543
0.1427
0.142857
0.143015
0.143174
0.143333
0.143493
0.143653
0.143813
0.143974
0.144135
0.144296
0.144458
0.14462
0.144782
0.144944
0.145107
0.145269
0.145432
0.145595
0.145757
0.14592
0.146082
0.146245
0.146407
0.146568
0.14673
0.146891
0.147052
0.147212
0.147372
0.147532
0.147691
0.147849
0.148007
0.148164
0.148321
0.148477
0.148632
0.148786
0.148939
0.149092
0.149243
0.149394
0.149544
0.149695
0.149832
0.150053
0.139236
0.139349
0.139465
0.139582
0.1397
0.139819
0.139938
0.140057
0.140177
0.140297
0.140417
0.140539
0.140662
0.140786
0.140912
0.141038
0.141165
0.141292
0.141421
0.141549
0.141678
0.141806
0.141935
0.142063
0.14219
0.142318
0.142445
0.142571
0.142698
0.142824
0.14295
0.143076
0.143202
0.143328
0.143455
0.143581
0.143708
0.143834
0.143961
0.144089
0.144216
0.144344
0.144471
0.144599
0.144727
0.144855
0.144982
0.145109
0.145236
0.145362
0.145488
0.145612
0.145736
0.145858
0.145979
0.146098
0.146215
0.14633
0.146443
0.146553
0.146661
0.146767
0.146869
0.146969
0.147067
0.147162
0.147255
0.147347
0.147438
0.147529
0.14762
0.147713
0.14781
0.147902
0.148067
0.139194
0.139308
0.139424
0.139541
0.139659
0.139778
0.139896
0.140014
0.140132
0.14025
0.140369
0.140488
0.140608
0.140729
0.140851
0.140973
0.141096
0.141219
0.141342
0.141465
0.141589
0.141712
0.141834
0.141957
0.142079
0.1422
0.142322
0.142443
0.142565
0.142686
0.142807
0.142928
0.14305
0.143171
0.143292
0.143413
0.143534
0.143655
0.143775
0.143893
0.144011
0.144127
0.14424
0.144352
0.14446
0.144565
0.144666
0.144762
0.144855
0.144942
0.145024
0.1451
0.145172
0.145238
0.145299
0.145357
0.145411
0.145464
0.145516
0.14557
0.145628
0.145693
0.145768
0.145858
0.145966
0.146099
0.146261
0.146459
0.146699
0.14699
0.147339
0.147752
0.148255
0.148761
0.149837
0.139593
0.139686
0.139784
0.139885
0.139989
0.140095
0.140201
0.140309
0.140418
0.140527
0.140639
0.140751
0.140865
0.14098
0.141096
0.141214
0.141332
0.14145
0.141569
0.141688
0.141807
0.141925
0.142044
0.142162
0.14228
0.142397
0.142514
0.142631
0.142746
0.14286
0.142973
0.143083
0.14319
0.143294
0.143393
0.143487
0.143574
0.143655
0.143728
0.143793
0.143849
0.143896
0.143935
0.143966
0.14399
0.144009
0.144026
0.144044
0.144067
0.144099
0.144148
0.14422
0.144323
0.144467
0.144664
0.144924
0.145262
0.145693
0.146232
0.146897
0.147707
0.14868
0.149838
0.151202
0.152792
0.154631
0.156741
0.159141
0.161853
0.164896
0.168287
0.172033
0.176214
0.180363
0.187788
0.139806
0.139908
0.140011
0.140116
0.140222
0.140329
0.140436
0.140543
0.140651
0.14076
0.140869
0.14098
0.141092
0.141206
0.14132
0.141436
0.141553
0.141671
0.141789
0.141907
0.142024
0.142139
0.142252
0.14236
0.142463
0.14256
0.142648
0.142725
0.142791
0.142844
0.142884
0.142909
0.142921
0.14292
0.142909
0.142892
0.142873
0.14286
0.142861
0.142886
0.14295
0.143065
0.143251
0.143527
0.143916
0.144442
0.145132
0.146016
0.147126
0.148494
0.150155
0.152146
0.154502
0.157259
0.160452
0.164116
0.168281
0.172977
0.178228
0.184055
0.190473
0.197493
0.205118
0.213345
0.222167
0.231568
0.241527
0.252016
0.263002
0.274448
0.286311
0.298543
0.311123
0.323622
0.341376
0.14014
0.140245
0.140352
0.140462
0.140574
0.140686
0.140799
0.140912
0.141025
0.141138
0.141253
0.141368
0.141484
0.141599
0.141713
0.141824
0.141929
0.142026
0.14211
0.142179
0.14223
0.142261
0.142269
0.142255
0.142221
0.142172
0.142115
0.14206
0.142022
0.142019
0.142074
0.142215
0.142472
0.142883
0.143489
0.144334
0.145467
0.146941
0.14881
0.151131
0.153959
0.157352
0.161362
0.166041
0.171433
0.177578
0.184508
0.192244
0.200801
0.210181
0.220377
0.231371
0.243133
0.255627
0.268805
0.282614
0.296994
0.311879
0.327201
0.342892
0.358882
0.375102
0.391487
0.407975
0.424507
0.441031
0.457498
0.473868
0.490101
0.506166
0.522034
0.537682
0.55309
0.568328
0.586072
0.14043
0.140541
0.140654
0.140769
0.140887
0.141006
0.141126
0.141245
0.141362
0.141475
0.14158
0.14167
0.141738
0.141777
0.141784
0.141754
0.141691
0.141603
0.141505
0.141419
0.141376
0.141418
0.141595
0.141965
0.142597
0.143566
0.144955
0.146853
0.149351
0.152541
0.156512
0.161351
0.167134
0.173928
0.181786
0.190744
0.200822
0.21202
0.22432
0.237683
0.252056
0.267368
0.283534
0.30046
0.318044
0.336179
0.354758
0.373675
0.392827
0.412118
0.431462
0.450779
0.470001
0.48907
0.507938
0.526565
0.544924
0.562992
0.580755
0.598204
0.615336
0.63215
0.648649
0.664838
0.680723
0.696311
0.711606
0.726617
0.741347
0.755802
0.769984
0.783893
0.797533
0.810957
0.824663
0.140791
0.140914
0.141036
0.141159
0.141282
0.141397
0.14149
0.141543
0.141539
0.141473
0.141352
0.141205
0.141082
0.141056
0.141223
0.141704
0.142634
0.144164
0.146457
0.149674
0.153978
0.159516
0.16642
0.174797
0.184722
0.196237
0.209346
0.224014
0.240171
0.257715
0.276511
0.296407
0.317232
0.338807
0.360952
0.38349
0.406256
0.429098
0.451882
0.474491
0.496831
0.518826
0.540419
0.561569
0.582251
0.602452
0.622169
0.641408
0.660178
0.678494
0.696373
0.713834
0.730893
0.747569
0.763878
0.779836
0.795457
0.810753
0.825737
0.84042
0.854811
0.86892
0.882755
0.896325
0.909637
0.922699
0.935516
0.948096
0.960444
0.972562
0.984452
0.996106
1.00749
1.01847
1.02853
0.141086
0.141216
0.141338
0.141391
0.14133
0.141161
0.140979
0.140961
0.141366
0.142511
0.144746
0.148428
0.153892
0.161425
0.17125
0.183509
0.19825
0.215435
0.234934
0.256546
0.280006
0.305008
0.331222
0.358309
0.385941
0.413814
0.441655
0.469232
0.496357
0.522883
0.548706
0.573758
0.598003
0.621429
0.644048
0.665882
0.686965
0.707337
0.727039
0.746113
0.764597
0.782529
0.799942
0.816866
0.83333
0.849356
0.864968
0.880185
0.895027
0.90951
0.923651
0.937465
0.950967
0.964171
0.977089
0.989734
1.00212
1.01425
1.02615
1.03781
1.04925
1.06048
1.0715
1.08233
1.09296
1.10341
1.11368
1.12378
1.1337
1.14345
1.15303
1.16239
1.17146
1.17995
1.18701
0.141616
0.14156
0.141426
0.141932
0.144132
0.149139
0.157901
0.171048
0.188839
0.211173
0.23765
0.267653
0.300432
0.335182
0.371115
0.407504
0.443727
0.479275
0.513766
0.546934
0.578619
0.608748
0.637318
0.664375
0.689999
0.71429
0.737355
0.759301
0.780229
0.800231
0.81939
0.837776
0.855452
0.872471
0.888881
0.904722
0.920033
0.934846
0.949193
0.963102
0.9766
0.989711
1.00246
1.01486
1.02694
1.03872
1.05021
1.06143
1.07238
1.0831
1.09358
1.10384
1.11388
1.12373
1.13338
1.14285
1.15214
1.16127
1.17023
1.17904
1.18771
1.19623
1.20461
1.21286
1.22099
1.22899
1.23687
1.24464
1.25228
1.2598
1.26718
1.27435
1.2812
1.28737
1.29205
0.145463
0.154544
0.174467
0.206061
0.247714
0.296564
0.349494
0.403731
0.457108
0.508122
0.555867
0.599913
0.640179
0.676818
0.710121
0.740446
0.768165
0.793631
0.817161
0.839025
0.859451
0.878622
0.896689
0.913775
0.929981
0.945391
0.960078
0.974106
0.987531
1.0004
1.01277
1.02467
1.03614
1.04722
1.05792
1.06829
1.07834
1.0881
1.09758
1.1068
1.11578
1.12454
1.13307
1.14141
1.14956
1.15753
1.16532
1.17296
1.18045
1.18779
1.195
1.20207
1.20903
1.21586
1.22259
1.22921
1.23573
1.24215
1.24847
1.25471
1.26087
1.26694
1.27294
1.27886
1.2847
1.29048
1.29618
1.30182
1.30737
1.31283
1.31816
1.32329
1.32807
1.3322
1.33504
0.266154
0.366911
0.466946
0.557014
0.633701
0.697183
0.749175
0.791802
0.827079
0.856715
0.882059
0.904132
0.923681
0.94124
0.957192
0.971815
0.985315
0.997855
1.00956
1.02054
1.03088
1.04066
1.04994
1.05877
1.06721
1.07528
1.08303
1.09048
1.09766
1.10459
1.11129
1.11777
1.12406
1.13017
1.13611
1.14189
1.14753
1.15303
1.15841
1.16367
1.16882
1.17386
1.1788
1.18366
1.18843
1.19311
1.19772
1.20226
1.20673
1.21114
1.21548
1.21977
1.224
1.22818
1.23231
1.2364
1.24044
1.24445
1.24841
1.25233
1.25622
1.26008
1.2639
1.26769
1.27145
1.27517
1.27886
1.28251
1.28611
1.28963
1.29305
1.29628
1.2992
1.30158
1.30304
0.785087
0.879132
0.931621
0.96215
0.981414
0.994845
1.00511
1.01351
1.02067
1.02694
1.03253
1.03758
1.04219
1.04645
1.05042
1.05415
1.05766
1.061
1.06417
1.0672
1.0701
1.07288
1.07557
1.07817
1.08068
1.08312
1.08549
1.0878
1.09006
1.09226
1.09442
1.09653
1.09861
1.10064
1.10265
1.10462
1.10656
1.10848
1.11037
1.11224
1.11409
1.11592
1.11773
1.11952
1.1213
1.12307
1.12482
1.12657
1.1283
1.13002
1.13173
1.13344
1.13514
1.13683
1.13851
1.1402
1.14187
1.14355
1.14522
1.14689
1.14855
1.15022
1.15188
1.15354
1.1552
1.15685
1.15849
1.16012
1.16173
1.16329
1.16478
1.16615
1.16733
1.16821
1.16866
0.112198
0.11057
0.10975
0.109042
0.108354
0.107674
0.107
0.10633
0.105664
0.105002
0.104343
0.103686
0.103029
0.102373
0.101716
0.101057
0.100391
0.0997127
0.0990281
0.0983387
0.0976457
0.0969506
0.0962546
0.0955591
0.0948654
0.0941747
0.0934882
0.0928072
0.0921329
0.0914663
0.090808
0.0901583
0.0895156
0.0887747
0.0880368
0.0873046
0.086576
0.0858527
0.0851367
0.0844301
0.083735
0.0830537
0.0823877
0.0817385
0.0811062
0.0804895
0.0798843
0.0792492
0.0784355
0.0776382
0.0768697
0.0761268
0.0754129
0.0747313
0.0740845
0.0734729
0.0728936
0.0723395
0.0717978
0.0711019
0.0701987
0.0693635
0.0686272
0.0679716
0.0673766
0.0668131
0.0662456
0.064978
0.0638365
0.062567
0.140529
0.140814
0.141103
0.141371
0.141618
0.141844
0.14205
0.142236
0.142401
0.142547
0.142673
0.142776
0.142854
0.142901
0.142909
0.14287
0.142794
0.142701
0.142596
0.142481
0.142357
0.142228
0.142099
0.141978
0.141882
0.141818
0.141766
0.141718
0.141669
0.14162
0.141568
0.141514
0.141457
0.141379
0.141301
0.141218
0.141131
0.141038
0.140942
0.140841
0.140737
0.140631
0.140522
0.140413
0.140303
0.140192
0.14008
0.139959
0.139789
0.139621
0.139455
0.139288
0.139123
0.13896
0.138801
0.138649
0.138502
0.138363
0.138228
0.138044
0.137794
0.137563
0.137357
0.137175
0.137017
0.136878
0.136752
0.136394
0.136117
0.135771
0.137561
0.137709
0.137857
0.138008
0.138162
0.138319
0.138478
0.13864
0.138803
0.138969
0.139135
0.139304
0.139473
0.139643
0.139813
0.139983
0.140152
0.140322
0.14049
0.140657
0.140822
0.140984
0.141144
0.141301
0.141456
0.141607
0.141755
0.141901
0.142043
0.142182
0.142317
0.14245
0.142581
0.142722
0.142865
0.143005
0.143142
0.143274
0.143401
0.143524
0.14364
0.143751
0.143855
0.143953
0.144044
0.144131
0.144215
0.144303
0.144404
0.144506
0.144596
0.144674
0.144737
0.14478
0.1448
0.1448
0.144793
0.144785
0.144782
0.14479
0.14481
0.144829
0.144849
0.144873
0.144904
0.144931
0.144958
0.144998
0.145008
0.144984
0.134758
0.134792
0.134828
0.134865
0.134903
0.134942
0.134982
0.135024
0.135068
0.135113
0.135159
0.135207
0.135257
0.135308
0.135362
0.135417
0.135475
0.135535
0.135597
0.135662
0.135729
0.135798
0.135869
0.135942
0.136016
0.136092
0.136168
0.136245
0.136323
0.136401
0.136479
0.136558
0.136637
0.136722
0.136811
0.136901
0.136991
0.137081
0.137171
0.13726
0.137348
0.137435
0.13752
0.137604
0.137686
0.137766
0.137845
0.137927
0.138024
0.138124
0.138221
0.138315
0.138405
0.13849
0.13857
0.138643
0.138712
0.138777
0.138841
0.138916
0.139012
0.139105
0.139185
0.139252
0.139307
0.139356
0.139405
0.139496
0.13957
0.139643
0.138536
0.138503
0.138469
0.138435
0.138401
0.138366
0.138332
0.138298
0.138264
0.13823
0.138195
0.138158
0.138121
0.138081
0.138038
0.137992
0.137943
0.137891
0.137836
0.137779
0.137723
0.137667
0.137612
0.137559
0.137507
0.137457
0.137408
0.137361
0.137315
0.137272
0.13723
0.13719
0.137151
0.137112
0.137074
0.137039
0.137007
0.136977
0.13695
0.136924
0.136901
0.136879
0.136859
0.136841
0.136824
0.136808
0.136794
0.136781
0.13677
0.136758
0.136748
0.13674
0.136732
0.136726
0.13672
0.136715
0.136711
0.136708
0.136706
0.136708
0.136712
0.136716
0.13672
0.136723
0.136726
0.136729
0.136734
0.136751
0.13677
0.136794
0.137529
0.137563
0.137596
0.137628
0.137659
0.137688
0.137717
0.137744
0.137771
0.137798
0.137823
0.137848
0.137872
0.137894
0.137916
0.137936
0.137955
0.137973
0.137989
0.138004
0.138018
0.13803
0.138041
0.138051
0.13806
0.138068
0.138074
0.138079
0.138084
0.138087
0.13809
0.138091
0.138092
0.138092
0.138091
0.138089
0.138086
0.138082
0.138077
0.138072
0.138066
0.138059
0.138051
0.138043
0.138035
0.138026
0.138016
0.138006
0.137994
0.137981
0.137967
0.137952
0.137937
0.137922
0.137906
0.13789
0.137875
0.137859
0.137844
0.137828
0.137808
0.137788
0.137768
0.137749
0.137731
0.137714
0.1377
0.137681
0.137666
0.137656
0.138899
0.138886
0.138873
0.13886
0.138847
0.138833
0.138817
0.138801
0.138786
0.138772
0.138759
0.138748
0.138737
0.138728
0.138719
0.138711
0.138703
0.138697
0.138691
0.138686
0.138682
0.138678
0.138676
0.138675
0.138675
0.138675
0.138677
0.138679
0.138682
0.138686
0.138689
0.138693
0.138697
0.138701
0.138704
0.138707
0.138711
0.138714
0.138718
0.138721
0.138724
0.138727
0.13873
0.138733
0.138736
0.138738
0.138739
0.138739
0.138738
0.138735
0.138733
0.138731
0.138729
0.138726
0.138724
0.138721
0.138719
0.138716
0.138711
0.138705
0.138695
0.138686
0.138678
0.138671
0.138665
0.138659
0.138652
0.138641
0.138637
0.138636
0.138039
0.138058
0.138078
0.138097
0.138116
0.138134
0.138153
0.138171
0.138188
0.138206
0.138224
0.138242
0.13826
0.138278
0.138296
0.138313
0.13833
0.138347
0.138364
0.13838
0.138396
0.138412
0.138428
0.138443
0.138458
0.138472
0.138487
0.138501
0.138515
0.138529
0.138542
0.138555
0.138568
0.138581
0.138594
0.138607
0.138619
0.138631
0.138643
0.138655
0.138666
0.138676
0.138686
0.138696
0.138706
0.138715
0.138724
0.138732
0.138741
0.138749
0.138757
0.138764
0.138771
0.138777
0.138782
0.138787
0.138792
0.138796
0.138801
0.138805
0.138809
0.138812
0.138815
0.138817
0.138819
0.138821
0.138823
0.138825
0.138828
0.138831
0.139044
0.139033
0.139022
0.139013
0.139004
0.138994
0.138984
0.138974
0.138964
0.138956
0.138949
0.138944
0.13894
0.138937
0.138936
0.138936
0.138937
0.138939
0.138942
0.138946
0.138952
0.138958
0.138964
0.138972
0.13898
0.138989
0.138998
0.139007
0.139016
0.139026
0.139035
0.139043
0.13905
0.139056
0.139063
0.139069
0.139075
0.139081
0.139087
0.139092
0.139098
0.139104
0.13911
0.139115
0.139121
0.139126
0.13913
0.139134
0.139138
0.139141
0.139145
0.139149
0.139152
0.139156
0.13916
0.139164
0.139167
0.139169
0.139171
0.139173
0.139173
0.139174
0.139175
0.139177
0.139178
0.139178
0.139178
0.139176
0.139176
0.139178
0.139094
0.139094
0.139094
0.139095
0.139095
0.139096
0.139098
0.139099
0.139101
0.139104
0.139106
0.13911
0.139113
0.139116
0.13912
0.139123
0.139126
0.13913
0.139133
0.139136
0.139138
0.13914
0.139143
0.139144
0.139146
0.139147
0.139147
0.139148
0.139148
0.139147
0.139146
0.139145
0.139144
0.139142
0.13914
0.139137
0.139134
0.13913
0.139126
0.139121
0.139115
0.139109
0.139102
0.139095
0.139087
0.13908
0.139075
0.139071
0.139069
0.139066
0.139062
0.139059
0.139057
0.139057
0.139059
0.139062
0.139066
0.139071
0.139075
0.139078
0.139082
0.139087
0.139093
0.139101
0.139109
0.139115
0.139119
0.139123
0.13913
0.139135
0.139611
0.139604
0.139596
0.139588
0.139581
0.139573
0.139566
0.139559
0.139552
0.139546
0.13954
0.139534
0.139529
0.139523
0.139518
0.139513
0.13951
0.139507
0.139506
0.139506
0.139507
0.139509
0.139512
0.139515
0.139519
0.139523
0.139526
0.139529
0.139532
0.139534
0.139536
0.139537
0.139538
0.139539
0.13954
0.13954
0.13954
0.139541
0.139541
0.139541
0.139541
0.139541
0.139542
0.139542
0.139542
0.139542
0.139542
0.139541
0.139541
0.13954
0.13954
0.13954
0.139541
0.139541
0.139542
0.139543
0.139544
0.139545
0.139546
0.139546
0.139546
0.139546
0.139547
0.139548
0.139549
0.139549
0.139549
0.139546
0.139545
0.139545
0.13993
0.139925
0.139919
0.139914
0.139909
0.139903
0.139897
0.13989
0.139884
0.139877
0.13987
0.139863
0.139856
0.139849
0.139842
0.139834
0.139826
0.139818
0.13981
0.139802
0.139793
0.139785
0.139777
0.139769
0.139762
0.139754
0.139747
0.139741
0.139735
0.139732
0.139729
0.139728
0.139728
0.139729
0.13973
0.139733
0.139735
0.139737
0.139739
0.13974
0.139742
0.139744
0.139745
0.139747
0.139748
0.13975
0.139751
0.139751
0.139752
0.139753
0.139754
0.139755
0.139756
0.139757
0.139758
0.139759
0.13976
0.13976
0.13976
0.13976
0.13976
0.139759
0.139759
0.139759
0.139759
0.139758
0.139756
0.139754
0.139752
0.139753
0.140343
0.140333
0.140323
0.140313
0.140303
0.140293
0.140282
0.140272
0.140261
0.140251
0.14024
0.14023
0.140219
0.140209
0.140199
0.140189
0.14018
0.140171
0.140162
0.140154
0.140147
0.140142
0.140139
0.140137
0.140134
0.140133
0.140131
0.140129
0.140127
0.140125
0.140124
0.140122
0.140121
0.140119
0.140118
0.140117
0.140116
0.140115
0.140114
0.140114
0.140113
0.140113
0.140113
0.140113
0.140113
0.140112
0.140112
0.140112
0.140111
0.140111
0.14011
0.14011
0.14011
0.14011
0.14011
0.140109
0.140109
0.140108
0.140107
0.140106
0.140104
0.140102
0.140101
0.140099
0.140097
0.140094
0.140092
0.140088
0.140086
0.140086
0.140749
0.140736
0.140723
0.14071
0.140696
0.140683
0.140669
0.140655
0.140642
0.140628
0.140614
0.1406
0.140586
0.140572
0.140559
0.140545
0.140533
0.14052
0.140508
0.140497
0.140486
0.140476
0.140467
0.14046
0.140454
0.14045
0.140447
0.140443
0.14044
0.140437
0.140434
0.140431
0.140429
0.140426
0.140424
0.140422
0.14042
0.140418
0.140416
0.140415
0.140413
0.140412
0.140411
0.140411
0.14041
0.140409
0.140408
0.140407
0.140406
0.140405
0.140405
0.140404
0.140404
0.140403
0.140402
0.140401
0.1404
0.140399
0.140398
0.140396
0.140394
0.140392
0.14039
0.140387
0.140384
0.140381
0.140378
0.140374
0.140371
0.140372
0.141114
0.141098
0.141081
0.141065
0.141048
0.141031
0.141015
0.140998
0.140982
0.140966
0.14095
0.140935
0.14092
0.140905
0.14089
0.140877
0.140863
0.140851
0.14084
0.140829
0.14082
0.140813
0.140807
0.140802
0.140797
0.140793
0.140789
0.140785
0.140782
0.140779
0.140776
0.140773
0.140771
0.140768
0.140766
0.140764
0.140763
0.140762
0.140761
0.14076
0.140759
0.140759
0.140759
0.140758
0.140758
0.140758
0.140758
0.140758
0.140758
0.140758
0.140758
0.140758
0.140758
0.140758
0.140757
0.140757
0.140756
0.140755
0.140754
0.140752
0.14075
0.140748
0.140746
0.140743
0.14074
0.140736
0.140732
0.140727
0.140725
0.140725
0.141409
0.141389
0.141368
0.141348
0.141327
0.141307
0.141287
0.141268
0.141248
0.14123
0.141211
0.141193
0.141175
0.141158
0.141142
0.141126
0.141111
0.141098
0.141085
0.141074
0.141065
0.141058
0.141051
0.141045
0.141039
0.141034
0.14103
0.141026
0.141023
0.141019
0.141017
0.141014
0.141012
0.141011
0.14101
0.141009
0.141008
0.141008
0.141009
0.141009
0.14101
0.141011
0.141012
0.141014
0.141016
0.141017
0.141019
0.141021
0.141022
0.141024
0.141026
0.141028
0.14103
0.141031
0.141033
0.141034
0.141035
0.141036
0.141036
0.141035
0.141035
0.141034
0.141033
0.141031
0.141029
0.141026
0.141022
0.141018
0.141015
0.141016
0.141779
0.141756
0.141732
0.141709
0.141686
0.141664
0.141643
0.141622
0.141602
0.141583
0.141564
0.141546
0.14153
0.141515
0.141501
0.141489
0.141479
0.14147
0.141462
0.141455
0.141449
0.141443
0.141438
0.141434
0.14143
0.141427
0.141424
0.141422
0.141421
0.14142
0.14142
0.14142
0.14142
0.141421
0.141423
0.141425
0.141427
0.14143
0.141434
0.141438
0.141442
0.141447
0.141452
0.141457
0.141462
0.141467
0.141473
0.141478
0.141482
0.141487
0.141493
0.141498
0.141504
0.141509
0.141513
0.141518
0.141522
0.141526
0.141529
0.14153
0.141531
0.141532
0.141533
0.141533
0.141532
0.141531
0.141528
0.141521
0.14152
0.141521
0.142258
0.142248
0.142238
0.142231
0.142227
0.142226
0.142227
0.14223
0.142235
0.142242
0.142251
0.142262
0.142274
0.142287
0.142302
0.142318
0.142335
0.142352
0.142371
0.14239
0.14241
0.142431
0.142453
0.142476
0.1425
0.142524
0.14255
0.142576
0.142604
0.142632
0.142662
0.142693
0.142726
0.142752
0.142785
0.142819
0.142854
0.14289
0.142927
0.142965
0.143004
0.143043
0.143084
0.143126
0.143169
0.143214
0.14326
0.143303
0.143329
0.143372
0.143416
0.143461
0.143507
0.143553
0.1436
0.143647
0.143697
0.143748
0.143801
0.143836
0.143849
0.143895
0.143944
0.143996
0.144049
0.144105
0.144168
0.144137
0.144237
0.144295
0.146112
0.146511
0.146962
0.147457
0.147992
0.148567
0.14918
0.14983
0.150515
0.151232
0.151981
0.152759
0.153563
0.154392
0.155242
0.156112
0.156996
0.15789
0.1588
0.159725
0.160662
0.161612
0.162574
0.163547
0.16453
0.165522
0.166524
0.167533
0.168551
0.169576
0.170608
0.171649
0.172697
0.173644
0.174675
0.175712
0.176747
0.177781
0.178812
0.179841
0.180867
0.181892
0.182914
0.183935
0.184955
0.185978
0.187005
0.187999
0.188813
0.189806
0.190809
0.191815
0.192825
0.193843
0.194875
0.195926
0.197004
0.198118
0.199279
0.20032
0.201263
0.202583
0.204021
0.20559
0.207326
0.209271
0.211477
0.213286
0.216487
0.219721
0.313335
0.329495
0.344674
0.35892
0.372339
0.38502
0.397036
0.408445
0.4193
0.429643
0.439511
0.448935
0.457943
0.466561
0.474809
0.482706
0.490263
0.497487
0.504416
0.511058
0.517426
0.523531
0.529383
0.534992
0.540369
0.545521
0.550459
0.55519
0.559723
0.564066
0.568228
0.572216
0.576037
0.579418
0.582899
0.586242
0.589449
0.59253
0.595495
0.598352
0.601112
0.603785
0.606383
0.608916
0.611396
0.613837
0.616253
0.618568
0.620467
0.622852
0.625275
0.627748
0.630288
0.632917
0.635653
0.638517
0.641532
0.644718
0.648097
0.651322
0.654489
0.658613
0.663025
0.667738
0.672768
0.678134
0.683854
0.688617
0.695795
0.702477
0.132949
0.132617
0.132317
0.13199
0.131666
0.131343
0.130974
0.130483
0.129741
0.129254
0.130221
0.130122
0.12993
0.12972
0.1295
0.129269
0.129029
0.12878
0.128522
0.128257
0.127984
0.127704
0.127418
0.127126
0.126831
0.126534
0.12624
0.125956
0.125679
0.125266
0.125714
0.125862
0.125737
0.125576
0.125406
0.12523
0.125049
0.124863
0.124672
0.124477
0.124278
0.124075
0.123868
0.123658
0.123444
0.123226
0.123006
0.122783
0.122558
0.122332
0.122106
0.121881
0.121659
0.12144
0.121227
0.121024
0.120833
0.12066
0.12051
0.12037
0.120161
0.120481
0.12058
0.120515
0.120433
0.120353
0.120275
0.1202
0.120126
0.120054
0.119983
0.119912
0.119841
0.119769
0.119696
0.119621
0.119545
0.119467
0.119386
0.119303
0.119217
0.119129
0.119038
0.118944
0.118846
0.118746
0.118643
0.118538
0.118429
0.118318
0.118205
0.118089
0.117972
0.117854
0.117737
0.117629
0.117544
0.117528
0.117735
0.118716
0.139933
0.139804
0.139723
0.139664
0.139618
0.139584
0.139561
0.139548
0.139537
0.139524
0.139529
0.139526
0.139525
0.139524
0.139523
0.139522
0.139519
0.139515
0.139509
0.139501
0.139491
0.139477
0.139461
0.13944
0.139416
0.139389
0.139358
0.139325
0.13929
0.139251
0.139228
0.139203
0.139174
0.139141
0.139107
0.139069
0.139029
0.138987
0.138943
0.138896
0.138848
0.138799
0.138747
0.138695
0.138641
0.138587
0.138532
0.138477
0.138422
0.138371
0.138325
0.138285
0.138251
0.138222
0.1382
0.138183
0.138171
0.138163
0.138159
0.138156
0.138148
0.138142
0.138137
0.138135
0.138137
0.138144
0.138156
0.138173
0.138194
0.13822
0.138249
0.138283
0.138321
0.138363
0.138408
0.138457
0.138509
0.138563
0.138622
0.138682
0.138746
0.138811
0.138879
0.138948
0.139018
0.139089
0.139161
0.139233
0.139306
0.139379
0.139452
0.139524
0.139596
0.139667
0.139737
0.139808
0.139884
0.139977
0.140128
0.140459
0.138849
0.138841
0.138828
0.13881
0.138787
0.13876
0.138728
0.138695
0.138664
0.13864
0.138617
0.138595
0.138571
0.138544
0.138514
0.138482
0.138446
0.138408
0.138366
0.13832
0.13827
0.138214
0.138151
0.138076
0.137987
0.137875
0.137741
0.137598
0.137463
0.137344
0.137264
0.137188
0.137093
0.136978
0.136858
0.136739
0.13662
0.136502
0.136384
0.136268
0.136153
0.136042
0.135934
0.135829
0.135727
0.135628
0.135532
0.135444
0.135371
0.135321
0.135291
0.135274
0.135264
0.135261
0.135262
0.135266
0.135274
0.135284
0.135297
0.13531
0.135324
0.135335
0.135348
0.135363
0.135381
0.1354
0.135422
0.135445
0.135471
0.135498
0.135528
0.135559
0.135592
0.135628
0.135665
0.135705
0.135746
0.13579
0.135836
0.135885
0.135935
0.135988
0.136043
0.1361
0.136158
0.136218
0.13628
0.136343
0.136408
0.136476
0.136545
0.136617
0.136691
0.136767
0.136846
0.136928
0.137012
0.1371
0.137192
0.137306
0.13857
0.138489
0.138415
0.138351
0.138294
0.138243
0.138197
0.138152
0.138112
0.138077
0.138051
0.138027
0.138004
0.137982
0.137959
0.137936
0.137913
0.13789
0.137865
0.137838
0.13781
0.13778
0.137747
0.137711
0.137673
0.137632
0.137589
0.137543
0.137497
0.13745
0.137407
0.137365
0.137321
0.137277
0.137231
0.137185
0.137137
0.137089
0.13704
0.136991
0.136941
0.136891
0.13684
0.136789
0.136738
0.136688
0.136638
0.136589
0.136541
0.136493
0.136445
0.136399
0.136354
0.136309
0.136265
0.136222
0.13618
0.136138
0.136096
0.136054
0.136013
0.135973
0.135934
0.135895
0.135857
0.135819
0.13578
0.135742
0.135703
0.135664
0.135624
0.135584
0.135544
0.135503
0.135462
0.13542
0.13538
0.135342
0.135308
0.135279
0.135256
0.135238
0.135219
0.135196
0.135163
0.135117
0.135066
0.135013
0.134959
0.134904
0.13485
0.134799
0.13475
0.134704
0.134665
0.134649
0.13465
0.134661
0.134681
0.134723
0.13924
0.139257
0.139276
0.139297
0.139316
0.139333
0.139348
0.13936
0.139369
0.139379
0.139388
0.139393
0.139393
0.139389
0.13938
0.139367
0.13935
0.139329
0.139305
0.139276
0.139243
0.139203
0.139154
0.139092
0.139019
0.138943
0.13887
0.138798
0.138729
0.138662
0.138601
0.138542
0.138484
0.138427
0.138371
0.138315
0.13826
0.138207
0.138155
0.138105
0.138057
0.138011
0.137966
0.137924
0.137886
0.137862
0.137851
0.137847
0.137848
0.137852
0.137858
0.137865
0.137873
0.137882
0.137891
0.137901
0.137911
0.137921
0.137932
0.137943
0.137954
0.137965
0.137976
0.137987
0.137999
0.138011
0.138025
0.138039
0.138053
0.138069
0.138085
0.138102
0.13812
0.138139
0.138159
0.13818
0.138203
0.138226
0.138251
0.138277
0.138304
0.138334
0.138364
0.138397
0.138431
0.138466
0.138501
0.138532
0.13856
0.138584
0.138604
0.13862
0.138633
0.138641
0.138646
0.138647
0.138645
0.138639
0.138629
0.138607
0.139136
0.139169
0.139194
0.139212
0.139224
0.139233
0.139239
0.139244
0.139246
0.139241
0.139226
0.139207
0.139186
0.139163
0.139136
0.13911
0.139081
0.139052
0.139024
0.138996
0.13897
0.138945
0.13892
0.138896
0.138872
0.138848
0.138823
0.138797
0.13877
0.138743
0.138716
0.138689
0.138661
0.138633
0.138604
0.138575
0.138545
0.138514
0.138483
0.138451
0.138419
0.138387
0.138354
0.138321
0.138288
0.138254
0.138222
0.138189
0.138158
0.138127
0.138097
0.138068
0.138039
0.138011
0.137983
0.137956
0.137929
0.137902
0.137876
0.13785
0.137824
0.137799
0.137775
0.137751
0.137726
0.137702
0.137678
0.137654
0.13763
0.137606
0.137582
0.137558
0.137533
0.13751
0.137487
0.137465
0.137446
0.137432
0.137422
0.137417
0.137414
0.137415
0.137418
0.137423
0.137429
0.137435
0.137437
0.13743
0.137405
0.137377
0.137349
0.137323
0.137301
0.137292
0.137302
0.137322
0.137348
0.137378
0.137414
0.137467
0.139451
0.139438
0.139429
0.139422
0.139417
0.139413
0.139411
0.139409
0.139409
0.139411
0.139415
0.139419
0.139424
0.139428
0.139431
0.139434
0.139436
0.139436
0.139436
0.139433
0.139429
0.139422
0.13941
0.139393
0.139367
0.139336
0.139302
0.139269
0.139236
0.139202
0.139168
0.139134
0.139099
0.139063
0.139026
0.138988
0.138948
0.138908
0.138869
0.138829
0.13879
0.138751
0.138713
0.138675
0.138639
0.138608
0.138586
0.138573
0.138563
0.138557
0.138552
0.138548
0.138544
0.138541
0.138538
0.138536
0.138534
0.138533
0.138532
0.138532
0.138532
0.138532
0.138532
0.138533
0.138535
0.138537
0.13854
0.138544
0.138548
0.138554
0.13856
0.138567
0.138574
0.138583
0.138593
0.138603
0.138615
0.138628
0.138642
0.138657
0.138674
0.138693
0.138712
0.138734
0.138757
0.138783
0.138808
0.138833
0.138855
0.138875
0.138892
0.138907
0.138919
0.138929
0.138936
0.138941
0.138943
0.138944
0.138942
0.138928
0.139309
0.139314
0.139319
0.139322
0.139326
0.139331
0.139337
0.139344
0.139353
0.139362
0.139372
0.139382
0.139392
0.139402
0.139411
0.13942
0.139429
0.139435
0.139441
0.139445
0.139446
0.139445
0.13944
0.139432
0.139419
0.139401
0.13938
0.139353
0.139323
0.139286
0.139247
0.139207
0.139167
0.139126
0.139086
0.139046
0.139007
0.138968
0.138929
0.13889
0.138851
0.138813
0.138776
0.13874
0.138705
0.138671
0.138639
0.138608
0.138578
0.13855
0.138522
0.138495
0.138469
0.138444
0.138419
0.138396
0.138373
0.138351
0.13833
0.138309
0.138289
0.138269
0.13825
0.138231
0.138212
0.138193
0.138174
0.138155
0.138136
0.138118
0.138099
0.13808
0.13806
0.13804
0.13802
0.138
0.137979
0.137957
0.137935
0.137913
0.13789
0.137866
0.137841
0.137816
0.13779
0.137763
0.137737
0.137715
0.137704
0.137708
0.13772
0.137737
0.137758
0.137783
0.137811
0.137842
0.137875
0.137911
0.137949
0.137995
0.13938
0.139378
0.139381
0.139386
0.139395
0.139405
0.139418
0.139432
0.139447
0.139464
0.13948
0.139497
0.139512
0.139525
0.139537
0.139546
0.139551
0.139553
0.139552
0.139545
0.139532
0.139513
0.139487
0.139453
0.139415
0.139376
0.139337
0.139299
0.139262
0.139226
0.139191
0.139156
0.139122
0.139089
0.139056
0.139024
0.138993
0.138963
0.138934
0.138906
0.138879
0.138853
0.138828
0.138808
0.138795
0.138788
0.138783
0.13878
0.138778
0.138777
0.138776
0.138775
0.138775
0.138775
0.138775
0.138775
0.138776
0.138777
0.138778
0.13878
0.138783
0.138786
0.138789
0.138794
0.138799
0.138804
0.138811
0.138818
0.138826
0.138834
0.138843
0.138852
0.138863
0.138873
0.138885
0.138897
0.138909
0.138922
0.138936
0.138951
0.138966
0.138982
0.138999
0.139017
0.139035
0.139053
0.139069
0.139082
0.139093
0.139102
0.139108
0.139112
0.139113
0.139113
0.139111
0.139107
0.139102
0.139095
0.139088
0.139073
0.139347
0.139369
0.139394
0.139419
0.139445
0.139471
0.139497
0.139523
0.139546
0.139568
0.139586
0.139601
0.139612
0.139618
0.139619
0.139614
0.139603
0.139587
0.139565
0.139537
0.139503
0.139467
0.139432
0.1394
0.139369
0.13934
0.139312
0.139286
0.139261
0.139236
0.139212
0.139189
0.139167
0.139146
0.139125
0.139105
0.139085
0.139066
0.139047
0.139029
0.139011
0.138993
0.138976
0.138958
0.138941
0.138924
0.138908
0.138893
0.138878
0.138863
0.138849
0.138836
0.138823
0.138811
0.138799
0.138787
0.138775
0.138765
0.138756
0.13875
0.138749
0.13875
0.138752
0.138756
0.13876
0.138766
0.138771
0.138777
0.138783
0.138788
0.138794
0.138799
0.138804
0.138809
0.138813
0.138818
0.138822
0.138826
0.138829
0.138832
0.138834
0.138836
0.138837
0.138838
0.13884
0.138844
0.13885
0.138859
0.138869
0.138882
0.138896
0.138913
0.13893
0.13895
0.138971
0.138992
0.139015
0.139039
0.139063
0.139089
0.139442
0.139474
0.139508
0.139541
0.139574
0.139605
0.139632
0.139656
0.139674
0.139687
0.139695
0.139695
0.139689
0.139678
0.139661
0.139636
0.139607
0.139578
0.139551
0.139527
0.139506
0.139486
0.139467
0.139449
0.139432
0.139416
0.139401
0.139386
0.139372
0.139357
0.139343
0.139329
0.139316
0.139303
0.13929
0.139277
0.139265
0.139252
0.139239
0.139227
0.139214
0.139201
0.139188
0.139175
0.139164
0.139157
0.139153
0.139152
0.139153
0.139154
0.139156
0.139159
0.139162
0.139165
0.13917
0.139175
0.139181
0.139188
0.139195
0.139203
0.139212
0.139221
0.13923
0.13924
0.139251
0.139262
0.139273
0.139285
0.139298
0.13931
0.139323
0.139337
0.13935
0.139364
0.139378
0.139393
0.139408
0.139423
0.139439
0.139455
0.139471
0.139488
0.139504
0.139521
0.139536
0.13955
0.139563
0.139574
0.139584
0.139593
0.1396
0.139607
0.139612
0.139617
0.139621
0.139624
0.139627
0.139629
0.139632
0.139631
0.139554
0.139592
0.13963
0.139665
0.139696
0.139721
0.139739
0.139749
0.139753
0.139751
0.139741
0.139725
0.139709
0.139695
0.139683
0.139673
0.139663
0.139655
0.139646
0.139638
0.139629
0.139619
0.139609
0.139599
0.139588
0.139576
0.139564
0.139553
0.139541
0.139529
0.139517
0.139505
0.139493
0.139482
0.13947
0.139458
0.139445
0.139433
0.13942
0.139408
0.139395
0.139383
0.139371
0.139359
0.139348
0.139338
0.139329
0.139321
0.139314
0.139308
0.139303
0.1393
0.139303
0.13931
0.13932
0.139331
0.139343
0.139355
0.139368
0.13938
0.139393
0.139406
0.139419
0.139431
0.139444
0.139457
0.139469
0.139482
0.139494
0.139507
0.139519
0.139531
0.139543
0.139554
0.139566
0.139577
0.139588
0.139598
0.139609
0.139619
0.139629
0.139639
0.139649
0.139661
0.139674
0.139687
0.139701
0.139717
0.139733
0.139749
0.139767
0.139785
0.139803
0.139822
0.139841
0.13986
0.139879
0.139899
0.139918
0.139938
0.139697
0.139733
0.139765
0.13979
0.139807
0.139816
0.139816
0.139814
0.139813
0.139813
0.139815
0.139818
0.139821
0.139822
0.139822
0.139819
0.139813
0.139805
0.139796
0.139785
0.139774
0.139762
0.13975
0.139738
0.139725
0.139713
0.139702
0.139691
0.13968
0.139669
0.139658
0.139648
0.139638
0.139628
0.139618
0.139608
0.139599
0.13959
0.139583
0.139576
0.139571
0.139568
0.139565
0.139566
0.139573
0.139584
0.139598
0.139613
0.139629
0.139644
0.13966
0.139675
0.139691
0.139706
0.139722
0.139737
0.139752
0.139768
0.139783
0.139798
0.139814
0.139829
0.139845
0.13986
0.139875
0.139891
0.139906
0.139922
0.139938
0.139954
0.13997
0.139986
0.140002
0.140018
0.140035
0.140052
0.140068
0.140085
0.140102
0.140119
0.140136
0.140152
0.140167
0.140182
0.140196
0.140209
0.140222
0.140234
0.140246
0.140258
0.140269
0.14028
0.140291
0.140301
0.140312
0.140322
0.140333
0.140343
0.140355
0.140365
0.139853
0.139872
0.139884
0.139895
0.139906
0.139917
0.139929
0.139942
0.139955
0.139966
0.139973
0.139973
0.139965
0.139954
0.13994
0.139926
0.139912
0.139898
0.139886
0.139875
0.139864
0.139853
0.139842
0.139831
0.139821
0.139812
0.139803
0.139795
0.139788
0.139781
0.139775
0.139771
0.139768
0.139767
0.139768
0.13977
0.139773
0.139777
0.139784
0.139796
0.139811
0.139827
0.139844
0.139861
0.139878
0.139894
0.13991
0.139925
0.13994
0.139954
0.139969
0.139983
0.139997
0.140011
0.140024
0.140038
0.140052
0.140066
0.140079
0.140093
0.140107
0.140121
0.140134
0.140148
0.140162
0.140176
0.14019
0.140205
0.140219
0.140233
0.140247
0.140262
0.140276
0.14029
0.140305
0.14032
0.140335
0.14035
0.140366
0.140382
0.140399
0.140416
0.140434
0.140453
0.140471
0.140491
0.14051
0.14053
0.14055
0.140571
0.140591
0.140612
0.140632
0.140653
0.140673
0.140693
0.140713
0.140733
0.140753
0.140776
0.139991
0.140001
0.140012
0.140033
0.140054
0.14007
0.140081
0.140087
0.140087
0.140079
0.140058
0.140035
0.140014
0.139996
0.139982
0.139969
0.139959
0.139954
0.139948
0.139942
0.139933
0.139925
0.139918
0.139914
0.139912
0.139911
0.139912
0.139914
0.139917
0.139922
0.139928
0.13994
0.139956
0.139973
0.139991
0.140008
0.140025
0.140042
0.140058
0.140073
0.140088
0.140102
0.140116
0.140129
0.140142
0.140155
0.140168
0.140181
0.140194
0.140207
0.140221
0.140235
0.140249
0.140263
0.140277
0.140292
0.140306
0.140321
0.140337
0.140352
0.140368
0.140384
0.140401
0.140418
0.140435
0.140453
0.140471
0.140489
0.140508
0.140527
0.140546
0.140565
0.140585
0.140604
0.140624
0.140643
0.140663
0.140682
0.140702
0.140721
0.140741
0.14076
0.14078
0.1408
0.140819
0.140839
0.14086
0.14088
0.140901
0.140921
0.140943
0.140964
0.140986
0.141008
0.14103
0.141053
0.141075
0.141098
0.141122
0.14115
0.140093
0.140106
0.140117
0.140124
0.140124
0.140116
0.140103
0.140092
0.140083
0.140066
0.140053
0.140044
0.140038
0.140032
0.140024
0.140014
0.140004
0.139995
0.139989
0.139985
0.139989
0.139998
0.14001
0.140023
0.140036
0.14005
0.140064
0.140078
0.140092
0.140106
0.140121
0.140135
0.14015
0.140165
0.140179
0.140193
0.140208
0.140222
0.140235
0.140249
0.140262
0.140274
0.140287
0.1403
0.140314
0.140329
0.140344
0.14036
0.140377
0.140394
0.140411
0.140428
0.140445
0.140461
0.140477
0.140492
0.140508
0.140523
0.140538
0.140554
0.14057
0.140586
0.140603
0.14062
0.140636
0.140653
0.14067
0.140687
0.140703
0.14072
0.140737
0.140754
0.140771
0.140789
0.140808
0.140827
0.140847
0.140868
0.14089
0.140912
0.140935
0.140958
0.140982
0.141006
0.141031
0.141057
0.141082
0.141109
0.141135
0.141162
0.14119
0.141217
0.141245
0.141273
0.141302
0.141331
0.14136
0.141389
0.141419
0.141454
0.140108
0.140114
0.140112
0.140106
0.140095
0.140075
0.140063
0.140069
0.14008
0.14009
0.140096
0.140099
0.140097
0.140084
0.140069
0.140055
0.140051
0.140053
0.140058
0.140065
0.140074
0.140083
0.140093
0.140104
0.140116
0.140128
0.140142
0.140158
0.140176
0.140196
0.140217
0.140239
0.140262
0.140287
0.140312
0.140338
0.140365
0.140392
0.140419
0.140446
0.140472
0.1405
0.140529
0.14056
0.140594
0.140629
0.140665
0.140702
0.140739
0.140775
0.140809
0.140842
0.140873
0.140902
0.140929
0.140953
0.140976
0.140997
0.141016
0.141034
0.141052
0.141069
0.141085
0.1411
0.141115
0.14113
0.141144
0.141157
0.14117
0.141183
0.141195
0.141207
0.141219
0.141231
0.141242
0.141255
0.141267
0.14128
0.141294
0.141309
0.141324
0.141341
0.141359
0.141378
0.141398
0.141419
0.141441
0.141465
0.14149
0.141516
0.141543
0.141571
0.1416
0.14163
0.141661
0.141694
0.141727
0.14176
0.141795
0.141834
0.140111
0.140109
0.140091
0.140088
0.140092
0.140098
0.140103
0.140105
0.140104
0.140101
0.140097
0.140094
0.140091
0.140085
0.14008
0.140078
0.14008
0.140085
0.140092
0.140101
0.140111
0.140123
0.140136
0.140151
0.140167
0.140185
0.140208
0.140237
0.140269
0.140303
0.140338
0.140375
0.140414
0.140455
0.140499
0.140546
0.140597
0.14065
0.140707
0.140768
0.140833
0.140902
0.140974
0.141051
0.141132
0.141218
0.141306
0.141397
0.141489
0.141583
0.141679
0.141776
0.141874
0.141972
0.142071
0.142167
0.142262
0.142354
0.142443
0.142526
0.142604
0.142677
0.142743
0.142804
0.142859
0.142908
0.142951
0.142988
0.143019
0.143044
0.143064
0.143077
0.143085
0.143087
0.143084
0.143076
0.143063
0.143045
0.143023
0.142997
0.142967
0.142934
0.142898
0.14286
0.14282
0.142779
0.142736
0.142693
0.142649
0.142605
0.142561
0.142517
0.142471
0.142413
0.142361
0.142327
0.142305
0.142292
0.142287
0.142296
0.140088
0.14009
0.140089
0.140085
0.14008
0.140075
0.140069
0.140061
0.140056
0.140056
0.14006
0.140068
0.140079
0.140091
0.140105
0.14012
0.140135
0.140152
0.14017
0.140188
0.140208
0.140229
0.140252
0.140276
0.140303
0.140332
0.140363
0.140398
0.140436
0.140479
0.140527
0.14058
0.14064
0.140707
0.140784
0.140871
0.14097
0.141084
0.141216
0.141365
0.141548
0.141714
0.141777
0.14185
0.141915
0.141971
0.142021
0.142068
0.142111
0.142154
0.142196
0.142237
0.142277
0.142316
0.142355
0.142393
0.142432
0.142472
0.142514
0.142559
0.142607
0.142659
0.142715
0.142775
0.142838
0.142905
0.142975
0.143047
0.143121
0.143195
0.14327
0.143344
0.143417
0.143488
0.143556
0.143622
0.143683
0.143739
0.143789
0.143834
0.143871
0.143902
0.143925
0.143941
0.143948
0.143948
0.14394
0.143925
0.143903
0.143874
0.143839
0.143798
0.143751
0.143699
0.143641
0.143578
0.143514
0.143476
0.143552
0.144766
0.140034
0.140043
0.140044
0.140038
0.140029
0.14002
0.140008
0.139992
0.13999
0.139992
0.139997
0.140001
0.140006
0.140011
0.140016
0.140021
0.140026
0.140032
0.140038
0.140045
0.140053
0.140061
0.140071
0.140083
0.140096
0.140112
0.14013
0.14015
0.140175
0.140204
0.140238
0.14028
0.14033
0.140392
0.14047
0.140568
0.140696
0.140866
0.141105
0.141428
0.142023
0.142539
0.143071
0.143706
0.144211
0.144307
0.144213
0.144072
0.14393
0.143797
0.143682
0.143606
0.143574
0.143608
0.143685
0.14379
0.143905
0.144014
0.1441
0.144155
0.144173
0.144154
0.144098
0.144009
0.143891
0.143784
0.143705
0.143654
0.143627
0.143623
0.143638
0.143669
0.143714
0.14377
0.143834
0.143906
0.143984
0.144067
0.144156
0.144249
0.144346
0.144447
0.144551
0.144657
0.144764
0.144872
0.144979
0.145086
0.145192
0.145297
0.1454
0.145502
0.145605
0.145708
0.145814
0.145927
0.146077
0.146846
0.157054
0.223144
)
;

boundaryField
{
    airfoil
    {
        type            calculated;
        value           uniform 0;
    }
    farBoundaries
    {
        type            calculated;
        value           uniform 1;
    }
    inlet
    {
        type            freestream;
        freestreamValue uniform 0.14;
        value           nonuniform List<scalar> 
200
(
0.14
0.14
0.14
0.14
0.14
0.14
0.14
0.14
0.14
0.14
0.14
0.14
0.14
0.14
0.14
0.14
0.14
0.14
0.14
0.14
0.14
0.14
0.14
0.14
0.14
0.14
0.14
0.14
0.14
0.14
0.14
0.14
0.14
0.14
0.14
0.14
0.14
0.14
0.14
0.14
0.14
0.14
0.143071
0.143706
0.144211
0.144307
0.144213
0.144072
0.14393
0.143797
0.143682
0.143606
0.143574
0.143608
0.143685
0.14379
0.143905
0.144014
0.1441
0.144155
0.144173
0.144154
0.144098
0.144009
0.143891
0.143784
0.143705
0.143654
0.143627
0.143623
0.143638
0.143669
0.143714
0.14377
0.143834
0.143906
0.143984
0.144067
0.144156
0.144249
0.144346
0.144447
0.144551
0.144657
0.144764
0.144872
0.144979
0.145086
0.145192
0.145297
0.1454
0.145502
0.145605
0.145708
0.145814
0.145927
0.146077
0.146846
0.157054
0.223144
0.14
0.14
0.14
0.14
0.14
0.14
0.14
0.14
0.14
0.14
0.14
0.14
0.14
0.14
0.14
0.14
0.14
0.14
0.14
0.14
0.14
0.14
0.14
0.14
0.14
0.14
0.14
0.14
0.14
0.14
0.14
0.14
0.14
0.14
0.14
0.14
0.14
0.14
0.14
0.14
0.14
0.14
0.14
0.14
0.14
0.14
0.14
0.14
0.14
0.14
0.14
0.14
0.14
0.14
0.14
0.14
0.14
0.14
0.14
0.14
0.14
0.14
0.14
0.14
0.14
0.14
0.14
0.14
0.14
0.14
0.14
0.14
0.14
0.14
0.14
0.144355
0.145066
0.145221
0.145258
0.145291
0.145305
0.145297
0.145264
0.145207
0.145131
0.145045
0.144956
0.144874
0.144805
0.144754
0.144721
0.144702
0.144692
0.144683
0.144656
0.144652
0.144659
0.144662
0.144334
0.161015
)
;
    }
    outlet
    {
        type            freestream;
        freestreamValue uniform 0.14;
        value           nonuniform List<scalar> 
40
(
0.201039
0.231791
0.211251
0.179216
0.172284
0.162954
0.154526
0.150053
0.148067
0.149837
0.187788
0.341376
0.586072
0.824663
1.02853
1.18701
1.29205
1.33504
1.30304
1.16866
1.16392
1.30645
1.35414
1.3321
1.25224
1.1224
0.949601
0.741863
0.511049
0.290777
0.168748
0.141892
0.139364
0.138129
0.136158
0.133769
0.131348
0.130871
0.136316
0.155031
)
;
    }
    defaultFaces
    {
        type            empty;
    }
}


// ************************************************************************* //
