/*--------------------------------*- C++ -*----------------------------------*\
  =========                 |
  \\      /  F ield         | OpenFOAM: The Open Source CFD Toolbox
   \\    /   O peration     | Website:  https://openfoam.org
    \\  /    A nd           | Version:  6.0
     \\/     M anipulation  |
\*---------------------------------------------------------------------------*/
FoamFile
{
    version     2.0;
    format      ascii;
    class       volScalarField;
    location    "300";
    object      p;
}
// * * * * * * * * * * * * * * * * * * * * * * * * * * * * * * * * * * * * * //

dimensions      [0 2 -2 0 0 0 0];

internalField   nonuniform List<scalar> 
9800
(
112.29
110.647
109.474
108.583
107.854
107.216
106.626
106.059
105.504
104.951
104.38
103.793
103.191
102.574
101.94
101.291
100.63
99.9623
99.2963
98.648
98.0438
97.5277
97.1908
97.2302
97.6492
98.2527
98.9469
99.6863
100.444
101.205
101.958
102.693
103.41
104.108
104.786
105.441
106.073
106.682
107.268
107.831
108.37
108.885
109.376
109.843
110.285
110.702
111.093
111.458
111.795
112.104
112.383
112.63
112.845
113.024
113.166
113.268
113.328
113.342
113.309
113.225
113.09
112.903
112.669
112.402
112.124
111.88
111.751
111.874
112.486
113.971
116.982
122.48
132.29
147.544
172.196
189.534
201.481
206.458
210.555
215.99
221.671
226.907
231.88
236.77
241.497
245.95
250.151
254.207
258.203
262.171
266.098
269.958
273.734
277.425
281.047
284.624
288.176
291.72
295.238
298.772
177.629
177.956
178.1
178.187
178.258
178.334
178.419
178.508
178.597
178.687
178.773
178.847
178.908
178.957
178.994
179.021
179.042
179.063
179.092
179.136
179.206
179.297
179.374
179.445
179.519
179.585
179.673
179.786
179.915
180.048
180.18
180.302
180.406
180.49
180.552
180.588
180.599
180.583
180.538
180.466
180.364
180.232
180.07
179.877
179.652
179.395
179.104
178.779
178.419
178.022
177.588
177.115
176.602
176.047
175.449
174.806
174.118
173.383
172.6
171.77
170.892
169.969
169.003
167.993
166.947
165.872
164.773
163.657
162.528
161.388
160.257
159.143
158.297
157.848
160.47
167.469
177.255
188.362
197.517
204.944
211.708
218.12
224.037
229.378
234.222
238.7
242.915
246.932
250.785
254.478
257.995
261.319
264.442
267.362
270.081
272.597
274.888
276.923
278.604
279.943
113.579
115.345
116.82
118.085
119.206
120.236
121.211
122.156
123.088
124.016
124.966
125.945
126.946
127.97
129.015
130.077
131.151
132.225
133.281
134.292
135.217
135.997
136.518
136.607
136.258
135.634
134.853
133.981
133.057
132.11
131.157
130.216
129.295
128.392
127.509
126.649
125.811
124.997
124.206
123.439
122.695
121.974
121.277
120.604
119.955
119.331
118.733
118.164
117.624
117.115
116.642
116.206
115.813
115.467
115.175
114.945
114.786
114.708
114.726
114.857
115.12
115.541
116.153
116.996
118.118
119.58
121.456
123.841
126.851
130.627
135.335
141.148
148.258
156.707
166.555
176.728
186.209
194.521
201.669
208.052
213.925
219.263
224.037
228.377
232.457
236.379
240.16
243.787
247.24
250.495
253.539
256.371
258.997
261.427
263.656
265.669
267.436
268.914
270.073
270.783
119.373
118.394
117.689
117.162
116.755
116.429
116.162
115.94
115.755
115.601
115.472
115.369
115.292
115.24
115.211
115.201
115.208
115.226
115.25
115.272
115.29
115.313
115.364
115.444
115.551
115.684
115.823
115.959
116.093
116.233
116.384
116.551
116.741
116.954
117.194
117.463
117.762
118.093
118.454
118.849
119.277
119.74
120.238
120.773
121.347
121.96
122.617
123.318
124.068
124.869
125.726
126.643
127.626
128.681
129.816
131.037
132.355
133.78
135.323
136.999
138.821
140.806
142.971
145.331
147.909
150.723
153.789
157.117
160.713
164.569
168.665
172.961
177.403
181.919
186.446
190.962
195.497
200.081
204.662
209.118
213.36
217.382
221.233
224.973
228.629
232.191
235.619
238.867
241.899
244.701
247.282
249.66
251.849
253.854
255.667
257.271
258.644
259.76
260.624
261.136
138.907
138.386
137.852
137.331
136.832
136.36
135.912
135.487
135.084
134.699
134.315
133.929
133.546
133.165
132.785
132.407
132.034
131.67
131.323
131.006
130.736
130.536
130.452
130.538
130.798
131.182
131.645
132.157
132.701
133.265
133.839
134.412
134.981
135.549
136.117
136.683
137.249
137.816
138.383
138.954
139.529
140.111
140.7
141.3
141.911
142.537
143.179
143.841
144.526
145.236
145.975
146.748
147.557
148.409
149.307
150.257
151.266
152.34
153.486
154.711
156.023
157.43
158.941
160.562
162.308
164.188
166.213
168.394
170.744
173.278
176.011
178.959
182.14
185.566
189.234
193.117
197.143
201.203
205.197
209.069
212.813
216.449
219.982
223.404
226.689
229.813
232.753
235.499
238.05
240.422
242.628
244.684
246.594
248.354
249.954
251.383
252.635
253.7
254.606
255.258
143.695
143.632
143.562
143.487
143.412
143.341
143.278
143.225
143.186
143.163
143.146
143.138
143.142
143.157
143.183
143.22
143.268
143.328
143.401
143.488
143.588
143.697
143.808
143.922
144.038
144.156
144.282
144.42
144.571
144.733
144.906
145.085
145.268
145.461
145.664
145.877
146.102
146.34
146.593
146.862
147.15
147.46
147.792
148.15
148.537
148.955
149.407
149.897
150.427
151.003
151.627
152.304
153.038
153.834
154.697
155.634
156.649
157.749
158.941
160.231
161.628
163.136
164.765
166.519
168.409
170.44
172.621
174.953
177.439
180.077
182.861
185.78
188.814
191.937
195.115
198.312
201.494
204.638
207.733
210.78
213.772
216.699
219.54
222.275
224.887
227.37
229.721
231.948
234.056
236.054
237.941
239.714
241.364
242.886
244.272
245.519
246.626
247.587
248.433
249.068
148.917
148.487
148.117
147.801
147.534
147.311
147.13
146.988
146.884
146.817
146.776
146.764
146.782
146.829
146.903
147.002
147.125
147.268
147.427
147.598
147.773
147.945
148.102
148.233
148.334
148.418
148.495
148.575
148.664
148.767
148.888
149.029
149.191
149.379
149.596
149.842
150.119
150.428
150.77
151.147
151.559
152.009
152.496
153.024
153.594
154.207
154.865
155.57
156.324
157.129
157.988
158.903
159.876
160.91
162.007
163.171
164.404
165.708
167.087
168.542
170.076
171.689
173.382
175.154
177.008
178.943
180.957
183.047
185.207
187.433
189.718
192.053
194.432
196.845
199.287
201.751
204.231
206.719
209.203
211.669
214.1
216.479
218.792
221.032
223.193
225.277
227.284
229.215
231.068
232.838
234.517
236.101
237.583
238.961
240.236
241.408
242.479
243.443
244.328
245.042
155.947
155.467
155.019
154.605
154.225
153.881
153.572
153.297
153.06
152.858
152.68
152.526
152.4
152.301
152.229
152.182
152.159
152.16
152.184
152.23
152.298
152.39
152.505
152.645
152.808
152.996
153.206
153.438
153.692
153.968
154.267
154.585
154.924
155.287
155.676
156.092
156.534
157.004
157.502
158.03
158.587
159.175
159.795
160.447
161.132
161.852
162.607
163.399
164.229
165.099
166.009
166.961
167.957
168.997
170.084
171.219
172.403
173.637
174.922
176.261
177.653
179.098
180.596
182.146
183.75
185.409
187.121
188.883
190.696
192.556
194.461
196.406
198.387
200.4
202.436
204.49
206.55
208.606
210.648
212.665
214.65
216.596
218.499
220.358
222.169
223.931
225.639
227.289
228.874
230.391
231.835
233.204
234.496
235.713
236.853
237.916
238.901
239.802
240.643
241.34
162.289
161.849
161.439
161.062
160.717
160.402
160.118
159.865
159.645
159.457
159.288
159.139
159.016
158.917
158.842
158.791
158.763
158.758
158.778
158.822
158.891
158.986
159.11
159.265
159.451
159.666
159.908
160.175
160.466
160.78
161.117
161.471
161.842
162.234
162.65
163.089
163.551
164.037
164.547
165.083
165.644
166.233
166.849
167.494
168.169
168.874
169.61
170.379
171.182
172.019
172.891
173.801
174.747
175.733
176.757
177.822
178.928
180.075
181.264
182.495
183.769
185.085
186.439
187.832
189.265
190.738
192.247
193.792
195.369
196.976
198.61
200.266
201.939
203.626
205.321
207.018
208.713
210.401
212.077
213.738
215.38
217.001
218.597
220.165
221.7
223.198
224.655
226.066
227.429
228.741
230.001
231.208
232.359
233.455
234.492
235.468
236.382
237.231
238.036
238.723
167.648
167.256
166.893
166.56
166.259
165.989
165.749
165.541
165.368
165.227
165.107
165.008
164.935
164.888
164.867
164.871
164.898
164.95
165.024
165.12
165.238
165.376
165.534
165.711
165.908
166.124
166.361
166.618
166.897
167.198
167.522
167.864
168.222
168.606
169.013
169.446
169.904
170.387
170.896
171.432
171.994
172.583
173.2
173.845
174.518
175.22
175.951
176.712
177.503
178.325
179.177
180.061
180.975
181.921
182.899
183.908
184.948
186.02
187.123
188.256
189.42
190.611
191.829
193.07
194.338
195.63
196.946
198.283
199.639
201.012
202.399
203.8
205.209
206.626
208.047
209.469
210.89
212.308
213.719
215.12
216.508
217.881
219.233
220.564
221.867
223.142
224.385
225.595
226.769
227.908
229.007
230.067
231.084
232.058
232.987
233.871
234.712
235.506
236.274
236.948
173.668
173.241
172.848
172.489
172.165
171.875
171.619
171.397
171.212
171.063
170.936
170.832
170.757
170.71
170.689
170.696
170.728
170.786
170.868
170.974
171.103
171.255
171.428
171.623
171.839
172.076
172.335
172.615
172.917
173.242
173.59
173.955
174.337
174.743
175.172
175.626
176.102
176.602
177.125
177.672
178.243
178.837
179.454
180.096
180.761
181.45
182.162
182.899
183.659
184.443
185.251
186.083
186.938
187.817
188.72
189.645
190.593
191.563
192.555
193.569
194.603
195.656
196.726
197.811
198.913
200.031
201.165
202.312
203.472
204.643
205.823
207.011
208.205
209.403
210.603
211.803
213.001
214.195
215.382
216.561
217.728
218.882
220.02
221.141
222.242
223.323
224.38
225.413
226.42
227.4
228.351
229.273
230.164
231.025
231.853
232.651
233.419
234.154
234.873
235.512
177.154
176.936
176.732
176.546
176.38
176.235
176.111
176.012
175.939
175.894
175.861
175.842
175.844
175.868
175.913
175.98
176.067
176.176
176.305
176.456
176.627
176.818
177.029
177.261
177.513
177.784
178.076
178.389
178.723
179.078
179.453
179.843
180.247
180.671
181.116
181.582
182.067
182.572
183.096
183.641
184.205
184.789
185.393
186.016
186.659
187.321
188.003
188.704
189.424
190.164
190.923
191.701
192.497
193.312
194.144
194.995
195.863
196.747
197.648
198.565
199.496
200.441
201.397
202.362
203.34
204.329
205.328
206.337
207.354
208.378
209.408
210.442
211.479
212.518
213.557
214.595
215.629
216.659
217.683
218.699
219.706
220.703
221.688
222.66
223.616
224.558
225.482
226.389
227.276
228.144
228.991
229.818
230.623
231.407
232.168
232.908
233.626
234.319
235.001
235.616
184.585
184.189
183.831
183.509
183.223
182.972
182.755
182.572
182.425
182.314
182.227
182.163
182.127
182.116
182.133
182.174
182.24
182.331
182.446
182.585
182.747
182.933
183.142
183.374
183.629
183.908
184.208
184.529
184.87
185.231
185.612
186.004
186.407
186.828
187.267
187.723
188.195
188.685
189.191
189.713
190.252
190.807
191.377
191.965
192.567
193.186
193.82
194.469
195.134
195.813
196.507
197.216
197.938
198.674
199.422
200.184
200.958
201.744
202.541
203.349
204.166
204.993
205.824
206.661
207.505
208.357
209.215
210.078
210.945
211.817
212.69
213.565
214.441
215.316
216.19
217.062
217.93
218.795
219.653
220.506
221.351
222.189
223.016
223.835
224.642
225.439
226.223
226.995
227.752
228.497
229.227
229.942
230.642
231.327
231.996
232.649
233.285
233.904
234.515
235.072
182.468
182.605
182.739
182.875
183.018
183.168
183.33
183.504
183.698
183.909
184.115
184.322
184.541
184.772
185.015
185.271
185.539
185.818
186.11
186.413
186.727
187.053
187.39
187.737
188.094
188.461
188.839
189.23
189.634
190.052
190.483
190.92
191.362
191.818
192.289
192.774
193.272
193.786
194.313
194.854
195.409
195.978
196.561
197.158
197.768
198.391
199.027
199.676
200.336
201.01
201.694
202.39
203.096
203.813
204.54
205.277
206.021
206.775
207.537
208.306
209.081
209.862
210.645
211.43
212.219
213.012
213.809
214.609
215.41
216.214
217.017
217.821
218.624
219.425
220.224
221.02
221.812
222.6
223.382
224.159
224.929
225.692
226.446
227.193
227.93
228.657
229.374
230.08
230.775
231.458
232.128
232.786
233.431
234.062
234.679
235.283
235.871
236.444
237.008
237.526
198.069
197.569
197.117
196.707
196.338
196.007
195.712
195.453
195.228
195.041
194.896
194.782
194.699
194.646
194.623
194.628
194.662
194.722
194.811
194.925
195.066
195.233
195.426
195.644
195.888
196.159
196.453
196.768
197.103
197.456
197.826
198.206
198.592
198.992
199.407
199.835
200.275
200.729
201.194
201.672
202.161
202.661
203.173
203.695
204.227
204.77
205.322
205.883
206.453
207.032
207.619
208.214
208.815
209.425
210.04
210.662
211.289
211.922
212.559
213.202
213.848
214.497
215.145
215.793
216.442
217.095
217.749
218.406
219.062
219.72
220.377
221.034
221.69
222.345
222.997
223.648
224.295
224.939
225.579
226.216
226.846
227.473
228.093
228.707
229.315
229.916
230.51
231.097
231.675
232.245
232.807
233.36
233.904
234.439
234.965
235.481
235.987
236.483
236.972
237.43
177.298
178.098
178.873
179.635
180.391
181.144
181.898
182.658
183.435
184.221
184.96
185.669
186.375
187.081
187.787
188.493
189.197
189.9
190.602
191.3
191.997
192.689
193.378
194.062
194.741
195.414
196.08
196.743
197.404
198.067
198.73
199.38
200.023
200.67
201.324
201.984
202.649
203.321
203.998
204.682
205.372
206.067
206.768
207.475
208.187
208.904
209.626
210.352
211.082
211.816
212.554
213.294
214.037
214.783
215.53
216.279
217.029
217.78
218.53
219.281
220.031
220.779
221.52
222.257
222.99
223.722
224.451
225.177
225.899
226.618
227.332
228.042
228.745
229.443
230.135
230.82
231.497
232.168
232.83
233.484
234.129
234.765
235.391
236.008
236.613
237.209
237.794
238.368
238.93
239.481
240.019
240.546
241.06
241.562
242.051
242.527
242.99
243.439
243.876
244.289
224.251
223.344
222.492
221.69
220.93
220.204
219.508
218.834
218.171
217.532
217.004
216.527
216.087
215.682
215.311
214.975
214.673
214.407
214.177
213.982
213.822
213.699
213.611
213.559
213.543
213.563
213.619
213.708
213.828
213.976
214.151
214.352
214.561
214.789
215.035
215.299
215.578
215.873
216.182
216.505
216.841
217.191
217.551
217.924
218.307
218.702
219.105
219.519
219.941
220.372
220.811
221.258
221.711
222.172
222.637
223.11
223.587
224.069
224.555
225.046
225.539
226.034
226.526
227.017
227.507
228
228.495
228.993
229.491
229.991
230.491
230.993
231.493
231.994
232.493
232.992
233.489
233.985
234.478
234.97
235.458
235.944
236.425
236.904
237.378
237.848
238.313
238.774
239.228
239.678
240.121
240.559
240.99
241.414
241.831
242.241
242.642
243.037
243.419
243.808
141.29
143.533
145.735
147.908
150.072
152.239
154.42
156.637
158.919
161.225
163.32
165.316
167.292
169.257
171.212
173.155
175.082
176.994
178.888
180.762
182.615
184.447
186.254
188.038
189.795
191.526
193.228
194.904
196.554
198.18
199.769
201.275
202.744
204.191
205.619
207.03
208.424
209.801
211.162
212.507
213.835
215.148
216.444
217.726
218.991
220.241
221.476
222.695
223.898
225.085
226.257
227.413
228.553
229.677
230.784
231.875
232.95
234.008
235.049
236.073
237.08
238.065
239.024
239.969
240.893
241.799
242.688
243.562
244.419
245.26
246.083
246.889
247.677
248.449
249.202
249.938
250.655
251.355
252.036
252.7
253.344
253.97
254.577
255.165
255.734
256.285
256.816
257.328
257.821
258.295
258.75
259.185
259.601
259.998
260.376
260.735
261.074
261.394
261.687
262.016
295.56
293.532
291.278
289.072
286.921
284.79
282.657
280.503
278.245
275.854
274.041
272.284
270.523
268.815
267.163
265.567
264.027
262.547
261.13
259.777
258.489
257.27
256.117
255.035
254.019
253.07
252.186
251.371
250.624
249.933
249.27
248.749
248.232
247.719
247.248
246.826
246.447
246.11
245.813
245.556
245.337
245.155
245.01
244.899
244.822
244.777
244.762
244.778
244.821
244.891
244.985
245.104
245.245
245.408
245.59
245.79
246.007
246.241
246.489
246.752
247.02
247.282
247.566
247.884
248.167
248.453
248.757
249.076
249.405
249.745
250.093
250.451
250.816
251.188
251.566
251.95
252.338
252.731
253.126
253.525
253.925
254.327
254.729
255.132
255.534
255.936
256.336
256.734
257.13
257.523
257.912
258.298
258.678
259.055
259.426
259.793
260.152
260.498
260.819
261.514
4.42268
13.9595
21.3245
29.7099
38.6971
47.9689
57.6269
68.1658
77.9404
81.3693
84.4075
90.842
97.7185
104.325
110.846
117.308
123.701
130.011
136.232
142.353
148.373
154.283
160.081
165.761
171.324
176.753
182.046
187.267
192.507
197.302
200.539
203.773
208.073
212.088
215.958
219.748
223.461
227.091
230.64
234.106
237.49
240.792
244.012
247.15
250.207
253.184
256.08
258.896
261.633
264.291
266.871
269.374
271.799
274.148
276.425
278.634
280.77
282.835
284.833
286.774
288.597
290.152
291.673
293.564
295.191
296.704
298.177
299.61
300.992
302.325
303.608
304.845
306.034
307.178
308.276
309.331
310.341
311.31
312.236
313.123
313.969
314.779
315.549
316.285
316.984
317.651
318.284
318.886
319.456
319.999
320.511
320.998
321.457
321.892
322.303
322.696
323.059
323.333
323.533
325.17
300.301
299.79
299.342
299.071
298.865
298.697
298.571
298.493
298.459
298.468
298.515
298.6
298.717
298.867
299.047
299.265
299.498
299.751
300.039
300.358
300.698
301.062
301.444
301.849
302.271
302.715
303.174
303.654
304.149
304.666
305.195
305.691
306.155
306.773
307.463
308.069
308.669
309.289
309.921
310.567
311.222
311.89
312.566
313.258
313.967
314.677
315.245
315.788
316.697
317.687
318.445
319.181
319.941
320.718
321.502
322.306
323.139
323.949
324.42
324.977
326.296
327.616
328.483
329.341
330.284
331.088
331.081
332.772
334.845
334.453
279.757
279.934
280.525
281.137
281.694
282.237
282.776
283.313
283.843
284.37
284.893
285.416
285.938
286.462
286.985
287.511
288.035
288.562
289.088
289.617
290.146
290.677
291.209
291.743
292.278
292.817
293.356
293.899
294.443
294.992
295.542
296.094
296.646
297.206
297.771
298.334
298.897
299.465
300.035
300.611
301.188
301.77
302.354
302.944
303.537
304.135
304.73
305.325
305.938
306.561
307.167
307.777
308.392
309.014
309.639
310.272
310.91
311.555
312.187
312.822
313.502
314.189
314.843
315.507
316.188
316.882
317.529
318.285
319.163
319.618
271.186
271.497
272.136
272.773
273.361
273.943
274.528
275.116
275.702
276.287
276.869
277.452
278.031
278.611
279.187
279.764
280.338
280.912
281.484
282.057
282.627
283.198
283.766
284.334
284.901
285.468
286.033
286.599
287.162
287.727
288.29
288.854
289.414
289.974
290.532
291.089
291.642
292.197
292.75
293.303
293.855
294.407
294.957
295.509
296.058
296.61
297.158
297.703
298.245
298.788
299.323
299.859
300.394
300.931
301.466
302.002
302.537
303.075
303.609
304.135
304.658
305.183
305.698
306.217
306.739
307.268
307.789
308.301
308.871
309.277
261.572
261.963
262.665
263.348
263.982
264.614
265.25
265.891
266.53
267.171
267.807
268.443
269.075
269.708
270.337
270.966
271.592
272.219
272.842
273.465
274.085
274.706
275.323
275.94
276.555
277.17
277.783
278.396
279.007
279.619
280.228
280.839
281.445
282.05
282.653
283.253
283.85
284.448
285.043
285.64
286.234
286.83
287.423
288.018
288.612
289.207
289.8
290.388
290.973
291.557
292.132
292.707
293.283
293.861
294.437
295.016
295.595
296.177
296.756
297.326
297.894
298.457
299.01
299.57
300.137
300.712
301.277
301.843
302.455
302.897
255.86
256.26
256.947
257.615
258.236
258.859
259.488
260.124
260.759
261.396
262.03
262.664
263.295
263.925
264.552
265.179
265.804
266.428
267.05
267.672
268.29
268.91
269.526
270.142
270.756
271.37
271.982
272.595
273.206
273.817
274.427
275.038
275.645
276.25
276.853
277.452
278.049
278.647
279.244
279.842
280.437
281.035
281.631
282.229
282.826
283.425
284.022
284.615
285.204
285.789
286.367
286.947
287.528
288.111
288.695
289.281
289.868
290.46
291.049
291.629
292.205
292.774
293.335
293.906
294.486
295.077
295.659
296.239
296.864
297.325
249.659
250.072
250.754
251.413
252.029
252.651
253.283
253.923
254.563
255.204
255.842
256.48
257.114
257.749
258.379
259.011
259.64
260.27
260.897
261.526
262.151
262.778
263.402
264.027
264.65
265.274
265.897
266.521
267.143
267.767
268.389
269.014
269.634
270.253
270.869
271.481
272.093
272.706
273.317
273.93
274.542
275.155
275.768
276.383
276.998
277.615
278.231
278.843
279.449
280.049
280.643
281.241
281.84
282.441
283.044
283.65
284.257
284.871
285.482
286.085
286.679
287.264
287.844
288.436
289.038
289.653
290.261
290.866
291.508
291.996
245.671
246.073
246.735
247.381
247.991
248.609
249.237
249.872
250.507
251.142
251.775
252.407
253.035
253.664
254.289
254.915
255.538
256.162
256.785
257.407
258.027
258.648
259.266
259.885
260.503
261.121
261.737
262.355
262.971
263.589
264.207
264.826
265.441
266.055
266.663
267.27
267.875
268.483
269.089
269.697
270.304
270.913
271.522
272.133
272.745
273.36
273.974
274.584
275.185
275.781
276.371
276.965
277.562
278.161
278.762
279.367
279.974
280.588
281.201
281.805
282.396
282.976
283.554
284.145
284.748
285.365
285.977
286.583
287.22
287.712
241.972
242.384
243.047
243.695
244.309
244.93
245.559
246.193
246.825
247.458
248.086
248.714
249.337
249.961
250.581
251.202
251.821
252.441
253.059
253.677
254.293
254.909
255.523
256.138
256.75
257.364
257.976
258.59
259.202
259.817
260.43
261.046
261.658
262.267
262.87
263.472
264.073
264.677
265.279
265.883
266.486
267.091
267.696
268.304
268.912
269.525
270.136
270.744
271.341
271.931
272.516
273.107
273.699
274.295
274.892
275.493
276.097
276.708
277.319
277.92
278.505
279.077
279.649
280.235
280.833
281.448
282.057
282.66
283.285
283.778
239.364
239.78
240.435
241.074
241.681
242.293
242.912
243.536
244.157
244.779
245.397
246.016
246.63
247.245
247.856
248.469
249.08
249.691
250.301
250.911
251.518
252.125
252.731
253.337
253.941
254.546
255.15
255.755
256.358
256.964
257.569
258.176
258.78
259.38
259.974
260.566
261.158
261.752
262.345
262.94
263.534
264.13
264.726
265.325
265.925
266.528
267.132
267.731
268.319
268.898
269.473
270.054
270.637
271.223
271.811
272.403
272.999
273.602
274.206
274.799
275.374
275.933
276.495
277.072
277.662
278.269
278.872
279.468
280.079
280.568
237.592
238.008
238.645
239.263
239.849
240.439
241.035
241.636
242.235
242.835
243.433
244.03
244.625
245.22
245.814
246.408
247
247.594
248.186
248.779
249.369
249.961
250.55
251.141
251.73
252.32
252.909
253.501
254.091
254.684
255.276
255.872
256.464
257.053
257.634
258.215
258.796
259.379
259.961
260.545
261.129
261.716
262.303
262.893
263.483
264.079
264.674
265.265
265.844
266.412
266.976
267.548
268.121
268.699
269.278
269.863
270.451
271.047
271.645
272.232
272.797
273.346
273.898
274.468
275.051
275.654
276.253
276.846
277.447
277.933
236.138
236.556
237.181
237.787
238.362
238.941
239.525
240.113
240.7
241.288
241.873
242.459
243.042
243.626
244.207
244.789
245.369
245.951
246.531
247.11
247.688
248.266
248.843
249.42
249.996
250.573
251.149
251.727
252.305
252.884
253.464
254.046
254.626
255.201
255.769
256.336
256.904
257.474
258.043
258.615
259.187
259.761
260.336
260.914
261.494
262.078
262.663
263.244
263.811
264.367
264.92
265.48
266.044
266.611
267.181
267.756
268.336
268.924
269.515
270.095
270.65
271.188
271.73
272.292
272.868
273.465
274.059
274.646
275.235
275.718
236.233
236.646
237.252
237.84
238.399
238.961
239.528
240.099
240.669
241.24
241.808
242.376
242.942
243.507
244.07
244.634
245.196
245.759
246.32
246.881
247.44
247.999
248.556
249.114
249.67
250.228
250.784
251.342
251.9
252.459
253.019
253.582
254.141
254.696
255.242
255.788
256.334
256.882
257.43
257.98
258.53
259.083
259.637
260.194
260.752
261.316
261.88
262.441
262.986
263.518
264.047
264.585
265.126
265.671
266.219
266.773
267.331
267.899
268.469
269.028
269.559
270.071
270.589
271.127
271.681
272.256
272.83
273.397
273.956
274.419
235.644
236.052
236.641
237.215
237.762
238.311
238.865
239.424
239.98
240.538
241.093
241.649
242.202
242.755
243.306
243.858
244.407
244.958
245.507
246.056
246.602
247.149
247.694
248.24
248.784
249.33
249.875
250.421
250.967
251.515
252.063
252.614
253.163
253.706
254.24
254.773
255.308
255.845
256.382
256.92
257.459
258.001
258.544
259.09
259.638
260.191
260.745
261.295
261.83
262.35
262.869
263.396
263.927
264.462
265
265.544
266.093
266.652
267.214
267.765
268.286
268.787
269.296
269.825
270.371
270.939
271.505
272.066
272.615
273.075
238.07
238.456
239.01
239.551
240.067
240.586
241.11
241.636
242.162
242.689
243.214
243.738
244.26
244.783
245.303
245.823
246.342
246.863
247.381
247.899
248.414
248.93
249.445
249.96
250.473
250.988
251.502
252.018
252.534
253.052
253.57
254.091
254.609
255.121
255.623
256.124
256.627
257.132
257.636
258.143
258.649
259.159
259.669
260.183
260.699
261.22
261.743
262.261
262.76
263.243
263.724
264.215
264.709
265.208
265.71
266.219
266.732
267.257
267.786
268.303
268.784
269.242
269.71
270.202
270.711
271.246
271.783
272.311
272.817
273.244
237.924
238.291
238.828
239.359
239.865
240.371
240.881
241.394
241.905
242.417
242.926
243.436
243.944
244.451
244.957
245.463
245.967
246.473
246.976
247.479
247.98
248.482
248.981
249.482
249.981
250.482
250.982
251.484
251.986
252.49
252.995
253.504
254.009
254.509
254.998
255.487
255.978
256.471
256.964
257.46
257.956
258.456
258.957
259.462
259.969
260.482
260.997
261.508
262
262.475
262.951
263.436
263.925
264.419
264.917
265.421
265.932
266.454
266.98
267.495
267.974
268.431
268.898
269.389
269.899
270.433
270.969
271.5
272.006
272.439
244.754
245.075
245.556
246.04
246.502
246.963
247.427
247.892
248.356
248.82
249.281
249.741
250.198
250.656
251.11
251.564
252.015
252.468
252.918
253.366
253.811
254.256
254.699
255.141
255.582
256.024
256.464
256.906
257.347
257.79
258.233
258.68
259.123
259.557
259.978
260.399
260.821
261.246
261.669
262.095
262.521
262.95
263.381
263.816
264.253
264.696
265.142
265.582
265.997
266.39
266.785
267.191
267.601
268.016
268.436
268.864
269.299
269.748
270.202
270.642
271.032
271.395
271.773
272.18
272.61
273.07
273.539
273.99
274.402
274.758
244.219
244.402
244.827
245.295
245.732
246.163
246.595
247.03
247.463
247.896
248.327
248.758
249.186
249.614
250.04
250.467
250.891
251.318
251.741
252.165
252.585
253.006
253.425
253.845
254.263
254.684
255.103
255.525
255.947
256.372
256.798
257.228
257.655
258.074
258.479
258.886
259.296
259.709
260.121
260.537
260.954
261.376
261.799
262.227
262.658
263.097
263.538
263.975
264.388
264.782
265.178
265.587
266
266.42
266.845
267.279
267.72
268.175
268.636
269.085
269.491
269.872
270.27
270.695
271.142
271.618
272.098
272.573
273.011
273.399
262.421
262.423
262.713
263.083
263.418
263.735
264.05
264.364
264.672
264.978
265.277
265.573
265.863
266.151
266.432
266.712
266.987
267.261
267.529
267.794
268.052
268.308
268.559
268.81
269.056
269.303
269.546
269.791
270.033
270.279
270.524
270.774
271.017
271.245
271.452
271.66
271.869
272.081
272.292
272.506
272.721
272.941
273.163
273.392
273.624
273.867
274.114
274.352
274.545
274.709
274.877
275.062
275.253
275.455
275.665
275.89
276.127
276.384
276.655
276.9
277.062
277.188
277.345
277.547
277.783
278.068
278.38
278.639
278.836
279.026
262.044
260.606
260.56
261.004
261.308
261.524
261.741
261.967
262.186
262.4
262.607
262.812
263.011
263.207
263.397
263.586
263.769
263.954
264.132
264.307
264.477
264.647
264.812
264.978
265.141
265.305
265.467
265.633
265.797
265.966
266.135
266.311
266.483
266.64
266.776
266.92
267.066
267.217
267.368
267.527
267.687
267.856
268.028
268.21
268.398
268.597
268.802
269.004
269.166
269.306
269.455
269.623
269.799
269.989
270.188
270.405
270.634
270.884
271.145
271.391
271.577
271.743
271.935
272.167
272.428
272.73
273.044
273.334
273.602
273.818
327.403
322.591
320.996
320.886
320.513
319.899
319.286
318.706
318.122
317.532
316.934
316.336
315.731
315.124
314.511
313.895
313.276
312.658
312.031
311.401
310.763
310.124
309.48
308.838
308.192
307.549
306.904
306.265
305.627
304.995
304.367
303.748
303.119
302.439
301.709
300.984
300.259
299.538
298.814
298.097
297.382
296.677
295.977
295.291
294.613
293.952
293.304
292.628
291.822
290.931
290.051
289.191
288.341
287.511
286.697
285.912
285.153
284.433
283.749
282.982
281.958
280.825
279.764
278.797
277.916
277.144
276.488
275.555
274.462
273.6
326.676
314.239
305.061
298.461
293.483
289.633
286.649
284.325
282.487
281.006
279.787
278.763
277.887
277.128
276.46
275.87
275.346
274.878
274.459
274.085
273.749
273.449
273.179
272.938
272.72
272.525
272.35
272.193
272.051
271.924
271.81
271.708
271.616
271.534
271.46
271.395
271.337
271.285
271.239
271.199
271.163
271.131
271.103
271.078
271.056
271.037
271.02
271.005
270.992
270.98
270.97
270.96
270.952
270.943
270.936
270.928
270.921
270.913
270.905
270.897
270.889
270.88
270.87
270.859
270.847
270.835
270.822
270.807
270.793
270.778
270.763
270.749
270.736
270.724
270.708
318.483
311.872
305.749
300.973
296.801
293.031
289.78
287.064
284.811
282.947
281.408
280.133
279.068
278.167
277.397
276.729
276.145
275.629
275.168
274.755
274.383
274.047
273.744
273.47
273.223
273.001
272.801
272.62
272.458
272.312
272.18
272.062
271.955
271.859
271.772
271.694
271.624
271.561
271.505
271.454
271.408
271.367
271.331
271.298
271.268
271.241
271.217
271.195
271.175
271.157
271.141
271.125
271.111
271.098
271.085
271.073
271.061
271.049
271.037
271.024
271.012
270.999
270.985
270.97
270.955
270.939
270.921
270.903
270.883
270.862
270.84
270.818
270.795
270.769
270.726
309.56
305.581
301.38
298.307
295.685
293.104
290.653
288.434
286.442
284.66
283.083
281.701
280.494
279.44
278.521
277.721
277.024
276.417
275.885
275.416
275
274.629
274.296
273.997
273.727
273.483
273.264
273.065
272.886
272.725
272.578
272.445
272.325
272.215
272.115
272.025
271.942
271.868
271.8
271.739
271.684
271.634
271.588
271.547
271.509
271.475
271.444
271.415
271.389
271.365
271.342
271.321
271.301
271.282
271.264
271.247
271.23
271.214
271.197
271.18
271.163
271.145
271.127
271.108
271.089
271.068
271.045
271.021
270.995
270.967
270.936
270.902
270.865
270.823
270.746
303.746
301.252
298.299
296.065
294.04
291.927
289.867
288.001
286.338
284.851
283.527
282.356
281.314
280.379
279.532
278.763
278.064
277.43
276.853
276.33
275.854
275.421
275.027
274.671
274.349
274.061
273.802
273.572
273.368
273.186
273.023
272.878
272.746
272.628
272.519
272.419
272.327
272.243
272.165
272.093
272.026
271.966
271.91
271.859
271.812
271.769
271.729
271.693
271.659
271.627
271.598
271.57
271.544
271.519
271.496
271.474
271.452
271.431
271.409
271.388
271.367
271.345
271.322
271.298
271.274
271.247
271.219
271.189
271.155
271.118
271.076
271.029
270.976
270.914
270.798
298.46
296.554
294.336
292.894
291.622
290.17
288.647
287.187
285.815
284.531
283.347
282.281
281.329
280.481
279.721
279.041
278.431
277.882
277.386
276.935
276.518
276.131
275.765
275.421
275.096
274.791
274.506
274.244
274.003
273.785
273.588
273.412
273.254
273.113
272.985
272.869
272.764
272.667
272.577
272.495
272.418
272.348
272.283
272.224
272.169
272.118
272.071
272.027
271.986
271.947
271.91
271.876
271.842
271.811
271.781
271.752
271.724
271.697
271.671
271.645
271.618
271.592
271.565
271.537
271.508
271.476
271.443
271.407
271.367
271.322
271.272
271.215
271.149
271.073
270.922
293.513
292.171
290.539
289.695
288.973
288.006
286.913
285.837
284.807
283.82
282.889
282.028
281.24
280.516
279.849
279.234
278.669
278.154
277.685
277.26
276.872
276.515
276.184
275.875
275.584
275.311
275.054
274.815
274.592
274.386
274.197
274.023
273.864
273.718
273.584
273.459
273.341
273.23
273.124
273.024
272.928
272.838
272.754
272.677
272.605
272.539
272.479
272.424
272.373
272.326
272.281
272.24
272.2
272.162
272.126
272.091
272.058
272.026
271.994
271.964
271.934
271.904
271.873
271.842
271.809
271.774
271.737
271.697
271.653
271.605
271.55
271.488
271.415
271.336
271.165
289.387
288.427
287.199
286.76
286.43
285.833
285.081
284.316
283.564
282.821
282.102
281.426
280.797
280.214
279.671
279.166
278.698
278.266
277.869
277.503
277.163
276.845
276.543
276.255
275.979
275.715
275.463
275.225
275.003
274.797
274.608
274.438
274.285
274.148
274.026
273.915
273.813
273.717
273.624
273.534
273.445
273.358
273.273
273.191
273.113
273.038
272.968
272.902
272.839
272.781
272.725
272.672
272.622
272.573
272.526
272.482
272.439
272.398
272.36
272.323
272.289
272.255
272.222
272.19
272.157
272.123
272.087
272.049
272.007
271.962
271.911
271.855
271.79
271.723
271.56
285.627
284.986
284.087
283.984
283.987
283.706
283.249
282.757
282.256
281.74
281.225
280.728
280.257
279.812
279.391
278.992
278.617
278.268
277.942
277.641
277.358
277.092
276.838
276.592
276.352
276.12
275.893
275.675
275.466
275.268
275.083
274.912
274.755
274.614
274.487
274.372
274.267
274.17
274.076
273.986
273.898
273.811
273.727
273.645
273.567
273.493
273.424
273.359
273.299
273.242
273.189
273.138
273.089
273.041
272.994
272.947
272.901
272.856
272.812
272.769
272.729
272.691
272.654
272.619
272.584
272.55
272.515
272.48
272.443
272.404
272.363
272.32
272.272
272.231
272.111
282.512
282.105
281.45
281.587
281.824
281.771
281.535
281.253
280.951
280.62
280.274
279.931
279.599
279.279
278.971
278.675
278.392
278.125
277.873
277.637
277.414
277.199
276.991
276.786
276.583
276.381
276.181
275.986
275.796
275.613
275.441
275.281
275.134
275.002
274.883
274.775
274.677
274.585
274.497
274.411
274.324
274.238
274.151
274.066
273.982
273.902
273.825
273.754
273.687
273.626
273.569
273.515
273.465
273.417
273.37
273.325
273.28
273.237
273.195
273.156
273.119
273.085
273.053
273.025
272.999
272.974
272.951
272.929
272.906
272.884
272.862
272.841
272.822
272.812
272.772
279.95
279.72
279.258
279.578
279.994
280.122
280.063
279.954
279.818
279.644
279.445
279.238
279.031
278.825
278.621
278.42
278.224
278.036
277.855
277.681
277.514
277.35
277.186
277.021
276.853
276.682
276.509
276.336
276.165
275.998
275.838
275.688
275.549
275.422
275.308
275.204
275.11
275.021
274.936
274.852
274.768
274.683
274.597
274.512
274.428
274.346
274.268
274.194
274.125
274.061
274.002
273.946
273.894
273.843
273.794
273.746
273.699
273.652
273.607
273.564
273.524
273.488
273.455
273.427
273.404
273.384
273.368
273.356
273.346
273.339
273.335
273.334
273.342
273.353
273.398
277.814
277.698
277.351
277.787
278.323
278.573
278.641
278.659
278.648
278.599
278.52
278.427
278.327
278.223
278.114
278.002
277.889
277.777
277.666
277.557
277.448
277.337
277.221
277.1
276.971
276.835
276.693
276.547
276.4
276.253
276.11
275.975
275.849
275.733
275.628
275.532
275.444
275.362
275.281
275.202
275.121
275.038
274.954
274.87
274.785
274.703
274.624
274.549
274.478
274.413
274.353
274.297
274.245
274.195
274.147
274.1
274.054
274.008
273.964
273.922
273.884
273.849
273.819
273.795
273.775
273.762
273.753
273.749
273.75
273.754
273.762
273.774
273.796
273.814
273.894
276.437
276.39
276.139
276.646
277.249
277.576
277.728
277.834
277.915
277.958
277.969
277.964
277.948
277.924
277.891
277.851
277.805
277.755
277.702
277.645
277.582
277.514
277.436
277.349
277.251
277.142
277.024
276.899
276.769
276.637
276.506
276.38
276.261
276.152
276.051
275.958
275.872
275.79
275.71
275.63
275.548
275.464
275.378
275.291
275.204
275.119
275.036
274.958
274.884
274.816
274.752
274.694
274.639
274.587
274.537
274.488
274.439
274.392
274.347
274.303
274.263
274.228
274.198
274.174
274.157
274.147
274.142
274.144
274.151
274.163
274.179
274.199
274.228
274.252
274.333
275.179
275.12
274.845
275.352
275.975
276.338
276.542
276.714
276.87
276.994
277.091
277.172
277.242
277.302
277.35
277.388
277.416
277.437
277.448
277.451
277.444
277.426
277.395
277.351
277.291
277.218
277.131
277.034
276.928
276.819
276.707
276.598
276.494
276.397
276.306
276.223
276.144
276.069
275.995
275.92
275.842
275.762
275.679
275.595
275.509
275.425
275.343
275.265
275.191
275.123
275.059
275
274.945
274.893
274.844
274.795
274.748
274.701
274.656
274.614
274.575
274.541
274.513
274.492
274.477
274.47
274.469
274.476
274.488
274.505
274.527
274.553
274.586
274.613
274.693
275.083
274.966
274.688
275.149
275.724
276.063
276.264
276.448
276.63
276.791
276.932
277.061
277.181
277.291
277.39
277.478
277.553
277.617
277.669
277.709
277.735
277.747
277.742
277.72
277.68
277.623
277.551
277.466
277.369
277.267
277.161
277.055
276.952
276.855
276.764
276.678
276.597
276.518
276.44
276.361
276.279
276.194
276.107
276.017
275.927
275.837
275.75
275.666
275.587
275.513
275.444
275.38
275.321
275.265
275.211
275.16
275.11
275.061
275.014
274.97
274.929
274.894
274.865
274.842
274.827
274.82
274.821
274.828
274.842
274.86
274.884
274.912
274.946
274.974
275.052
274.455
274.111
273.592
273.929
274.458
274.795
275.024
275.262
275.514
275.758
275.986
276.204
276.413
276.61
276.791
276.957
277.107
277.241
277.357
277.456
277.536
277.596
277.636
277.656
277.653
277.631
277.59
277.532
277.461
277.381
277.295
277.207
277.12
277.036
276.957
276.881
276.808
276.737
276.665
276.591
276.515
276.435
276.351
276.265
276.177
276.09
276.004
275.921
275.843
275.769
275.7
275.637
275.577
275.522
275.468
275.417
275.368
275.321
275.275
275.232
275.194
275.16
275.132
275.112
275.098
275.093
275.095
275.105
275.121
275.142
275.169
275.198
275.234
275.264
275.342
275.982
275.291
274.584
274.666
274.963
275.14
275.279
275.478
275.724
275.984
276.244
276.502
276.754
276.995
277.218
277.423
277.607
277.769
277.909
278.026
278.119
278.188
278.234
278.255
278.253
278.229
278.184
278.121
278.044
277.956
277.862
277.765
277.669
277.575
277.485
277.398
277.314
277.231
277.148
277.064
276.977
276.887
276.794
276.698
276.602
276.506
276.411
276.32
276.233
276.152
276.075
276.004
275.938
275.875
275.816
275.76
275.706
275.654
275.605
275.559
275.518
275.481
275.452
275.429
275.414
275.407
275.408
275.417
275.432
275.452
275.478
275.507
275.543
275.572
275.646
275.077
273.756
272.622
272.683
273.061
273.321
273.562
273.885
274.265
274.658
275.045
275.426
275.794
276.144
276.47
276.77
277.042
277.286
277.5
277.684
277.837
277.96
278.054
278.119
278.156
278.167
278.154
278.121
278.071
278.007
277.935
277.857
277.778
277.699
277.622
277.546
277.472
277.398
277.322
277.244
277.162
277.076
276.987
276.895
276.802
276.708
276.616
276.527
276.441
276.361
276.285
276.214
276.147
276.085
276.025
275.969
275.914
275.863
275.814
275.769
275.729
275.694
275.666
275.645
275.632
275.627
275.63
275.64
275.657
275.68
275.708
275.739
275.777
275.807
275.883
278.382
275.391
273.511
273.082
273.209
273.444
273.782
274.241
274.768
275.305
275.821
276.307
276.755
277.163
277.527
277.85
278.131
278.373
278.575
278.739
278.867
278.961
279.022
279.052
279.054
279.03
278.983
278.916
278.834
278.741
278.64
278.535
278.43
278.327
278.226
278.129
278.033
277.939
277.843
277.746
277.646
277.544
277.439
277.332
277.224
277.118
277.014
276.914
276.818
276.728
276.643
276.563
276.488
276.416
276.349
276.284
276.222
276.164
276.109
276.059
276.013
275.975
275.943
275.919
275.904
275.897
275.899
275.908
275.925
275.947
275.975
276.007
276.044
276.075
276.144
273.857
271.844
270.499
269.927
269.967
270.415
271.049
271.758
272.513
273.281
274.026
274.725
275.37
275.958
276.487
276.959
277.374
277.735
278.043
278.301
278.51
278.674
278.796
278.878
278.926
278.941
278.929
278.893
278.838
278.768
278.688
278.603
278.514
278.426
278.339
278.253
278.168
278.082
277.994
277.902
277.807
277.708
277.604
277.499
277.392
277.286
277.182
277.083
276.987
276.897
276.813
276.733
276.657
276.584
276.515
276.448
276.385
276.324
276.267
276.216
276.17
276.131
276.1
276.078
276.064
276.06
276.064
276.076
276.096
276.122
276.154
276.191
276.235
276.273
276.349
260.534
260.722
264.298
266.175
267.819
269.673
271.402
272.889
274.175
275.277
276.203
276.975
277.621
278.162
278.615
278.991
279.302
279.555
279.755
279.907
280.015
280.083
280.113
280.11
280.077
280.018
279.936
279.835
279.72
279.595
279.465
279.333
279.203
279.077
278.955
278.837
278.723
278.611
278.498
278.384
278.267
278.147
278.024
277.9
277.776
277.655
277.538
277.426
277.32
277.22
277.126
277.037
276.952
276.871
276.793
276.717
276.644
276.575
276.509
276.45
276.397
276.352
276.315
276.289
276.272
276.266
276.269
276.28
276.3
276.327
276.361
276.401
276.452
276.495
276.615
253.989
253.584
252.007
255.049
259.379
262.745
265.361
267.752
269.943
271.814
273.36
274.645
275.721
276.618
277.364
277.981
278.489
278.904
279.238
279.5
279.698
279.841
279.933
279.982
279.991
279.967
279.914
279.836
279.74
279.631
279.513
279.392
279.271
279.153
279.038
278.928
278.82
278.714
278.606
278.495
278.38
278.259
278.134
278.006
277.876
277.75
277.627
277.511
277.402
277.3
277.205
277.115
277.029
276.946
276.866
276.788
276.712
276.64
276.572
276.51
276.454
276.408
276.37
276.344
276.327
276.321
276.325
276.339
276.362
276.393
276.434
276.482
276.552
276.607
276.827
256.218
257.094
256.897
262.1
267.285
270.236
272.109
273.812
275.34
276.547
277.469
278.202
278.801
279.29
279.688
280.012
280.274
280.481
280.638
280.751
280.822
280.856
280.855
280.824
280.763
280.677
280.568
280.44
280.298
280.147
279.99
279.834
279.681
279.534
279.393
279.26
279.134
279.013
278.893
278.772
278.649
278.521
278.391
278.259
278.126
277.996
277.869
277.749
277.636
277.53
277.431
277.337
277.248
277.161
277.077
276.994
276.913
276.835
276.76
276.692
276.63
276.578
276.535
276.503
276.483
276.473
276.474
276.485
276.505
276.533
276.568
276.611
276.667
276.718
276.866
271.957
270.538
269.048
270.28
271.931
272.88
273.554
274.329
275.156
275.911
276.579
277.19
277.755
278.273
278.742
279.162
279.531
279.85
280.117
280.334
280.503
280.627
280.707
280.747
280.75
280.718
280.656
280.567
280.456
280.329
280.192
280.05
279.909
279.772
279.641
279.517
279.397
279.279
279.161
279.039
278.912
278.78
278.641
278.499
278.355
278.212
278.073
277.94
277.815
277.699
277.59
277.487
277.39
277.296
277.204
277.114
277.025
276.939
276.857
276.78
276.711
276.65
276.6
276.561
276.534
276.518
276.513
276.517
276.53
276.55
276.575
276.605
276.637
276.671
276.703
276.396
275.378
274.937
275.452
276.343
277.151
277.862
278.558
279.225
279.817
280.322
280.755
281.131
281.455
281.731
281.963
282.152
282.301
282.408
282.475
282.505
282.5
282.461
282.391
282.291
282.163
282.011
281.837
281.647
281.444
281.235
281.026
280.821
280.624
280.437
280.262
280.095
279.936
279.779
279.623
279.464
279.302
279.137
278.968
278.799
278.632
278.47
278.315
278.169
278.033
277.905
277.785
277.672
277.563
277.457
277.353
277.251
277.152
277.056
276.966
276.883
276.809
276.745
276.693
276.653
276.625
276.608
276.601
276.603
276.612
276.625
276.642
276.659
276.678
276.676
274.991
275.272
275.186
276.215
277.469
278.397
279.074
279.66
280.189
280.64
281.015
281.33
281.602
281.838
282.042
282.218
282.366
282.486
282.577
282.637
282.665
282.663
282.629
282.566
282.474
282.354
282.208
282.04
281.852
281.65
281.44
281.227
281.017
280.814
280.62
280.436
280.26
280.093
279.929
279.767
279.603
279.436
279.264
279.09
278.914
278.74
278.571
278.408
278.253
278.108
277.973
277.845
277.724
277.608
277.496
277.386
277.278
277.172
277.069
276.972
276.881
276.799
276.728
276.668
276.62
276.584
276.561
276.548
276.544
276.548
276.558
276.572
276.591
276.608
276.653
280.65
280.632
280.547
281.167
281.876
282.326
282.627
282.908
283.18
283.413
283.601
283.753
283.877
283.977
284.056
284.115
284.155
284.175
284.173
284.146
284.093
284.013
283.906
283.773
283.615
283.433
283.229
283.005
282.765
282.514
282.257
282.001
281.75
281.509
281.279
281.061
280.853
280.655
280.461
280.269
280.077
279.883
279.686
279.488
279.289
279.093
278.901
278.717
278.543
278.378
278.223
278.077
277.939
277.806
277.678
277.553
277.43
277.311
277.195
277.084
276.98
276.884
276.799
276.727
276.666
276.619
276.583
276.56
276.546
276.542
276.545
276.555
276.573
276.589
276.652
282.255
282.054
281.637
282.295
283.108
283.596
283.895
284.161
284.404
284.593
284.724
284.809
284.86
284.883
284.884
284.87
284.841
284.798
284.737
284.657
284.555
284.43
284.283
284.112
283.92
283.706
283.473
283.224
282.961
282.69
282.416
282.144
281.88
281.626
281.384
281.155
280.936
280.726
280.522
280.321
280.12
279.918
279.715
279.511
279.307
279.106
278.91
278.721
278.54
278.369
278.207
278.055
277.91
277.771
277.637
277.506
277.378
277.253
277.131
277.014
276.904
276.803
276.711
276.632
276.564
276.509
276.467
276.437
276.418
276.408
276.408
276.415
276.433
276.449
276.52
287.176
286.712
286.224
286.603
287.082
287.274
287.313
287.342
287.364
287.346
287.283
287.188
287.07
286.937
286.794
286.648
286.498
286.343
286.179
286.004
285.815
285.611
285.391
285.155
284.901
284.632
284.347
284.049
283.741
283.428
283.114
282.806
282.506
282.219
281.943
281.681
281.43
281.188
280.953
280.723
280.495
280.268
280.043
279.818
279.594
279.374
279.159
278.951
278.752
278.562
278.382
278.211
278.049
277.893
277.743
277.597
277.455
277.316
277.181
277.052
276.929
276.815
276.71
276.617
276.537
276.468
276.413
276.37
276.338
276.317
276.306
276.305
276.315
276.326
276.391
289.547
289.037
288.363
288.664
289.094
289.224
289.19
289.14
289.077
288.97
288.815
288.624
288.409
288.179
287.941
287.701
287.46
287.219
286.973
286.72
286.458
286.186
285.903
285.609
285.304
284.987
284.66
284.325
283.984
283.643
283.306
282.975
282.656
282.348
282.054
281.773
281.503
281.243
280.992
280.748
280.508
280.271
280.037
279.805
279.575
279.349
279.127
278.912
278.705
278.506
278.317
278.138
277.967
277.803
277.646
277.493
277.344
277.199
277.059
276.923
276.794
276.672
276.56
276.459
276.368
276.29
276.224
276.17
276.127
276.096
276.075
276.065
276.069
276.075
276.137
293.973
293.277
292.498
292.56
292.724
292.62
292.376
292.125
291.87
291.579
291.248
290.889
290.513
290.131
289.748
289.372
289.005
288.646
288.293
287.943
287.591
287.238
286.88
286.517
286.147
285.771
285.39
285.006
284.622
284.241
283.866
283.501
283.147
282.807
282.48
282.166
281.865
281.576
281.297
281.027
280.764
280.508
280.255
280.006
279.759
279.517
279.279
279.047
278.823
278.608
278.402
278.206
278.019
277.841
277.668
277.502
277.341
277.183
277.031
276.883
276.742
276.607
276.482
276.366
276.261
276.166
276.084
276.012
275.952
275.904
275.866
275.84
275.83
275.824
275.875
297.057
296.278
295.34
295.261
295.292
295.051
294.668
294.278
293.883
293.455
292.99
292.499
291.995
291.487
290.984
290.492
290.016
289.555
289.108
288.67
288.241
287.815
287.392
286.968
286.544
286.12
285.696
285.274
284.856
284.446
284.045
283.655
283.279
282.916
282.567
282.232
281.911
281.603
281.308
281.024
280.749
280.481
280.219
279.961
279.706
279.454
279.208
278.966
278.733
278.508
278.294
278.088
277.893
277.706
277.526
277.352
277.183
277.018
276.858
276.702
276.553
276.409
276.273
276.146
276.027
275.919
275.82
275.731
275.652
275.584
275.526
275.48
275.448
275.428
275.454
301.471
300.497
299.406
299.076
298.837
298.354
297.746
297.14
296.538
295.913
295.261
294.593
293.922
293.258
292.609
291.983
291.382
290.806
290.252
289.716
289.195
288.685
288.184
287.689
287.2
286.717
286.241
285.773
285.314
284.866
284.431
284.009
283.602
283.21
282.833
282.472
282.127
281.796
281.48
281.177
280.884
280.6
280.322
280.049
279.779
279.514
279.253
278.999
278.752
278.515
278.287
278.069
277.861
277.661
277.467
277.28
277.097
276.919
276.746
276.577
276.413
276.256
276.105
275.962
275.827
275.7
275.581
275.47
275.367
275.272
275.186
275.11
275.045
274.998
274.949
305.13
303.998
302.696
302.145
301.69
300.999
300.188
299.383
298.588
297.777
296.95
296.118
295.294
294.49
293.714
292.972
292.265
291.594
290.951
290.334
289.738
289.158
288.592
288.04
287.499
286.97
286.454
285.95
285.461
284.987
284.528
284.085
283.658
283.247
282.853
282.476
282.115
281.77
281.439
281.121
280.814
280.515
280.223
279.935
279.653
279.375
279.104
278.841
278.586
278.342
278.107
277.883
277.668
277.46
277.259
277.064
276.874
276.687
276.505
276.328
276.156
275.988
275.827
275.671
275.521
275.377
275.238
275.104
274.974
274.849
274.728
274.612
274.499
274.404
274.248
309.835
308.445
306.908
306.036
305.247
304.248
303.151
302.074
301.022
299.974
298.927
297.895
296.89
295.922
294.999
294.125
293.3
292.521
291.781
291.075
290.397
289.742
289.109
288.495
287.9
287.322
286.761
286.218
285.693
285.186
284.697
284.227
283.776
283.343
282.929
282.534
282.156
281.796
281.451
281.119
280.797
280.485
280.179
279.879
279.586
279.3
279.02
278.75
278.488
278.236
277.992
277.757
277.529
277.308
277.092
276.88
276.674
276.472
276.275
276.083
275.897
275.716
275.54
275.37
275.205
275.044
274.886
274.732
274.579
274.428
274.277
274.126
273.972
273.826
273.59
313.9
312.237
310.38
309.177
308.07
306.773
305.396
304.057
302.765
301.502
300.265
299.066
297.915
296.82
295.784
294.81
293.893
293.028
292.208
291.426
290.677
289.959
289.267
288.602
287.962
287.347
286.755
286.187
285.642
285.12
284.62
284.141
283.682
283.243
282.823
282.421
282.034
281.662
281.302
280.953
280.612
280.28
279.955
279.639
279.33
279.031
278.741
278.462
278.193
277.934
277.684
277.443
277.211
276.985
276.766
276.553
276.347
276.146
275.951
275.761
275.577
275.397
275.222
275.05
274.882
274.716
274.551
274.388
274.223
274.057
273.888
273.714
273.533
273.348
273.077
319.116
317.014
314.725
313.005
311.397
309.66
307.893
306.203
304.597
303.054
301.57
300.155
298.819
297.567
296.399
295.315
294.307
293.366
292.483
291.649
290.856
290.1
289.375
288.681
288.013
287.372
286.754
286.16
285.589
285.041
284.514
284.01
283.527
283.065
282.623
282.2
281.794
281.404
281.029
280.667
280.318
279.981
279.655
279.342
279.04
278.749
278.468
278.199
277.938
277.687
277.443
277.207
276.977
276.754
276.536
276.324
276.118
275.917
275.721
275.53
275.343
275.161
274.982
274.806
274.632
274.46
274.29
274.119
273.948
273.774
273.597
273.413
273.222
273.019
272.752
323.475
320.945
318.116
315.86
313.746
311.54
309.361
307.329
305.45
303.698
302.062
300.539
299.125
297.814
296.597
295.464
294.404
293.405
292.459
291.56
290.701
289.882
289.1
288.355
287.645
286.97
286.329
285.721
285.145
284.599
284.081
283.59
283.123
282.679
282.254
281.848
281.457
281.082
280.719
280.369
280.031
279.704
279.388
279.082
278.787
278.502
278.226
277.959
277.7
277.449
277.205
276.969
276.739
276.516
276.299
276.088
275.883
275.683
275.489
275.299
275.113
274.932
274.753
274.578
274.406
274.235
274.066
273.898
273.729
273.559
273.386
273.208
273.023
272.825
272.59
329.108
325.335
321.46
318.332
315.552
312.865
310.333
308.014
305.885
303.916
302.091
300.407
298.857
297.431
296.118
294.909
293.79
292.753
291.787
290.886
290.042
289.25
288.504
287.8
287.135
286.504
285.906
285.337
284.795
284.278
283.783
283.31
282.856
282.419
281.999
281.595
281.205
280.83
280.468
280.118
279.782
279.457
279.144
278.841
278.549
278.267
277.995
277.731
277.475
277.227
276.986
276.753
276.527
276.307
276.093
275.885
275.682
275.485
275.292
275.104
274.921
274.741
274.564
274.392
274.222
274.054
273.889
273.726
273.564
273.402
273.239
273.076
272.908
272.729
272.539
334.044
329.029
324.072
319.982
316.288
312.845
309.75
307.032
304.648
302.55
300.7
299.062
297.603
296.292
295.103
294.013
293.005
292.065
291.182
290.35
289.561
288.813
288.101
287.423
286.777
286.161
285.574
285.013
284.477
283.965
283.475
283.005
282.555
282.124
281.709
281.31
280.927
280.558
280.203
279.862
279.532
279.214
278.907
278.611
278.325
278.047
277.779
277.519
277.268
277.024
276.787
276.557
276.334
276.117
275.907
275.702
275.502
275.308
275.118
274.933
274.752
274.575
274.402
274.233
274.067
273.904
273.744
273.586
273.431
273.279
273.128
272.98
272.832
272.678
272.539
340.001
330.358
323.082
317.621
313.326
309.846
306.991
304.617
302.603
300.86
299.32
297.935
296.671
295.503
294.414
293.393
292.431
291.523
290.664
289.85
289.077
288.345
287.649
286.987
286.357
285.758
285.186
284.64
284.118
283.618
283.14
282.682
282.242
281.82
281.414
281.024
280.649
280.288
279.94
279.605
279.281
278.969
278.668
278.377
278.096
277.824
277.56
277.305
277.058
276.819
276.586
276.361
276.142
275.929
275.723
275.522
275.326
275.135
274.949
274.767
274.59
274.417
274.247
274.081
273.919
273.76
273.605
273.452
273.304
273.159
273.019
272.884
272.755
272.628
272.535
67.1296
70.9561
77.3727
82.5347
87.0211
91.5067
95.9914
100.366
104.63
108.801
112.894
116.908
120.848
124.717
128.519
132.256
135.935
139.576
143.165
146.692
150.152
153.544
156.863
160.107
163.272
166.357
169.359
172.278
175.113
177.865
180.531
183.117
185.639
188.116
190.582
193.01
195.378
197.669
199.882
202.021
204.085
206.077
207.994
209.841
211.617
213.326
214.981
216.603
218.185
219.757
221.317
222.829
224.263
225.628
226.928
228.168
229.348
230.479
231.595
232.673
233.681
234.685
235.687
236.634
237.509
238.345
239.246
239.995
240.528
241.187
250.402
252.45
252.487
251.827
251.381
251.077
250.752
250.412
250.072
249.744
249.416
249.094
248.768
248.444
248.115
247.786
247.449
247.103
246.743
246.376
246.002
245.629
245.255
244.889
244.529
244.181
243.843
243.521
243.214
242.928
242.659
242.417
242.207
241.918
241.552
241.214
240.904
240.616
240.345
240.1
239.879
239.689
239.527
239.401
239.307
239.252
239.248
239.279
239.113
238.815
238.615
238.494
238.41
238.368
238.374
238.435
238.548
238.726
239.02
239.243
239.097
238.877
238.882
239.03
239.265
239.629
240.317
240.408
240.186
240.254
169.733
171.802
173.323
174.574
175.87
177.218
178.568
179.916
181.267
182.626
183.99
185.361
186.738
188.124
189.515
190.918
192.33
193.755
195.188
196.63
198.077
199.531
200.99
202.454
203.92
205.39
206.859
208.328
209.794
211.258
212.718
214.174
215.609
217.085
218.592
220.075
221.554
223.036
224.511
225.98
227.44
228.893
230.333
231.764
233.182
234.589
235.978
237.345
238.781
240.258
241.68
243.091
244.49
245.873
247.236
248.581
249.905
251.214
252.49
253.767
255.139
256.52
257.823
259.1
260.354
261.588
262.745
264.026
265.469
266.56
250.761
251.267
251.568
251.803
252.061
252.338
252.614
252.892
253.17
253.452
253.734
254.018
254.3
254.585
254.868
255.152
255.433
255.711
255.985
256.259
256.53
256.805
257.08
257.361
257.644
257.934
258.229
258.535
258.846
259.17
259.502
259.85
260.2
260.538
260.849
261.152
261.463
261.788
262.121
262.467
262.823
263.195
263.579
263.98
264.396
264.832
265.284
265.732
266.157
266.534
266.893
267.279
267.69
268.124
268.576
269.055
269.558
270.092
270.635
271.172
271.673
272.1
272.525
273.012
273.557
274.161
274.736
275.393
276.02
276.531
207.442
208.387
209.427
210.387
211.318
212.254
213.19
214.124
215.054
215.982
216.908
217.834
218.758
219.681
220.602
221.525
222.446
223.369
224.29
225.211
226.13
227.051
227.971
228.893
229.813
230.736
231.657
232.58
233.501
234.426
235.349
236.276
237.196
238.124
239.045
239.958
240.872
241.791
242.708
243.628
244.547
245.47
246.391
247.316
248.242
249.172
250.102
251.024
251.958
252.88
253.78
254.692
255.608
256.528
257.449
258.376
259.307
260.248
261.18
262.111
263.062
263.98
264.873
265.789
266.722
267.676
268.578
269.598
270.637
271.488
244.789
245.258
245.776
246.26
246.734
247.213
247.696
248.181
248.666
249.153
249.64
250.129
250.616
251.105
251.592
252.08
252.566
253.05
253.53
254.01
254.487
254.965
255.441
255.92
256.398
256.881
257.364
257.852
258.342
258.838
259.337
259.845
260.352
260.848
261.319
261.785
262.254
262.731
263.208
263.693
264.181
264.677
265.178
265.689
266.206
266.736
267.275
267.812
268.313
268.772
269.219
269.688
270.169
270.663
271.168
271.691
272.229
272.791
273.366
273.922
274.41
274.839
275.279
275.772
276.309
276.901
277.499
278.075
278.608
279.047
226.092
226.752
227.572
228.34
229.076
229.814
230.557
231.3
232.043
232.788
233.534
234.282
235.031
235.781
236.533
237.288
238.045
238.805
239.564
240.327
241.091
241.857
242.624
243.394
244.163
244.937
245.708
246.485
247.26
248.04
248.818
249.604
250.383
251.165
251.936
252.702
253.469
254.241
255.012
255.788
256.562
257.342
258.121
258.907
259.693
260.486
261.28
262.07
262.854
263.62
264.37
265.134
265.901
266.676
267.452
268.238
269.029
269.833
270.636
271.431
272.209
272.955
273.691
274.456
275.242
276.057
276.85
277.685
278.521
279.206
245.856
246.298
246.868
247.414
247.939
248.47
249.006
249.548
250.092
250.641
251.193
251.749
252.306
252.867
253.429
253.994
254.558
255.123
255.685
256.248
256.809
257.371
257.932
258.496
259.058
259.625
260.191
260.763
261.334
261.911
262.49
263.076
263.659
264.237
264.797
265.353
265.91
266.475
267.038
267.609
268.18
268.758
269.339
269.928
270.521
271.124
271.732
272.338
272.92
273.473
274.015
274.574
275.14
275.718
276.302
276.9
277.508
278.135
278.769
279.39
279.964
280.496
281.031
281.608
282.216
282.866
283.515
284.159
284.784
285.289
239.434
239.974
240.694
241.375
242.023
242.673
243.329
243.987
244.646
245.309
245.973
246.641
247.31
247.982
248.657
249.336
250.016
250.7
251.383
252.07
252.755
253.444
254.131
254.821
255.51
256.202
256.892
257.586
258.28
258.977
259.675
260.378
261.077
261.776
262.464
263.147
263.831
264.522
265.211
265.904
266.598
267.297
267.996
268.702
269.408
270.123
270.839
271.552
272.254
272.939
273.611
274.296
274.985
275.683
276.383
277.093
277.808
278.538
279.268
279.99
280.689
281.358
282.022
282.715
283.43
284.174
284.904
285.659
286.413
287.024
251.354
251.786
252.389
252.967
253.519
254.077
254.642
255.214
255.789
256.369
256.952
257.539
258.127
258.718
259.309
259.903
260.495
261.089
261.678
262.268
262.855
263.444
264.03
264.619
265.205
265.796
266.385
266.979
267.571
268.169
268.766
269.37
269.971
270.568
271.151
271.731
272.311
272.896
273.481
274.071
274.661
275.257
275.854
276.457
277.063
277.677
278.294
278.909
279.506
280.082
280.647
281.226
281.81
282.404
283.002
283.611
284.228
284.86
285.495
286.121
286.713
287.272
287.832
288.424
289.042
289.693
290.338
290.988
291.628
292.14
251.015
251.485
252.15
252.781
253.379
253.98
254.589
255.203
255.821
256.444
257.069
257.698
258.329
258.966
259.603
260.245
260.887
261.532
262.175
262.82
263.463
264.108
264.75
265.394
266.035
266.679
267.32
267.965
268.609
269.256
269.902
270.554
271.201
271.848
272.484
273.116
273.748
274.385
275.021
275.661
276.301
276.945
277.589
278.239
278.89
279.547
280.206
280.862
281.507
282.136
282.754
283.383
284.015
284.655
285.298
285.949
286.604
287.272
287.94
288.601
289.24
289.853
290.463
291.098
291.753
292.433
293.106
293.792
294.476
295.02
259.806
260.22
260.825
261.409
261.963
262.524
263.094
263.672
264.253
264.84
265.429
266.023
266.616
267.214
267.811
268.411
269.008
269.606
270.199
270.792
271.38
271.969
272.552
273.137
273.718
274.301
274.882
275.466
276.047
276.633
277.217
277.806
278.392
278.975
279.548
280.117
280.686
281.259
281.831
282.407
282.983
283.564
284.145
284.731
285.318
285.912
286.508
287.101
287.682
288.248
288.803
289.368
289.938
290.515
291.096
291.685
292.28
292.886
293.495
294.095
294.672
295.223
295.772
296.348
296.943
297.563
298.177
298.8
299.421
299.906
262.621
263.075
263.736
264.375
264.981
265.595
266.214
266.842
267.468
268.099
268.727
269.357
269.983
270.609
271.23
271.85
272.463
273.075
273.679
274.281
274.877
275.473
276.064
276.655
277.242
277.831
278.418
279.006
279.592
280.182
280.77
281.362
281.949
282.536
283.115
283.689
284.263
284.841
285.418
285.997
286.577
287.16
287.743
288.331
288.919
289.512
290.107
290.699
291.283
291.854
292.416
292.986
293.559
294.139
294.722
295.311
295.905
296.508
297.112
297.709
298.291
298.853
299.41
299.989
300.584
301.199
301.804
302.427
303.056
303.547
270.592
271.036
271.696
272.341
272.954
273.575
274.197
274.823
275.443
276.063
276.673
277.28
277.877
278.47
279.053
279.632
280.203
280.771
281.332
281.89
282.443
282.995
283.542
284.089
284.633
285.178
285.72
286.264
286.806
287.35
287.893
288.439
288.981
289.521
290.055
290.584
291.112
291.644
292.174
292.707
293.24
293.776
294.313
294.852
295.393
295.938
296.485
297.028
297.563
298.088
298.604
299.126
299.652
300.182
300.716
301.256
301.8
302.352
302.904
303.449
303.98
304.492
305
305.526
306.066
306.623
307.171
307.733
308.301
308.732
274.781
275.229
275.909
276.572
277.201
277.833
278.463
279.094
279.715
280.332
280.937
281.538
282.128
282.713
283.29
283.865
284.432
284.998
285.557
286.115
286.668
287.221
287.77
288.318
288.864
289.41
289.953
290.498
291.04
291.584
292.126
292.671
293.211
293.75
294.284
294.813
295.341
295.872
296.401
296.932
297.462
297.994
298.527
299.062
299.597
300.136
300.675
301.211
301.742
302.265
302.779
303.297
303.818
304.344
304.872
305.404
305.94
306.483
307.025
307.56
308.089
308.603
309.112
309.635
310.172
310.723
311.263
311.824
312.396
312.828
283.053
283.47
284.12
284.757
285.357
285.956
286.549
287.139
287.718
288.291
288.853
289.411
289.96
290.507
291.046
291.585
292.117
292.649
293.175
293.701
294.223
294.744
295.261
295.779
296.293
296.809
297.321
297.834
298.344
298.856
299.366
299.878
300.384
300.89
301.392
301.89
302.385
302.882
303.377
303.874
304.37
304.867
305.364
305.863
306.361
306.863
307.364
307.862
308.355
308.844
309.323
309.806
310.292
310.781
311.272
311.768
312.265
312.77
313.272
313.768
314.258
314.737
315.207
315.689
316.182
316.686
317.177
317.688
318.213
318.589
287.399
287.768
288.378
288.969
289.525
290.081
290.637
291.194
291.745
292.295
292.841
293.386
293.926
294.466
295.001
295.537
296.069
296.601
297.129
297.658
298.182
298.708
299.229
299.752
300.271
300.792
301.31
301.829
302.346
302.864
303.38
303.899
304.411
304.925
305.436
305.942
306.446
306.952
307.455
307.961
308.465
308.971
309.475
309.982
310.488
310.997
311.504
312.009
312.51
313.011
313.5
313.993
314.486
314.984
315.482
315.984
316.487
316.996
317.502
318.004
318.504
318.998
319.482
319.976
320.478
320.989
321.489
322.01
322.551
322.939
297.842
298.158
298.706
299.243
299.748
300.252
300.755
301.259
301.758
302.257
302.751
303.247
303.737
304.229
304.716
305.204
305.688
306.173
306.653
307.135
307.612
308.091
308.565
309.04
309.512
309.985
310.455
310.926
311.394
311.863
312.329
312.798
313.26
313.723
314.185
314.643
315.097
315.553
316.007
316.462
316.914
317.369
317.821
318.275
318.727
319.181
319.633
320.081
320.525
320.971
321.406
321.843
322.279
322.718
323.156
323.597
324.037
324.481
324.92
325.355
325.784
326.212
326.628
327.051
327.478
327.914
328.339
328.777
329.244
329.544
302.113
302.242
302.702
303.168
303.591
304.008
304.424
304.84
305.252
305.665
306.073
306.483
306.889
307.297
307.703
308.111
308.518
308.928
309.339
309.754
310.169
310.589
311.01
311.435
311.861
312.293
312.726
313.165
313.605
314.052
314.501
314.956
315.405
315.866
316.334
316.798
317.263
317.734
318.208
318.688
319.171
319.66
320.151
320.65
321.151
321.66
322.168
322.669
323.187
323.721
324.233
324.749
325.27
325.799
326.329
326.868
327.411
327.961
328.499
329.033
329.606
330.187
330.733
331.287
331.855
332.43
332.957
333.599
334.29
334.68
319.035
318.713
318.478
318.343
318.251
318.193
318.168
318.177
318.217
318.287
318.384
318.509
318.657
318.832
319.029
319.246
319.476
319.734
320.014
320.313
320.625
320.955
321.297
321.657
322.027
322.413
322.81
323.22
323.64
324.076
324.525
324.968
325.302
325.773
326.376
326.877
327.36
327.859
328.366
328.882
329.402
329.931
330.462
331.003
331.553
332.114
332.601
332.911
333.527
334.357
334.944
335.493
336.058
336.636
337.215
337.804
338.41
339.007
339.364
339.616
340.483
341.521
342.148
342.741
343.391
343.926
343.816
345
346.429
346.136
-17.2458
-23.2736
-26.1953
-30.9529
-36.5455
-41.9056
-46.5881
-50.2073
-52.1475
-50.9227
-51.5273
-60.4233
-61.9968
-61.4326
-61.5949
-62.0067
-62.2272
-62.2782
-62.2261
-62.0668
-61.7922
-61.3961
-60.8812
-60.2429
-59.4826
-58.5952
-57.5815
-56.4465
-55.2626
-53.9217
-51.5084
-53.2446
-54.0274
-52.726
-51.2824
-50.0695
-48.8464
-47.5339
-46.1652
-44.7507
-43.2915
-41.7822
-40.2271
-38.6238
-36.9762
-35.2815
-33.5438
-31.7604
-29.9351
-28.065
-26.1627
-24.2376
-22.2965
-20.3341
-18.3525
-16.3486
-14.3254
-12.2775
-10.2089
-8.15927
-6.2898
-3.49769
-2.09149
-0.619713
1.37948
3.44073
5.44127
7.44138
9.45946
11.4906
13.5259
15.568
17.6129
19.6624
21.7122
23.764
25.8137
27.8631
29.9084
31.9512
33.988
36.0203
38.0448
40.0636
42.0737
44.0768
46.0701
48.0554
50.03
51.9953
53.9492
55.8926
57.824
59.7438
61.6516
63.5461
65.4079
67.2312
69.4039
73.8574
298.071
299.104
299.666
300.382
301.17
301.883
302.442
302.777
302.902
302.937
302.602
302.241
302.243
302.238
302.114
301.901
301.617
301.264
300.839
300.345
299.782
299.153
298.46
297.704
296.887
296.012
295.08
294.092
293.051
292.076
291.071
290.074
289.32
288.662
287.956
287.202
286.418
285.611
284.778
283.922
283.043
282.144
281.226
280.292
279.341
278.378
277.401
276.415
275.417
274.413
273.409
272.421
271.451
270.501
269.568
268.656
267.761
266.889
266.035
265.205
264.45
263.672
262.814
262.115
261.528
260.955
260.383
259.831
259.299
258.79
258.299
257.831
257.382
256.957
256.552
256.171
255.811
255.476
255.162
254.874
254.609
254.364
254.131
253.909
253.696
253.492
253.294
253.103
252.915
252.73
252.545
252.361
252.176
251.989
251.798
251.603
251.402
251.201
251.019
250.332
139.496
138.455
137.558
136.596
135.629
134.724
133.905
133.193
132.615
132.158
131.735
131.326
130.909
130.542
130.231
129.967
129.747
129.572
129.44
129.351
129.303
129.296
129.329
129.4
129.509
129.654
129.835
130.05
130.298
130.585
130.851
131.106
131.362
131.644
131.956
132.296
132.66
133.048
133.458
133.892
134.345
134.82
135.313
135.826
136.356
136.903
137.465
138.044
138.636
139.243
139.862
140.493
141.133
141.784
142.442
143.107
143.778
144.453
145.131
145.812
146.5
147.169
147.834
148.51
149.188
149.865
150.537
151.205
151.868
152.524
153.172
153.811
154.439
155.057
155.661
156.253
156.828
157.39
157.934
158.462
158.969
159.464
159.949
160.428
160.904
161.385
161.867
162.356
162.846
163.345
163.848
164.361
164.879
165.409
165.946
166.495
167.054
167.628
168.213
168.298
225.077
225.564
225.996
226.468
226.954
227.424
227.866
228.267
228.616
228.92
229.219
229.548
229.891
230.215
230.521
230.813
231.092
231.357
231.609
231.846
232.07
232.281
232.479
232.664
232.836
232.996
233.144
233.281
233.406
233.522
233.653
233.814
233.995
234.174
234.342
234.506
234.664
234.819
234.97
235.117
235.26
235.401
235.539
235.674
235.808
235.941
236.073
236.205
236.336
236.468
236.6
236.734
236.869
237.006
237.146
237.288
237.433
237.582
237.735
237.891
238.053
238.228
238.414
238.616
238.826
239.04
239.259
239.484
239.716
239.955
240.201
240.455
240.716
240.987
241.265
241.553
241.85
242.157
242.474
242.802
243.141
243.492
243.854
244.23
244.613
245.001
245.393
245.788
246.181
246.573
246.963
247.352
247.738
248.123
248.505
248.885
249.26
249.632
250.004
250.324
176.654
176.297
175.987
175.658
175.335
175.037
174.769
174.537
174.348
174.199
174.065
173.941
173.828
173.737
173.67
173.623
173.598
173.594
173.61
173.646
173.702
173.778
173.873
173.987
174.12
174.271
174.441
174.628
174.833
175.056
175.281
175.511
175.749
176
176.267
176.548
176.844
177.152
177.473
177.806
178.151
178.508
178.876
179.254
179.642
180.041
180.449
180.866
181.292
181.726
182.168
182.618
183.075
183.539
184.009
184.485
184.966
185.453
185.944
186.44
186.94
187.439
187.941
188.448
188.957
189.467
189.979
190.493
191.008
191.523
192.038
192.552
193.066
193.579
194.09
194.6
195.107
195.613
196.115
196.615
197.11
197.603
198.091
198.576
199.055
199.529
199.998
200.468
200.944
201.428
201.917
202.416
202.921
203.435
203.957
204.49
205.032
205.585
206.152
206.599
198.55
198.908
199.253
199.613
199.986
200.364
200.744
201.123
201.5
201.873
202.251
202.636
203.03
203.426
203.826
204.23
204.638
205.049
205.465
205.883
206.305
206.73
207.158
207.588
208.022
208.458
208.897
209.337
209.781
210.225
210.678
211.139
211.609
212.082
212.558
213.036
213.518
214.002
214.489
214.978
215.47
215.964
216.461
216.959
217.459
217.961
218.465
218.97
219.477
219.985
220.494
221.004
221.515
222.027
222.54
223.053
223.567
224.08
224.595
225.108
225.622
226.137
226.653
227.171
227.689
228.206
228.722
229.237
229.752
230.266
230.779
231.291
231.801
232.311
232.819
233.326
233.832
234.336
234.839
235.341
235.842
236.341
236.839
237.336
237.831
238.325
238.818
239.305
239.785
240.254
240.714
241.163
241.602
242.029
242.445
242.847
243.237
243.611
243.976
244.279
182.373
182.39
182.431
182.466
182.51
182.57
182.65
182.749
182.871
183.014
183.169
183.328
183.499
183.686
183.889
184.106
184.339
184.585
184.847
185.122
185.411
185.714
186.031
186.361
186.704
187.061
187.43
187.812
188.206
188.613
189.026
189.442
189.867
190.302
190.748
191.204
191.67
192.145
192.629
193.121
193.622
194.13
194.646
195.169
195.698
196.234
196.776
197.322
197.875
198.432
198.994
199.559
200.128
200.7
201.276
201.854
202.434
203.015
203.599
204.183
204.768
205.35
205.933
206.516
207.097
207.678
208.258
208.836
209.412
209.986
210.558
211.127
211.692
212.254
212.813
213.367
213.917
214.462
215.003
215.538
216.069
216.593
217.113
217.626
218.133
218.634
219.128
219.618
220.107
220.596
221.083
221.571
222.058
222.546
223.035
223.525
224.018
224.51
225.014
225.437
184.972
185.31
185.651
186.002
186.367
186.746
187.139
187.545
187.965
188.397
188.839
189.285
189.745
190.218
190.704
191.202
191.712
192.234
192.769
193.314
193.872
194.44
195.019
195.608
196.209
196.819
197.439
198.068
198.707
199.354
200.01
200.67
201.34
202.018
202.705
203.399
204.101
204.81
205.526
206.247
206.975
207.707
208.445
209.187
209.934
210.684
211.438
212.194
212.953
213.713
214.475
215.238
216.002
216.766
217.53
218.292
219.053
219.813
220.57
221.324
222.075
222.821
223.564
224.303
225.038
225.768
226.493
227.212
227.926
228.634
229.335
230.029
230.716
231.395
232.067
232.731
233.386
234.033
234.671
235.3
235.92
236.53
237.131
237.722
238.303
238.874
239.434
239.981
240.515
241.033
241.538
242.028
242.502
242.961
243.404
243.831
244.241
244.632
245.016
245.328
177.367
177.607
177.862
178.121
178.392
178.68
178.987
179.313
179.66
180.027
180.406
180.791
181.191
181.608
182.043
182.494
182.962
183.445
183.945
184.46
184.992
185.539
186.101
186.678
187.271
187.877
188.498
189.133
189.781
190.442
191.113
191.789
192.475
193.172
193.881
194.6
195.331
196.07
196.819
197.576
198.342
199.114
199.894
200.68
201.472
202.268
203.07
203.875
204.683
205.494
206.307
207.122
207.938
208.754
209.57
210.384
211.198
212.009
212.818
213.623
214.424
215.218
216.007
216.79
217.566
218.336
219.099
219.855
220.603
221.343
222.075
222.798
223.512
224.216
224.911
225.595
226.27
226.933
227.586
228.227
228.857
229.476
230.083
230.678
231.261
231.833
232.394
232.946
233.488
234.021
234.545
235.059
235.565
236.062
236.551
237.033
237.508
237.973
238.443
238.84
174.076
174.45
174.836
175.231
175.642
176.072
176.522
176.991
177.482
177.992
178.518
179.052
179.604
180.176
180.768
181.378
182.008
182.656
183.323
184.008
184.713
185.435
186.176
186.934
187.71
188.503
189.314
190.14
190.984
191.842
192.714
193.593
194.487
195.394
196.316
197.25
198.197
199.155
200.125
201.104
202.094
203.092
204.099
205.112
206.132
207.157
208.187
209.221
210.258
211.296
212.336
213.376
214.415
215.453
216.489
217.521
218.551
219.575
220.595
221.61
222.618
223.617
224.608
225.591
226.565
227.528
228.48
229.421
230.35
231.266
232.169
233.059
233.934
234.795
235.642
236.473
237.289
238.088
238.872
239.638
240.387
241.118
241.831
242.525
243.2
243.856
244.492
245.108
245.703
246.277
246.831
247.363
247.874
248.363
248.831
249.277
249.702
250.103
250.497
250.811
168.018
168.376
168.751
169.135
169.537
169.959
170.403
170.869
171.36
171.874
172.406
172.948
173.511
174.096
174.705
175.336
175.989
176.663
177.361
178.08
178.822
179.585
180.371
181.178
182.008
182.858
183.731
184.624
185.538
186.471
187.423
188.384
189.363
190.359
191.375
192.406
193.454
194.516
195.593
196.683
197.786
198.899
200.024
201.156
202.298
203.446
204.6
205.758
206.92
208.083
209.248
210.412
211.575
212.734
213.889
215.038
216.18
217.314
218.44
219.556
220.662
221.755
222.836
223.905
224.963
226.007
227.038
228.055
229.056
230.041
231.008
231.958
232.889
233.801
234.694
235.567
236.422
237.257
238.072
238.868
239.643
240.398
241.132
241.845
242.538
243.211
243.863
244.495
245.106
245.697
246.267
246.817
247.347
247.856
248.346
248.815
249.266
249.694
250.119
250.462
162.704
163.089
163.493
163.911
164.351
164.815
165.304
165.818
166.36
166.928
167.518
168.123
168.753
169.411
170.098
170.81
171.551
172.319
173.115
173.939
174.792
175.673
176.583
177.52
178.486
179.48
180.503
181.552
182.63
183.733
184.861
186.006
187.175
188.367
189.584
190.823
192.084
193.365
194.666
195.984
197.319
198.669
200.032
201.408
202.794
204.188
205.59
206.998
208.41
209.824
211.241
212.657
214.072
215.485
216.893
218.296
219.69
221.075
222.449
223.808
225.153
226.48
227.788
229.079
230.352
231.607
232.844
234.062
235.262
236.441
237.599
238.736
239.848
240.936
241.997
243.033
244.042
245.024
245.978
246.905
247.805
248.678
249.522
250.338
251.125
251.882
252.609
253.306
253.972
254.609
255.214
255.789
256.334
256.849
257.333
257.787
258.212
258.606
258.985
259.273
156.391
156.793
157.208
157.636
158.083
158.553
159.046
159.564
160.109
160.68
161.273
161.882
162.517
163.18
163.874
164.595
165.348
166.132
166.948
167.796
168.678
169.593
170.544
171.529
172.551
173.608
174.702
175.833
177.001
178.204
179.443
180.708
182.008
183.341
184.71
186.111
187.544
189.006
190.497
192.013
193.555
195.117
196.699
198.297
199.909
201.53
203.159
204.791
206.425
208.056
209.683
211.304
212.917
214.521
216.117
217.701
219.275
220.837
222.385
223.917
225.432
226.923
228.391
229.834
231.251
232.641
234.004
235.34
236.651
237.936
239.195
240.429
241.637
242.817
243.968
245.09
246.18
247.238
248.262
249.255
250.214
251.142
252.037
252.901
253.732
254.531
255.297
256.03
256.727
257.39
258.018
258.611
259.168
259.691
260.178
260.632
261.051
261.435
261.802
262.074
149.34
149.741
150.158
150.589
151.041
151.52
152.027
152.562
153.128
153.726
154.35
154.995
155.671
156.379
157.122
157.899
158.71
159.558
160.443
161.365
162.327
163.328
164.37
165.452
166.578
167.744
168.956
170.21
171.509
172.851
174.238
175.659
177.124
178.633
180.187
181.784
183.424
185.104
186.825
188.583
190.378
192.207
194.068
195.958
197.875
199.814
201.773
203.744
205.724
207.706
209.685
211.654
213.61
215.548
217.465
219.36
221.232
223.082
224.91
226.717
228.501
230.261
231.993
233.697
235.37
237.008
238.61
240.175
241.701
243.19
244.641
246.058
247.44
248.789
250.104
251.386
252.632
253.841
255.012
256.143
257.232
258.281
259.288
260.255
261.179
262.065
262.909
263.712
264.474
265.194
265.871
266.506
267.096
267.645
268.149
268.612
269.033
269.412
269.768
270.018
143.746
143.854
144.012
144.205
144.433
144.696
144.997
145.337
145.716
146.135
146.592
147.082
147.613
148.187
148.804
149.467
150.177
150.935
151.744
152.605
153.522
154.495
155.528
156.621
157.778
158.999
160.288
161.645
163.073
164.571
166.14
167.773
169.477
171.252
173.099
175.013
176.993
179.033
181.129
183.273
185.46
187.679
189.924
192.184
194.457
196.734
199.016
201.299
203.584
205.867
208.145
210.412
212.665
214.894
217.094
219.259
221.386
223.471
225.516
227.523
229.495
231.433
233.339
235.216
237.064
238.879
240.658
242.399
244.098
245.752
247.36
248.922
250.44
251.916
253.351
254.746
256.103
257.422
258.7
259.937
261.129
262.276
263.376
264.427
265.43
266.385
267.29
268.147
268.953
269.711
270.416
271.07
271.669
272.215
272.703
273.137
273.514
273.833
274.113
274.27
139.34
139.609
139.867
140.154
140.459
140.773
141.097
141.436
141.792
142.168
142.559
142.963
143.387
143.837
144.314
144.818
145.353
145.92
146.524
147.167
147.852
148.583
149.362
150.195
151.084
152.035
153.052
154.139
155.304
156.55
157.883
159.304
160.825
162.454
164.202
166.072
168.073
170.211
172.493
174.917
177.485
180.188
183.012
185.934
188.919
191.928
194.928
197.894
200.821
203.705
206.55
209.355
212.124
214.854
217.544
220.185
222.77
225.289
227.738
230.111
232.411
234.64
236.807
238.918
240.982
243.003
244.986
246.927
248.826
250.679
252.482
254.234
255.932
257.577
259.171
260.717
262.216
263.672
265.086
266.457
267.784
269.065
270.298
271.48
272.609
273.685
274.706
275.672
276.582
277.437
278.234
278.973
279.65
280.266
280.817
281.304
281.724
282.075
282.375
282.537
120.492
121.403
122.191
122.889
123.557
124.217
124.871
125.526
126.193
126.879
127.58
128.297
129.04
129.814
130.624
131.471
132.359
133.292
134.271
135.302
136.388
137.533
138.739
140.013
141.356
142.774
144.27
145.848
147.511
149.261
151.099
153.017
155.022
157.118
159.303
161.573
163.923
166.35
168.851
171.422
174.067
176.79
179.605
182.532
185.592
188.775
192.041
195.321
198.561
201.731
204.83
207.858
210.829
213.754
216.649
219.52
222.366
225.175
227.936
230.626
233.235
235.751
238.18
240.527
242.802
245.013
247.17
249.279
251.344
253.364
255.336
257.255
259.118
260.923
262.668
264.355
265.987
267.567
269.098
270.583
272.022
273.414
274.757
276.048
277.283
278.461
279.577
280.631
281.62
282.542
283.393
284.172
284.873
285.492
286.023
286.462
286.801
287.032
287.165
287.114
111.746
110.855
110.201
109.549
108.927
108.371
107.876
107.428
107.022
106.654
106.332
106.059
105.83
105.643
105.498
105.4
105.349
105.348
105.402
105.516
105.695
105.946
106.277
106.698
107.219
107.854
108.619
109.53
110.609
111.88
113.371
115.117
117.151
119.517
122.259
125.424
129.062
133.22
137.939
143.24
149.131
155.545
162.413
169.276
175.7
181.536
186.861
191.853
196.611
201.108
205.299
209.181
212.797
216.191
219.415
222.517
225.536
228.484
231.37
234.19
236.943
239.616
242.202
244.699
247.112
249.449
251.721
253.937
256.105
258.231
260.316
262.359
264.355
266.301
268.193
270.03
271.813
273.544
275.225
276.861
278.454
280.004
281.512
282.976
284.394
285.762
287.078
288.338
289.54
290.681
291.759
292.769
293.707
294.566
295.338
296.015
296.586
297.035
297.366
297.483
177.18
176.315
175.512
174.924
174.409
173.891
173.378
172.875
172.374
171.868
171.356
170.829
170.289
169.734
169.162
168.572
167.964
167.336
166.688
166.017
165.325
164.608
163.867
163.097
162.3
161.47
160.606
159.705
158.76
157.769
156.726
155.62
154.441
153.188
151.856
150.449
148.982
147.498
146.081
144.884
144.246
144.604
147.493
153.534
161.345
169.716
176.973
183.138
188.865
194.416
199.712
204.653
209.253
213.557
217.585
221.344
224.873
228.221
231.434
234.537
237.545
240.459
243.279
246.001
248.623
251.147
253.58
255.931
258.212
260.433
262.601
264.723
266.797
268.824
270.801
272.725
274.596
276.414
278.182
279.903
281.58
283.218
284.816
286.376
287.895
289.372
290.803
292.186
293.515
294.789
296.003
297.152
298.228
299.224
300.129
300.929
301.607
302.141
302.496
302.558
114.216
114.816
115.082
115.399
115.704
115.94
116.123
116.277
116.409
116.519
116.601
116.668
116.714
116.739
116.745
116.731
116.698
116.644
116.569
116.474
116.357
116.219
116.063
115.888
115.699
115.501
115.301
115.112
114.948
114.833
114.792
114.874
115.133
115.648
116.522
117.899
119.961
122.952
127.19
133.029
141.067
151.151
164.081
174.918
181.418
185.595
190.103
195.292
200.257
204.655
208.779
212.88
216.953
220.879
224.597
228.096
231.403
234.543
237.556
240.477
243.34
246.156
248.924
251.635
254.279
256.848
259.34
261.759
264.113
266.409
268.658
270.864
273.031
275.157
277.241
279.28
281.272
283.218
285.12
286.98
288.803
290.594
292.356
294.091
295.8
297.486
299.146
300.783
302.396
303.988
305.558
307.11
308.643
310.161
311.662
313.146
314.61
316.048
317.425
318.797
)
;

boundaryField
{
    airfoil
    {
        type            zeroGradient;
    }
    farBoundaries
    {
        type            zeroGradient;
    }
    inlet
    {
        type            freestream;
        freestreamValue uniform 1;
        value           nonuniform List<scalar> 
200
(
1
1
1
1
1
1
1
1
1
1
1
1
1
1
1
1
1
1
1
1
1
1
1
1
1
1
1
1
1
1
1
1
1
1
1
1
1
1
1
1
1
1
72.7142
143.218
180.798
185.589
190.103
195.292
200.257
204.655
208.779
212.88
216.953
220.879
224.597
228.096
231.403
234.543
237.556
240.477
243.34
246.156
248.924
251.635
254.279
256.848
259.34
261.759
264.113
266.409
268.658
270.864
273.031
275.157
277.241
279.28
281.272
283.218
285.12
286.98
288.803
290.594
292.356
294.091
295.8
297.486
299.146
300.783
302.396
303.988
305.558
307.11
308.643
310.161
311.662
313.146
314.61
316.048
317.425
318.797
1
1
1
1
1
1
1
1
1
1
1
1
1
1
1
1
1
1
1
1
1
1
1
1
1
1
1
1
1
1
1
1
1
1
1
1
1
1
1
1
1
1
1
1
1
1
1
1
1
1
1
1
1
1
1
1
1
1
1
1
1
1
1
1
1
1
1
1
1
1
1
1
1
1
107.259
146.441
201.382
206.457
210.555
215.99
221.671
226.907
231.88
236.77
241.497
245.95
250.151
254.207
258.203
262.171
266.098
269.958
273.734
277.425
281.047
284.624
288.176
291.72
295.238
298.772
)
;
    }
    outlet
    {
        type            freestream;
        freestreamValue uniform 1;
        value           nonuniform List<scalar> 
40
(
276.827
276.866
276.703
276.676
276.653
276.652
276.52
276.391
276.137
275.875
275.454
274.949
274.248
273.59
273.077
272.752
272.59
272.539
272.539
272.535
270.708
270.726
270.746
270.798
270.922
271.165
271.56
272.111
272.772
273.398
273.894
274.333
274.693
275.052
275.342
275.646
275.883
276.144
276.349
276.615
)
;
    }
    defaultFaces
    {
        type            empty;
    }
}


// ************************************************************************* //
