/*--------------------------------*- C++ -*----------------------------------*\
  =========                 |
  \\      /  F ield         | OpenFOAM: The Open Source CFD Toolbox
   \\    /   O peration     | Website:  https://openfoam.org
    \\  /    A nd           | Version:  6.0
     \\/     M anipulation  |
\*---------------------------------------------------------------------------*/
FoamFile
{
    version     2.0;
    format      ascii;
    class       volScalarField;
    location    "50";
    object      nut;
}
// * * * * * * * * * * * * * * * * * * * * * * * * * * * * * * * * * * * * * //

dimensions      [0 2 -1 0 0 0 0];

internalField   nonuniform List<scalar> 
9800
(
0.140012
0.140007
0.140007
0.140006
0.140005
0.140005
0.140005
0.140005
0.140005
0.140004
0.140004
0.140004
0.140004
0.140004
0.140004
0.140004
0.140004
0.140004
0.140004
0.140004
0.140003
0.139999
0.139985
0.139984
0.139995
0.14
0.140001
0.140002
0.140002
0.140002
0.140002
0.140002
0.140002
0.140002
0.140002
0.140002
0.140002
0.140002
0.140001
0.140001
0.140001
0.140001
0.14
0.14
0.14
0.139999
0.139999
0.139999
0.139998
0.139998
0.139997
0.139996
0.139995
0.139994
0.139992
0.13999
0.139988
0.139985
0.139982
0.139979
0.139977
0.139975
0.139974
0.139973
0.139973
0.139972
0.139971
0.13997
0.139969
0.139968
0.139967
0.139967
0.139966
0.139966
0.139966
0.139971
0.139976
0.139982
0.139987
0.139991
0.139995
0.139999
0.140003
0.140007
0.140012
0.140017
0.140023
0.140029
0.140038
0.140048
0.140062
0.14008
0.140105
0.140136
0.140232
0.140194
0.14036
0.140575
0.141875
0.135427
0.139992
0.139996
0.139984
0.13998
0.139978
0.139978
0.139977
0.139977
0.139977
0.139977
0.139977
0.139977
0.139977
0.139977
0.139977
0.139977
0.139977
0.139977
0.139977
0.139976
0.139974
0.139967
0.13995
0.139949
0.139962
0.13997
0.139973
0.139974
0.139974
0.139975
0.139974
0.139974
0.139974
0.139973
0.139973
0.139973
0.139972
0.139972
0.139972
0.139971
0.139971
0.139971
0.13997
0.13997
0.13997
0.139969
0.139968
0.139968
0.139967
0.139966
0.139966
0.139966
0.139968
0.13997
0.139973
0.139974
0.139975
0.139975
0.139974
0.139972
0.139971
0.139969
0.139968
0.139967
0.139967
0.139966
0.139965
0.139965
0.139964
0.139963
0.139963
0.139963
0.139962
0.139962
0.139962
0.139964
0.139967
0.139971
0.139975
0.139981
0.139987
0.139993
0.139999
0.140006
0.140013
0.14002
0.140028
0.140036
0.140045
0.140054
0.140065
0.140077
0.14009
0.140104
0.140128
0.140141
0.14015
0.140164
0.140184
0.140335
0.139947
0.139946
0.139939
0.139937
0.139937
0.139937
0.139937
0.139937
0.139937
0.139937
0.139937
0.139937
0.139937
0.139938
0.139938
0.139938
0.139939
0.139938
0.139938
0.139937
0.139934
0.139926
0.139912
0.139911
0.139923
0.139931
0.139935
0.139936
0.139936
0.139936
0.139936
0.139936
0.139935
0.139935
0.139934
0.139933
0.139933
0.139932
0.139932
0.139931
0.139931
0.13993
0.139929
0.139929
0.139928
0.139927
0.139927
0.139926
0.139925
0.139924
0.139923
0.139922
0.139922
0.139923
0.139925
0.139926
0.139928
0.139929
0.13993
0.13993
0.139931
0.139933
0.139934
0.139937
0.13994
0.139943
0.139946
0.139949
0.139952
0.139954
0.139956
0.139958
0.13996
0.139962
0.139963
0.139965
0.139967
0.13997
0.139973
0.139977
0.139982
0.139987
0.139993
0.14
0.140007
0.140015
0.140023
0.140032
0.140041
0.140051
0.140061
0.140072
0.140084
0.140096
0.140108
0.14012
0.14013
0.140141
0.140134
0.140186
0.139904
0.139891
0.13989
0.13989
0.139891
0.139892
0.139893
0.139894
0.139894
0.139894
0.139893
0.139894
0.139894
0.139895
0.139895
0.139895
0.139895
0.139895
0.139895
0.139893
0.139889
0.139881
0.139868
0.139868
0.139878
0.139887
0.139891
0.139893
0.139893
0.139893
0.139893
0.139892
0.139891
0.139891
0.13989
0.139889
0.139889
0.139888
0.139887
0.139886
0.139885
0.139884
0.139884
0.139883
0.139882
0.139881
0.13988
0.139879
0.139877
0.139876
0.139875
0.139874
0.139872
0.139872
0.139871
0.139871
0.139872
0.139873
0.139873
0.139874
0.139875
0.139876
0.139877
0.139878
0.13988
0.139883
0.139886
0.139889
0.139892
0.139896
0.139899
0.139902
0.139904
0.139906
0.139908
0.139909
0.139909
0.139909
0.139909
0.139908
0.139907
0.139906
0.139905
0.139905
0.139904
0.139904
0.139903
0.139903
0.139902
0.139901
0.139899
0.139898
0.139895
0.139893
0.139889
0.139885
0.139888
0.139884
0.139888
0.139901
0.139854
0.139835
0.139837
0.139838
0.139839
0.139841
0.139842
0.139843
0.139844
0.139844
0.139844
0.139845
0.139846
0.139846
0.139847
0.139847
0.139847
0.139847
0.139847
0.139846
0.13984
0.13983
0.139819
0.139818
0.139828
0.139837
0.139842
0.139844
0.139844
0.139844
0.139843
0.139842
0.139842
0.139841
0.13984
0.139839
0.139838
0.139837
0.139836
0.139834
0.139833
0.139832
0.139831
0.13983
0.139828
0.139827
0.139826
0.139824
0.139823
0.139821
0.139819
0.139817
0.139815
0.139813
0.139811
0.13981
0.139808
0.139807
0.139806
0.139805
0.139804
0.139804
0.139803
0.139803
0.139802
0.139803
0.139803
0.139804
0.139805
0.139807
0.139808
0.13981
0.139811
0.139812
0.139813
0.139814
0.139813
0.139813
0.139812
0.13981
0.139807
0.139804
0.139801
0.139797
0.139793
0.139788
0.139783
0.139778
0.139772
0.139766
0.139759
0.139752
0.139744
0.139735
0.139726
0.139716
0.139706
0.139693
0.139693
0.139712
0.139798
0.139773
0.139777
0.139779
0.139781
0.139783
0.139785
0.139786
0.139786
0.139787
0.139789
0.13979
0.139792
0.139793
0.139793
0.139794
0.139795
0.139797
0.139798
0.139797
0.13979
0.139774
0.139763
0.139762
0.139772
0.139786
0.139792
0.139792
0.139791
0.139789
0.139788
0.139786
0.139785
0.139784
0.139783
0.139781
0.13978
0.139779
0.139777
0.139776
0.139774
0.139772
0.139771
0.139769
0.139768
0.139766
0.139765
0.139763
0.139761
0.139759
0.139756
0.139754
0.139752
0.139749
0.139746
0.139744
0.139741
0.139738
0.139736
0.139733
0.139731
0.139728
0.139726
0.139724
0.139721
0.139719
0.139717
0.139715
0.139714
0.139712
0.139711
0.13971
0.139709
0.139708
0.139707
0.139706
0.139704
0.139702
0.1397
0.139697
0.139694
0.13969
0.139685
0.13968
0.139675
0.139669
0.139662
0.139655
0.139647
0.139638
0.139629
0.139619
0.139609
0.139598
0.139587
0.139575
0.139564
0.139549
0.13955
0.139566
0.139736
0.139714
0.139722
0.139725
0.139728
0.13973
0.139732
0.139732
0.139733
0.139735
0.139739
0.139741
0.139743
0.139743
0.139745
0.139747
0.139749
0.139751
0.139752
0.13975
0.139739
0.139713
0.139698
0.139698
0.139711
0.139734
0.139742
0.139743
0.13974
0.139736
0.139735
0.139732
0.139728
0.139726
0.139723
0.139721
0.139718
0.139716
0.139714
0.139712
0.13971
0.139708
0.139706
0.139704
0.139702
0.1397
0.139698
0.139695
0.139693
0.13969
0.139688
0.139685
0.139682
0.139679
0.139676
0.139672
0.139669
0.139665
0.139661
0.139657
0.139654
0.13965
0.139646
0.139642
0.139638
0.139634
0.13963
0.139625
0.139621
0.139617
0.139613
0.139609
0.139605
0.139601
0.139598
0.139594
0.139589
0.139585
0.139581
0.139576
0.13957
0.139565
0.139559
0.139552
0.139545
0.139538
0.13953
0.139521
0.139512
0.139502
0.139492
0.139482
0.13947
0.139459
0.139447
0.139434
0.139422
0.139405
0.139406
0.139421
0.139683
0.139667
0.139675
0.139678
0.13968
0.139681
0.139682
0.139684
0.139686
0.139689
0.139693
0.139694
0.139695
0.139696
0.139698
0.139701
0.139703
0.139705
0.139705
0.1397
0.139682
0.139646
0.139624
0.139623
0.139643
0.139675
0.139689
0.139692
0.13969
0.139685
0.139683
0.139679
0.139676
0.139672
0.139667
0.139663
0.139659
0.139656
0.139654
0.139652
0.139649
0.139646
0.139644
0.139641
0.139637
0.139634
0.13963
0.139627
0.139624
0.13962
0.139616
0.139612
0.139608
0.139604
0.139599
0.139595
0.13959
0.139585
0.13958
0.139575
0.13957
0.139564
0.139559
0.139554
0.139548
0.139542
0.139537
0.139531
0.139525
0.139519
0.139513
0.139506
0.1395
0.139493
0.139487
0.13948
0.139474
0.139467
0.13946
0.139453
0.139445
0.139437
0.139429
0.13942
0.139411
0.139402
0.139392
0.139381
0.13937
0.139359
0.139347
0.139335
0.139323
0.13931
0.139297
0.139283
0.139269
0.139252
0.139253
0.139264
0.13964
0.139626
0.139632
0.139634
0.139636
0.139637
0.139639
0.139641
0.139644
0.139648
0.139651
0.139651
0.139652
0.139654
0.139655
0.139657
0.139659
0.139659
0.139655
0.139643
0.139616
0.139569
0.139539
0.139538
0.139564
0.139607
0.13963
0.139639
0.139639
0.139636
0.139633
0.139629
0.139625
0.139621
0.139616
0.139611
0.139606
0.139602
0.139599
0.139596
0.139593
0.139589
0.139586
0.139582
0.139578
0.139573
0.139568
0.139563
0.139558
0.139553
0.139547
0.139541
0.139535
0.139529
0.139522
0.139515
0.139508
0.1395
0.139493
0.139485
0.139478
0.13947
0.139463
0.139455
0.139448
0.13944
0.139433
0.139425
0.139418
0.13941
0.139402
0.139394
0.139386
0.139378
0.139369
0.139361
0.139352
0.139343
0.139334
0.139324
0.139315
0.139304
0.139294
0.139283
0.139272
0.13926
0.139248
0.139236
0.139223
0.13921
0.139197
0.139184
0.13917
0.139156
0.139142
0.139127
0.139114
0.139096
0.139098
0.139106
0.139605
0.139593
0.139596
0.139598
0.1396
0.139602
0.139605
0.139608
0.13961
0.139613
0.139615
0.139616
0.139617
0.139618
0.139619
0.139619
0.139619
0.139615
0.139604
0.139582
0.139541
0.139479
0.139439
0.139437
0.139468
0.139525
0.139561
0.139579
0.139585
0.139585
0.139584
0.13958
0.139576
0.139571
0.139565
0.139559
0.139553
0.139549
0.139545
0.13954
0.139536
0.139531
0.139527
0.139522
0.139516
0.13951
0.139503
0.139496
0.139489
0.139481
0.139472
0.139463
0.139454
0.139445
0.139434
0.139424
0.139413
0.139403
0.139393
0.139382
0.139371
0.139361
0.139351
0.139341
0.139331
0.139322
0.139312
0.139303
0.139294
0.139285
0.139276
0.139267
0.139258
0.139248
0.139238
0.139228
0.139218
0.139208
0.139197
0.139186
0.139175
0.139163
0.139151
0.139139
0.139127
0.139114
0.1391
0.139087
0.139073
0.139059
0.139045
0.139031
0.139016
0.139002
0.138987
0.138972
0.138958
0.138941
0.138945
0.138951
0.139553
0.139539
0.139543
0.139547
0.139551
0.139555
0.139559
0.139563
0.139567
0.13957
0.139574
0.139576
0.139577
0.139578
0.139578
0.139576
0.13957
0.139559
0.139537
0.1395
0.139443
0.139365
0.139319
0.139316
0.139352
0.139425
0.139476
0.139507
0.139522
0.139529
0.139531
0.13953
0.139526
0.13952
0.139515
0.139508
0.139501
0.139494
0.139487
0.139481
0.139474
0.139467
0.13946
0.139454
0.139447
0.13944
0.139431
0.139422
0.139412
0.139401
0.13939
0.139378
0.139365
0.139352
0.139338
0.139324
0.13931
0.139296
0.139282
0.139268
0.139254
0.139241
0.139229
0.139216
0.139204
0.139193
0.139181
0.13917
0.139159
0.139148
0.139137
0.139127
0.139116
0.139105
0.139094
0.139083
0.139072
0.139061
0.139049
0.139037
0.139025
0.139013
0.139001
0.138988
0.138975
0.138961
0.138948
0.138935
0.138921
0.138908
0.138895
0.138882
0.138868
0.138855
0.138842
0.13883
0.138818
0.138804
0.138812
0.138819
0.139521
0.139508
0.13951
0.139514
0.139518
0.139522
0.139525
0.139529
0.139532
0.139535
0.139539
0.139541
0.139542
0.139541
0.139538
0.139531
0.139518
0.139496
0.139459
0.139403
0.139325
0.139229
0.139174
0.139167
0.139202
0.13928
0.139348
0.139396
0.139426
0.139443
0.139453
0.139456
0.139454
0.139449
0.139443
0.139435
0.139427
0.139417
0.139406
0.139397
0.139387
0.139377
0.139366
0.139355
0.139346
0.139336
0.139325
0.139313
0.1393
0.139287
0.139272
0.139257
0.139241
0.139224
0.139209
0.139193
0.139177
0.139161
0.139145
0.139129
0.139114
0.139099
0.139085
0.139071
0.139058
0.139045
0.139032
0.139019
0.139006
0.138994
0.138982
0.138969
0.138958
0.138946
0.138934
0.138922
0.13891
0.138898
0.138886
0.138874
0.138862
0.138849
0.138837
0.138824
0.138811
0.138798
0.138785
0.138773
0.13876
0.138747
0.138735
0.138723
0.138711
0.138699
0.138688
0.138676
0.138666
0.138655
0.138664
0.138674
0.139393
0.139365
0.13937
0.13938
0.139391
0.1394
0.139409
0.139416
0.139423
0.139431
0.139442
0.139447
0.139448
0.139446
0.139439
0.139425
0.1394
0.139362
0.139305
0.139227
0.139131
0.139036
0.138987
0.138982
0.139021
0.13911
0.139197
0.139265
0.139313
0.139346
0.139368
0.13938
0.139383
0.139381
0.139375
0.139367
0.139358
0.139348
0.139336
0.139323
0.13931
0.139296
0.139281
0.139265
0.139249
0.139234
0.139217
0.139202
0.139185
0.139167
0.139148
0.139128
0.139107
0.139085
0.139064
0.139043
0.139023
0.139004
0.138985
0.138967
0.13895
0.138933
0.138917
0.138902
0.138888
0.138873
0.138859
0.138845
0.138832
0.138818
0.138805
0.138792
0.13878
0.138767
0.138755
0.138743
0.13873
0.138718
0.138705
0.138693
0.138681
0.138668
0.138656
0.138644
0.138632
0.13862
0.138609
0.138598
0.138588
0.138579
0.13857
0.138561
0.138553
0.138546
0.13854
0.138535
0.138536
0.138536
0.138554
0.138569
0.139382
0.139364
0.139366
0.139373
0.139381
0.139388
0.139395
0.139402
0.139408
0.139416
0.139422
0.139423
0.139417
0.139404
0.139383
0.13935
0.139303
0.139238
0.139154
0.139051
0.138933
0.138815
0.138752
0.138733
0.138758
0.138812
0.138883
0.138959
0.139025
0.13908
0.139126
0.139155
0.13917
0.139174
0.13917
0.13916
0.139147
0.139132
0.139115
0.139098
0.139078
0.139058
0.139037
0.139017
0.138997
0.138978
0.138959
0.138941
0.138924
0.138908
0.138892
0.138875
0.138859
0.138842
0.138825
0.138807
0.138791
0.138774
0.138758
0.138742
0.138726
0.138711
0.138696
0.138682
0.138668
0.138655
0.138643
0.13863
0.138617
0.138604
0.138592
0.13858
0.138567
0.138556
0.138544
0.138533
0.138521
0.13851
0.138499
0.138489
0.138478
0.138468
0.138458
0.138448
0.138439
0.138431
0.138424
0.138417
0.138412
0.138408
0.138405
0.138404
0.138403
0.138404
0.138405
0.138408
0.138412
0.138418
0.138423
0.138463
0.139061
0.13901
0.139004
0.139007
0.13901
0.139013
0.139016
0.139018
0.139018
0.139017
0.139012
0.139002
0.138986
0.138961
0.138927
0.138882
0.138823
0.138752
0.138671
0.138585
0.138502
0.138433
0.138393
0.138389
0.138422
0.138494
0.138594
0.13869
0.138776
0.138852
0.138918
0.138967
0.138999
0.139016
0.139022
0.139019
0.139008
0.138992
0.138972
0.138949
0.138923
0.138895
0.138866
0.138835
0.138804
0.138772
0.13874
0.138709
0.138678
0.13865
0.138624
0.138599
0.138577
0.138557
0.138538
0.138521
0.138505
0.13849
0.138476
0.138462
0.138449
0.138436
0.138424
0.138412
0.1384
0.138388
0.138376
0.138365
0.138354
0.138342
0.138331
0.138321
0.13831
0.1383
0.13829
0.138281
0.138272
0.138264
0.138256
0.138249
0.138243
0.138238
0.138234
0.138231
0.13823
0.13823
0.138231
0.138233
0.138237
0.138243
0.138249
0.138257
0.138265
0.138274
0.138284
0.138294
0.138307
0.138321
0.138348
0.138394
0.13913
0.139096
0.13908
0.139069
0.13906
0.139049
0.139037
0.139024
0.139008
0.138989
0.138967
0.138938
0.138898
0.138849
0.13879
0.138721
0.138638
0.138544
0.138437
0.138319
0.138191
0.13806
0.137953
0.137903
0.13789
0.137911
0.137956
0.138013
0.138072
0.13813
0.138185
0.138233
0.138273
0.138303
0.138324
0.138338
0.138345
0.138346
0.138342
0.138334
0.138324
0.13831
0.138295
0.138279
0.138261
0.138241
0.138221
0.138201
0.13818
0.138159
0.138138
0.138118
0.138098
0.138079
0.138061
0.138043
0.138027
0.138011
0.137996
0.137982
0.137968
0.137955
0.137943
0.137931
0.13792
0.137909
0.137898
0.137888
0.137878
0.137869
0.137861
0.137854
0.137847
0.137842
0.137838
0.137835
0.137834
0.137834
0.137836
0.13784
0.137846
0.137854
0.137864
0.137876
0.137889
0.137903
0.137919
0.137937
0.137955
0.137973
0.137992
0.138011
0.138029
0.138045
0.138059
0.13807
0.138077
0.138081
0.138081
0.138135
0.138186
0.138171
0.138156
0.13814
0.138121
0.138101
0.138077
0.13805
0.138017
0.137976
0.137931
0.137881
0.137825
0.137762
0.137694
0.13762
0.137541
0.137459
0.137375
0.137292
0.137215
0.137153
0.137116
0.137113
0.137146
0.137223
0.137331
0.13744
0.13754
0.137632
0.137714
0.137778
0.137826
0.13786
0.137884
0.137899
0.137903
0.137898
0.137884
0.137862
0.137833
0.137798
0.137759
0.137718
0.137677
0.137638
0.137602
0.137569
0.13754
0.137512
0.137488
0.137465
0.137444
0.137425
0.137407
0.137391
0.137376
0.137362
0.137351
0.13734
0.137333
0.137327
0.137325
0.137325
0.137325
0.137328
0.137332
0.137338
0.137345
0.137355
0.137367
0.137381
0.137398
0.137417
0.137438
0.13746
0.137485
0.13751
0.137537
0.137565
0.137593
0.13762
0.137647
0.137672
0.137695
0.137716
0.137733
0.137746
0.137756
0.137761
0.13776
0.137755
0.137744
0.137727
0.137702
0.137671
0.137633
0.137589
0.137538
0.137489
0.138483
0.138409
0.138345
0.138284
0.138224
0.138161
0.138095
0.138025
0.137951
0.137875
0.137807
0.137733
0.137649
0.137556
0.137454
0.137344
0.137225
0.137098
0.136963
0.136819
0.136667
0.13651
0.136352
0.136205
0.136095
0.136042
0.136031
0.136045
0.136073
0.136108
0.136145
0.136189
0.136229
0.136265
0.136298
0.136327
0.13635
0.136367
0.136379
0.136388
0.136394
0.136396
0.136394
0.13639
0.136384
0.136377
0.13637
0.136365
0.13636
0.136357
0.136354
0.136353
0.136353
0.136354
0.136356
0.136359
0.136363
0.136368
0.136374
0.136381
0.136389
0.136401
0.136418
0.136434
0.136451
0.136466
0.13648
0.136493
0.136506
0.136518
0.136528
0.136535
0.136541
0.136542
0.13654
0.136532
0.136519
0.136501
0.136478
0.136451
0.136418
0.13638
0.136337
0.136289
0.136235
0.136176
0.136112
0.136043
0.135968
0.13589
0.135807
0.135721
0.135632
0.135542
0.135451
0.135359
0.135266
0.135173
0.135081
0.135012
0.135548
0.135411
0.135311
0.135224
0.135131
0.135033
0.13492
0.134795
0.134665
0.134536
0.134394
0.134266
0.134132
0.13399
0.133843
0.133692
0.133539
0.133385
0.133232
0.133082
0.132937
0.1328
0.132674
0.132564
0.132473
0.132405
0.132359
0.132333
0.132322
0.132322
0.132332
0.132358
0.132376
0.132392
0.132405
0.132415
0.132422
0.132428
0.132431
0.132431
0.132429
0.132426
0.132423
0.13242
0.132418
0.132417
0.132415
0.132415
0.132416
0.132417
0.132417
0.132416
0.132414
0.132412
0.13241
0.132408
0.132406
0.132405
0.132405
0.132407
0.132409
0.132414
0.13243
0.132442
0.132456
0.132471
0.132487
0.132507
0.13253
0.132558
0.132593
0.132637
0.132693
0.132767
0.132867
0.133003
0.133184
0.133407
0.133659
0.133929
0.134208
0.134489
0.134762
0.135026
0.135276
0.135512
0.135733
0.13594
0.136133
0.136312
0.136479
0.136634
0.136778
0.136912
0.137037
0.137154
0.137265
0.137374
0.137496
0.137696
0.141781
0.141363
0.141216
0.141266
0.1414
0.141518
0.14157
0.141535
0.141408
0.141224
0.14139
0.140891
0.140383
0.139924
0.13949
0.139063
0.13863
0.138183
0.137716
0.137223
0.136702
0.136151
0.135568
0.134954
0.134307
0.133629
0.132919
0.132179
0.131409
0.130611
0.129917
0.130037
0.129648
0.129297
0.128976
0.128686
0.128421
0.128176
0.127946
0.127729
0.127521
0.127322
0.127128
0.12694
0.126756
0.126575
0.126396
0.126219
0.126044
0.125871
0.125698
0.125526
0.125355
0.125185
0.125015
0.124844
0.124673
0.124499
0.124319
0.124126
0.123903
0.123809
0.124089
0.124103
0.124094
0.12408
0.124062
0.124042
0.124019
0.123994
0.123967
0.123938
0.123908
0.123875
0.123841
0.123805
0.123766
0.123722
0.123673
0.123617
0.123556
0.123487
0.123412
0.123331
0.123245
0.123155
0.12306
0.122962
0.122861
0.122758
0.122656
0.122555
0.122458
0.122369
0.122298
0.122262
0.122303
0.12252
0.123126
0.12459
0.160204
0.169646
0.179644
0.18947
0.199044
0.208365
0.217441
0.226277
0.234871
0.243217
0.251305
0.259122
0.266651
0.273879
0.280789
0.287368
0.293625
0.299498
0.305002
0.310142
0.314917
0.319328
0.323379
0.327076
0.33043
0.333454
0.336164
0.338577
0.340713
0.342595
0.344244
0.345685
0.346834
0.347668
0.34856
0.349335
0.35
0.350571
0.351062
0.351487
0.351858
0.352187
0.352482
0.352754
0.353012
0.353263
0.353516
0.353468
0.353244
0.353461
0.353705
0.353953
0.354204
0.354461
0.35473
0.355018
0.355337
0.355703
0.356144
0.355973
0.355898
0.35681
0.358052
0.359718
0.362
0.365164
0.369568
0.373591
0.382865
0.393536
0.139508
0.139201
0.1389
0.138622
0.138356
0.138089
0.13781
0.137509
0.137182
0.136825
0.136439
0.136022
0.135575
0.1351
0.134596
0.134066
0.133514
0.132938
0.13234
0.131725
0.131096
0.130456
0.129808
0.129153
0.128494
0.127835
0.127179
0.126527
0.125884
0.125251
0.124631
0.124029
0.123431
0.122828
0.122271
0.121738
0.121229
0.120744
0.120283
0.119848
0.11944
0.119058
0.118705
0.118381
0.118088
0.117825
0.117599
0.117363
0.117125
0.116979
0.116876
0.116804
0.116758
0.116735
0.11673
0.116742
0.116766
0.116802
0.116855
0.116807
0.116741
0.11679
0.116859
0.116939
0.117032
0.11715
0.117317
0.11718
0.117633
0.118193
0.140196
0.140194
0.140188
0.140178
0.140166
0.140153
0.140138
0.140122
0.140102
0.14008
0.140054
0.140024
0.139989
0.139949
0.139904
0.139854
0.139799
0.139738
0.139671
0.139598
0.139519
0.139433
0.13934
0.13924
0.139133
0.139017
0.138893
0.138761
0.138619
0.138467
0.138306
0.138135
0.137954
0.137764
0.137561
0.13735
0.137132
0.136907
0.136678
0.136447
0.136214
0.135982
0.135753
0.135528
0.13531
0.135098
0.134894
0.134701
0.134515
0.134332
0.134161
0.134004
0.133859
0.133729
0.133612
0.133508
0.133417
0.133335
0.133259
0.133191
0.133123
0.13305
0.132986
0.132932
0.132886
0.132841
0.132785
0.132728
0.132593
0.132365
0.139925
0.139938
0.139954
0.139973
0.139995
0.140019
0.140047
0.140077
0.140111
0.140147
0.140186
0.140229
0.140276
0.140327
0.140382
0.140442
0.140506
0.140575
0.140648
0.140725
0.140807
0.140892
0.140979
0.141067
0.141156
0.141244
0.141329
0.14141
0.141485
0.141552
0.141611
0.141659
0.141696
0.141722
0.141735
0.141735
0.141723
0.141699
0.141662
0.141616
0.141559
0.141494
0.141422
0.141345
0.141263
0.141179
0.141095
0.141012
0.140932
0.140851
0.140773
0.140699
0.140629
0.140563
0.140502
0.140446
0.140394
0.140348
0.140307
0.140274
0.140244
0.140214
0.140187
0.140164
0.140144
0.140126
0.140109
0.140103
0.14008
0.140056
0.139748
0.139766
0.139787
0.139809
0.139834
0.13986
0.139887
0.139917
0.139948
0.139982
0.140018
0.140056
0.140098
0.140143
0.140192
0.140244
0.140301
0.140361
0.140425
0.140493
0.140564
0.140638
0.140715
0.140793
0.140873
0.140952
0.14103
0.141105
0.141176
0.141242
0.141301
0.141352
0.141393
0.141425
0.141448
0.141459
0.14146
0.141449
0.141428
0.141398
0.141358
0.14131
0.141255
0.141195
0.14113
0.141062
0.140993
0.140925
0.140857
0.140791
0.140726
0.140664
0.140604
0.140548
0.140496
0.140447
0.140403
0.140362
0.140327
0.140296
0.140269
0.140244
0.140222
0.140202
0.140185
0.14017
0.140157
0.140148
0.140141
0.14014
0.139602
0.13962
0.139642
0.139665
0.139691
0.139719
0.139749
0.139781
0.139815
0.139851
0.13989
0.139931
0.139975
0.140022
0.140072
0.140125
0.140181
0.14024
0.140302
0.140367
0.140435
0.140505
0.140578
0.140652
0.140726
0.140801
0.140874
0.140945
0.141012
0.141074
0.14113
0.141178
0.141218
0.14125
0.141272
0.141284
0.141286
0.141278
0.14126
0.141233
0.141197
0.141154
0.141103
0.141047
0.140987
0.140923
0.140858
0.140793
0.140729
0.140665
0.140603
0.140543
0.140485
0.14043
0.140379
0.140332
0.140288
0.140248
0.140213
0.140182
0.140154
0.140129
0.140107
0.140087
0.140069
0.140054
0.140041
0.14003
0.140021
0.140016
0.139458
0.139477
0.139499
0.139525
0.139552
0.139582
0.139614
0.139649
0.139686
0.139725
0.139767
0.139812
0.139859
0.139909
0.139962
0.140019
0.140078
0.14014
0.140205
0.140273
0.140343
0.140416
0.14049
0.140566
0.140642
0.140718
0.140792
0.140863
0.140931
0.140995
0.141052
0.141101
0.141143
0.141176
0.1412
0.141215
0.14122
0.141216
0.141202
0.141179
0.141147
0.141107
0.141061
0.141009
0.140952
0.140892
0.140831
0.14077
0.140709
0.140648
0.140588
0.14053
0.140474
0.140421
0.140371
0.140324
0.140281
0.140242
0.140207
0.140177
0.140149
0.140124
0.140101
0.140081
0.140063
0.140047
0.140034
0.140023
0.140013
0.140008
0.139307
0.13933
0.139358
0.13939
0.139425
0.139464
0.139505
0.139549
0.139596
0.139644
0.139695
0.139747
0.1398
0.139854
0.13991
0.139967
0.140025
0.140084
0.140144
0.140206
0.14027
0.140335
0.140402
0.14047
0.140539
0.140609
0.140678
0.140746
0.140812
0.140874
0.140932
0.140984
0.141028
0.141066
0.141096
0.141117
0.14113
0.141133
0.141127
0.141112
0.141088
0.141057
0.141018
0.140973
0.140923
0.140869
0.140813
0.140757
0.140701
0.140643
0.140586
0.140531
0.140477
0.140425
0.140375
0.140329
0.140286
0.140247
0.140212
0.140181
0.140153
0.140127
0.140104
0.140083
0.140064
0.140047
0.140034
0.140022
0.140012
0.140006
0.139159
0.139189
0.139225
0.139266
0.13931
0.139358
0.139409
0.139462
0.139516
0.139571
0.139627
0.139683
0.139739
0.139795
0.139852
0.13991
0.139968
0.140028
0.140089
0.140152
0.140217
0.140284
0.140352
0.140422
0.140492
0.140563
0.140633
0.140702
0.140768
0.14083
0.140888
0.140939
0.140984
0.141023
0.141054
0.141077
0.141092
0.141097
0.141095
0.141083
0.141063
0.141035
0.141
0.140959
0.140912
0.140862
0.140808
0.140755
0.140701
0.140645
0.14059
0.140535
0.140482
0.14043
0.140381
0.140335
0.140291
0.140251
0.140215
0.140184
0.140156
0.140129
0.140105
0.140083
0.140063
0.140045
0.140031
0.140019
0.140008
0.140003
0.139028
0.139072
0.139123
0.13918
0.13924
0.139303
0.139367
0.13943
0.139494
0.139555
0.139615
0.139674
0.13973
0.139785
0.139838
0.139891
0.139944
0.139996
0.14005
0.140104
0.14016
0.140218
0.140278
0.140341
0.140405
0.140471
0.140538
0.140605
0.140671
0.140736
0.140797
0.140853
0.140904
0.140948
0.140986
0.141016
0.141037
0.141049
0.141052
0.141046
0.141032
0.141008
0.140978
0.14094
0.140896
0.140847
0.140796
0.140744
0.140692
0.140637
0.140582
0.140528
0.140475
0.140424
0.140375
0.140328
0.140284
0.140244
0.140208
0.140177
0.140148
0.140121
0.140096
0.140074
0.140054
0.140036
0.140021
0.140009
0.139997
0.139992
0.138917
0.138972
0.139035
0.139101
0.139167
0.139234
0.139299
0.139361
0.139422
0.139479
0.139534
0.139586
0.139637
0.139687
0.139737
0.139788
0.13984
0.139894
0.139952
0.140014
0.14008
0.140151
0.140226
0.140306
0.140389
0.140475
0.140562
0.140649
0.140734
0.140814
0.14089
0.140957
0.141016
0.141065
0.141106
0.141136
0.141155
0.141164
0.141161
0.141148
0.141126
0.141094
0.141054
0.141006
0.140953
0.140896
0.140837
0.140778
0.140719
0.140659
0.140599
0.14054
0.140483
0.140428
0.140375
0.140326
0.14028
0.140237
0.1402
0.140167
0.140137
0.140109
0.140083
0.14006
0.140039
0.14002
0.140005
0.139992
0.13998
0.139975
0.138796
0.138865
0.138943
0.139024
0.139106
0.139189
0.13927
0.13935
0.139427
0.139502
0.139573
0.139642
0.139708
0.139771
0.139832
0.139891
0.139948
0.140004
0.140059
0.140112
0.140166
0.140219
0.140272
0.140325
0.140378
0.140432
0.140486
0.140539
0.140593
0.140645
0.140695
0.140743
0.140787
0.140827
0.140864
0.140895
0.14092
0.140939
0.14095
0.140954
0.14095
0.140938
0.140918
0.140891
0.140858
0.140819
0.140776
0.140732
0.140687
0.140638
0.140587
0.140536
0.140485
0.140435
0.140386
0.140338
0.140293
0.140251
0.140213
0.14018
0.140149
0.140119
0.140091
0.140065
0.140042
0.140021
0.140003
0.139988
0.139974
0.139968
0.138723
0.138811
0.138907
0.139002
0.139095
0.139184
0.139268
0.139345
0.139416
0.139481
0.13954
0.139595
0.139646
0.139695
0.139742
0.139788
0.139834
0.13988
0.139928
0.139979
0.140031
0.140087
0.140146
0.140208
0.140273
0.140341
0.140412
0.140484
0.140557
0.14063
0.140701
0.140768
0.14083
0.140887
0.140939
0.140984
0.141021
0.141049
0.141068
0.141078
0.141077
0.141067
0.141047
0.141019
0.140982
0.140939
0.140891
0.140842
0.14079
0.140734
0.140677
0.140618
0.14056
0.140502
0.140445
0.140389
0.140337
0.140287
0.140242
0.140204
0.140167
0.140131
0.140098
0.140067
0.140039
0.140014
0.139993
0.139975
0.139958
0.139952
0.138658
0.138766
0.138874
0.138973
0.13906
0.139134
0.139196
0.139247
0.13929
0.139325
0.139356
0.139385
0.139413
0.139444
0.139479
0.139518
0.139563
0.139614
0.139672
0.139735
0.139805
0.139879
0.139958
0.14004
0.140125
0.140211
0.140297
0.140382
0.140465
0.140545
0.140619
0.140688
0.14075
0.140805
0.140854
0.140895
0.140928
0.140953
0.140969
0.140976
0.140974
0.140963
0.140944
0.140917
0.140883
0.140842
0.140798
0.140752
0.140704
0.140652
0.140599
0.140544
0.140489
0.140434
0.14038
0.140328
0.140277
0.14023
0.140187
0.140149
0.140113
0.140078
0.140045
0.140014
0.139985
0.139959
0.139938
0.139919
0.139901
0.139894
0.138536
0.138617
0.138691
0.138756
0.138811
0.138858
0.138899
0.138935
0.138969
0.139001
0.139034
0.139069
0.139106
0.139147
0.139192
0.139242
0.139298
0.13936
0.13943
0.139507
0.139593
0.139688
0.139793
0.139906
0.140028
0.140156
0.14029
0.140427
0.140566
0.140703
0.140835
0.140958
0.14107
0.141172
0.141262
0.141337
0.141398
0.141442
0.141469
0.141479
0.141472
0.14145
0.141413
0.141363
0.141301
0.14123
0.141154
0.141077
0.140998
0.140914
0.140829
0.140743
0.140659
0.140576
0.140496
0.140419
0.140346
0.140279
0.140219
0.140167
0.140118
0.14007
0.140025
0.139984
0.139947
0.139914
0.139887
0.139863
0.13984
0.139833
0.138251
0.138322
0.138383
0.138434
0.138475
0.13851
0.138542
0.138574
0.138608
0.138647
0.138692
0.138744
0.138804
0.138872
0.138949
0.139034
0.139126
0.139224
0.139327
0.139434
0.139544
0.139656
0.139769
0.139883
0.139995
0.140106
0.140215
0.14032
0.140421
0.140517
0.140607
0.14069
0.140763
0.14083
0.14089
0.140942
0.140986
0.14102
0.141045
0.14106
0.141065
0.14106
0.141045
0.14102
0.140986
0.140945
0.140897
0.140848
0.140795
0.140736
0.140675
0.140611
0.140545
0.140478
0.140412
0.140346
0.140281
0.140219
0.140163
0.140113
0.140064
0.140014
0.139967
0.139922
0.139881
0.139843
0.139811
0.139783
0.139754
0.139744
0.137471
0.137505
0.137554
0.137612
0.13768
0.137755
0.137839
0.137932
0.13804
0.13816
0.13829
0.138429
0.138574
0.138716
0.138854
0.138987
0.139115
0.139237
0.139356
0.13947
0.139581
0.13969
0.139798
0.139905
0.140014
0.140127
0.140255
0.140408
0.140583
0.140764
0.140945
0.141119
0.141281
0.141434
0.141576
0.141703
0.141811
0.141899
0.141965
0.142008
0.142027
0.142023
0.141996
0.141947
0.141878
0.141792
0.141695
0.141595
0.141488
0.14137
0.141248
0.141123
0.140996
0.14087
0.140745
0.140623
0.140506
0.140395
0.140297
0.14021
0.140127
0.140043
0.139965
0.139893
0.139826
0.139767
0.139719
0.139674
0.139631
0.13962
0.135046
0.135093
0.135149
0.135212
0.135283
0.135362
0.13545
0.135546
0.135653
0.135771
0.135901
0.136044
0.136204
0.13638
0.136573
0.136786
0.137019
0.13727
0.137538
0.137812
0.138088
0.138363
0.138637
0.138909
0.139178
0.139443
0.139703
0.139956
0.140201
0.140433
0.14065
0.140847
0.141022
0.141178
0.141317
0.141435
0.141532
0.141607
0.141659
0.14169
0.141698
0.141685
0.141652
0.141599
0.14153
0.141445
0.14135
0.141252
0.141149
0.141035
0.140915
0.14079
0.140661
0.14053
0.140398
0.140266
0.140136
0.14001
0.139894
0.139788
0.139681
0.13957
0.139464
0.139366
0.139275
0.139195
0.139127
0.139056
0.138993
0.138972
0.137608
0.137724
0.137858
0.137989
0.138118
0.138244
0.138369
0.138491
0.138612
0.138731
0.138847
0.138959
0.139067
0.13917
0.139267
0.139357
0.139439
0.13951
0.139572
0.139622
0.13966
0.139686
0.139699
0.139699
0.139688
0.139666
0.139636
0.139601
0.139569
0.139555
0.139606
0.13973
0.13991
0.140137
0.14042
0.140694
0.140938
0.141144
0.14131
0.141434
0.141516
0.141555
0.141553
0.141512
0.141435
0.141326
0.141195
0.141044
0.140874
0.140691
0.140494
0.140285
0.140065
0.139837
0.139603
0.139368
0.139134
0.138907
0.138699
0.138492
0.138279
0.138075
0.137889
0.137726
0.137588
0.137472
0.137376
0.137222
0.137129
0.137055
0.117236
0.115801
0.115217
0.114753
0.114312
0.113882
0.11346
0.113045
0.112636
0.112233
0.111835
0.111443
0.111056
0.110673
0.110297
0.109927
0.10957
0.109216
0.108865
0.108521
0.108186
0.107863
0.107553
0.10726
0.106985
0.106731
0.106499
0.106294
0.106115
0.105966
0.105845
0.105749
0.105638
0.105489
0.105381
0.105298
0.105238
0.105199
0.105182
0.105187
0.105213
0.10526
0.105328
0.105418
0.105528
0.105654
0.105777
0.105793
0.105716
0.105696
0.105704
0.105737
0.105796
0.105882
0.105997
0.106141
0.106314
0.106503
0.106672
0.106598
0.10643
0.106384
0.106427
0.106556
0.106772
0.107054
0.107325
0.107043
0.107437
0.107791
0.531695
0.73778
0.879635
0.969351
1.02229
1.052
1.06858
1.07863
1.08594
1.09233
1.09851
1.1046
1.11053
1.11622
1.1216
1.12669
1.1315
1.13608
1.14046
1.14468
1.14875
1.1527
1.15654
1.16026
1.16386
1.16735
1.17071
1.17395
1.17704
1.17998
1.18274
1.18533
1.18771
1.18987
1.19179
1.19347
1.19489
1.19603
1.19691
1.1975
1.19781
1.19786
1.19765
1.19719
1.19649
1.19559
1.1945
1.19324
1.19185
1.19034
1.18873
1.18707
1.18536
1.18364
1.18191
1.18021
1.17855
1.17694
1.17539
1.17392
1.17254
1.17125
1.17005
1.16896
1.16797
1.16708
1.1663
1.16562
1.16504
1.16457
1.16422
1.16401
1.16401
1.16432
1.16507
0.130197
0.184982
0.268211
0.367036
0.469502
0.567614
0.657031
0.735941
0.804084
0.862096
0.911093
0.952401
0.987371
1.01725
1.04314
1.06591
1.08627
1.10471
1.12163
1.13728
1.15185
1.16549
1.17831
1.19038
1.20179
1.21259
1.22282
1.23252
1.24171
1.25041
1.25862
1.26635
1.27358
1.2803
1.2865
1.29216
1.29727
1.30182
1.30578
1.30916
1.31196
1.31416
1.31579
1.31685
1.31737
1.31737
1.31687
1.31592
1.31456
1.31281
1.31073
1.30836
1.30575
1.30293
1.29996
1.29687
1.29371
1.2905
1.2873
1.28412
1.28101
1.27797
1.27505
1.27225
1.2696
1.2671
1.26477
1.26262
1.26065
1.25887
1.25731
1.25601
1.2551
1.2549
1.25607
0.127946
0.120436
0.118672
0.127026
0.147526
0.180076
0.2232
0.274719
0.332228
0.393389
0.4561
0.518582
0.579416
0.637547
0.692258
0.743142
0.790048
0.83303
0.87229
0.908126
0.940882
0.970918
0.998575
1.02416
1.04795
1.07016
1.09098
1.11054
1.12896
1.14633
1.16271
1.17814
1.19265
1.20627
1.21899
1.23082
1.24176
1.2518
1.26093
1.26914
1.27642
1.28277
1.28819
1.29268
1.29626
1.29896
1.30079
1.3018
1.30202
1.30152
1.30033
1.29852
1.29616
1.29329
1.29
1.28633
1.28236
1.27815
1.27375
1.26922
1.26462
1.25999
1.25539
1.25085
1.24642
1.24212
1.238
1.23407
1.23036
1.22689
1.22368
1.22079
1.21837
1.21688
1.21783
0.139681
0.137613
0.133893
0.12908
0.124318
0.120989
0.120427
0.123734
0.13171
0.144962
0.163688
0.187794
0.216951
0.250648
0.288239
0.328989
0.372118
0.41684
0.4624
0.508103
0.553338
0.597596
0.640472
0.681669
0.720991
0.75833
0.793654
0.826988
0.858398
0.887975
0.915822
0.942039
0.966721
0.989946
1.01178
1.03227
1.05143
1.0693
1.08586
1.10113
1.11508
1.12772
1.13903
1.14902
1.15769
1.16505
1.17113
1.17596
1.17958
1.18204
1.18341
1.18374
1.18311
1.18161
1.1793
1.17627
1.17261
1.1684
1.16373
1.15866
1.15329
1.14768
1.14192
1.13605
1.13015
1.12428
1.1185
1.11285
1.10737
1.10211
1.09711
1.09241
1.08813
1.08471
1.08444
0.140243
0.140361
0.140252
0.13966
0.138387
0.136373
0.133711
0.130634
0.127477
0.124647
0.122588
0.121744
0.122537
0.125345
0.130499
0.138215
0.148823
0.162457
0.179166
0.198917
0.221601
0.247034
0.274968
0.305101
0.337086
0.370552
0.405112
0.440382
0.475991
0.511592
0.54687
0.581545
0.615378
0.648168
0.679752
0.709998
0.738805
0.766094
0.791807
0.815897
0.838331
0.859085
0.87814
0.895487
0.911124
0.925057
0.937301
0.947883
0.956838
0.964212
0.970064
0.974458
0.977472
0.979188
0.979696
0.979089
0.977466
0.974926
0.971569
0.967494
0.962799
0.957579
0.951925
0.945924
0.939659
0.933208
0.926645
0.920041
0.91346
0.906967
0.900618
0.89447
0.888603
0.88322
0.880669
0.140039
0.14011
0.140225
0.140367
0.140482
0.140491
0.140265
0.139785
0.138987
0.137843
0.136362
0.134589
0.132604
0.130512
0.128446
0.126549
0.124986
0.123936
0.123581
0.124107
0.125695
0.12852
0.132743
0.138513
0.145921
0.15516
0.166305
0.179393
0.194431
0.211382
0.230173
0.250689
0.272781
0.296261
0.320915
0.346501
0.37276
0.399416
0.42619
0.452799
0.47897
0.504441
0.528971
0.552346
0.574378
0.594917
0.613842
0.631069
0.646544
0.660244
0.672172
0.682357
0.690844
0.697699
0.702998
0.706829
0.70929
0.710481
0.710509
0.709479
0.7075
0.704676
0.701113
0.696908
0.692159
0.686958
0.681388
0.675533
0.669468
0.663267
0.656996
0.65072
0.644504
0.638402
0.633446
0.140012
0.140034
0.140064
0.14011
0.140181
0.140281
0.140399
0.140521
0.140622
0.140671
0.140635
0.14048
0.140177
0.139702
0.139041
0.138215
0.137228
0.136092
0.134831
0.133478
0.132075
0.130674
0.129331
0.128115
0.127096
0.126354
0.125978
0.126056
0.126682
0.12795
0.129952
0.132775
0.136503
0.141207
0.146947
0.15377
0.161725
0.170823
0.181044
0.192335
0.204613
0.217764
0.231643
0.246082
0.260892
0.27587
0.290808
0.3055
0.31975
0.33338
0.346231
0.358173
0.3691
0.378935
0.38763
0.395159
0.401521
0.406737
0.410841
0.413885
0.415928
0.417041
0.417299
0.416778
0.41556
0.413723
0.411345
0.408502
0.405266
0.401704
0.397881
0.393858
0.389677
0.38548
0.380762
0.140014
0.140039
0.140065
0.140089
0.140114
0.140144
0.140184
0.140237
0.140307
0.140392
0.140491
0.140597
0.140701
0.140793
0.140859
0.140888
0.140867
0.140785
0.140631
0.140396
0.140073
0.139657
0.139144
0.138538
0.137823
0.137044
0.136205
0.135316
0.134394
0.133458
0.132532
0.131644
0.130824
0.130105
0.129524
0.129118
0.128928
0.128994
0.129357
0.130055
0.131121
0.132581
0.134455
0.13675
0.139463
0.142578
0.146063
0.149877
0.153964
0.158273
0.162735
0.167272
0.17181
0.176273
0.180591
0.184703
0.188553
0.192099
0.195305
0.198148
0.200616
0.202703
0.204415
0.205763
0.206763
0.207439
0.207816
0.207922
0.207785
0.207436
0.206903
0.206215
0.205396
0.204493
0.203352
0.140024
0.140059
0.140091
0.140122
0.140151
0.140179
0.140206
0.140234
0.140264
0.140298
0.140337
0.140383
0.140438
0.140501
0.140574
0.140654
0.140739
0.140827
0.140914
0.140995
0.141067
0.141124
0.141162
0.141175
0.141157
0.141104
0.141013
0.140881
0.140705
0.140482
0.140212
0.139895
0.139531
0.139123
0.138675
0.13819
0.137676
0.137141
0.136592
0.136043
0.135496
0.134981
0.134509
0.134091
0.133742
0.133472
0.133292
0.133209
0.133229
0.133353
0.133582
0.13391
0.134332
0.134836
0.135413
0.136047
0.136727
0.137436
0.138162
0.138892
0.139609
0.140311
0.140995
0.141654
0.142281
0.142872
0.143426
0.143943
0.144423
0.144868
0.145282
0.145665
0.146033
0.146333
0.146863
0.140016
0.140056
0.140092
0.140127
0.140162
0.140196
0.140231
0.140265
0.140299
0.140334
0.140368
0.140402
0.140437
0.140473
0.14051
0.140551
0.140594
0.140641
0.140692
0.140747
0.140807
0.140871
0.140938
0.141009
0.141081
0.141154
0.141226
0.141296
0.14136
0.141418
0.141468
0.141507
0.141533
0.141546
0.141542
0.141521
0.141481
0.141422
0.141343
0.141244
0.141127
0.140992
0.140841
0.140677
0.140503
0.140323
0.14014
0.13996
0.139786
0.139622
0.139474
0.139343
0.139234
0.139148
0.139088
0.139053
0.139045
0.139063
0.139105
0.139171
0.139258
0.139365
0.13949
0.13963
0.139786
0.139954
0.140133
0.140323
0.140523
0.140733
0.140953
0.141182
0.141428
0.141649
0.142067
0.139999
0.140054
0.140108
0.140158
0.140206
0.140252
0.140297
0.140342
0.140386
0.140431
0.140474
0.140517
0.140559
0.1406
0.14064
0.140678
0.140716
0.140754
0.140791
0.140828
0.140865
0.140904
0.140944
0.140986
0.14103
0.141076
0.141125
0.141177
0.141231
0.141288
0.141347
0.141407
0.141469
0.141532
0.141595
0.141658
0.141719
0.141778
0.141835
0.141889
0.141939
0.141984
0.142025
0.14206
0.142091
0.142116
0.142136
0.142151
0.142162
0.14217
0.142176
0.14218
0.142183
0.142186
0.14219
0.142197
0.142206
0.142219
0.142236
0.142258
0.142284
0.142316
0.142354
0.142399
0.14245
0.142509
0.142575
0.142651
0.142736
0.142832
0.14294
0.14306
0.143198
0.143324
0.143599
0.13999
0.140043
0.140099
0.140154
0.140208
0.140261
0.140315
0.140369
0.140422
0.140476
0.140529
0.140581
0.140633
0.140684
0.140734
0.140783
0.140831
0.140878
0.140924
0.140968
0.141012
0.141055
0.141098
0.14114
0.141182
0.141224
0.141267
0.14131
0.141354
0.141398
0.141444
0.141491
0.141539
0.141588
0.141638
0.141689
0.141742
0.141795
0.141848
0.141903
0.141958
0.142013
0.142069
0.142125
0.142181
0.142237
0.142293
0.142348
0.142403
0.142458
0.142512
0.142565
0.142618
0.14267
0.142722
0.142773
0.142824
0.142875
0.142926
0.142977
0.143028
0.143081
0.143135
0.143191
0.143251
0.143314
0.143381
0.143455
0.143536
0.143625
0.143724
0.143833
0.143959
0.144072
0.144324
0.139998
0.140083
0.140163
0.14024
0.140314
0.140386
0.140457
0.140526
0.140594
0.140661
0.140726
0.140791
0.140854
0.140916
0.140976
0.141035
0.141092
0.141148
0.141203
0.141257
0.14131
0.141362
0.141413
0.141463
0.141513
0.141562
0.141611
0.141659
0.141708
0.141757
0.141805
0.141854
0.141902
0.141951
0.142
0.142048
0.142097
0.142146
0.142195
0.142245
0.142294
0.142344
0.142395
0.142445
0.142497
0.142549
0.142602
0.142655
0.142709
0.142763
0.142818
0.142874
0.14293
0.142987
0.143044
0.143101
0.143159
0.143216
0.143274
0.143332
0.143391
0.143451
0.143511
0.143574
0.143638
0.143706
0.143778
0.143856
0.14394
0.144031
0.144131
0.144241
0.144367
0.14448
0.14473
0.139935
0.14002
0.140103
0.140185
0.140266
0.140347
0.14043
0.140513
0.140597
0.140681
0.140765
0.140847
0.140929
0.141009
0.141087
0.141164
0.141239
0.141313
0.141386
0.141456
0.141526
0.141594
0.141661
0.141727
0.141792
0.141856
0.14192
0.141983
0.142045
0.142107
0.142168
0.142229
0.14229
0.14235
0.14241
0.142469
0.142528
0.142586
0.142644
0.142702
0.142759
0.142816
0.142873
0.14293
0.142987
0.143044
0.143101
0.143158
0.143215
0.143273
0.143331
0.143389
0.143447
0.143505
0.143564
0.143622
0.14368
0.143739
0.143797
0.143855
0.143914
0.143973
0.144033
0.144095
0.144158
0.144225
0.144295
0.14437
0.144451
0.144539
0.144636
0.144742
0.144863
0.144972
0.145214
0.13991
0.14007
0.140222
0.140362
0.140494
0.14062
0.140743
0.140864
0.140982
0.141096
0.141208
0.141316
0.141421
0.141524
0.141623
0.14172
0.141814
0.141905
0.141993
0.142079
0.142162
0.142243
0.142323
0.142401
0.142477
0.142553
0.142627
0.142701
0.142774
0.142846
0.142918
0.14299
0.14306
0.14313
0.1432
0.143269
0.143337
0.143404
0.143471
0.143538
0.143603
0.143669
0.143733
0.143798
0.143862
0.143926
0.14399
0.144054
0.144118
0.144181
0.144245
0.144308
0.144371
0.144433
0.144495
0.144557
0.144618
0.144678
0.144738
0.144797
0.144856
0.144914
0.144973
0.145032
0.145093
0.145155
0.145221
0.145291
0.145366
0.145447
0.145536
0.145633
0.145745
0.145845
0.146071
0.139809
0.13994
0.14007
0.140203
0.14034
0.140483
0.140631
0.14078
0.140931
0.141081
0.14123
0.141378
0.141524
0.141669
0.14181
0.141949
0.142084
0.142216
0.142344
0.142469
0.14259
0.142709
0.142824
0.142937
0.143048
0.143156
0.143263
0.143369
0.143472
0.143575
0.143676
0.143775
0.143874
0.143971
0.144067
0.144162
0.144255
0.144347
0.144437
0.144527
0.144615
0.144702
0.144788
0.144874
0.144959
0.145043
0.145127
0.145211
0.145294
0.145376
0.145458
0.14554
0.145621
0.145701
0.145781
0.145859
0.145936
0.146012
0.146086
0.146159
0.146231
0.146301
0.14637
0.146439
0.146508
0.146577
0.146648
0.146721
0.146797
0.146879
0.146967
0.147061
0.147169
0.147264
0.147482
0.139766
0.140049
0.14032
0.140581
0.140838
0.141091
0.141339
0.141582
0.141818
0.142048
0.142273
0.142492
0.142705
0.142912
0.143114
0.143308
0.143497
0.143679
0.143855
0.144026
0.144192
0.144352
0.144509
0.144661
0.14481
0.144956
0.1451
0.145241
0.145379
0.145515
0.145649
0.145781
0.145911
0.146039
0.146165
0.146288
0.14641
0.146531
0.146649
0.146766
0.146881
0.146995
0.147109
0.147221
0.147333
0.147445
0.147556
0.147667
0.147777
0.147888
0.147998
0.148107
0.148217
0.148325
0.148432
0.148539
0.148643
0.148747
0.148848
0.148946
0.149043
0.149137
0.149229
0.149319
0.149408
0.149495
0.149582
0.149671
0.149761
0.149854
0.149953
0.150057
0.150177
0.150278
0.150525
0.13899
0.139099
0.139272
0.139499
0.139767
0.140062
0.140377
0.140704
0.141039
0.141379
0.141722
0.142064
0.142405
0.142742
0.143073
0.1434
0.14372
0.144034
0.144343
0.144645
0.144941
0.145232
0.145517
0.145797
0.146072
0.146342
0.146607
0.146868
0.147123
0.147374
0.14762
0.147862
0.148099
0.148332
0.14856
0.148785
0.149006
0.149223
0.149438
0.14965
0.149859
0.150067
0.150272
0.150476
0.150679
0.15088
0.15108
0.151279
0.151477
0.151674
0.151871
0.152066
0.152261
0.152455
0.152647
0.152838
0.153028
0.153216
0.153402
0.153586
0.153767
0.153946
0.154122
0.154295
0.154466
0.154636
0.154805
0.154974
0.155145
0.155321
0.155503
0.155692
0.155904
0.156082
0.156504
0.135286
0.133624
0.133271
0.133485
0.133954
0.134549
0.135211
0.135912
0.136631
0.13736
0.138088
0.138812
0.139529
0.140237
0.140934
0.141622
0.142301
0.142969
0.143628
0.144278
0.144917
0.145547
0.146166
0.146773
0.14737
0.147954
0.148526
0.149085
0.149632
0.150166
0.150686
0.151194
0.151688
0.15217
0.15264
0.153097
0.153544
0.15398
0.154406
0.154823
0.155232
0.15563
0.15602
0.1564
0.156772
0.157137
0.157496
0.157849
0.158198
0.158542
0.158884
0.159222
0.159558
0.159893
0.160227
0.160559
0.160891
0.161222
0.161552
0.161882
0.162211
0.162539
0.162866
0.163192
0.163519
0.163846
0.164175
0.164508
0.164847
0.165195
0.165555
0.165929
0.16634
0.166696
0.167459
0.105813
0.105931
0.107681
0.110024
0.112598
0.115242
0.117868
0.120426
0.122883
0.125219
0.127426
0.129498
0.131439
0.133251
0.134943
0.136521
0.137994
0.139368
0.140649
0.141844
0.142958
0.143995
0.14496
0.145858
0.146693
0.147469
0.148192
0.148864
0.149491
0.150077
0.150623
0.151135
0.151614
0.152063
0.152486
0.152885
0.153264
0.153624
0.15397
0.1543
0.15461
0.154892
0.155154
0.155426
0.155734
0.156091
0.15649
0.156927
0.157396
0.157894
0.158418
0.158966
0.159535
0.160124
0.160731
0.161355
0.161995
0.162649
0.163317
0.163997
0.164689
0.16539
0.166101
0.16682
0.167546
0.16828
0.169021
0.169769
0.170525
0.17129
0.172066
0.172852
0.17367
0.174404
0.175705
0.0882787
0.0912106
0.0947592
0.0983495
0.10191
0.105416
0.108863
0.112247
0.115565
0.118814
0.121992
0.1251
0.12814
0.131115
0.134025
0.136872
0.139658
0.142379
0.145032
0.147608
0.150101
0.1525
0.154799
0.156991
0.159073
0.161042
0.162902
0.164655
0.166306
0.16786
0.169323
0.1707
0.171998
0.173221
0.174378
0.175474
0.176516
0.177509
0.178458
0.179365
0.18023
0.181051
0.181828
0.182563
0.183259
0.183918
0.184544
0.18514
0.185707
0.186251
0.186774
0.187278
0.187767
0.188243
0.188706
0.189159
0.189601
0.190034
0.190456
0.190868
0.191269
0.191659
0.192037
0.192403
0.192759
0.193103
0.193439
0.193767
0.194091
0.194414
0.19474
0.19507
0.195429
0.195729
0.196381
0.142965
0.14397
0.145028
0.146066
0.146927
0.147586
0.148048
0.148325
0.148431
0.148391
0.148232
0.147983
0.147676
0.147363
0.146939
0.146671
0.14674
0.147122
0.147781
0.148693
0.149832
0.15117
0.15268
0.154335
0.156107
0.157974
0.159913
0.161905
0.163936
0.165991
0.16806
0.170133
0.172204
0.174268
0.17632
0.17836
0.180385
0.182394
0.184385
0.186355
0.188302
0.190219
0.192101
0.193941
0.195734
0.197475
0.199162
0.200794
0.202372
0.203897
0.205374
0.206806
0.208196
0.209549
0.210868
0.212155
0.213412
0.21464
0.215841
0.217014
0.218159
0.219274
0.220358
0.221409
0.222426
0.223408
0.224352
0.225258
0.226126
0.226953
0.227741
0.22849
0.229205
0.22984
0.230736
0.143351
0.144094
0.145026
0.146055
0.147122
0.148193
0.149246
0.150265
0.15124
0.152161
0.153025
0.153831
0.154581
0.155284
0.155941
0.156565
0.157174
0.157786
0.15841
0.159053
0.159715
0.160394
0.161084
0.161778
0.162468
0.163146
0.163805
0.164441
0.165051
0.165634
0.166194
0.166733
0.167259
0.167777
0.168292
0.168817
0.169347
0.169851
0.170411
0.171106
0.171922
0.172846
0.173867
0.174972
0.17615
0.177391
0.178685
0.180026
0.181407
0.182824
0.184275
0.185757
0.18727
0.188814
0.190389
0.191997
0.193637
0.19531
0.197016
0.198755
0.200526
0.202327
0.204155
0.206006
0.207876
0.209759
0.211646
0.21353
0.2154
0.217245
0.219053
0.220811
0.222502
0.22407
0.226084
0.140357
0.14081
0.141294
0.141817
0.142394
0.14303
0.143725
0.144471
0.145259
0.146079
0.146921
0.147775
0.148635
0.149499
0.150367
0.151241
0.152124
0.153023
0.153941
0.154882
0.155847
0.156835
0.15784
0.158857
0.159877
0.160891
0.161891
0.162869
0.163819
0.164735
0.165616
0.166461
0.167272
0.168051
0.168805
0.169539
0.170258
0.170966
0.171666
0.172365
0.173066
0.17377
0.174478
0.175188
0.175899
0.176608
0.177316
0.178019
0.178719
0.179416
0.18011
0.180804
0.181499
0.182197
0.182899
0.183609
0.184328
0.185057
0.185798
0.186552
0.187319
0.188099
0.188893
0.189699
0.190517
0.191345
0.192181
0.193024
0.19387
0.194717
0.19556
0.196397
0.197223
0.197992
0.199085
0.139847
0.140023
0.14016
0.140286
0.140429
0.140606
0.140828
0.141104
0.141437
0.141829
0.142278
0.142777
0.143318
0.143888
0.144477
0.145075
0.145672
0.146266
0.146854
0.147438
0.148024
0.148617
0.149223
0.149849
0.150498
0.151173
0.151875
0.152601
0.153349
0.154113
0.15489
0.155675
0.156464
0.157255
0.158045
0.158834
0.159623
0.160413
0.161205
0.161999
0.162797
0.163598
0.164402
0.165209
0.166016
0.166823
0.167629
0.168432
0.169232
0.170028
0.170821
0.171609
0.172395
0.173179
0.173961
0.174742
0.175525
0.176309
0.177096
0.177887
0.178684
0.179486
0.180294
0.18111
0.181932
0.182761
0.183596
0.184434
0.185275
0.186115
0.186951
0.18778
0.188598
0.189356
0.190446
0.139935
0.140047
0.140211
0.140396
0.14057
0.140716
0.140833
0.140927
0.14101
0.141098
0.141205
0.141346
0.141527
0.141753
0.142019
0.142319
0.142643
0.142978
0.143314
0.143642
0.143957
0.144254
0.144537
0.144808
0.145073
0.14534
0.145615
0.145906
0.146216
0.146549
0.146907
0.147289
0.147695
0.148121
0.148565
0.149023
0.149494
0.149974
0.150462
0.150957
0.151457
0.151964
0.152476
0.152994
0.153519
0.15405
0.154589
0.155135
0.155688
0.156248
0.156816
0.157391
0.157973
0.158562
0.159157
0.15976
0.16037
0.160988
0.161615
0.162251
0.162898
0.163558
0.164231
0.16492
0.165625
0.166347
0.167087
0.167846
0.168621
0.169412
0.170216
0.17103
0.171853
0.17262
0.173788
0.139916
0.139945
0.140045
0.140188
0.140354
0.140527
0.140696
0.140846
0.140968
0.141059
0.14112
0.141162
0.141195
0.141232
0.141284
0.141361
0.141466
0.1416
0.141759
0.141938
0.142128
0.142323
0.142514
0.142698
0.142872
0.143034
0.143187
0.143333
0.143476
0.143621
0.143773
0.143933
0.144106
0.144291
0.144491
0.144704
0.144928
0.145163
0.145406
0.145655
0.145909
0.146165
0.146425
0.146686
0.146949
0.147214
0.147482
0.147753
0.148028
0.148309
0.148594
0.148886
0.149184
0.149488
0.149799
0.150117
0.150441
0.150773
0.151111
0.151458
0.151812
0.152176
0.15255
0.152935
0.153333
0.153746
0.154174
0.154618
0.15508
0.15556
0.156058
0.156571
0.157107
0.157603
0.158433
0.140005
0.140106
0.140136
0.140127
0.140133
0.140182
0.140276
0.14041
0.140569
0.140738
0.140899
0.14104
0.141154
0.141239
0.141299
0.141341
0.141374
0.141409
0.141453
0.141512
0.141588
0.141682
0.141791
0.141913
0.142043
0.142176
0.142309
0.14244
0.142567
0.142691
0.142811
0.142929
0.143046
0.143166
0.143288
0.143414
0.143545
0.14368
0.14382
0.143964
0.144111
0.14426
0.144411
0.144563
0.144714
0.144866
0.145018
0.145171
0.145325
0.14548
0.145638
0.145798
0.145961
0.146128
0.146299
0.146474
0.146653
0.146836
0.147023
0.147213
0.147407
0.147606
0.147808
0.148015
0.148228
0.148447
0.148673
0.148908
0.149153
0.14941
0.14968
0.149963
0.150269
0.150544
0.151072
0.140009
0.140119
0.140189
0.140216
0.140218
0.140213
0.140223
0.140262
0.140336
0.140445
0.14058
0.14073
0.140882
0.141025
0.14115
0.141253
0.141333
0.141395
0.141444
0.141486
0.141529
0.141577
0.141634
0.141703
0.141784
0.141876
0.141977
0.142084
0.142196
0.142309
0.142421
0.142533
0.142642
0.14275
0.142857
0.142962
0.143068
0.143174
0.143282
0.143391
0.143502
0.143615
0.14373
0.143847
0.143965
0.144084
0.144205
0.144327
0.144451
0.144576
0.144703
0.144832
0.144963
0.145096
0.145232
0.145371
0.145512
0.145656
0.145801
0.145949
0.146099
0.14625
0.146403
0.146558
0.146715
0.146876
0.14704
0.147209
0.147384
0.147567
0.14776
0.147963
0.148187
0.148382
0.148793
0.140004
0.140065
0.140159
0.14027
0.140371
0.140448
0.140499
0.140533
0.140561
0.140595
0.140642
0.140709
0.140794
0.140893
0.141001
0.141111
0.141218
0.141318
0.141409
0.14149
0.141565
0.141634
0.141701
0.141769
0.14184
0.141915
0.141995
0.142081
0.142172
0.142266
0.142362
0.142461
0.14256
0.142659
0.142758
0.142856
0.142955
0.143054
0.143154
0.143256
0.143359
0.143464
0.143572
0.143682
0.143795
0.14391
0.144028
0.144148
0.14427
0.144395
0.144522
0.14465
0.144781
0.144914
0.145048
0.145184
0.145321
0.14546
0.145599
0.14574
0.145881
0.146023
0.146166
0.14631
0.146455
0.146602
0.146753
0.146907
0.147067
0.147234
0.147411
0.147596
0.147804
0.147982
0.148372
0.140007
0.14004
0.140117
0.140235
0.140367
0.140494
0.140601
0.140682
0.140737
0.140774
0.140802
0.140831
0.14087
0.140925
0.140995
0.141082
0.141181
0.141288
0.141398
0.141508
0.141615
0.141716
0.141812
0.141902
0.141989
0.142073
0.142156
0.14224
0.142325
0.142412
0.142501
0.142593
0.142687
0.142783
0.142882
0.142983
0.143085
0.14319
0.143297
0.143405
0.143516
0.14363
0.143746
0.143865
0.143986
0.14411
0.144237
0.144367
0.144498
0.144632
0.144767
0.144905
0.145043
0.145183
0.145324
0.145466
0.145608
0.14575
0.145892
0.146034
0.146176
0.146318
0.146461
0.146603
0.146747
0.146893
0.147042
0.147196
0.147356
0.147524
0.147702
0.14789
0.148102
0.148285
0.148688
0.140035
0.140098
0.140175
0.140268
0.140377
0.140494
0.140609
0.140716
0.140807
0.140883
0.140945
0.141
0.141054
0.141112
0.141179
0.141257
0.141347
0.141447
0.141556
0.141669
0.141784
0.141899
0.142011
0.142119
0.142224
0.142326
0.142425
0.142523
0.14262
0.142719
0.142819
0.142922
0.143027
0.143136
0.143247
0.143362
0.14348
0.143601
0.143725
0.143851
0.143979
0.144109
0.14424
0.144373
0.144508
0.144642
0.144778
0.144913
0.145048
0.145183
0.145317
0.145449
0.145581
0.145711
0.14584
0.145967
0.146093
0.146219
0.146344
0.14647
0.146597
0.146726
0.146859
0.146996
0.14714
0.147291
0.147452
0.147625
0.147812
0.148015
0.148237
0.148477
0.14875
0.148993
0.149508
0.140066
0.14017
0.140248
0.140315
0.140389
0.14048
0.140591
0.140715
0.140845
0.140976
0.1411
0.141215
0.141321
0.141418
0.141511
0.141602
0.141694
0.14179
0.14189
0.141996
0.142107
0.142222
0.142341
0.142463
0.142587
0.142712
0.142839
0.142965
0.143092
0.143219
0.143347
0.143474
0.1436
0.143726
0.14385
0.143972
0.144091
0.144207
0.144319
0.144426
0.144528
0.144624
0.144714
0.144799
0.144879
0.144953
0.145024
0.145092
0.14516
0.145231
0.145306
0.145389
0.145485
0.145598
0.145732
0.145892
0.146084
0.146311
0.146578
0.14689
0.14725
0.147662
0.148128
0.14865
0.149228
0.149865
0.150558
0.151307
0.152111
0.152967
0.153874
0.154825
0.155842
0.156777
0.158438
0.140078
0.140218
0.140336
0.140432
0.14052
0.140613
0.140718
0.140839
0.140974
0.141121
0.141272
0.141423
0.141569
0.14171
0.141843
0.141971
0.142094
0.142217
0.142339
0.142463
0.142589
0.142716
0.142844
0.14297
0.143093
0.14321
0.14332
0.143419
0.143506
0.14358
0.143641
0.143688
0.143722
0.143746
0.143761
0.143771
0.143782
0.143798
0.143828
0.14388
0.143964
0.144092
0.144278
0.144536
0.144885
0.145341
0.145925
0.146658
0.147561
0.148656
0.149964
0.151503
0.153292
0.155346
0.157676
0.160288
0.163187
0.166369
0.169828
0.173552
0.177521
0.181714
0.186105
0.190665
0.195363
0.200167
0.205045
0.209967
0.214901
0.219822
0.224705
0.229519
0.234307
0.238622
0.245382
0.140097
0.14027
0.140449
0.140621
0.14078
0.140927
0.141066
0.141206
0.141349
0.1415
0.141659
0.141825
0.141993
0.14216
0.142318
0.142463
0.142587
0.142687
0.142759
0.142801
0.142815
0.142802
0.142767
0.142718
0.142665
0.142621
0.142601
0.142627
0.14272
0.142907
0.143219
0.143688
0.144351
0.145249
0.146422
0.147917
0.149784
0.152072
0.154833
0.158119
0.161981
0.166467
0.171624
0.17749
0.184098
0.191472
0.199627
0.208565
0.218273
0.228727
0.239886
0.251695
0.264086
0.276977
0.290286
0.303948
0.317863
0.331934
0.346058
0.360131
0.374057
0.387749
0.401126
0.414121
0.426675
0.43874
0.45028
0.461269
0.471689
0.48153
0.490788
0.499464
0.50759
0.514865
0.525253
0.140121
0.140306
0.140505
0.140712
0.140919
0.141123
0.141321
0.141515
0.141703
0.141856
0.141956
0.141993
0.141969
0.141893
0.141788
0.141689
0.141639
0.141693
0.141911
0.142368
0.143142
0.144318
0.145985
0.148234
0.151157
0.154844
0.159381
0.16485
0.171324
0.178868
0.187532
0.197357
0.208368
0.220574
0.233988
0.248645
0.264533
0.281609
0.299818
0.319093
0.33935
0.360491
0.382408
0.404981
0.428083
0.451578
0.475325
0.499181
0.523003
0.546648
0.569981
0.592873
0.615207
0.636878
0.657793
0.677878
0.69707
0.715325
0.732612
0.748912
0.76422
0.778541
0.79189
0.804288
0.815762
0.826345
0.83607
0.844976
0.853098
0.860474
0.867139
0.873128
0.878483
0.883279
0.890241
0.140198
0.140482
0.140774
0.141072
0.1414
0.141699
0.14181
0.141757
0.141677
0.141802
0.142391
0.14371
0.146013
0.149535
0.154479
0.161011
0.169262
0.179323
0.191225
0.205105
0.220971
0.238771
0.258431
0.279847
0.30289
0.327414
0.353253
0.380233
0.408171
0.436883
0.466185
0.4959
0.52586
0.555907
0.585899
0.615705
0.64521
0.67431
0.702916
0.730948
0.758339
0.785031
0.810973
0.836123
0.860446
0.883911
0.906492
0.928167
0.948921
0.968737
0.987607
1.00552
1.02248
1.03848
1.05353
1.06764
1.08081
1.09307
1.10443
1.11491
1.12455
1.13337
1.14139
1.14866
1.1552
1.16105
1.16624
1.17081
1.17478
1.17818
1.18105
1.18342
1.18537
1.18716
1.19079
0.140217
0.140656
0.14143
0.142227
0.14407
0.14828
0.156025
0.167982
0.184473
0.205402
0.230436
0.259103
0.290863
0.325156
0.361434
0.39917
0.437878
0.477114
0.516481
0.555634
0.594275
0.632159
0.669088
0.704912
0.739524
0.772856
0.804875
0.835581
0.864994
0.893155
0.920119
0.94595
0.970718
0.994494
1.01735
1.03934
1.06053
1.08097
1.1007
1.11975
1.13814
1.15588
1.17298
1.18943
1.20524
1.22038
1.23485
1.24863
1.26172
1.27409
1.28573
1.29665
1.30684
1.31631
1.32504
1.33307
1.34039
1.34703
1.353
1.35833
1.36305
1.36717
1.37072
1.37374
1.37624
1.37826
1.37983
1.38096
1.3817
1.38205
1.38206
1.38178
1.38136
1.38121
1.38299
0.145254
0.162551
0.19523
0.243136
0.302028
0.367141
0.434522
0.501297
0.56558
0.626254
0.682751
0.734868
0.782636
0.826237
0.865942
0.902073
0.934978
0.965009
0.992509
1.01781
1.0412
1.06295
1.08331
1.10247
1.12061
1.13787
1.15436
1.17019
1.18544
1.20015
1.21438
1.22817
1.24154
1.25451
1.2671
1.27931
1.29116
1.30265
1.31377
1.32452
1.33489
1.34487
1.35444
1.3636
1.37232
1.3806
1.38841
1.39575
1.40259
1.40895
1.4148
1.42015
1.425
1.42935
1.43321
1.43659
1.4395
1.44196
1.44398
1.44558
1.44678
1.44761
1.44808
1.44822
1.44804
1.44757
1.44683
1.44585
1.44464
1.44323
1.44166
1.44002
1.43853
1.43767
1.43869
0.441327
0.615696
0.75073
0.853037
0.929156
0.98489
1.02519
1.0542
1.07526
1.09098
1.10328
1.11348
1.12249
1.13082
1.13878
1.14651
1.15407
1.16147
1.1687
1.17574
1.18258
1.18922
1.19567
1.20193
1.20803
1.21398
1.2198
1.22551
1.23112
1.23664
1.24207
1.24742
1.25268
1.25786
1.26294
1.26792
1.27278
1.27752
1.28212
1.28657
1.29084
1.29493
1.29881
1.30247
1.3059
1.30908
1.31201
1.31466
1.31704
1.31914
1.32096
1.3225
1.32376
1.32474
1.32546
1.32592
1.32612
1.32609
1.32584
1.32537
1.32471
1.32386
1.32285
1.32169
1.32038
1.31896
1.31743
1.31581
1.31411
1.31237
1.31063
1.309
1.30766
1.30695
1.30752
0.121654
0.119873
0.118827
0.117908
0.117023
0.116158
0.11531
0.114477
0.113656
0.112846
0.112044
0.111249
0.110457
0.109669
0.108883
0.108098
0.10731
0.106514
0.105718
0.104924
0.104136
0.103357
0.102591
0.101841
0.101111
0.100407
0.0997323
0.0990915
0.0984893
0.0979298
0.097416
0.0969481
0.0965216
0.0960116
0.0955347
0.095094
0.0946881
0.094317
0.0939799
0.0936745
0.0933976
0.0931462
0.0929184
0.0927146
0.092537
0.0923854
0.0922474
0.0920527
0.0916384
0.0912709
0.0909488
0.0906706
0.0904411
0.0902669
0.0901542
0.0901065
0.0901193
0.0901701
0.0902006
0.0899827
0.0895092
0.0891841
0.0890432
0.0890981
0.0893174
0.0896074
0.0897915
0.0891901
0.0889466
0.0881321
0.135995
0.136332
0.136671
0.136996
0.137309
0.137613
0.137912
0.138204
0.138492
0.138775
0.139053
0.139328
0.139598
0.139864
0.140124
0.140377
0.140621
0.140854
0.141075
0.141284
0.141478
0.141658
0.141823
0.141973
0.142108
0.14223
0.142338
0.142433
0.142516
0.142587
0.142648
0.142698
0.142735
0.142746
0.14275
0.14274
0.142717
0.142686
0.142651
0.142613
0.142574
0.142536
0.1425
0.142468
0.14244
0.142419
0.142407
0.142402
0.14236
0.142305
0.142238
0.142181
0.142143
0.142124
0.142125
0.142146
0.142185
0.142236
0.142281
0.142277
0.142223
0.142206
0.14223
0.142309
0.142442
0.142591
0.142679
0.1426
0.142615
0.142492
0.136778
0.136903
0.137048
0.137195
0.137341
0.137483
0.137623
0.137761
0.137903
0.138062
0.138234
0.138417
0.13861
0.138811
0.139015
0.139222
0.139429
0.139635
0.139841
0.140045
0.140247
0.140445
0.140639
0.140826
0.141004
0.141172
0.141327
0.141469
0.141595
0.141706
0.141802
0.141884
0.141955
0.14202
0.142079
0.14213
0.142173
0.14221
0.142241
0.14227
0.142297
0.142326
0.14236
0.142396
0.142425
0.142446
0.142454
0.142451
0.142457
0.142466
0.14248
0.142501
0.142534
0.142579
0.142621
0.142655
0.142681
0.142698
0.142707
0.142713
0.14274
0.142775
0.142822
0.142881
0.14293
0.142963
0.142986
0.143031
0.143056
0.143088
0.138975
0.13898
0.138995
0.139023
0.139079
0.139145
0.139213
0.13928
0.139346
0.139411
0.13948
0.139554
0.139636
0.139725
0.139821
0.139922
0.140026
0.14013
0.140235
0.140337
0.140435
0.14053
0.14062
0.140705
0.140785
0.140858
0.140926
0.140988
0.141043
0.141091
0.141133
0.141167
0.141194
0.141215
0.141229
0.141236
0.141234
0.141224
0.141207
0.141182
0.14115
0.141111
0.141066
0.141015
0.140959
0.140899
0.140837
0.140779
0.140726
0.140669
0.140612
0.140555
0.140499
0.140446
0.140396
0.14035
0.140307
0.140268
0.140235
0.140211
0.140194
0.140177
0.140159
0.140144
0.140131
0.140121
0.140114
0.140124
0.140126
0.140142
0.140018
0.140038
0.140063
0.140093
0.140134
0.140181
0.140244
0.140312
0.140378
0.140438
0.14049
0.140534
0.140573
0.140606
0.140637
0.140666
0.140694
0.140719
0.140743
0.140763
0.140779
0.140791
0.140798
0.1408
0.140798
0.140791
0.140781
0.140767
0.140751
0.140733
0.140714
0.140693
0.140672
0.140653
0.140632
0.140612
0.140591
0.140568
0.140544
0.140518
0.140491
0.140463
0.140433
0.140402
0.14037
0.140336
0.140301
0.140268
0.140236
0.140201
0.140166
0.140129
0.140092
0.140055
0.140019
0.139986
0.139955
0.139927
0.139903
0.139882
0.139862
0.139843
0.139825
0.139809
0.139794
0.139782
0.139771
0.139759
0.139751
0.139752
0.14011
0.140198
0.140263
0.140304
0.14033
0.14035
0.140376
0.14041
0.140454
0.140507
0.140564
0.140622
0.140677
0.140729
0.140775
0.140816
0.140851
0.140881
0.140907
0.140928
0.140946
0.140959
0.140969
0.140974
0.140977
0.140976
0.140972
0.140964
0.140954
0.14094
0.140923
0.140904
0.140881
0.140857
0.14083
0.140801
0.14077
0.140736
0.140701
0.140664
0.140625
0.140584
0.140542
0.140499
0.140456
0.140413
0.140372
0.140333
0.140296
0.140258
0.140223
0.14019
0.140159
0.14013
0.140102
0.140076
0.140051
0.140029
0.140009
0.139991
0.139973
0.139958
0.139946
0.139937
0.13993
0.139923
0.139916
0.139907
0.139898
0.139897
0.140263
0.14035
0.140447
0.140542
0.140622
0.140679
0.140717
0.140741
0.140757
0.14077
0.140785
0.140801
0.140819
0.140838
0.140855
0.14087
0.140881
0.140888
0.140892
0.140891
0.140886
0.140878
0.140867
0.140853
0.140836
0.140816
0.140794
0.140768
0.140741
0.140712
0.140681
0.14065
0.140618
0.140588
0.140556
0.140525
0.140494
0.140464
0.140435
0.140407
0.140379
0.140352
0.140325
0.140298
0.140272
0.140246
0.140221
0.140197
0.140175
0.140152
0.140129
0.140107
0.140087
0.140068
0.14005
0.140034
0.140018
0.140002
0.139988
0.139976
0.139963
0.13995
0.139939
0.139932
0.139928
0.139926
0.139924
0.139922
0.139917
0.139917
0.140026
0.140124
0.140221
0.140312
0.140404
0.140496
0.14058
0.14065
0.140707
0.140752
0.14079
0.140824
0.140854
0.140883
0.140911
0.140937
0.140961
0.140981
0.140998
0.141011
0.141019
0.141022
0.141021
0.141014
0.141002
0.140985
0.140963
0.140936
0.140905
0.14087
0.140831
0.14079
0.140748
0.140706
0.140662
0.140617
0.140572
0.140528
0.140484
0.140442
0.140401
0.140363
0.140327
0.140293
0.140261
0.140231
0.140204
0.140179
0.140157
0.140136
0.140115
0.140096
0.140077
0.14006
0.140044
0.14003
0.140018
0.140006
0.139997
0.139988
0.13998
0.139973
0.139965
0.139958
0.139953
0.139949
0.139946
0.139944
0.139943
0.139946
0.140125
0.140191
0.140251
0.14031
0.140372
0.140438
0.140509
0.140579
0.140646
0.140708
0.140762
0.140809
0.140848
0.140881
0.140908
0.140929
0.140946
0.140957
0.140964
0.140965
0.140961
0.140951
0.140935
0.140913
0.140886
0.140855
0.140819
0.140779
0.140737
0.140693
0.140648
0.140603
0.14056
0.140518
0.140477
0.140438
0.1404
0.140365
0.140331
0.140299
0.140269
0.140241
0.140215
0.140191
0.140169
0.140149
0.14013
0.140113
0.140099
0.140084
0.140071
0.140059
0.140047
0.140037
0.140026
0.140017
0.140009
0.140001
0.139994
0.139988
0.139983
0.139978
0.139975
0.139971
0.139968
0.139965
0.139963
0.13996
0.139958
0.13996
0.140005
0.140096
0.14018
0.140254
0.140323
0.140391
0.140461
0.140533
0.140605
0.140675
0.140742
0.140804
0.14086
0.140909
0.140951
0.140986
0.141014
0.141035
0.141049
0.141055
0.141055
0.141048
0.141035
0.141014
0.140987
0.140954
0.140915
0.140872
0.140824
0.140773
0.14072
0.140666
0.140613
0.140562
0.14051
0.140461
0.140414
0.14037
0.140329
0.140291
0.140256
0.140224
0.140194
0.140168
0.140145
0.140124
0.140105
0.140089
0.140075
0.140062
0.14005
0.14004
0.140031
0.140023
0.140016
0.14001
0.140005
0.14
0.139995
0.139991
0.139987
0.139984
0.139982
0.139981
0.13998
0.13998
0.139979
0.139978
0.139977
0.139978
0.140018
0.140097
0.140181
0.140261
0.140339
0.140413
0.140486
0.140555
0.140622
0.140685
0.140743
0.140796
0.140842
0.140883
0.140917
0.140944
0.140965
0.140979
0.140985
0.140985
0.140978
0.140964
0.140944
0.140917
0.140885
0.140848
0.140806
0.140761
0.140713
0.140663
0.140612
0.140561
0.140511
0.140463
0.140416
0.140371
0.140328
0.140289
0.140252
0.140218
0.140188
0.14016
0.140136
0.140114
0.140095
0.140078
0.140064
0.140052
0.140042
0.140032
0.140024
0.140017
0.140011
0.140007
0.140003
0.139999
0.139996
0.139994
0.139992
0.13999
0.139988
0.139986
0.139985
0.139985
0.139986
0.139986
0.139986
0.139986
0.139985
0.139987
0.139961
0.140035
0.140117
0.1402
0.14028
0.140357
0.140432
0.140506
0.140579
0.140649
0.140716
0.14078
0.140838
0.140891
0.140938
0.140978
0.14101
0.141036
0.141053
0.141062
0.141062
0.141054
0.141037
0.141013
0.140981
0.140941
0.140896
0.140846
0.140792
0.140735
0.140677
0.140618
0.14056
0.140505
0.14045
0.140398
0.140349
0.140303
0.14026
0.140221
0.140186
0.140154
0.140126
0.140101
0.140079
0.14006
0.140045
0.140032
0.140021
0.140011
0.140004
0.139998
0.139993
0.13999
0.139989
0.139988
0.139987
0.139988
0.139988
0.139988
0.139988
0.139988
0.139989
0.13999
0.139991
0.139992
0.139993
0.139994
0.139994
0.139997
0.140009
0.14006
0.140127
0.140201
0.140278
0.140353
0.140427
0.140499
0.14057
0.14064
0.140709
0.140775
0.140839
0.140898
0.14095
0.140996
0.141034
0.141063
0.141082
0.141093
0.141094
0.141086
0.141069
0.141044
0.141011
0.140971
0.140925
0.140875
0.14082
0.140762
0.140703
0.140643
0.140584
0.140528
0.140472
0.140419
0.140369
0.140322
0.140279
0.140239
0.140203
0.140171
0.140142
0.140117
0.140094
0.140075
0.140058
0.140043
0.14003
0.140019
0.14001
0.140002
0.139996
0.139991
0.139988
0.139986
0.139986
0.139986
0.139986
0.139986
0.139986
0.139988
0.139989
0.139991
0.139992
0.139994
0.139996
0.139997
0.14
0.140003
0.140096
0.140133
0.140183
0.140244
0.140312
0.140386
0.140463
0.140539
0.140615
0.140688
0.14076
0.140828
0.140892
0.14095
0.141003
0.141049
0.141086
0.141115
0.141134
0.141144
0.141144
0.141134
0.141116
0.141088
0.141052
0.141009
0.14096
0.140906
0.140848
0.140787
0.140725
0.140662
0.140601
0.140541
0.140484
0.140429
0.140378
0.14033
0.140286
0.140246
0.14021
0.140178
0.14015
0.140125
0.140104
0.140085
0.140069
0.140055
0.140043
0.140034
0.140026
0.140019
0.140013
0.140007
0.140002
0.139998
0.139995
0.139993
0.139992
0.139991
0.139991
0.139992
0.139993
0.139995
0.139997
0.139999
0.14
0.140001
0.140005
0.140009
0.140172
0.140217
0.140267
0.140323
0.140384
0.140452
0.140524
0.140601
0.140679
0.140758
0.140834
0.140908
0.140977
0.14104
0.141097
0.141146
0.141187
0.141219
0.141241
0.141254
0.141257
0.14125
0.141234
0.141208
0.141173
0.14113
0.14108
0.141023
0.140962
0.140897
0.140829
0.140761
0.140693
0.140626
0.140561
0.140499
0.14044
0.140385
0.140334
0.140287
0.140245
0.140208
0.140175
0.140145
0.14012
0.140098
0.140079
0.140063
0.14005
0.140038
0.140028
0.14002
0.140014
0.140009
0.140005
0.140004
0.140002
0.140002
0.140002
0.140002
0.140001
0.140002
0.140003
0.140005
0.140006
0.140008
0.140009
0.14001
0.140013
0.140019
0.140213
0.140258
0.140312
0.140371
0.140433
0.140499
0.140569
0.140643
0.14072
0.140798
0.140876
0.140952
0.141025
0.141094
0.141155
0.141209
0.141254
0.14129
0.141315
0.141328
0.141331
0.141322
0.141302
0.141271
0.141231
0.141182
0.141125
0.141062
0.140994
0.140922
0.140849
0.140774
0.140701
0.14063
0.140561
0.140496
0.140434
0.140378
0.140325
0.140278
0.140236
0.140198
0.140165
0.140137
0.140112
0.140091
0.140074
0.140059
0.140047
0.140037
0.140029
0.140023
0.140018
0.140015
0.140013
0.140012
0.140011
0.140011
0.140012
0.140012
0.140012
0.140013
0.140014
0.140015
0.140016
0.140017
0.140018
0.140019
0.140023
0.140029
0.140466
0.140502
0.140549
0.140603
0.140664
0.14073
0.140802
0.140878
0.140959
0.141042
0.141127
0.141213
0.141296
0.141377
0.141452
0.141521
0.141583
0.141634
0.141676
0.141706
0.141723
0.141728
0.141721
0.1417
0.141668
0.141624
0.141569
0.141506
0.141434
0.141357
0.141274
0.141189
0.141103
0.141016
0.140931
0.140847
0.140767
0.14069
0.140617
0.14055
0.140487
0.14043
0.140378
0.140332
0.14029
0.140253
0.140221
0.140193
0.140168
0.140147
0.140128
0.140113
0.140099
0.140088
0.140079
0.140071
0.140064
0.140059
0.140054
0.140051
0.140047
0.140045
0.140043
0.140041
0.14004
0.14004
0.14004
0.14004
0.140045
0.140053
0.140286
0.140318
0.140359
0.140409
0.140468
0.140535
0.14061
0.140693
0.140781
0.140875
0.140971
0.141069
0.141165
0.141259
0.141348
0.14143
0.141502
0.141564
0.141615
0.141652
0.141675
0.141684
0.141679
0.14166
0.141629
0.141585
0.141532
0.141469
0.141399
0.141323
0.141244
0.141163
0.141081
0.141
0.140921
0.140844
0.14077
0.140701
0.140636
0.140575
0.140519
0.140467
0.14042
0.140377
0.140338
0.140303
0.140272
0.140244
0.140219
0.140196
0.140176
0.140158
0.140142
0.140128
0.140116
0.140105
0.140096
0.140088
0.140081
0.140075
0.140069
0.140064
0.14006
0.140057
0.140054
0.140053
0.140052
0.140051
0.140056
0.140065
0.140812
0.140876
0.140959
0.141058
0.141173
0.141303
0.141447
0.141605
0.141773
0.141951
0.142137
0.142328
0.142521
0.142714
0.142905
0.143091
0.143268
0.143432
0.143584
0.143722
0.143843
0.143947
0.144032
0.144098
0.144144
0.14417
0.144176
0.144162
0.144131
0.144082
0.144017
0.143938
0.14385
0.143709
0.143586
0.143457
0.143321
0.143181
0.143038
0.142893
0.142749
0.142607
0.142469
0.142336
0.14221
0.142094
0.141989
0.141886
0.141726
0.141631
0.14155
0.141479
0.141417
0.141363
0.141317
0.14128
0.141252
0.141234
0.141231
0.141182
0.141077
0.141068
0.141075
0.141092
0.14112
0.141166
0.141242
0.141096
0.1413
0.141471
0.179373
0.190955
0.202236
0.212774
0.22257
0.231657
0.240065
0.247821
0.254953
0.261486
0.267445
0.272858
0.27775
0.28215
0.286085
0.289584
0.292665
0.295347
0.297687
0.299709
0.30144
0.302909
0.304141
0.305162
0.305996
0.306666
0.307194
0.3076
0.307903
0.308121
0.30827
0.308366
0.308421
0.308069
0.307986
0.307895
0.307787
0.307667
0.30754
0.307409
0.307277
0.30715
0.307028
0.306916
0.306816
0.306734
0.306673
0.306515
0.305783
0.305654
0.305562
0.305478
0.305403
0.305338
0.305288
0.305261
0.305266
0.305316
0.305431
0.305095
0.304371
0.304717
0.305327
0.306256
0.30765
0.309715
0.312739
0.315066
0.321977
0.329875
0.140278
0.139865
0.139433
0.138836
0.138229
0.137625
0.137004
0.136297
0.135388
0.134808
0.135842
0.135972
0.136051
0.136137
0.136234
0.136344
0.136466
0.1366
0.136745
0.136899
0.13706
0.137224
0.13739
0.137551
0.137705
0.137843
0.137955
0.138018
0.137982
0.137735
0.138298
0.138642
0.138784
0.138881
0.138948
0.138987
0.138998
0.138984
0.138945
0.138884
0.1388
0.138697
0.138574
0.138432
0.138273
0.138095
0.1379
0.137687
0.137456
0.137207
0.136939
0.136652
0.136346
0.136022
0.135679
0.13532
0.134944
0.134552
0.134142
0.133691
0.133114
0.133023
0.13283
0.132541
0.132252
0.131972
0.131699
0.131435
0.131177
0.130928
0.130688
0.130458
0.130237
0.130025
0.129822
0.129626
0.129437
0.129255
0.129076
0.1289
0.128725
0.128551
0.128377
0.128202
0.128026
0.127849
0.127671
0.127492
0.127312
0.127132
0.126952
0.126773
0.126597
0.126426
0.126265
0.126126
0.126042
0.126098
0.126499
0.127762
0.135732
0.135907
0.136097
0.136298
0.136507
0.136719
0.136931
0.137141
0.137349
0.137561
0.137781
0.137975
0.138147
0.138292
0.138406
0.13849
0.138542
0.138566
0.138564
0.138539
0.138493
0.138429
0.138348
0.138253
0.138146
0.138028
0.137902
0.137769
0.137631
0.137485
0.137345
0.137213
0.137083
0.136954
0.136827
0.136702
0.136579
0.136458
0.136339
0.136224
0.136111
0.136001
0.135895
0.135792
0.135693
0.135599
0.135508
0.13542
0.135335
0.135252
0.135173
0.135096
0.135021
0.134948
0.134877
0.134809
0.134742
0.134678
0.134616
0.134557
0.134499
0.134452
0.13441
0.134371
0.134334
0.1343
0.134268
0.134238
0.13421
0.134184
0.13416
0.134139
0.134121
0.134106
0.134096
0.134088
0.134084
0.134084
0.134092
0.134108
0.13413
0.134158
0.134195
0.134238
0.134289
0.134347
0.134413
0.134488
0.134571
0.134663
0.134763
0.134867
0.134974
0.135081
0.135185
0.135283
0.135372
0.135451
0.135541
0.135777
0.138554
0.138616
0.138677
0.138737
0.138796
0.138855
0.138913
0.138971
0.139035
0.139107
0.139184
0.139257
0.13933
0.139402
0.139475
0.139547
0.139619
0.139689
0.139759
0.139827
0.139892
0.139956
0.140016
0.140074
0.14013
0.140182
0.14023
0.140276
0.140318
0.140359
0.140398
0.140432
0.140457
0.140476
0.140487
0.140491
0.140488
0.140477
0.140459
0.140433
0.1404
0.14036
0.140313
0.14026
0.1402
0.140134
0.140063
0.139987
0.139905
0.139819
0.139727
0.139629
0.139522
0.139404
0.139272
0.13912
0.138948
0.138764
0.138582
0.138409
0.138248
0.138101
0.137967
0.137845
0.137733
0.137631
0.137538
0.137455
0.13738
0.137313
0.137252
0.137196
0.137145
0.137098
0.137055
0.137015
0.136978
0.136947
0.136926
0.136913
0.136905
0.136902
0.136899
0.136899
0.136899
0.1369
0.136903
0.136905
0.136907
0.136905
0.136899
0.136888
0.13687
0.136843
0.13681
0.13677
0.136729
0.136694
0.136679
0.136717
0.138205
0.138224
0.138244
0.138265
0.138287
0.13831
0.138335
0.13836
0.138386
0.138416
0.138452
0.138489
0.138527
0.138566
0.138606
0.138647
0.138687
0.138728
0.138767
0.138806
0.138842
0.138878
0.138912
0.138944
0.138975
0.139004
0.139032
0.139058
0.139083
0.139107
0.139133
0.139158
0.139181
0.139201
0.139218
0.139232
0.139243
0.139251
0.139255
0.139256
0.139252
0.139244
0.139231
0.139214
0.139192
0.139165
0.139133
0.139095
0.139053
0.139007
0.138956
0.1389
0.138841
0.138778
0.138713
0.138644
0.138575
0.138505
0.138437
0.138372
0.138312
0.13826
0.138217
0.138183
0.138161
0.138152
0.138158
0.138179
0.138215
0.138264
0.138326
0.138396
0.13847
0.138544
0.138615
0.13868
0.138741
0.138797
0.138848
0.138893
0.138934
0.138971
0.139003
0.13903
0.139053
0.139071
0.139084
0.139094
0.1391
0.139104
0.139106
0.139106
0.139103
0.139099
0.139092
0.139084
0.139074
0.139062
0.139046
0.139015
0.139174
0.139215
0.139258
0.1393
0.139341
0.13938
0.139417
0.139452
0.139486
0.139519
0.139554
0.139585
0.139616
0.139643
0.13967
0.139694
0.139717
0.139739
0.13976
0.139781
0.139802
0.139823
0.139844
0.139867
0.13989
0.139915
0.13994
0.139967
0.139996
0.140029
0.140067
0.140107
0.140148
0.140189
0.14023
0.14027
0.140309
0.140348
0.140386
0.140422
0.140455
0.140487
0.140515
0.14054
0.140562
0.140578
0.14059
0.140596
0.140595
0.140587
0.140571
0.140545
0.140509
0.140459
0.140392
0.140306
0.140201
0.140084
0.139958
0.139826
0.139689
0.139549
0.139408
0.139269
0.139133
0.139004
0.138885
0.138781
0.138697
0.138639
0.138614
0.138617
0.138634
0.138662
0.138698
0.13874
0.138787
0.138839
0.138894
0.138952
0.139012
0.139073
0.139136
0.139198
0.13926
0.139322
0.139382
0.139441
0.139499
0.139554
0.139606
0.139656
0.139702
0.139745
0.139786
0.139823
0.139858
0.139891
0.139929
0.139989
0.139127
0.139182
0.139231
0.139275
0.139314
0.139348
0.139378
0.139405
0.139429
0.139451
0.139469
0.139484
0.139496
0.139504
0.139508
0.139509
0.139506
0.139501
0.139495
0.139489
0.139484
0.139481
0.139479
0.139481
0.139484
0.13949
0.139498
0.139509
0.139521
0.139537
0.139555
0.139577
0.139601
0.139628
0.139657
0.139688
0.139722
0.139759
0.139797
0.139838
0.139881
0.139925
0.13997
0.140016
0.140063
0.140109
0.140154
0.140198
0.140238
0.140274
0.140305
0.14033
0.140349
0.140363
0.140369
0.140369
0.140361
0.140345
0.140319
0.140282
0.140234
0.140172
0.140098
0.14001
0.139911
0.139801
0.13968
0.139555
0.13943
0.139312
0.139204
0.139108
0.139024
0.138955
0.138901
0.138861
0.138836
0.138825
0.138826
0.13884
0.138864
0.138899
0.138944
0.139001
0.139068
0.139137
0.139206
0.139272
0.139335
0.139395
0.139454
0.139511
0.139567
0.13962
0.139672
0.139721
0.139768
0.139811
0.139847
0.139946
0.139411
0.139439
0.139467
0.139496
0.139524
0.139551
0.139576
0.1396
0.139622
0.139644
0.139665
0.139684
0.139701
0.139716
0.13973
0.139743
0.139754
0.139763
0.139771
0.139778
0.139784
0.139789
0.139794
0.139797
0.1398
0.139801
0.139802
0.139802
0.1398
0.1398
0.139804
0.13981
0.139815
0.139818
0.139821
0.139825
0.139831
0.13984
0.139852
0.139866
0.139884
0.139903
0.139925
0.139949
0.139975
0.140002
0.14003
0.140059
0.140088
0.140117
0.140145
0.140171
0.140195
0.140216
0.140234
0.140249
0.140259
0.140265
0.140264
0.140258
0.140242
0.140218
0.140185
0.140143
0.140092
0.140032
0.139964
0.139889
0.139809
0.139726
0.13964
0.139557
0.139487
0.139435
0.139395
0.139363
0.139338
0.139321
0.139311
0.139308
0.139312
0.139324
0.139342
0.139368
0.139399
0.139435
0.139477
0.139522
0.13957
0.139621
0.139674
0.139726
0.139779
0.139832
0.139885
0.139937
0.139987
0.140039
0.140083
0.140128
0.139428
0.139458
0.139485
0.13951
0.139534
0.139557
0.139579
0.1396
0.13962
0.13964
0.139659
0.139676
0.139693
0.139708
0.139721
0.139734
0.139745
0.139755
0.139764
0.139772
0.139779
0.139784
0.139789
0.139793
0.139797
0.139799
0.139801
0.139802
0.139803
0.139802
0.139802
0.139802
0.139801
0.1398
0.139798
0.139797
0.139798
0.1398
0.139804
0.13981
0.139817
0.139826
0.139837
0.13985
0.139865
0.139881
0.139898
0.139917
0.139937
0.139958
0.139979
0.14
0.140022
0.140043
0.140063
0.140083
0.140101
0.140118
0.140133
0.140145
0.140154
0.14016
0.140162
0.140159
0.14015
0.140133
0.140107
0.140071
0.140024
0.139966
0.1399
0.139829
0.139754
0.139678
0.139602
0.139528
0.139456
0.139389
0.139328
0.139274
0.139229
0.139194
0.139171
0.139159
0.139159
0.139172
0.139195
0.139228
0.139269
0.139316
0.139366
0.139416
0.139467
0.139519
0.139572
0.139625
0.13968
0.139736
0.1398
0.139867
0.139541
0.139559
0.139576
0.139593
0.13961
0.139627
0.139643
0.139659
0.139675
0.139691
0.139707
0.139723
0.139738
0.139752
0.139766
0.139779
0.139792
0.139803
0.139814
0.139824
0.139833
0.139842
0.13985
0.139857
0.139864
0.13987
0.139876
0.139881
0.139885
0.139888
0.139892
0.139896
0.139899
0.139901
0.139901
0.139899
0.139895
0.139889
0.139881
0.139874
0.139866
0.139859
0.139853
0.139847
0.139842
0.139837
0.139833
0.13983
0.139828
0.139826
0.139826
0.139826
0.139826
0.139827
0.139829
0.139831
0.139833
0.139835
0.139837
0.139838
0.139838
0.139837
0.139835
0.13983
0.139824
0.139815
0.139803
0.139789
0.139772
0.139753
0.139733
0.139711
0.139689
0.139668
0.139648
0.139629
0.13961
0.139593
0.139577
0.139564
0.139553
0.139544
0.139539
0.139537
0.139539
0.139544
0.139554
0.139567
0.139583
0.139604
0.139628
0.139654
0.139683
0.139714
0.139746
0.13978
0.139815
0.13985
0.139885
0.139983
0.139575
0.139594
0.139611
0.139628
0.139644
0.139661
0.139677
0.139693
0.139708
0.139724
0.13974
0.139755
0.13977
0.139784
0.139798
0.139811
0.139824
0.139836
0.139848
0.139859
0.13987
0.13988
0.139889
0.139897
0.139905
0.139912
0.139919
0.139924
0.139928
0.139931
0.139933
0.139934
0.139933
0.139932
0.139928
0.139923
0.139915
0.139904
0.139891
0.139876
0.139859
0.139842
0.139825
0.139808
0.139791
0.139775
0.139759
0.139743
0.139729
0.139715
0.139702
0.139691
0.139681
0.139671
0.139663
0.139655
0.139649
0.139644
0.139639
0.139636
0.139633
0.139631
0.139629
0.139627
0.139626
0.139624
0.139622
0.139619
0.139615
0.139609
0.139602
0.139594
0.139583
0.139572
0.139559
0.139545
0.139531
0.139517
0.139505
0.139496
0.139489
0.139486
0.139485
0.139487
0.139491
0.139496
0.139503
0.139512
0.139523
0.139535
0.13955
0.139568
0.139589
0.139613
0.139641
0.139671
0.139704
0.139739
0.139761
0.139818
0.139625
0.139643
0.13966
0.139677
0.139694
0.139711
0.139728
0.139745
0.139762
0.139778
0.139795
0.13981
0.139825
0.13984
0.139854
0.139867
0.13988
0.139892
0.139903
0.139914
0.139923
0.139932
0.139939
0.139945
0.13995
0.139954
0.139955
0.139956
0.139954
0.139951
0.139947
0.13994
0.139932
0.139922
0.139909
0.139893
0.139873
0.13985
0.139826
0.139802
0.139777
0.139753
0.139729
0.139706
0.139683
0.139661
0.13964
0.13962
0.139601
0.139583
0.139567
0.139552
0.139539
0.139526
0.139515
0.139505
0.139497
0.13949
0.139485
0.139483
0.139485
0.139488
0.139492
0.139498
0.139505
0.139513
0.139521
0.13953
0.13954
0.139551
0.139562
0.139573
0.139583
0.139594
0.139604
0.139614
0.139623
0.139632
0.13964
0.139647
0.139654
0.139661
0.139667
0.139673
0.13968
0.139687
0.139694
0.139702
0.139712
0.139722
0.139733
0.139745
0.139758
0.139772
0.139788
0.139806
0.139825
0.139847
0.139863
0.13987
0.139662
0.139683
0.139702
0.139722
0.139742
0.139762
0.139781
0.1398
0.139818
0.139835
0.139852
0.139867
0.139882
0.139896
0.139909
0.139921
0.139932
0.139942
0.13995
0.139957
0.139962
0.139965
0.139966
0.139966
0.139963
0.139958
0.139951
0.139943
0.139932
0.139919
0.139905
0.13989
0.139872
0.139851
0.139828
0.139803
0.139776
0.139749
0.139724
0.139699
0.139675
0.139652
0.13963
0.139609
0.13959
0.139571
0.139554
0.139537
0.139521
0.139507
0.139494
0.139482
0.13947
0.13946
0.139451
0.139443
0.139436
0.13943
0.139424
0.139422
0.139423
0.139426
0.139431
0.139437
0.139445
0.139454
0.139463
0.139474
0.139485
0.139496
0.139508
0.13952
0.139532
0.139545
0.139557
0.139569
0.13958
0.139591
0.139602
0.139612
0.139621
0.13963
0.139638
0.139647
0.139654
0.139662
0.13967
0.139677
0.139685
0.139693
0.139702
0.139712
0.139724
0.139736
0.139751
0.139767
0.139784
0.139806
0.139823
0.139829
0.139709
0.139732
0.139755
0.139777
0.139798
0.139819
0.139839
0.139858
0.139875
0.139891
0.139907
0.139921
0.139934
0.139945
0.139955
0.139963
0.139969
0.139972
0.139973
0.139972
0.139968
0.139962
0.139953
0.139942
0.139929
0.139914
0.139898
0.13988
0.13986
0.139839
0.139817
0.139795
0.139772
0.139748
0.139725
0.139703
0.139683
0.139664
0.139646
0.139629
0.139614
0.1396
0.139586
0.139574
0.139562
0.139551
0.139541
0.139531
0.139521
0.139513
0.139504
0.139497
0.13949
0.139483
0.139477
0.139471
0.139465
0.139461
0.13946
0.139462
0.139465
0.139469
0.139474
0.139481
0.139488
0.139496
0.139505
0.139515
0.139525
0.139535
0.139546
0.139558
0.139569
0.139581
0.139594
0.139607
0.13962
0.139633
0.139647
0.139661
0.139675
0.139689
0.139703
0.139717
0.139731
0.139745
0.139759
0.139772
0.139786
0.1398
0.139813
0.139825
0.139838
0.139851
0.139863
0.139876
0.139889
0.139904
0.139922
0.139927
0.139765
0.13979
0.139813
0.139834
0.139855
0.139874
0.139893
0.139909
0.139925
0.139939
0.139951
0.139961
0.139969
0.139974
0.139977
0.139977
0.139974
0.139968
0.139959
0.139947
0.139933
0.139916
0.139898
0.139879
0.139858
0.139837
0.139815
0.139794
0.139772
0.139752
0.139734
0.139717
0.139703
0.13969
0.139679
0.139669
0.13966
0.139652
0.139645
0.139638
0.139632
0.139626
0.139621
0.139616
0.139611
0.139606
0.139601
0.139596
0.139591
0.139586
0.139581
0.139576
0.139571
0.139566
0.139561
0.139557
0.139552
0.139547
0.139542
0.139539
0.139539
0.139541
0.139543
0.139547
0.139552
0.139557
0.139564
0.13957
0.139577
0.139585
0.139593
0.139601
0.13961
0.139619
0.139628
0.139638
0.139649
0.13966
0.139671
0.139683
0.139696
0.139709
0.139722
0.139736
0.139751
0.139766
0.139781
0.139797
0.139813
0.13983
0.139847
0.139863
0.139881
0.139898
0.139915
0.139933
0.13995
0.139968
0.139986
0.140025
0.139825
0.139848
0.139869
0.139888
0.139907
0.139924
0.139939
0.139953
0.139964
0.139973
0.139979
0.139982
0.139981
0.139978
0.139971
0.139962
0.139949
0.139933
0.139915
0.139895
0.139875
0.139855
0.139836
0.139817
0.1398
0.139784
0.139771
0.13976
0.139751
0.139744
0.139738
0.139734
0.139731
0.139728
0.139726
0.139724
0.139722
0.139721
0.139719
0.139718
0.139716
0.139714
0.139712
0.13971
0.139708
0.139706
0.139703
0.1397
0.139697
0.139694
0.13969
0.139687
0.139683
0.13968
0.139676
0.139672
0.139668
0.139664
0.139662
0.139662
0.139664
0.139665
0.139667
0.13967
0.139673
0.139677
0.13968
0.139685
0.139689
0.139694
0.1397
0.139705
0.139712
0.139718
0.139725
0.139732
0.13974
0.139748
0.139756
0.139765
0.139775
0.139785
0.139795
0.139806
0.139817
0.139829
0.139842
0.139855
0.139869
0.139883
0.139898
0.139914
0.139931
0.139948
0.139965
0.139984
0.140002
0.140023
0.140035
0.140073
0.139879
0.139899
0.139918
0.139936
0.139952
0.139966
0.139976
0.139984
0.139987
0.139987
0.139984
0.139978
0.139969
0.139958
0.139945
0.139928
0.13991
0.13989
0.139871
0.139855
0.139843
0.139834
0.139827
0.139822
0.139819
0.139817
0.139817
0.139816
0.139817
0.139818
0.139819
0.13982
0.139821
0.139822
0.139823
0.139824
0.139825
0.139825
0.139825
0.139826
0.139825
0.139825
0.139825
0.139824
0.139823
0.139822
0.139821
0.13982
0.139819
0.139817
0.139815
0.139814
0.139812
0.139811
0.139809
0.139808
0.139806
0.139805
0.139804
0.139803
0.139802
0.139801
0.1398
0.139801
0.139804
0.139807
0.139811
0.139816
0.139821
0.139826
0.139832
0.139838
0.139844
0.139851
0.139858
0.139864
0.139871
0.139878
0.139885
0.139893
0.1399
0.139908
0.139916
0.139924
0.139933
0.139942
0.139952
0.139962
0.139972
0.139983
0.139994
0.140006
0.140018
0.140031
0.140045
0.140059
0.140073
0.140091
0.1401
0.140119
0.139925
0.139944
0.139962
0.139977
0.139987
0.139993
0.139994
0.139991
0.139986
0.139979
0.13997
0.13996
0.139949
0.139937
0.139925
0.139913
0.139903
0.139896
0.139893
0.139891
0.139891
0.139892
0.139894
0.139897
0.139899
0.139902
0.139904
0.139907
0.13991
0.139912
0.139914
0.139916
0.139918
0.13992
0.139922
0.139923
0.139925
0.139926
0.139928
0.139929
0.139931
0.139932
0.139933
0.139934
0.139935
0.139937
0.139938
0.139939
0.13994
0.139941
0.139942
0.139945
0.139949
0.139953
0.139958
0.139964
0.139969
0.139975
0.139981
0.139987
0.139993
0.139999
0.140004
0.14001
0.140016
0.140021
0.140027
0.140033
0.140039
0.140045
0.140052
0.140059
0.140066
0.140073
0.14008
0.140087
0.140095
0.140102
0.14011
0.140118
0.140126
0.140134
0.140142
0.140151
0.14016
0.140169
0.14018
0.14019
0.140202
0.140214
0.140227
0.14024
0.140255
0.14027
0.140286
0.140304
0.140322
0.140343
0.140357
0.140389
0.139964
0.139982
0.139996
0.140001
0.139999
0.139993
0.139986
0.139978
0.13997
0.139963
0.139956
0.139949
0.139944
0.139941
0.139941
0.139942
0.139944
0.139947
0.139951
0.139955
0.139959
0.139962
0.139966
0.139969
0.139972
0.139975
0.139978
0.139981
0.139984
0.139986
0.139989
0.139991
0.139993
0.139995
0.139998
0.140001
0.140003
0.140006
0.140009
0.140011
0.140014
0.140017
0.140019
0.140022
0.140025
0.140027
0.14003
0.140032
0.140034
0.140037
0.140039
0.140041
0.140044
0.140047
0.140051
0.140054
0.140059
0.140064
0.140069
0.140075
0.140081
0.140088
0.140096
0.140104
0.140112
0.140121
0.14013
0.140141
0.140152
0.140163
0.140175
0.140188
0.140202
0.140216
0.14023
0.140242
0.140254
0.140264
0.140273
0.140281
0.140288
0.140294
0.140299
0.140302
0.140305
0.140307
0.140307
0.140306
0.140304
0.1403
0.140295
0.140289
0.14028
0.140262
0.140239
0.140224
0.140216
0.140215
0.140198
0.140221
0.139999
0.140008
0.140012
0.140003
0.139992
0.139984
0.139978
0.139974
0.139972
0.139973
0.139976
0.13998
0.139983
0.139987
0.13999
0.139993
0.139996
0.139998
0.14
0.140001
0.140002
0.140004
0.140005
0.140005
0.140006
0.140007
0.140008
0.140008
0.140009
0.14001
0.140011
0.140012
0.140012
0.140013
0.140014
0.140015
0.140016
0.140017
0.140017
0.140018
0.140019
0.14002
0.14002
0.140021
0.14002
0.14002
0.140019
0.140018
0.140017
0.140018
0.140019
0.140021
0.140024
0.140029
0.140034
0.14004
0.140048
0.140056
0.140066
0.140077
0.140089
0.140103
0.140119
0.140135
0.140154
0.140175
0.140183
0.140203
0.140229
0.140255
0.140283
0.140313
0.140344
0.140373
0.1404
0.140426
0.140449
0.140471
0.140489
0.140505
0.140517
0.140527
0.140533
0.140536
0.140536
0.140533
0.140526
0.140517
0.140495
0.140479
0.14047
0.140465
0.140466
0.140473
0.140484
0.140502
0.140528
0.140563
0.140604
0.140665
0.140014
0.140014
0.140013
0.140011
0.140009
0.140008
0.140008
0.140007
0.140007
0.140007
0.140007
0.140006
0.140006
0.140005
0.140005
0.140004
0.140004
0.140004
0.140003
0.140003
0.140003
0.140003
0.140002
0.140002
0.140002
0.140002
0.140002
0.140002
0.140002
0.140002
0.140002
0.140002
0.140002
0.140002
0.140001
0.140001
0.140001
0.14
0.14
0.139999
0.139998
0.139996
0.139993
0.139988
0.139983
0.139978
0.139973
0.139971
0.139973
0.139975
0.139979
0.139983
0.139988
0.139994
0.14
0.140007
0.140016
0.140026
0.140039
0.140055
0.140075
0.140101
0.140136
0.140182
0.14025
0.140347
0.140353
0.140526
0.14095
0.141106
0.141107
0.141114
0.14112
0.141125
0.141133
0.14115
0.141176
0.141207
0.141242
0.141276
0.141309
0.141338
0.141362
0.141382
0.141398
0.141411
0.141424
0.141438
0.141453
0.141471
0.141493
0.14152
0.141552
0.14159
0.141635
0.141687
0.141756
0.141781
0.14215
0.141066
)
;

boundaryField
{
    airfoil
    {
        type            calculated;
        value           uniform 0;
    }
    farBoundaries
    {
        type            calculated;
        value           uniform 1;
    }
    inlet
    {
        type            freestream;
        freestreamValue uniform 0.14;
        value           nonuniform List<scalar> 
200
(
0.14
0.14
0.14
0.14
0.14
0.14
0.14
0.14
0.14
0.14
0.14
0.14
0.14
0.14
0.14
0.14
0.14
0.14
0.14
0.14
0.14
0.14
0.14
0.14
0.14
0.14
0.14
0.14
0.14
0.14
0.14
0.14
0.14
0.14
0.14
0.14
0.14
0.14
0.14
0.14
0.14
0.14
0.14
0.14
0.14
0.14
0.14
0.14
0.14
0.14
0.14
0.14
0.14
0.14
0.14
0.14
0.14
0.14
0.14
0.14
0.14
0.14
0.14
0.14
0.14
0.14
0.14
0.14
0.14095
0.141106
0.141107
0.141114
0.14112
0.141125
0.141133
0.14115
0.141176
0.141207
0.141242
0.141276
0.141309
0.141338
0.141362
0.141382
0.141398
0.141411
0.141424
0.141438
0.141453
0.141471
0.141493
0.14152
0.141552
0.14159
0.141635
0.141687
0.141756
0.141781
0.14215
0.141066
0.14
0.14
0.14
0.14
0.14
0.14
0.14
0.14
0.14
0.14
0.14
0.14
0.14
0.14
0.14
0.14
0.14
0.14
0.14
0.14
0.14
0.14
0.14
0.14
0.14
0.14
0.14
0.14
0.14
0.14
0.14
0.14
0.14
0.14
0.14
0.14
0.14
0.14
0.14
0.14
0.14
0.14
0.14
0.14
0.14
0.14
0.14
0.14
0.14
0.14
0.14
0.14
0.14
0.14
0.14
0.14
0.14
0.14
0.14
0.14
0.14
0.14
0.14
0.14
0.14
0.14
0.14
0.14
0.14
0.14
0.14
0.14
0.14
0.14
0.14
0.14
0.14
0.14
0.14
0.14
0.14
0.14
0.14
0.14
0.14
0.14
0.14
0.14
0.14
0.14
0.14
0.14
0.14
0.14
0.14
0.14
0.14
0.140575
0.141875
0.135427
)
;
    }
    outlet
    {
        type            freestream;
        freestreamValue uniform 0.14;
        value           nonuniform List<scalar> 
40
(
0.196381
0.230736
0.226084
0.199085
0.190446
0.173788
0.158433
0.151072
0.148793
0.148372
0.148688
0.149508
0.158438
0.245382
0.525253
0.890241
1.19079
1.38299
1.43869
1.30752
1.16507
1.25607
1.21783
1.08444
0.880669
0.633446
0.380762
0.203352
0.146863
0.142067
0.143599
0.144324
0.14473
0.145214
0.146071
0.147482
0.150525
0.156504
0.167459
0.175705
)
;
    }
    defaultFaces
    {
        type            empty;
    }
}


// ************************************************************************* //
