/*--------------------------------*- C++ -*----------------------------------*\
  =========                 |
  \\      /  F ield         | OpenFOAM: The Open Source CFD Toolbox
   \\    /   O peration     | Website:  https://openfoam.org
    \\  /    A nd           | Version:  6.0
     \\/     M anipulation  |
\*---------------------------------------------------------------------------*/
FoamFile
{
    version     2.0;
    format      ascii;
    class       volScalarField;
    location    "50";
    object      p;
}
// * * * * * * * * * * * * * * * * * * * * * * * * * * * * * * * * * * * * * //

dimensions      [0 2 -2 0 0 0 0];

internalField   nonuniform List<scalar> 
9800
(
34.2632
33.7113
33.315
33.0056
32.7508
32.5259
32.3202
32.1243
31.9355
31.7501
31.5624
31.3721
31.1797
30.9846
30.7866
30.5856
30.3823
30.1778
29.9745
29.7762
29.59
29.4271
29.3112
29.2921
29.3703
29.4957
29.6439
29.8029
29.9659
30.1284
30.288
30.4414
30.5893
30.7311
30.8664
30.9948
31.1163
31.2309
31.3386
31.4393
31.5332
31.6203
31.7007
31.7745
31.8416
31.9022
31.9563
32.004
32.0451
32.08
32.1082
32.1303
32.1458
32.155
32.1575
32.1538
32.1433
32.1266
32.1029
32.0728
32.0359
31.9923
31.9419
31.8852
31.8219
31.7511
31.6741
31.5894
31.4982
31.3986
31.2922
31.1769
31.0547
30.9231
30.7848
30.6371
30.4834
30.3211
30.1548
29.9825
29.8103
29.6391
29.4776
29.3333
29.2218
29.1659
29.198
29.3757
29.7753
30.5311
31.8256
33.9611
37.3647
42.6686
50.7739
62.6231
79.3229
94.0432
110.741
122.106
55.9718
55.9271
55.8497
55.7621
55.6823
55.6075
55.5441
55.4848
55.4328
55.3835
55.3379
55.2902
55.2426
55.1922
55.1407
55.0864
55.0314
54.9753
54.921
54.8691
54.8239
54.7832
54.7422
54.7074
54.6801
54.65
54.625
54.6033
54.5839
54.5625
54.5391
54.5103
54.4753
54.4326
54.383
54.3252
54.2598
54.1859
54.1043
54.0143
53.9163
53.8102
53.6961
53.574
53.4439
53.3059
53.1599
53.0062
52.8444
52.675
52.4974
52.3121
52.1188
51.9174
51.7085
51.4909
51.2663
51.0322
50.7924
50.5431
50.2895
50.0267
49.761
49.4854
49.2071
48.9201
48.6304
48.3319
48.0302
47.7195
47.4059
47.0836
46.7594
46.4276
46.0965
45.7598
45.4276
45.0939
44.7703
44.4522
44.1521
43.8685
43.6142
43.3928
43.2165
43.0953
43.04
43.0665
43.1835
43.4059
43.7344
44.1675
44.6868
45.2487
45.8187
46.3243
47.2223
49.1923
52.3387
55.4435
37.7458
38.239
38.6383
38.9664
39.2529
39.5082
39.7508
39.9824
40.2129
40.4409
40.6774
40.9203
41.171
41.426
41.6875
41.9518
42.2192
42.4842
42.7441
42.9887
43.2092
43.3857
43.4869
43.4623
43.3143
43.0883
42.8205
42.5258
42.2174
41.9004
41.5815
41.2634
40.9498
40.6384
40.3316
40.0281
39.7296
39.4347
39.1446
38.8581
38.5759
38.2973
38.0225
37.7511
37.4831
37.2184
36.9568
36.6984
36.4429
36.1903
35.9407
35.6938
35.4501
35.2089
34.9714
34.7362
34.5055
34.2774
34.0552
33.8361
33.6246
33.4172
33.2193
33.0272
32.8459
32.6707
32.5068
32.3495
32.2046
32.0673
31.9446
31.8317
31.7369
31.6553
31.5969
31.5564
31.5459
31.5601
31.6135
31.7007
31.8394
32.0249
32.2782
32.5966
33.0048
33.5047
34.1261
34.8786
35.8007
36.9152
38.2748
39.9232
41.9339
44.3745
47.3352
50.8735
55.0412
59.5199
63.7545
66.8508
37.7453
37.5168
37.3641
37.251
37.1698
37.1035
37.0534
37.0104
36.9787
36.9516
36.9334
36.9203
36.9156
36.9158
36.9231
36.9335
36.9482
36.9625
36.9763
36.9843
36.9865
36.981
36.9737
36.9587
36.9387
36.9147
36.8858
36.8483
36.807
36.762
36.7177
36.6735
36.6338
36.5966
36.5646
36.5364
36.5139
36.4953
36.4822
36.4731
36.4691
36.4688
36.4734
36.4815
36.4941
36.51
36.5302
36.5537
36.5814
36.6123
36.6473
36.6857
36.7283
36.7744
36.8253
36.8798
36.9399
37.0042
37.0753
37.1515
37.2359
37.3264
37.4261
37.5324
37.6493
37.7737
37.9098
38.0543
38.2123
38.3802
38.5644
38.761
38.9779
39.2104
39.4682
39.7461
40.0556
40.3907
40.7653
41.1729
41.6296
42.1286
42.6888
43.3027
43.9919
44.7488
45.5966
46.5278
47.565
48.7001
49.9497
51.3022
52.7596
54.2964
55.8888
57.4845
59.0289
60.4483
61.7711
62.9093
44.2457
44.0334
43.8299
43.6357
43.4574
43.2883
43.1328
42.9834
42.8449
42.7104
42.5792
42.4458
42.3158
42.1851
42.0566
41.9273
41.8005
41.6742
41.5534
41.4381
41.3357
41.2502
41.1968
41.1866
41.2226
41.2877
41.3723
41.4662
41.5678
41.6706
41.7751
41.8753
41.9731
42.0668
42.1586
42.246
42.3311
42.4118
42.49
42.5641
42.6358
42.7037
42.7694
42.8317
42.892
42.9494
43.0051
43.0583
43.1102
43.1601
43.2092
43.2567
43.3038
43.3499
43.3961
43.442
43.4888
43.5364
43.5856
43.6369
43.6907
43.7475
43.8073
43.8705
43.9383
44.011
44.0903
44.1754
44.2698
44.3719
44.4868
44.6117
44.7533
44.908
45.0842
45.2771
45.4968
45.7379
46.0122
46.3135
46.6553
47.0307
47.4551
47.9203
48.4438
49.0159
49.6554
50.3518
51.1239
51.9609
52.879
53.8694
54.9444
56.0947
57.3288
58.6369
60.022
61.4621
63.009
64.4691
46.8777
46.8176
46.7547
46.6894
46.6271
46.5642
46.5068
46.45
46.4008
46.3533
46.3095
46.2638
46.2237
46.1832
46.1479
46.1123
46.082
46.052
46.0281
46.0059
45.9906
45.977
45.9689
45.9637
45.9656
45.9687
45.9772
45.9875
46.0025
46.0175
46.035
46.0493
46.0627
46.0736
46.0845
46.0926
46.1
46.1049
46.1091
46.1113
46.113
46.1134
46.1137
46.1135
46.1136
46.114
46.1154
46.1178
46.1218
46.1276
46.1356
46.1462
46.1596
46.1763
46.1966
46.2208
46.2496
46.283
46.3219
46.3663
46.4173
46.4748
46.5398
46.6123
46.6945
46.7861
46.8901
47.0055
47.1362
47.2806
47.4439
47.6233
47.8256
48.0466
48.2947
48.5648
48.8667
49.1944
49.5591
49.9537
50.391
50.8626
51.3826
51.9412
52.5535
53.208
53.9201
54.6775
55.4938
56.3572
57.2773
58.2439
59.2613
60.3193
61.4173
62.5432
63.6931
64.8415
66.0479
67.1355
49.07
48.907
48.7719
48.6531
48.556
48.4698
48.4008
48.3399
48.2944
48.2558
48.2272
48.2016
48.1873
48.177
48.177
48.1802
48.1924
48.2063
48.227
48.2471
48.2704
48.2892
48.3049
48.3097
48.3083
48.299
48.2895
48.2774
48.2679
48.2579
48.2519
48.2455
48.2419
48.2398
48.2421
48.2463
48.2544
48.2648
48.2791
48.2959
48.3166
48.3403
48.3679
48.399
48.4342
48.4735
48.517
48.5651
48.6178
48.6757
48.7384
48.8068
48.8804
48.9602
49.0455
49.1378
49.236
49.3421
49.4547
49.576
49.7043
49.842
49.9871
50.1418
50.3058
50.4807
50.6667
50.8648
51.0762
51.301
51.5417
51.7975
52.0717
52.363
52.6754
53.007
53.3625
53.7397
54.1436
54.5714
55.0289
55.5122
56.0276
56.5702
57.1471
57.7515
58.3912
59.0584
59.7606
60.4895
61.2513
62.039
62.8575
63.6991
64.5687
65.4574
66.37
67.2892
68.2794
69.174
51.9012
51.7105
51.5401
51.3822
51.2446
51.118
51.0099
50.9115
50.831
50.7591
50.6984
50.6409
50.5961
50.5562
50.5276
50.5033
50.489
50.4784
50.4765
50.4776
50.486
50.4972
50.5149
50.5349
50.561
50.5896
50.624
50.66
50.7009
50.7432
50.7899
50.8362
50.8846
50.9342
50.9879
51.043
51.1017
51.1621
51.2261
51.2919
51.3613
51.4327
51.5079
51.5856
51.6671
51.7515
51.84
51.9318
52.0282
52.1283
52.2333
52.3426
52.4573
52.5768
52.7023
52.8332
52.9709
53.1147
53.2662
53.4242
53.5907
53.7642
53.9462
54.1351
54.3337
54.5411
54.759
54.9866
55.2259
55.476
55.7396
56.0152
56.3062
56.6109
56.9331
57.2708
57.6284
58.0033
58.4005
58.8168
59.2577
59.7189
60.2068
60.7158
61.2532
61.8118
62.3994
63.0082
63.6453
64.3036
64.9878
65.6936
66.4224
67.1709
67.939
68.7223
69.5213
70.3185
71.1773
71.9248
54.6485
54.475
54.3185
54.1738
54.0463
53.93
53.8298
53.7403
53.6671
53.6046
53.5509
53.5019
53.4636
53.432
53.4099
53.3937
53.386
53.3839
53.3896
53.4008
53.4195
53.444
53.4761
53.5151
53.5625
53.6157
53.675
53.7381
53.8057
53.8756
53.9491
54.0215
54.0941
54.1674
54.2435
54.3204
54.3999
54.4801
54.5633
54.6474
54.7348
54.8234
54.9158
55.0097
55.1079
55.2078
55.3126
55.4196
55.5321
55.6471
55.7683
55.8926
56.0238
56.1586
56.3012
56.4481
56.6037
56.7642
56.9345
57.1103
57.2968
57.4891
57.6921
57.9008
58.1216
58.3498
58.5909
58.8399
59.1025
59.3741
59.6601
59.9564
60.2679
60.5911
60.9306
61.2834
61.6533
62.0383
62.4411
62.8606
63.2985
63.7544
64.2289
64.7223
65.2339
65.7646
66.3123
66.8783
67.4593
68.0573
68.6674
69.2928
69.9288
70.5768
71.2348
71.9017
72.5782
73.2543
73.9874
74.6174
57.0154
56.8709
56.7418
56.6253
56.525
56.4369
56.3642
56.3038
56.2595
56.2276
56.2038
56.1857
56.1784
56.1791
56.1892
56.2063
56.2314
56.2626
56.3006
56.3438
56.3926
56.4457
56.5031
56.5639
56.6288
56.6966
56.768
56.8421
56.9196
56.9994
57.0825
57.1649
57.2475
57.332
57.4205
57.511
57.6055
57.7023
57.8035
57.9071
58.0156
58.1267
58.2432
58.3623
58.4871
58.6147
58.7485
58.885
59.0284
59.1748
59.3285
59.4854
59.6504
59.8189
59.996
60.1771
60.3675
60.5624
60.7672
60.977
61.1975
61.4233
61.6593
61.9006
62.1535
62.4135
62.6858
62.9655
63.2579
63.5584
63.872
64.1945
64.5301
64.8757
65.2346
65.6042
65.9871
66.382
66.79
67.211
67.645
68.0929
68.5532
69.028
69.5144
70.0152
70.5264
71.0515
71.5851
72.1313
72.6838
73.2479
73.8178
74.3967
74.9819
75.5733
76.1722
76.7681
77.4162
77.9578
59.7208
59.574
59.4395
59.3222
59.2205
59.1356
59.066
59.013
58.9765
58.9565
58.9449
58.9425
58.9509
58.9708
59.0002
59.0395
59.0869
59.1426
59.2048
59.274
59.3484
59.4281
59.5117
59.5993
59.6902
59.7845
59.8821
59.9828
60.087
60.1943
60.3054
60.4163
60.5277
60.642
60.7615
60.8841
61.0118
61.1426
61.2791
61.4186
61.5641
61.7123
61.8667
62.0236
62.1869
62.3525
62.5247
62.6992
62.8807
63.0645
63.2556
63.4493
63.6506
63.8546
64.0665
64.2815
64.5045
64.731
64.9658
65.2043
65.4514
65.7026
65.9611
66.2236
66.4947
66.7718
67.058
67.3506
67.6521
67.9608
68.2784
68.6035
68.9373
69.2792
69.6295
69.9882
70.3551
70.7307
71.1144
71.5068
71.9069
72.3159
72.7318
73.156
73.5863
74.0244
74.4674
74.9171
75.3699
75.8279
76.2872
76.7509
77.2154
77.6829
78.1524
78.6227
79.0964
79.5624
80.0731
80.4735
61.5178
61.4866
61.4574
61.4369
61.4244
61.4217
61.4287
61.4465
61.4771
61.5198
61.5663
61.6172
61.6771
61.7455
61.8223
61.9068
61.9988
62.0973
62.2023
62.3128
62.4291
62.5496
62.675
62.804
62.9378
63.0749
63.2169
63.3623
63.5131
63.6671
63.8268
63.9854
64.1457
64.3087
64.4786
64.6514
64.8307
65.0127
65.2015
65.3926
65.5905
65.7902
65.9966
66.2045
66.4192
66.6353
66.8584
67.083
67.3148
67.5483
67.7892
68.0318
68.282
68.5341
68.7935
69.0551
69.3239
69.5951
69.8735
70.1544
70.4425
70.7332
71.0293
71.3276
71.6327
71.9421
72.2584
72.5792
72.9064
73.2388
73.5771
73.9207
74.2699
74.6247
74.9845
75.3501
75.7203
76.0962
76.4761
76.8614
77.2499
77.6435
78.0392
78.4392
78.8403
79.2449
79.6494
80.0561
80.4607
80.8659
81.2667
81.667
82.0619
82.4544
82.8417
83.2237
83.6
83.9623
84.3533
84.6284
65.4089
65.2809
65.1765
65.0909
65.0283
64.9821
64.9571
64.9473
64.9592
64.9861
65.0259
65.0718
65.1332
65.2043
65.2902
65.3845
65.4924
65.6074
65.7347
65.8679
66.0121
66.161
66.3199
66.4827
66.655
66.8299
67.0137
67.1994
67.394
67.5901
67.795
67.9955
68.1994
68.4033
68.6165
68.8298
69.0515
69.2728
69.5023
69.7308
69.9674
70.2026
70.4458
70.6876
70.9376
71.1866
71.4438
71.7004
71.9651
72.2295
72.5018
72.7737
73.0533
73.3326
73.619
73.9054
74.1985
74.4917
74.7913
75.0914
75.3973
75.7037
76.0136
76.3236
76.6386
76.9557
77.2778
77.6023
77.931
78.2625
78.5976
78.9356
79.2765
79.6208
79.9672
80.3171
80.6683
81.023
81.3781
81.7365
82.0943
82.4551
82.8145
83.1767
83.5367
83.8991
84.2584
84.6194
84.976
85.3333
85.6847
86.0363
86.3817
86.7261
87.0648
87.401
87.732
88.0544
88.404
88.6553
64.7588
64.9802
65.1986
65.414
65.6329
65.851
66.075
66.3007
66.5368
66.7758
67.0111
67.2373
67.47
67.703
67.9435
68.1843
68.4329
68.6817
68.9381
69.1943
69.4578
69.7205
69.9897
70.2575
70.5319
70.8054
71.0868
71.3677
71.6573
71.9463
72.244
72.5337
72.8256
73.1152
73.4144
73.7113
74.0168
74.3195
74.6308
74.9391
75.2562
75.5707
75.8942
76.2155
76.5461
76.8749
77.2128
77.5489
77.8936
78.2365
78.5873
78.9361
79.2921
79.6461
80.0067
80.3653
80.73
81.0929
81.4614
81.8284
82.2002
82.5702
82.9421
83.3117
83.6847
84.0576
84.4336
84.8095
85.1875
85.5654
85.9445
86.3235
86.7028
87.0818
87.46
87.8378
88.2136
88.5887
88.9606
89.3314
89.6979
90.0631
90.4229
90.781
91.1327
91.4823
91.8241
92.1631
92.4928
92.8191
93.1344
93.4468
93.7478
94.0457
94.3325
94.6157
94.8882
95.151
95.4338
95.608
72.7996
72.6716
72.5738
72.5042
72.4629
72.4475
72.4575
72.4922
72.5504
72.6337
72.7367
72.8542
72.9874
73.1397
73.3063
73.4909
73.6884
73.903
74.1293
74.3715
74.6243
74.8915
75.1675
75.4566
75.7533
76.0616
76.375
76.6983
77.0249
77.3605
77.6973
78.0328
78.3591
78.6908
79.0224
79.3599
79.696
80.0381
80.379
80.7263
81.0728
81.4261
81.7784
82.1376
82.4954
82.8594
83.2213
83.5888
83.9532
84.3226
84.6884
85.0587
85.4249
85.7953
86.1615
86.5317
86.8975
87.267
87.6319
88.0003
88.3639
88.7293
89.0866
89.4445
89.7965
90.1505
90.4993
90.8494
91.1938
91.5387
91.8777
92.2165
92.5492
92.8808
93.2059
93.5291
93.8456
94.1594
94.4663
94.77
95.0666
95.3594
95.6448
95.9257
96.1988
96.4666
96.7259
96.9791
97.2228
97.4593
97.6856
97.9039
98.1124
98.3112
98.5012
98.6801
98.8502
99.0047
99.1732
99.2316
63.7665
64.5605
65.3305
66.0875
66.834
67.5735
68.3066
69.0383
69.772
70.5059
71.206
71.8795
72.5447
73.2067
73.8623
74.5144
75.1596
75.8012
76.4357
77.0666
77.6905
78.311
78.9244
79.5341
80.1367
80.737
81.3327
81.9286
82.521
83.1148
83.704
84.2814
84.8443
85.4084
85.9703
86.5354
87.098
87.6647
88.2293
88.7982
89.3647
89.9352
90.5022
91.0724
91.638
92.206
92.7686
93.3331
93.8914
94.4516
95.0052
95.5606
96.1093
96.6596
97.203
97.7478
98.2852
98.8234
99.3537
99.8842
100.406
100.925
101.432
101.935
102.428
102.919
103.4
103.879
104.348
104.814
105.27
105.722
106.164
106.602
107.029
107.452
107.863
108.27
108.665
109.054
109.432
109.803
110.163
110.514
110.853
111.183
111.5
111.807
112.1
112.381
112.647
112.9
113.138
113.361
113.571
113.763
113.94
114.096
114.252
114.311
87.7374
87.4255
87.1509
86.9235
86.7303
86.5744
86.4474
86.3529
86.2809
86.2423
86.2631
86.3097
86.383
86.4869
86.6178
86.7779
86.9643
87.1783
87.4174
87.682
87.9703
88.282
88.6154
88.9695
89.3436
89.7371
90.1489
90.5767
91.0197
91.4762
91.9433
92.4028
92.8534
93.3087
93.7729
94.2438
94.7214
95.2042
95.6924
96.1848
96.6809
97.1801
97.6817
98.1856
98.6909
99.198
99.7059
100.215
100.725
101.236
101.747
102.259
102.769
103.28
103.789
104.297
104.801
105.304
105.802
106.298
106.787
107.27
107.74
108.207
108.663
109.115
109.561
110.005
110.442
110.875
111.302
111.725
112.141
112.553
112.958
113.358
113.751
114.138
114.518
114.89
115.254
115.612
115.959
116.299
116.628
116.948
117.257
117.555
117.839
118.113
118.371
118.618
118.849
119.068
119.271
119.462
119.637
119.798
119.948
120.046
46.7599
49.1934
51.5622
53.8813
56.1728
58.4352
60.6858
62.9242
65.1689
67.3829
69.4564
71.42
73.3494
75.2472
77.1218
78.9654
80.7841
82.5718
84.3332
86.0637
87.7667
89.4394
91.0837
92.6984
94.2837
95.8403
97.368
98.8715
100.351
101.81
103.236
104.599
105.918
107.215
108.488
109.748
110.986
112.21
113.414
114.606
115.778
116.937
118.077
119.206
120.315
121.413
122.492
123.559
124.607
125.644
126.661
127.666
128.651
129.623
130.575
131.514
132.434
133.339
134.225
135.097
135.949
136.782
137.59
138.391
139.168
139.928
140.676
141.412
142.135
142.846
143.542
144.227
144.897
145.555
146.198
146.828
147.441
148.041
148.623
149.19
149.74
150.273
150.788
151.288
151.767
152.23
152.673
153.099
153.503
153.891
154.257
154.605
154.931
155.24
155.526
155.794
156.04
156.268
156.461
156.695
134.725
133.674
132.512
131.437
130.436
129.493
128.594
127.734
126.886
126.057
125.467
124.941
124.439
124.003
123.633
123.332
123.096
122.927
122.823
122.784
122.807
122.893
123.037
123.241
123.499
123.81
124.169
124.573
125.02
125.512
126.021
126.465
126.95
127.42
127.909
128.427
128.971
129.54
130.131
130.743
131.376
132.028
132.698
133.383
134.083
134.796
135.521
136.256
137
137.751
138.509
139.271
140.037
140.805
141.575
142.345
143.114
143.882
144.647
145.408
146.165
146.894
147.596
148.357
149.072
149.765
150.46
151.153
151.842
152.523
153.197
153.862
154.518
155.165
155.8
156.425
157.038
157.638
158.226
158.8
159.361
159.907
160.438
160.954
161.453
161.936
162.4
162.846
163.271
163.678
164.062
164.427
164.768
165.089
165.385
165.661
165.911
166.137
166.295
166.508
-8.38138
0.970934
9.74015
19.1473
28.788
38.3905
47.7785
57.0201
66.0729
73.1178
76.6282
82.0855
88.8335
95.3851
101.687
107.821
113.796
119.6
125.229
130.676
135.942
141.02
145.913
150.616
155.131
159.459
163.595
167.525
171.274
174.994
178.595
180.746
183.678
186.741
189.648
192.442
195.156
197.793
200.35
202.828
205.228
207.551
209.8
211.973
214.073
216.101
218.059
219.946
221.766
223.518
225.205
226.827
228.387
229.884
231.322
232.7
234.021
235.285
236.493
237.654
238.812
239.849
240.654
242.056
243.301
244.407
245.481
246.534
247.553
248.535
249.484
250.401
251.287
252.143
252.97
253.77
254.543
255.291
256.014
256.716
257.394
258.054
258.693
259.316
259.921
260.512
261.086
261.65
262.2
262.741
263.27
263.793
264.305
264.815
265.315
265.817
266.315
266.794
267.116
267.866
125.727
125.55
125.379
125.204
124.964
124.858
124.974
125.271
125.62
125.964
126.26
126.534
126.783
127.046
127.315
127.629
127.945
128.291
128.69
129.153
129.645
130.192
130.773
131.414
132.09
132.824
133.591
134.411
135.259
136.155
137.067
137.948
138.792
139.891
141.069
142.068
143.017
143.983
144.936
145.883
146.806
147.72
148.61
149.489
150.353
151.195
151.839
152.464
153.588
154.767
155.52
156.2
156.898
157.609
158.3
159.002
159.707
160.402
160.702
161.195
162.657
164.056
164.722
165.343
166.066
166.667
166.318
167.984
170.16
169.097
53.5768
53.9578
55.3494
56.8472
58.254
59.6815
61.1303
62.5844
63.9997
65.3794
66.7041
67.9905
69.227
70.4325
71.5959
72.7357
73.8406
74.9276
75.988
77.038
78.0632
79.0796
80.0726
81.0584
82.0223
82.9823
83.9229
84.8635
85.7876
86.7157
87.629
88.5468
89.4474
90.3654
91.2761
92.1796
93.0598
93.9491
94.8182
95.6944
96.5468
97.4076
98.2433
99.0886
99.9079
100.741
101.544
102.363
103.192
104.056
104.851
105.659
106.439
107.251
108.027
108.838
109.607
110.422
111.178
112.013
112.896
113.851
114.676
115.54
116.392
117.233
118.006
118.74
119.52
119.878
66.912
66.9648
67.7592
68.7493
69.6782
70.5959
71.5004
72.3995
73.2577
74.0926
74.886
75.6618
76.4045
77.1367
77.8428
78.5443
79.2257
79.9075
80.5726
81.2403
81.8929
82.5492
83.1907
83.8362
84.4667
85.1025
85.723
86.3492
86.9592
87.5754
88.1744
88.7807
89.3693
89.9642
90.5398
91.1277
91.6992
92.284
92.85
93.4299
93.9889
94.5623
95.1125
95.677
96.2164
96.7735
97.306
97.8569
98.3741
98.9142
99.4272
99.9689
100.477
101.019
101.525
102.073
102.58
103.14
103.659
104.252
104.796
105.422
106.015
106.677
107.321
107.951
108.581
109.038
109.393
109.608
63.3502
63.7207
64.5127
65.3485
66.1293
66.9199
67.7024
68.4845
69.2332
69.97
70.6748
71.3736
72.0488
72.7254
73.3851
74.0511
74.7044
75.3667
76.0177
76.6772
77.3248
77.9795
78.621
79.2686
79.9028
80.5428
81.1703
81.8045
82.4276
83.0584
83.68
84.3109
84.9342
85.5647
86.1854
86.8146
87.4385
88.0701
88.6943
89.3236
89.9448
90.568
91.1825
91.7968
92.403
93.0091
93.6086
94.2058
94.7873
95.363
95.9287
96.5009
97.0619
97.6341
98.1919
98.7668
99.3225
99.9076
100.472
101.077
101.64
102.248
102.836
103.49
104.137
104.811
105.487
106.121
106.728
107.245
65.1518
65.5024
66.2509
67.048
67.7993
68.5629
69.3195
70.0748
70.7982
71.5104
72.1935
72.8721
73.5289
74.1869
74.8281
75.4737
76.1053
76.7433
77.3687
77.9999
78.6183
79.2424
79.8539
80.4713
81.0773
81.69
82.2929
82.9039
83.5065
84.1178
84.7218
85.3354
85.9419
86.5543
87.1546
87.7613
88.3622
88.9692
89.5682
90.171
90.7654
91.3614
91.9488
92.536
93.1155
93.6955
94.2693
94.841
95.3962
95.9427
96.4781
97.0221
97.5553
98.1019
98.6343
99.1869
99.7203
100.287
100.832
101.423
101.969
102.557
103.124
103.762
104.396
105.06
105.726
106.351
106.94
107.434
67.585
67.886
68.5762
69.3157
70.0189
70.7354
71.4494
72.1608
72.8452
73.5195
74.1714
74.8206
75.4543
76.0899
76.7126
77.3384
77.9528
78.5724
79.1816
79.7962
80.4004
81.0109
81.6107
82.2167
82.8114
83.4134
84.004
84.6031
85.1907
85.7885
86.3749
86.9733
87.5589
88.1539
88.7287
89.3155
89.8885
90.4769
91.0473
91.633
92.1983
92.7808
93.3408
93.9196
94.4745
95.0534
95.6086
96.1879
96.7297
97.2883
97.8168
98.3842
98.9222
99.5037
100.053
100.655
101.22
101.852
102.447
103.125
103.744
104.431
105.091
105.84
106.587
107.338
108.097
108.698
109.16
109.465
69.551
69.843
70.5136
71.2298
71.9144
72.6163
73.3209
74.0245
74.7037
75.3714
76.0164
76.6557
77.2792
77.9027
78.5146
79.1291
79.7341
80.3437
80.9441
81.5483
82.1425
82.741
83.3292
83.9223
84.5051
85.0948
85.675
86.2639
86.8436
87.4342
88.0156
88.6096
89.1925
89.7844
90.3562
90.9401
91.5115
92.0989
92.6691
93.2552
93.822
94.4062
94.9691
95.5507
96.1096
96.6922
97.2524
97.8357
98.3804
98.9387
99.4682
100.038
100.579
101.165
101.721
102.33
102.906
103.55
104.159
104.854
105.486
106.185
106.859
107.627
108.396
109.169
109.95
110.563
111.018
111.312
72.1543
72.4037
73.03
73.703
74.3453
75.008
75.6765
76.3509
77.0062
77.6585
78.2917
78.9248
79.5417
80.1613
80.7668
81.3772
81.9756
82.5811
83.1753
83.7752
84.3631
84.9571
85.5395
86.1285
86.7073
87.2944
87.8732
88.462
89.044
89.6367
90.2238
90.8223
91.4141
92.0102
92.5904
93.1772
93.7598
94.3501
94.9333
95.522
96.1043
96.6898
97.2691
97.8498
98.4253
99.003
99.5774
100.149
100.7
101.234
101.759
102.297
102.826
103.371
103.904
104.46
105
105.579
106.139
106.747
107.299
107.883
108.452
109.104
109.758
110.451
111.15
111.802
112.383
112.877
74.8811
75.1558
75.7952
76.4697
77.1073
77.7603
78.4176
79.079
79.7235
80.3658
80.9944
81.6253
82.2454
82.8687
83.4804
84.0945
84.6974
85.3041
85.9007
86.5009
87.0916
87.6872
88.2743
88.8667
89.4513
90.0421
90.6265
91.2183
91.805
92.3999
92.9913
93.5922
94.1887
94.7868
95.3702
95.9582
96.545
97.1378
97.7262
98.3184
98.907
99.4971
100.084
100.67
101.254
101.839
102.423
103.003
103.562
104.101
104.632
105.175
105.713
106.265
106.807
107.372
107.923
108.513
109.085
109.706
110.265
110.853
111.425
112.082
112.743
113.442
114.149
114.806
115.381
115.87
78.2255
78.5135
79.1705
79.8578
80.5096
81.1703
81.8345
82.4955
83.139
83.7746
84.3985
85.0231
85.643
86.2679
86.8887
87.5136
88.1327
88.7555
89.3706
89.9869
90.5947
91.2054
91.8082
92.415
93.0144
93.6196
94.2178
94.8231
95.4216
96.0289
96.6297
97.2415
97.8444
98.4504
99.034
99.6266
100.212
100.811
101.398
101.998
102.585
103.187
103.773
104.377
104.964
105.573
106.165
106.778
107.346
107.918
108.462
109.048
109.608
110.213
110.789
111.418
112.017
112.683
113.319
114.033
114.667
115.35
116.011
116.773
117.541
118.326
119.125
119.765
120.229
120.55
80.7191
81.0361
81.7304
82.4555
83.1481
83.8531
84.562
85.266
85.9486
86.6178
87.2678
87.9104
88.5411
89.1715
89.7958
90.4245
91.0505
91.6836
92.3129
92.9459
93.5718
94.2007
94.8215
95.4452
96.0608
96.6817
97.2956
97.9171
98.5319
99.1567
99.775
100.405
101.025
101.65
102.25
102.859
103.459
104.075
104.676
105.293
105.894
106.514
107.117
107.74
108.345
108.975
109.588
110.222
110.81
111.398
111.96
112.565
113.145
113.77
114.366
115.018
115.639
116.33
116.991
117.73
118.384
119.081
119.759
120.538
121.327
122.132
122.954
123.615
124.089
124.416
84.8331
85.148
85.8461
86.5817
87.2852
88.0109
88.7465
89.4897
90.2168
90.9389
91.6406
92.3353
93.0092
93.6772
94.3276
94.977
95.6157
96.2605
96.8991
97.5442
98.1837
98.8302
99.4706
100.117
100.755
101.399
102.036
102.679
103.317
103.961
104.602
105.252
105.896
106.536
107.155
107.775
108.394
109.019
109.639
110.262
110.882
111.506
112.127
112.75
113.373
114
114.628
115.252
115.843
116.403
116.956
117.526
118.092
118.673
119.247
119.846
120.434
121.062
121.679
122.335
122.909
123.493
124.067
124.736
125.417
126.151
126.898
127.599
128.192
128.709
88.8621
89.176
89.8589
90.5723
91.2495
91.9512
92.6686
93.4046
94.1346
94.8722
95.599
96.3302
97.0463
97.762
98.4581
99.1507
99.8238
100.496
101.152
101.809
102.454
103.106
103.75
104.404
105.051
105.709
106.361
107.022
107.677
108.341
109
109.669
110.329
110.985
111.615
112.248
112.879
113.518
114.151
114.789
115.423
116.061
116.696
117.333
117.968
118.607
119.247
119.883
120.485
121.054
121.614
122.192
122.766
123.357
123.938
124.546
125.143
125.782
126.408
127.078
127.665
128.261
128.846
129.53
130.226
130.976
131.737
132.453
133.044
133.555
95.8395
96.1854
96.9017
97.6389
98.3255
99.0224
99.7225
100.432
101.131
101.838
102.543
103.262
103.982
104.717
105.45
106.191
106.925
107.661
108.383
109.1
109.798
110.495
111.176
111.86
112.533
113.215
113.889
114.575
115.255
115.948
116.635
117.337
118.025
118.705
119.345
119.991
120.629
121.281
121.919
122.572
123.21
123.867
124.509
125.17
125.816
126.488
127.146
127.816
128.423
129.006
129.564
130.168
130.753
131.381
131.988
132.652
133.292
134.008
134.701
135.464
136.108
136.774
137.429
138.209
139.012
139.858
140.729
141.441
141.925
142.28
99.4849
99.848
100.615
101.396
102.132
102.865
103.605
104.337
105.057
105.766
106.47
107.171
107.877
108.587
109.305
110.031
110.765
111.507
112.252
112.993
113.732
114.465
115.191
115.91
116.623
117.329
118.032
118.732
119.432
120.133
120.838
121.547
122.256
122.949
123.616
124.278
124.946
125.615
126.282
126.95
127.618
128.288
128.958
129.633
130.309
130.996
131.684
132.374
133.017
133.626
134.221
134.851
135.472
136.128
136.769
137.456
138.126
138.863
139.577
140.358
141.026
141.709
142.377
143.171
143.982
144.847
145.726
146.502
147.072
147.53
114.662
115.031
115.84
116.681
117.476
118.269
119.075
119.88
120.677
121.459
122.228
122.982
123.722
124.448
125.166
125.876
126.585
127.297
128.01
128.721
129.434
130.148
130.862
131.574
132.283
132.989
133.691
134.391
135.089
135.788
136.489
137.197
137.899
138.571
139.199
139.825
140.457
141.095
141.731
142.372
143.015
143.664
144.317
144.976
145.642
146.32
147.008
147.68
148.272
148.795
149.313
149.87
150.43
151.024
151.619
152.262
152.904
153.618
154.327
155.075
155.651
156.202
156.761
157.469
158.216
159.052
159.922
160.668
161.172
161.62
120.454
120.656
121.401
122.242
123.01
123.767
124.526
125.296
126.055
126.819
127.573
128.335
129.085
129.842
130.584
131.332
132.064
132.805
133.525
134.248
134.949
135.657
136.347
137.05
137.737
138.442
139.135
139.853
140.562
141.302
142.036
142.805
143.555
144.298
144.976
145.675
146.363
147.08
147.773
148.496
149.195
149.929
150.64
151.388
152.116
152.89
153.644
154.421
155.095
155.731
156.336
157.012
157.668
158.386
159.079
159.848
160.595
161.434
162.246
163.132
163.854
164.563
165.271
166.104
166.983
167.87
168.801
169.474
169.789
169.952
157.275
157.168
157.823
158.679
159.429
160.138
160.843
161.553
162.246
162.936
163.607
164.279
164.933
165.59
166.23
166.875
167.505
168.146
168.765
169.382
169.973
170.567
171.137
171.711
172.261
172.818
173.354
173.906
174.443
175.008
175.572
176.178
176.765
177.312
177.768
178.252
178.738
179.261
179.767
180.308
180.832
181.395
181.942
182.533
183.113
183.751
184.387
185.016
185.438
185.748
186.048
186.45
186.854
187.341
187.831
188.424
189.027
189.76
190.507
191.26
191.646
191.929
192.295
192.892
193.622
194.479
195.467
196.06
196.157
196.252
167.763
166.322
166.416
167.143
167.698
168.14
168.583
169.055
169.518
169.988
170.447
170.917
171.374
171.844
172.301
172.774
173.238
173.727
174.2
174.689
175.16
175.655
176.134
176.637
177.123
177.632
178.119
178.629
179.118
179.635
180.14
180.689
181.216
181.723
182.152
182.628
183.118
183.665
184.208
184.804
185.392
186.034
186.664
187.351
188.027
188.773
189.515
190.255
190.789
191.221
191.644
192.184
192.734
193.381
194.037
194.809
195.6
196.533
197.478
198.428
199.021
199.504
200.062
200.857
201.803
202.865
204.033
204.78
205.071
205.137
271.768
266.556
264.007
263.419
262.668
261.601
260.519
259.509
258.51
257.53
256.55
255.596
254.641
253.709
252.773
251.86
250.945
250.063
249.17
248.298
247.413
246.559
245.7
244.881
244.062
243.291
242.522
241.8
241.075
240.392
239.697
239.041
238.337
237.544
236.611
235.709
234.806
233.956
233.098
232.301
231.502
230.765
230.024
229.347
228.667
228.063
227.467
226.82
225.779
224.5
223.21
222.044
220.886
219.839
218.823
217.966
217.17
216.588
216.102
215.441
213.841
211.868
210.136
208.866
207.947
207.428
207.36
206.087
203.851
202.149
151.374
123.161
102.521
88.8242
79.8227
74.1188
70.8486
69.299
68.9193
69.3175
70.2147
71.4075
72.7503
74.1445
75.5255
76.8569
78.1187
79.3052
80.4162
81.4575
82.4347
83.3558
84.2258
85.0513
85.8341
86.5783
87.2829
87.9514
88.5826
89.1812
89.7465
90.2842
90.7929
91.2772
91.7343
92.1678
92.5743
92.9576
93.3159
93.6542
93.9727
94.2773
94.5699
94.8559
95.1377
95.4192
95.7028
95.9906
96.2849
96.5861
96.8965
97.2152
97.5446
97.8829
98.2325
98.5907
98.9598
99.336
99.7218
100.112
100.509
100.908
101.31
101.708
102.106
102.497
102.882
103.257
103.621
103.97
104.305
104.622
104.922
105.211
105.401
121.778
115.291
106.037
98.431
92.1684
87.013
83.1489
80.4986
78.7795
77.7413
77.2216
77.1085
77.315
77.7714
78.4186
79.2052
80.0839
81.0139
81.9602
82.8955
83.7995
84.661
85.4746
86.2434
86.9713
87.6655
88.3272
88.9575
89.5511
90.1057
90.6175
91.0897
91.5251
91.9327
92.3177
92.688
93.0447
93.3912
93.7242
94.0441
94.3474
94.6352
94.9072
95.1665
95.416
95.6599
95.9025
96.1478
96.3998
96.6609
96.9343
97.2206
97.5219
97.8373
98.1681
98.5122
98.8704
99.2394
99.6198
100.008
100.403
100.802
101.205
101.606
102.006
102.401
102.791
103.172
103.544
103.905
104.255
104.594
104.925
105.26
105.469
110.469
107.54
102.254
98.1339
95.0009
92.2381
89.8521
87.9685
86.5693
85.5706
84.8999
84.4926
84.2881
84.2382
84.3118
84.4908
84.7616
85.1111
85.5239
85.9837
86.4732
86.9765
87.4809
87.9816
88.4807
88.9883
89.5117
90.054
90.6043
91.1451
91.6524
92.1089
92.5048
92.8451
93.1417
93.4148
93.6799
93.9515
94.2321
94.522
94.8123
95.0959
95.3635
95.6109
95.836
96.041
96.2314
96.4135
96.5962
96.7858
96.9904
97.2136
97.4607
97.732
98.0295
98.3507
98.6956
99.0597
99.4416
99.8362
100.242
100.653
101.068
101.483
101.896
102.303
102.704
103.095
103.476
103.847
104.207
104.557
104.901
105.254
105.442
109.314
106.956
103.177
100.591
98.4391
96.1789
94.0357
92.2954
91.0178
90.1382
89.5764
89.2549
89.1015
89.0612
89.1032
89.2158
89.3948
89.6337
89.9207
90.2402
90.5749
90.9056
91.2115
91.4756
91.6932
91.8797
92.0663
92.2911
92.5771
92.9254
93.3075
93.6817
94.0044
94.2495
94.4137
94.5183
94.5968
94.6883
94.8196
95.0076
95.2476
95.5274
95.8227
96.112
96.3752
96.601
96.7863
96.9344
97.0572
97.166
97.2777
97.4035
97.5572
97.7443
97.972
98.2396
98.5477
98.8909
99.2659
99.6648
100.083
100.512
100.947
101.383
101.815
102.238
102.65
103.049
103.433
103.801
104.153
104.49
104.811
105.131
105.252
109.429
107.037
103.886
102.273
101.03
99.5354
98.0297
96.7706
95.7902
95.0329
94.4514
94.006
93.6576
93.3789
93.1621
93.0154
92.9511
92.9751
93.0835
93.2661
93.5096
93.7946
94.0907
94.3581
94.5605
94.6851
94.7544
94.8239
94.955
95.1901
95.5264
95.9176
96.2876
96.5616
96.6909
96.6701
96.5343
96.349
96.1837
96.1002
96.1291
96.2777
96.5207
96.8225
97.137
97.4257
97.661
97.828
97.9302
97.9772
97.9932
97.9981
98.0192
98.0729
98.1775
98.3391
98.5634
98.8464
99.184
99.5662
99.9834
100.424
100.878
101.335
101.786
102.225
102.646
103.046
103.421
103.769
104.09
104.382
104.639
104.882
104.899
110.675
108.439
105.632
104.48
103.689
102.573
101.372
100.353
99.5566
98.9381
98.4594
98.0841
97.7715
97.4919
97.2359
97.0124
96.8363
96.7181
96.6623
96.6692
96.7383
96.8606
97.01
97.1407
97.2011
97.1611
97.0342
96.8841
96.8009
96.8675
97.1184
97.5241
97.997
98.4214
98.6939
98.7557
98.609
98.3141
97.964
97.6633
97.49
97.4924
97.6675
97.983
98.3764
98.7818
99.1384
99.4014
99.5526
99.5889
99.5343
99.4148
99.2729
99.14
99.0524
99.0298
99.0899
99.2356
99.4659
99.7709
100.138
100.551
100.993
101.449
101.904
102.346
102.766
103.155
103.509
103.823
104.095
104.322
104.494
104.638
104.536
112.568
110.479
107.867
106.965
106.439
105.56
104.56
103.704
103.031
102.494
102.057
101.688
101.353
101.029
100.713
100.418
100.163
99.9631
99.8264
99.7584
99.7616
99.8262
99.9203
99.9886
99.9687
99.8218
99.5589
99.2499
99.0012
98.9175
99.0558
99.4009
99.8655
100.317
100.624
100.692
100.497
100.087
99.5634
99.0566
98.6809
98.5239
98.6111
98.926
99.4018
99.9543
100.493
100.939
101.244
101.38
101.36
101.207
100.971
100.696
100.437
100.229
100.107
100.087
100.175
100.366
100.647
101
101.403
101.836
102.276
102.709
103.117
103.49
103.819
104.099
104.325
104.498
104.598
104.672
104.486
115.105
113.121
110.63
109.881
109.503
108.756
107.868
107.101
106.492
105.993
105.569
105.192
104.832
104.469
104.102
103.745
103.419
103.14
102.92
102.767
102.682
102.654
102.649
102.609
102.475
102.216
101.85
101.455
101.142
101.02
101.144
101.494
101.976
102.445
102.754
102.796
102.538
102.023
101.359
100.691
100.156
99.864
99.8619
100.147
100.653
101.29
101.95
102.53
102.958
103.187
103.215
103.056
102.763
102.385
101.99
101.627
101.345
101.172
101.122
101.198
101.387
101.673
102.029
102.431
102.853
103.273
103.67
104.03
104.342
104.6
104.798
104.938
105.007
105.052
104.87
118.153
116.171
113.688
112.996
112.681
111.984
111.128
110.382
109.781
109.278
108.838
108.434
108.037
107.63
107.211
106.799
106.416
106.079
105.801
105.584
105.427
105.313
105.205
105.051
104.802
104.435
103.982
103.525
103.176
103.037
103.156
103.501
103.971
104.415
104.683
104.667
104.335
103.733
102.972
102.206
101.579
101.213
101.16
101.425
101.944
102.621
103.34
103.989
104.483
104.761
104.813
104.647
104.316
103.871
103.387
102.921
102.53
102.25
102.102
102.092
102.211
102.442
102.756
103.129
103.528
103.931
104.312
104.657
104.953
105.192
105.372
105.494
105.551
105.585
105.444
122.035
119.973
117.425
116.701
116.371
115.645
114.752
113.963
113.316
112.762
112.267
111.803
111.341
110.864
110.373
109.888
109.435
109.031
108.691
108.414
108.196
108.016
107.838
107.61
107.284
106.842
106.316
105.788
105.369
105.16
105.207
105.481
105.885
106.271
106.495
106.45
106.101
105.49
104.724
103.949
103.304
102.911
102.822
103.044
103.517
104.149
104.826
105.436
105.895
106.138
106.154
105.95
105.578
105.088
104.557
104.043
103.605
103.281
103.093
103.049
103.139
103.344
103.637
103.989
104.368
104.751
105.111
105.433
105.704
105.919
106.076
106.179
106.224
106.248
106.134
126.031
123.868
121.176
120.361
119.951
119.133
118.142
117.26
116.527
115.892
115.321
114.785
114.253
113.708
113.147
112.591
112.062
111.58
111.161
110.812
110.534
110.313
110.117
109.889
109.575
109.141
108.604
108.034
107.535
107.207
107.108
107.228
107.488
107.762
107.921
107.863
107.548
107.009
106.332
105.648
105.076
104.725
104.64
104.828
105.232
105.768
106.332
106.821
107.162
107.296
107.219
106.938
106.509
105.98
105.427
104.905
104.469
104.155
103.981
103.952
104.053
104.267
104.562
104.91
105.278
105.643
105.979
106.275
106.517
106.702
106.831
106.911
106.939
106.951
106.852
131.146
128.855
125.991
125.01
124.424
123.418
122.242
121.185
120.292
119.512
118.81
118.158
117.524
116.888
116.245
115.608
114.995
114.421
113.899
113.44
113.054
112.741
112.48
112.227
111.925
111.529
111.038
110.495
109.983
109.589
109.372
109.329
109.408
109.507
109.522
109.369
109.019
108.501
107.892
107.303
106.833
106.572
106.547
106.755
107.133
107.6
108.059
108.416
108.611
108.597
108.382
107.981
107.457
106.86
106.267
105.73
105.3
105.007
104.863
104.867
105.001
105.241
105.553
105.908
106.273
106.624
106.939
107.206
107.415
107.567
107.663
107.712
107.718
107.715
107.623
136.139
133.555
130.288
129.004
128.162
126.908
125.495
124.228
123.154
122.222
121.393
120.64
119.929
119.234
118.548
117.884
117.254
116.67
116.131
115.635
115.184
114.774
114.398
114.031
113.642
113.211
112.742
112.274
111.867
111.578
111.433
111.406
111.433
111.415
111.266
110.929
110.403
109.746
109.051
108.44
108.006
107.826
107.908
108.226
108.695
109.219
109.69
110.014
110.134
110.014
109.676
109.148
108.504
107.807
107.138
106.551
106.097
105.802
105.673
105.702
105.864
106.131
106.464
106.832
107.198
107.542
107.84
108.082
108.263
108.384
108.45
108.472
108.46
108.441
108.354
143.783
140.739
136.974
135.17
133.841
132.126
130.285
128.634
127.222
125.996
124.915
123.947
123.054
122.207
121.398
120.642
119.959
119.363
118.847
118.39
117.961
117.525
117.051
116.515
115.911
115.263
114.626
114.082
113.711
113.558
113.61
113.788
113.967
114.001
113.783
113.259
112.46
111.49
110.496
109.644
109.059
108.829
108.952
109.381
110
110.678
111.279
111.69
111.843
111.704
111.301
110.676
109.92
109.107
108.331
107.655
107.133
106.79
106.631
106.644
106.798
107.061
107.388
107.748
108.1
108.423
108.694
108.907
109.055
109.145
109.182
109.181
109.147
109.117
109.031
149.961
146.099
141.333
138.872
137.099
135.014
132.856
130.956
129.358
127.989
126.792
125.722
124.732
123.791
122.892
122.058
121.322
120.713
120.239
119.886
119.608
119.336
118.99
118.495
117.819
116.992
116.116
115.342
114.825
114.66
114.848
115.277
115.754
116.056
116.004
115.503
114.58
113.364
112.056
110.881
110.021
109.6
109.635
110.074
110.779
111.592
112.346
112.901
113.169
113.106
112.739
112.116
111.332
110.474
109.643
108.91
108.333
107.939
107.732
107.701
107.811
108.03
108.312
108.623
108.928
109.201
109.426
109.593
109.703
109.758
109.767
109.744
109.699
109.658
109.576
162.805
157.273
150.871
146.888
143.853
140.748
137.784
135.281
133.252
131.585
130.185
128.969
127.859
126.801
125.778
124.808
123.924
123.163
122.553
122.11
121.82
121.635
121.456
121.159
120.635
119.841
118.848
117.823
116.983
116.514
116.493
116.856
117.411
117.897
118.07
117.772
116.975
115.782
114.392
113.047
111.961
111.29
111.086
111.313
111.855
112.555
113.247
113.785
114.076
114.069
113.779
113.247
112.557
111.791
111.039
110.366
109.824
109.438
109.212
109.133
109.174
109.303
109.483
109.685
109.879
110.047
110.175
110.258
110.296
110.296
110.263
110.211
110.14
110.091
109.997
170.571
162.413
153.885
149.1
145.622
142.015
138.622
135.849
133.673
131.941
130.548
129.403
128.414
127.503
126.627
125.777
124.959
124.186
123.478
122.871
122.409
122.125
121.995
121.924
121.767
121.389
120.745
119.897
119.018
118.303
117.903
117.856
118.076
118.392
118.594
118.527
118.109
117.37
116.42
115.417
114.519
113.845
113.456
113.343
113.448
113.674
113.922
114.101
114.153
114.047
113.792
113.415
112.964
112.489
112.037
111.643
111.329
111.105
110.966
110.898
110.883
110.901
110.932
110.959
110.971
110.96
110.925
110.866
110.789
110.697
110.601
110.501
110.415
110.35
110.247
192.423
175.622
161.589
154.184
149.367
144.909
141.014
138.008
135.749
133.987
132.59
131.498
130.652
129.99
129.442
128.943
128.427
127.828
127.103
126.261
125.38
124.59
124.006
123.681
123.566
123.532
123.432
123.146
122.642
121.95
121.161
120.379
119.685
119.138
118.743
118.499
118.361
118.296
118.251
118.184
118.054
117.825
117.485
117.019
116.451
115.801
115.118
114.444
113.828
113.309
112.914
112.655
112.526
112.513
112.585
112.712
112.856
112.988
113.08
113.115
113.083
112.984
112.823
112.61
112.36
112.088
111.809
111.536
111.283
111.055
110.86
110.704
110.573
110.493
110.375
199.79
179.663
162.863
152.98
146.828
142.173
138.486
135.657
133.482
131.697
130.184
128.969
128.128
127.703
127.654
127.859
128.126
128.243
128.032
127.414
126.444
125.298
124.221
123.463
123.192
123.436
124.063
124.79
125.285
125.239
124.497
123.098
121.272
119.399
117.861
116.99
116.922
117.622
118.861
120.3
121.577
122.366
122.48
121.842
120.553
118.782
116.796
114.844
113.159
111.905
111.159
110.934
111.157
111.732
112.512
113.373
114.185
114.86
115.332
115.571
115.579
115.375
115.004
114.504
113.937
113.337
112.755
112.212
111.739
111.341
111.028
110.792
110.635
110.536
110.445
165.496
148.197
142.121
137.746
135.472
134.846
134.891
135.076
135.051
134.552
133.594
132.453
131.48
130.951
130.972
131.457
132.139
132.668
132.732
132.16
130.957
129.295
127.491
125.95
125.081
125.142
126.118
127.642
129.09
129.764
129.153
127.136
124.031
120.541
117.484
115.616
115.342
116.686
119.255
122.39
125.345
127.433
128.229
127.545
125.539
122.542
119.06
115.594
112.599
110.399
109.147
108.869
109.425
110.623
112.192
113.891
115.482
116.803
117.74
118.245
118.331
118.036
117.45
116.648
115.736
114.78
113.865
113.029
112.314
111.734
111.291
110.981
110.772
110.66
110.548
128.581
117.843
101.48
101.625
107.704
112.398
115.97
119.478
122.544
124.545
125.489
125.801
125.989
126.447
127.386
128.77
130.323
131.659
132.42
132.405
131.592
130.129
128.348
126.725
125.818
126.049
127.503
129.768
132.018
133.268
132.74
130.197
126.038
121.242
116.996
114.416
114.13
116.206
120.098
124.849
129.371
132.641
134.026
133.235
130.491
126.273
121.325
116.383
112.113
108.998
107.259
106.937
107.821
109.637
111.979
114.503
116.858
118.811
120.2
120.958
121.11
120.716
119.908
118.797
117.537
116.225
114.98
113.855
112.911
112.159
111.604
111.231
111.012
110.919
110.878
90.7228
100.18
104.565
112.166
119.365
124.141
127.558
130.375
132.386
133.342
133.423
133.031
132.59
132.423
132.689
133.336
134.12
134.73
134.887
134.445
133.392
131.853
130.129
128.655
127.959
128.41
130.035
132.351
134.464
135.354
134.251
131.001
126.122
120.763
116.247
113.796
114.044
116.989
121.931
127.72
133.08
136.828
138.258
137.069
133.568
128.357
122.339
116.406
111.347
107.733
105.812
105.619
106.88
109.255
112.241
115.416
118.354
120.773
122.48
123.399
123.566
123.061
122.049
120.671
119.119
117.514
115.999
114.643
113.517
112.635
112.003
111.606
111.406
111.352
111.598
85.2128
95.522
102.127
107.578
112.073
115.528
118.339
120.789
122.899
124.614
125.975
127.086
128.076
129.045
130.023
130.955
131.72
132.197
132.295
131.992
131.342
130.47
129.629
129.126
129.3
130.302
131.994
133.856
135.108
134.981
132.987
129.228
124.346
119.487
115.841
114.43
115.678
119.402
124.804
130.687
135.82
139.08
139.871
137.978
133.809
128.025
121.582
115.393
110.248
106.712
104.996
105.111
106.734
109.495
112.846
116.344
119.535
122.129
123.925
124.852
124.959
124.333
123.165
121.605
119.869
118.082
116.409
114.917
113.688
112.731
112.059
111.642
111.474
111.43
111.87
97.2375
104.323
110.765
115.662
119.23
121.862
123.959
125.864
127.754
129.628
131.412
133.002
134.299
135.226
135.742
135.858
135.631
135.153
134.526
133.852
133.246
132.811
132.68
132.938
133.615
134.582
135.548
136.073
135.676
134.032
131.077
127.19
123.04
119.565
117.584
117.698
119.992
124.077
129.144
134.118
138.004
139.934
139.546
136.789
132.145
126.276
120.07
114.345
109.777
106.834
105.647
106.184
108.095
111.016
114.411
117.866
120.952
123.403
125.044
125.814
125.776
125.02
123.744
122.091
120.282
118.437
116.72
115.193
113.939
112.962
112.274
111.841
111.647
111.573
111.855
111.372
114.197
116.217
119.187
121.875
123.825
125.395
126.947
128.639
130.457
132.287
133.943
135.222
135.973
136.155
135.848
135.228
134.509
133.902
133.566
133.619
134.08
134.893
135.876
136.777
137.281
137.099
136.036
134.036
131.267
128.049
124.914
122.397
121.051
121.188
122.904
125.942
129.772
133.696
136.913
138.807
138.889
137.094
133.553
128.78
123.369
118.036
113.409
109.962
108.011
107.573
108.568
110.647
113.483
116.608
119.673
122.323
124.346
125.61
126.078
125.823
124.932
123.592
121.932
120.155
118.365
116.714
115.253
114.058
113.127
112.469
112.048
111.843
111.754
111.874
125.123
125.691
126.492
128.469
130.54
132.057
133.237
134.359
135.533
136.75
137.933
138.933
139.586
139.779
139.514
138.904
138.154
137.491
137.133
137.21
137.76
138.664
139.675
140.432
140.566
139.795
138.024
135.407
132.284
129.169
126.551
124.892
124.429
125.246
127.165
129.856
132.851
135.615
137.679
138.606
138.208
136.385
133.345
129.36
124.909
120.457
116.48
113.369
111.354
110.574
110.935
112.314
114.39
116.897
119.472
121.861
123.813
125.185
125.906
125.963
125.441
124.416
123.054
121.459
119.802
118.165
116.673
115.363
114.297
113.468
112.881
112.501
112.308
112.22
112.302
134.548
134.661
134.997
136.623
138.164
139.061
139.602
140.075
140.56
141.036
141.467
141.785
141.912
141.797
141.466
141.011
140.589
140.356
140.442
140.878
141.579
142.316
142.759
142.557
141.442
139.352
136.468
133.226
130.172
127.884
126.753
126.975
128.426
130.783
133.548
136.182
138.212
139.255
139.144
137.817
135.446
132.237
128.557
124.731
121.13
118.043
115.693
114.231
113.667
113.982
114.999
116.576
118.445
120.419
122.254
123.801
124.919
125.539
125.651
125.266
124.475
123.341
122.003
120.532
119.064
117.652
116.39
115.299
114.421
113.747
113.276
112.979
112.835
112.774
112.883
146.671
145.866
144.82
145.385
146.076
146.271
146.245
146.244
146.297
146.349
146.378
146.358
146.272
146.104
145.883
145.659
145.505
145.472
145.574
145.745
145.837
145.635
144.898
143.453
141.257
138.482
135.481
132.762
130.81
130.018
130.509
132.16
134.577
137.222
139.526
140.985
141.301
140.336
138.223
135.183
131.609
127.856
124.311
121.248
118.875
117.298
116.515
116.488
117.067
118.134
119.48
120.972
122.417
123.709
124.719
125.392
125.683
125.585
125.135
124.363
123.356
122.163
120.89
119.58
118.33
117.165
116.151
115.289
114.61
114.096
113.747
113.534
113.45
113.419
113.566
156.613
155.063
152.974
152.884
153.248
153.196
152.958
152.782
152.67
152.546
152.379
152.162
151.894
151.582
151.241
150.884
150.511
150.097
149.587
148.9
147.943
146.624
144.892
142.766
140.372
137.962
135.861
134.428
133.92
134.452
135.891
137.922
140.064
141.803
142.695
142.44
140.973
138.398
135.035
131.25
127.484
124.088
121.357
119.441
118.386
118.138
118.552
119.467
120.672
122.008
123.293
124.428
125.302
125.881
126.13
126.06
125.691
125.059
124.219
123.211
122.109
120.946
119.794
118.677
117.653
116.731
115.947
115.298
114.794
114.424
114.178
114.044
114
113.999
114.184
166.133
164.394
162.311
162.049
162.166
161.822
161.277
160.784
160.361
159.919
159.432
158.875
158.25
157.545
156.763
155.886
154.895
153.748
152.416
150.883
149.166
147.31
145.384
143.489
141.749
140.324
139.372
139.028
139.333
140.21
141.441
142.689
143.594
143.788
143.068
141.321
138.692
135.385
131.79
128.248
125.126
122.67
121.021
120.22
120.162
120.734
121.696
122.897
124.102
125.205
126.061
126.638
126.889
126.834
126.498
125.917
125.156
124.241
123.25
122.192
121.144
120.098
119.125
118.205
117.397
116.672
116.078
115.576
115.202
114.916
114.738
114.629
114.614
114.622
114.834
175.982
174.15
171.815
171.409
171.267
170.548
169.521
168.517
167.555
166.594
165.596
164.55
163.421
162.192
160.838
159.355
157.735
155.99
154.15
152.281
150.469
148.802
147.354
146.159
145.232
144.571
144.174
144.029
144.088
144.259
144.38
144.265
143.701
142.556
140.745
138.348
135.504
132.48
129.537
126.949
124.918
123.551
122.884
122.823
123.265
124.009
124.91
125.778
126.515
127.013
127.248
127.202
126.9
126.383
125.692
124.886
123.993
123.071
122.13
121.215
120.324
119.491
118.707
118.002
117.361
116.81
116.33
115.944
115.629
115.402
115.243
115.155
115.138
115.141
115.37
187.085
185.137
182.662
181.989
181.425
180.153
178.502
176.825
175.187
173.559
171.932
170.293
168.611
166.851
165
163.065
161.077
159.084
157.156
155.375
153.822
152.547
151.547
150.761
150.092
149.442
148.738
147.945
147.053
146.05
144.909
143.578
142.009
140.164
138.069
135.795
133.48
131.285
129.374
127.877
126.862
126.338
126.235
126.454
126.85
127.298
127.671
127.889
127.898
127.688
127.273
126.687
125.978
125.187
124.36
123.526
122.71
121.922
121.174
120.462
119.791
119.156
118.563
118.009
117.503
117.043
116.639
116.291
116.006
115.781
115.624
115.523
115.503
115.492
115.742
199.373
197.022
193.882
192.629
191.475
189.552
187.221
184.856
182.539
180.249
177.996
175.776
173.572
171.357
169.133
166.924
164.772
162.728
160.845
159.175
157.742
156.543
155.51
154.537
153.492
152.274
150.836
149.189
147.402
145.54
143.668
141.802
139.955
138.114
136.308
134.575
132.993
131.644
130.593
129.883
129.492
129.373
129.419
129.531
129.59
129.519
129.256
128.79
128.132
127.324
126.421
125.476
124.545
123.659
122.848
122.112
121.456
120.861
120.318
119.807
119.32
118.844
118.38
117.927
117.493
117.08
116.702
116.362
116.073
115.837
115.665
115.55
115.52
115.501
115.803
213.448
210.559
206.643
204.634
202.748
200.076
196.994
193.899
190.883
187.923
185.039
182.237
179.511
176.843
174.243
171.734
169.353
167.131
165.09
163.24
161.566
160.026
158.538
156.998
155.306
153.406
151.31
149.088
146.855
144.705
142.718
140.902
139.251
137.729
136.332
135.067
133.971
133.09
132.444
132.038
131.815
131.708
131.606
131.424
131.07
130.511
129.731
128.764
127.664
126.5
125.345
124.254
123.274
122.42
121.701
121.097
120.59
120.146
119.743
119.351
118.96
118.556
118.141
117.716
117.294
116.88
116.491
116.133
115.821
115.559
115.36
115.219
115.173
115.142
115.47
228.306
224.718
219.86
216.875
214.009
210.348
206.311
202.332
198.509
194.816
191.263
187.858
184.597
181.458
178.443
175.56
172.83
170.271
167.889
165.678
163.614
161.649
159.708
157.705
155.576
153.304
150.945
148.597
146.383
144.387
142.648
141.137
139.801
138.576
137.431
136.368
135.417
134.62
133.993
133.53
133.173
132.849
132.459
131.931
131.207
130.276
129.162
127.919
126.622
125.344
124.154
123.097
122.199
121.459
120.864
120.38
119.977
119.615
119.269
118.912
118.538
118.135
117.712
117.273
116.833
116.399
115.988
115.609
115.272
114.986
114.756
114.592
114.495
114.468
114.566
247.118
242.706
236.742
232.479
228.257
223.19
217.756
212.466
207.46
202.712
198.224
193.997
190.013
186.24
182.658
179.258
176.041
173.008
170.159
167.49
164.987
162.609
160.297
157.975
155.601
153.174
150.766
148.477
146.411
144.62
143.098
141.781
140.586
139.447
138.333
137.264
136.276
135.417
134.696
134.099
133.563
133.016
132.377
131.59
130.631
129.512
128.279
126.993
125.727
124.54
123.48
122.566
121.804
121.175
120.654
120.204
119.796
119.398
118.994
118.567
118.119
117.646
117.161
116.669
116.186
115.717
115.276
114.866
114.497
114.17
113.89
113.661
113.475
113.394
113.05
267.651
261.13
252.551
246.157
240.221
233.618
226.758
220.177
214.009
208.218
202.801
197.76
193.066
188.68
184.574
180.728
177.132
173.77
170.637
167.722
165.017
162.483
160.07
157.709
155.373
153.066
150.857
148.821
147.02
145.46
144.094
142.845
141.637
140.433
139.229
138.065
136.979
136
135.123
134.315
133.518
132.671
131.729
130.67
129.506
128.266
127.006
125.774
124.624
123.583
122.672
121.887
121.216
120.634
120.118
119.638
119.177
118.716
118.249
117.77
117.283
116.79
116.3
115.816
115.35
114.902
114.481
114.085
113.719
113.382
113.072
112.795
112.528
112.335
111.743
299.246
289.421
276.933
266.377
256.456
246.291
236.496
227.635
219.725
212.603
206.171
200.354
195.064
190.214
185.749
181.624
177.81
174.273
170.994
167.945
165.109
162.442
159.903
157.445
155.064
152.776
150.631
148.663
146.883
145.266
143.758
142.312
140.895
139.511
138.177
136.926
135.772
134.715
133.732
132.784
131.836
130.853
129.827
128.757
127.67
126.588
125.549
124.57
123.678
122.869
122.148
121.499
120.91
120.361
119.841
119.334
118.835
118.337
117.839
117.342
116.851
116.365
115.892
115.431
114.988
114.562
114.156
113.768
113.399
113.046
112.709
112.387
112.069
111.769
111.165
327.357
310.04
291.679
278.581
266.876
254.688
242.923
232.357
222.99
214.64
207.199
200.567
194.622
189.251
184.371
179.917
175.84
172.095
168.652
165.478
162.546
159.822
157.279
154.895
152.665
150.593
148.682
146.925
145.3
143.78
142.335
140.948
139.611
138.33
137.109
135.954
134.857
133.808
132.789
131.784
130.782
129.777
128.775
127.782
126.815
125.881
124.995
124.159
123.376
122.643
121.956
121.308
120.691
120.101
119.53
118.978
118.44
117.918
117.409
116.915
116.437
115.974
115.527
115.096
114.681
114.281
113.896
113.525
113.166
112.818
112.48
112.151
111.823
111.484
111.023
384.449
346.194
314.773
291.023
270.975
253.497
238.723
226.371
215.963
207.117
199.569
193.081
187.47
182.565
178.246
174.397
170.941
167.795
164.915
162.245
159.763
157.434
155.246
153.179
151.225
149.373
147.613
145.938
144.338
142.81
141.346
139.948
138.609
137.327
136.098
134.914
133.772
132.664
131.593
130.549
129.544
128.564
127.631
126.725
125.868
125.041
124.26
123.507
122.795
122.107
121.454
120.822
120.219
119.636
119.077
118.538
118.021
117.521
117.043
116.58
116.137
115.708
115.296
114.896
114.512
114.137
113.775
113.422
113.078
112.739
112.405
112.074
111.739
111.384
111.071
-157.634
-148.934
-141.248
-136.255
-131.72
-127.043
-122.439
-117.917
-113.338
-108.693
-104.024
-99.4356
-94.9317
-90.5443
-86.1941
-81.8782
-77.5208
-73.1359
-68.7365
-64.4142
-60.1552
-55.995
-51.8993
-47.8829
-43.9101
-39.9988
-36.1313
-32.3393
-28.6144
-24.9855
-21.4348
-17.9753
-14.5618
-11.111
-7.5492
-4.00636
-0.469363
3.02393
6.47623
9.85602
13.1655
16.3796
19.5132
22.5498
25.508
28.3723
31.1711
33.9408
36.856
39.9122
42.9479
45.9263
48.8339
51.6456
54.3664
56.9656
59.4569
61.823
64.126
66.4694
69.0696
71.8194
74.4438
76.8714
79.08
81.0666
82.9872
85.0693
87.005
89.2785
99.3223
102.568
103.695
103.682
103.485
103.256
102.959
102.686
102.433
102.166
101.813
101.338
100.77
100.147
99.5159
98.8592
98.2136
97.5443
96.8878
96.1927
95.5114
94.8037
94.1303
93.4457
92.8046
92.1542
91.5391
90.9045
90.2937
89.6582
89.0422
88.404
87.8004
87.1915
86.678
86.1769
85.7049
85.2327
84.7835
84.3261
83.881
83.4278
82.9876
82.5437
82.1082
81.6651
81.2313
80.8328
80.4924
80.278
80.1218
79.9787
79.8374
79.6826
79.5024
79.28
79.0196
78.7101
78.4116
78.1462
77.9555
77.9056
77.8769
77.801
77.6206
77.3446
77.14
76.7865
76.3831
76.2384
45.8385
47.392
48.5214
49.1779
49.7988
50.4419
51.1657
51.8833
52.5985
53.243
53.8377
54.3968
54.9304
55.4696
55.9965
56.5632
57.1115
57.6927
58.2644
58.8943
59.5359
60.2396
60.9488
61.7022
62.4393
63.194
63.9116
64.6303
65.3018
65.9665
66.5805
67.1849
67.7421
68.3358
68.968
69.6158
70.224
70.8256
71.384
71.9334
72.4395
72.9353
73.3834
73.8144
74.1892
74.5387
74.8277
75.1178
75.4721
75.9735
76.4464
76.8817
77.241
77.5568
77.7951
77.9879
78.0987
78.152
78.1267
78.1419
78.3244
78.6906
78.9639
79.1135
79.0953
78.9319
78.6821
78.5118
78.5025
78.4281
73.1633
71.2716
69.206
67.1957
65.4928
63.9338
62.5851
61.3028
60.1753
59.1472
58.2713
57.5424
56.9547
56.5201
56.1813
55.9868
55.8559
55.8522
55.9066
56.1111
56.3621
56.7449
57.1394
57.6392
58.1143
58.6667
59.1743
59.7502
60.2797
60.8791
61.4404
62.0738
62.6712
63.3383
63.9665
64.6368
65.2644
65.9402
66.5903
67.2951
67.9805
68.7142
69.4253
70.1767
70.9084
71.6818
72.4409
73.2298
73.9908
74.7662
75.4985
76.2369
76.952
77.7042
78.4578
79.2581
80.0553
80.8959
81.7214
82.5518
83.3312
84.1084
84.8648
85.6254
86.4219
87.2895
88.203
89.0801
89.967
90.6551
83.3536
85.3851
87.423
89.5088
91.4531
93.3574
95.0146
96.5595
97.8912
99.1327
100.248
101.286
102.238
103.082
103.835
104.439
104.951
105.326
105.619
105.777
105.872
105.866
105.825
105.7
105.559
105.353
105.148
104.897
104.67
104.419
104.21
103.993
103.823
103.66
103.546
103.411
103.316
103.22
103.159
103.093
103.053
103.005
102.979
102.948
102.94
102.931
102.946
102.962
103.018
103.074
103.126
103.193
103.294
103.408
103.549
103.698
103.87
104.051
104.259
104.482
104.742
104.989
105.233
105.507
105.823
106.164
106.529
106.908
107.317
107.648
130.917
132.58
134.491
136.273
137.902
139.394
140.731
141.988
143.164
144.308
145.383
146.376
147.255
148.011
148.646
149.155
149.573
149.911
150.188
150.397
150.559
150.662
150.72
150.719
150.681
150.594
150.486
150.34
150.185
150.002
149.815
149.603
149.389
149.139
148.892
148.622
148.347
148.043
147.717
147.353
146.962
146.537
146.087
145.609
145.109
144.584
144.043
143.489
142.914
142.348
141.782
141.222
140.653
140.064
139.451
138.814
138.156
137.474
136.779
136.073
135.348
134.636
133.908
133.186
132.42
131.618
130.798
129.907
129.028
128.265
74.9867
73.0289
71.3563
69.6314
68.0274
66.4169
65.0532
63.7867
62.7921
61.9457
61.3234
60.8428
60.5426
60.4141
60.4667
60.7339
61.181
61.8364
62.6382
63.628
64.6982
65.8975
67.114
68.4285
69.7288
71.1141
72.4744
73.9161
75.3248
76.8047
78.2417
79.7374
81.178
82.6637
84.0796
85.5233
86.9128
88.332
89.6978
91.0937
92.4462
93.8321
95.1796
96.5585
97.9012
99.2753
100.618
101.982
103.3
104.614
105.883
107.181
108.447
109.736
110.998
112.292
113.562
114.866
116.135
117.402
118.581
119.728
120.835
121.984
123.139
124.362
125.582
126.812
128.031
129.036
102.652
102.707
102.674
102.584
102.517
102.546
102.678
102.863
103.069
103.244
103.397
103.525
103.651
103.778
103.934
104.134
104.377
104.661
104.978
105.329
105.697
106.087
106.483
106.897
107.315
107.751
108.193
108.66
109.139
109.648
110.172
110.729
111.295
111.876
112.435
112.993
113.55
114.125
114.703
115.306
115.922
116.569
117.234
117.933
118.653
119.412
120.194
121
121.788
122.548
123.289
124.063
124.855
125.682
126.536
127.432
128.358
129.328
130.321
131.313
132.237
133.106
133.976
134.926
135.949
137.078
138.261
139.438
140.6
141.576
122.975
125.222
127.739
130.266
132.722
135.211
137.56
139.797
141.805
143.645
145.286
146.784
148.129
149.343
150.415
151.341
152.122
152.755
153.25
153.601
153.849
153.995
154.088
154.115
154.131
154.109
154.1
154.065
154.054
154.023
154.018
153.995
153.996
153.973
153.964
153.925
153.911
153.883
153.875
153.853
153.85
153.835
153.839
153.835
153.853
153.867
153.906
153.941
153.982
154.001
154.022
154.052
154.104
154.155
154.221
154.283
154.361
154.435
154.532
154.62
154.698
154.749
154.804
154.904
155.031
155.183
155.352
155.494
155.628
155.735
125.897
126.432
127.478
128.616
129.786
130.962
132.114
133.193
134.201
135.138
136.026
136.876
137.704
138.522
139.322
140.105
140.853
141.575
142.248
142.889
143.484
144.056
144.596
145.126
145.641
146.16
146.677
147.204
147.73
148.262
148.79
149.318
149.836
150.342
150.827
151.298
151.766
152.233
152.694
153.153
153.609
154.066
154.522
154.979
155.437
155.899
156.364
156.828
157.273
157.698
158.11
158.533
158.956
159.375
159.784
160.188
160.582
160.974
161.361
161.736
162.069
162.375
162.67
162.998
163.334
163.685
164.033
164.341
164.635
164.874
118.807
118.79
119.186
119.552
119.86
120.12
120.398
120.663
120.986
121.342
121.782
122.276
122.845
123.456
124.117
124.814
125.54
126.294
127.073
127.89
128.735
129.624
130.537
131.491
132.458
133.457
134.457
135.48
136.494
137.522
138.534
139.555
140.553
141.548
142.508
143.463
144.401
145.344
146.27
147.202
148.12
149.049
149.967
150.898
151.82
152.756
153.685
154.621
155.528
156.417
157.28
158.161
159.031
159.907
160.765
161.634
162.489
163.363
164.225
165.088
165.9
166.679
167.442
168.246
169.055
169.893
170.726
171.514
172.285
172.919
126.715
126.454
126.509
126.546
126.554
126.57
126.664
126.809
127.055
127.374
127.802
128.301
128.886
129.522
130.218
130.949
131.723
132.533
133.372
134.245
135.138
136.065
137.005
137.975
138.951
139.952
140.951
141.969
142.975
143.994
144.996
146.006
146.994
147.981
148.933
149.883
150.821
151.772
152.714
153.672
154.626
155.598
156.568
157.556
158.54
159.542
160.54
161.544
162.517
163.468
164.392
165.332
166.267
167.213
168.154
169.11
170.064
171.041
172.018
172.994
173.92
174.818
175.708
176.652
177.625
178.66
179.716
180.768
181.841
182.749
131.646
132.025
132.769
133.486
134.14
134.806
135.517
136.257
137.047
137.865
138.723
139.587
140.467
141.337
142.206
143.064
143.917
144.764
145.609
146.46
147.317
148.189
149.07
149.968
150.872
151.79
152.709
153.635
154.558
155.487
156.412
157.345
158.275
159.204
160.121
161.038
161.96
162.898
163.841
164.799
165.763
166.742
167.725
168.721
169.718
170.729
171.741
172.756
173.744
174.711
175.653
176.615
177.578
178.558
179.538
180.542
181.551
182.592
183.639
184.693
185.703
186.683
187.658
188.666
189.704
190.788
191.867
192.959
194.077
195.012
146.216
147.05
148.385
149.677
150.881
152.075
153.273
154.454
155.609
156.729
157.813
158.859
159.865
160.838
161.777
162.696
163.594
164.484
165.363
166.241
167.115
167.989
168.861
169.732
170.601
171.468
172.336
173.203
174.074
174.947
175.826
176.711
177.601
178.486
179.367
180.24
181.12
182.006
182.894
183.784
184.676
185.571
186.466
187.363
188.26
189.16
190.062
190.96
191.835
192.691
193.528
194.377
195.231
196.095
196.961
197.838
198.718
199.614
200.51
201.405
202.255
203.085
203.903
204.771
205.67
206.605
207.565
208.479
209.423
210.195
154.245
154.678
155.74
156.843
157.923
159.035
160.174
161.306
162.413
163.495
164.549
165.586
166.601
167.612
168.61
169.612
170.607
171.611
172.609
173.616
174.619
175.63
176.638
177.653
178.667
179.689
180.711
181.742
182.774
183.813
184.854
185.903
186.95
187.993
189.025
190.049
191.072
192.097
193.12
194.145
195.167
196.191
197.215
198.241
199.267
200.298
201.33
202.362
203.372
204.37
205.348
206.338
207.331
208.334
209.337
210.354
211.372
212.413
213.457
214.501
215.509
216.504
217.484
218.494
219.525
220.577
221.632
222.669
223.758
224.645
167.372
167.9
169.153
170.437
171.658
172.879
174.104
175.301
176.464
177.596
178.703
179.8
180.887
181.981
183.077
184.186
185.3
186.429
187.56
188.702
189.844
190.995
192.143
193.296
194.443
195.594
196.738
197.884
199.023
200.163
201.296
202.43
203.555
204.672
205.775
206.867
207.954
209.044
210.129
211.218
212.304
213.395
214.484
215.581
216.676
217.781
218.885
219.991
221.076
222.154
223.211
224.278
225.348
226.425
227.503
228.587
229.672
230.769
231.862
232.95
234.001
235.042
236.07
237.13
238.221
239.343
240.478
241.59
242.768
243.708
177.611
178.334
179.821
181.274
182.611
183.929
185.248
186.553
187.841
189.12
190.395
191.676
192.959
194.254
195.552
196.861
198.169
199.483
200.792
202.104
203.408
204.712
206.009
207.306
208.594
209.883
211.164
212.446
213.72
214.994
216.261
217.53
218.789
220.04
221.284
222.516
223.743
224.973
226.2
227.431
228.659
229.894
231.125
232.364
233.6
234.844
236.086
237.329
238.548
239.769
240.962
242.164
243.364
244.575
245.78
246.999
248.216
249.454
250.692
251.926
253.134
254.341
255.523
256.726
257.947
259.185
260.425
261.634
262.954
264.007
205.504
206.165
207.693
209.23
210.651
212.069
213.495
214.921
216.334
217.747
219.154
220.565
221.971
223.382
224.784
226.188
227.583
228.976
230.358
231.738
233.107
234.474
235.833
237.192
238.545
239.9
241.25
242.604
243.955
245.31
246.663
248.02
249.371
250.716
252.061
253.395
254.726
256.062
257.396
258.734
260.072
261.414
262.756
264.102
265.446
266.796
268.143
269.486
270.807
272.135
273.432
274.732
276.028
277.331
278.626
279.928
281.221
282.526
283.817
285.101
286.353
287.617
288.851
290.102
291.378
292.676
293.973
295.245
296.646
297.684
216.405
217.055
218.674
220.291
221.786
223.292
224.811
226.331
227.836
229.343
230.844
232.352
233.858
235.373
236.884
238.404
239.921
241.447
242.973
244.509
246.044
247.591
249.14
250.7
252.263
253.839
255.417
257.007
258.6
260.204
261.81
263.427
265.037
266.656
268.292
269.912
271.526
273.149
274.772
276.401
278.028
279.662
281.293
282.931
284.563
286.203
287.836
289.461
291.08
292.733
294.332
295.928
297.521
299.127
300.724
302.334
303.939
305.563
307.18
308.788
310.417
312.085
313.676
315.28
316.896
318.522
320.128
321.73
323.576
324.947
275.028
274.694
274.706
275.007
275.435
275.987
276.64
277.395
278.233
279.162
280.166
281.252
282.404
283.628
284.909
286.248
287.631
289.078
290.577
292.124
293.706
295.331
296.988
298.684
300.408
302.167
303.951
305.766
307.604
309.474
311.369
313.279
315.079
317.048
319.195
321.218
323.216
325.253
327.31
329.392
331.485
333.606
335.737
337.897
340.073
342.282
344.435
346.427
348.756
351.363
353.658
355.91
358.201
360.532
362.875
365.25
367.652
370.081
372.302
374.456
377.28
380.312
382.84
385.301
387.901
390.454
392.357
395.672
399.546
400.425
-31.2981
-46.0207
-52.4772
-59.1305
-67.4942
-76.3823
-84.9433
-92.6138
-98.6452
-101.935
-105.764
-114.936
-119.893
-123.423
-127.202
-131.043
-134.713
-138.213
-141.57
-144.774
-147.819
-150.696
-153.41
-155.956
-158.34
-160.555
-162.606
-164.492
-166.288
-168.041
-168.558
-172.142
-175.423
-177.255
-178.862
-180.53
-182.144
-183.64
-185.042
-186.343
-187.546
-188.638
-189.632
-190.516
-191.306
-191.99
-192.582
-193.07
-193.468
-193.763
-193.971
-194.079
-194.103
-194.03
-193.874
-193.623
-193.292
-192.865
-192.364
-191.811
-191.358
-189.974
-190.048
-190.042
-189.448
-188.702
-187.96
-187.162
-186.317
-185.413
-184.479
-183.488
-182.467
-181.394
-180.302
-179.169
-178.028
-176.852
-175.678
-174.481
-173.298
-172.093
-170.908
-169.704
-168.528
-167.333
-166.173
-164.993
-163.852
-162.693
-161.58
-160.445
-159.351
-158.241
-157.166
-156.067
-155.017
-153.936
-152.543
-150.078
136.234
136.777
136.992
137.329
137.729
138.07
138.289
138.317
138.137
137.838
137.346
136.828
136.598
136.366
136.035
135.62
135.144
134.608
134.017
133.369
132.672
131.925
131.135
130.3
129.427
128.514
127.564
126.574
125.542
124.523
123.612
122.693
121.946
121.285
120.587
119.844
119.077
118.296
117.504
116.704
115.899
115.092
114.284
113.479
112.676
111.88
111.086
110.301
109.518
108.744
107.973
107.212
106.455
105.709
104.968
104.241
103.52
102.817
102.123
101.446
100.797
100.277
99.6699
99.1604
98.7346
98.3265
97.9094
97.5073
97.1113
96.737
96.3689
96.0255
95.6911
95.3885
95.0984
94.8456
94.6074
94.4135
94.2383
94.1202
94.025
93.9915
93.9761
94.0266
94.0922
94.2267
94.3708
94.5915
94.8174
95.1241
95.4334
95.8275
96.2319
96.7302
97.2397
97.8273
98.415
99.0358
99.8093
100.6
44.7575
43.268
41.8575
40.4117
38.9642
37.5426
36.17
34.8557
33.6283
32.4825
31.3748
30.3008
29.2343
28.1884
27.1767
26.1865
25.2318
24.3023
23.4113
22.5471
21.7228
20.9282
20.1762
19.4574
18.7836
18.1455
17.5527
16.9962
16.4834
16.0107
15.5497
15.0905
14.6503
14.2344
13.8493
13.486
13.1516
12.842
12.5637
12.3129
12.0959
11.9104
11.7619
11.6483
11.5725
11.5324
11.5286
11.5597
11.6255
11.7264
11.8609
12.0305
12.2324
12.4684
12.7337
13.031
13.3546
13.7085
14.0871
14.4952
14.9311
15.3872
15.8492
16.3455
16.8697
17.4194
17.987
18.5793
19.1905
19.824
20.4736
21.1428
21.8275
22.5299
23.2486
23.9839
24.7364
25.502
26.2846
27.0773
27.8878
28.7061
29.5443
30.3889
31.2546
32.1242
33.0141
33.8998
34.8038
35.699
36.6164
37.5218
38.4506
39.3592
40.2988
41.2287
42.1875
43.1682
44.1255
44.9007
88.0727
88.2231
88.3485
88.499
88.6646
88.8186
88.9618
89.0772
89.1652
89.2155
89.2593
89.3305
89.4219
89.4929
89.5569
89.604
89.649
89.675
89.6981
89.7023
89.7058
89.6912
89.6779
89.6469
89.618
89.5708
89.5265
89.4633
89.4035
89.3272
89.2708
89.2362
89.2399
89.2302
89.2257
89.2042
89.1936
89.1662
89.1495
89.1164
89.0963
89.0614
89.0415
89.0075
88.9892
88.9567
88.9407
88.9111
88.8997
88.8762
88.8721
88.8566
88.8602
88.851
88.8591
88.8524
88.8611
88.8542
88.8618
88.8538
88.8618
88.8564
88.8717
88.8842
88.9098
88.9169
88.93
88.9252
88.9222
88.8977
88.8694
88.8177
88.7586
88.6762
88.581
88.46
88.3192
88.1489
87.9525
87.7245
87.4665
87.1727
86.8484
86.4857
86.0907
85.6509
85.1762
84.6498
84.087
83.4731
82.824
82.1127
81.3703
80.5571
79.7196
78.8349
77.9111
76.9521
75.8934
74.5852
63.1135
62.6606
62.2231
61.7733
61.3185
60.8795
60.451
60.0447
59.6555
59.2956
58.9435
58.6118
58.2822
57.9728
57.6706
57.3873
57.1082
56.8475
56.5905
56.352
56.1169
55.9001
55.6857
55.4888
55.2934
55.1156
54.9396
54.7826
54.6288
54.498
54.3658
54.255
54.148
54.0658
53.9891
53.9366
53.8859
53.8574
53.8282
53.8201
53.8097
53.8205
53.8277
53.8561
53.8801
53.9262
53.9675
54.0322
54.0925
54.1778
54.2585
54.3649
54.466
54.5927
54.7128
54.858
54.9956
55.1582
55.3129
55.4932
55.6672
55.865
56.059
56.2841
56.5069
56.7587
57.0095
57.2885
57.5678
57.8738
58.1852
58.5254
58.877
59.2563
59.6541
60.0787
60.5278
61.0029
61.5105
62.0449
62.6192
63.2258
63.8774
64.5631
65.2939
66.0619
66.8727
67.7234
68.612
69.5403
70.5005
71.5209
72.5729
73.7037
74.8648
76.0655
77.3093
78.5851
79.9776
81.4345
72.9483
73.0605
73.1655
73.2851
73.4075
73.5395
73.6696
73.8084
73.9432
74.0852
74.2266
74.3883
74.553
74.729
74.9041
75.0933
75.2835
75.4885
75.6938
75.9128
76.1303
76.3592
76.5839
76.8178
77.0459
77.2828
77.5148
77.7575
77.9981
78.2528
78.5119
78.7981
79.0946
79.4104
79.7279
80.064
80.4015
80.7568
81.1111
81.4823
81.8513
82.2381
82.6226
83.0263
83.4281
83.852
84.2745
84.7217
85.1681
85.6426
86.1162
86.6202
87.1227
87.6584
88.1912
88.7585
89.3211
89.9201
90.5121
91.1419
91.7629
92.425
93.0805
93.7809
94.4699
95.1987
95.9142
96.6706
97.4138
98.1964
98.9666
99.7748
100.571
101.399
102.217
103.063
103.902
104.764
105.625
106.506
107.394
108.301
109.221
110.158
111.115
112.088
113.086
114.104
115.156
116.23
117.352
118.509
119.728
120.993
122.321
123.661
125.071
126.456
127.913
129.303
64.5828
64.4937
64.4118
64.3316
64.2505
64.1856
64.1259
64.0838
64.0475
64.03
64.0108
64.0036
63.994
64.0005
64.008
64.0338
64.0615
64.1094
64.1598
64.2312
64.3044
64.3977
64.4914
64.6041
64.7158
64.8457
64.9747
65.1228
65.2714
65.4403
65.608
65.7937
65.9808
66.1864
66.3947
66.6209
66.8495
67.0932
67.339
67.5976
67.8583
68.1291
68.4033
68.6862
68.9743
69.2691
69.5714
69.8792
70.1968
70.5174
70.8504
71.1847
71.5333
71.8798
72.2423
72.6001
72.975
73.3415
73.7266
74.101
74.4958
74.8746
75.2747
75.6611
76.0695
76.462
76.8781
77.2781
77.7016
78.1075
78.5348
78.9421
79.3682
79.772
80.1911
80.586
80.9934
81.3725
81.76
82.1149
82.4739
82.7893
83.102
83.36
83.6076
83.7839
83.9372
84.0023
84.0292
83.9554
83.8248
83.5727
83.2537
82.792
82.2526
81.5897
80.8237
79.9058
78.8263
77.4844
65.5455
65.6799
65.8121
65.956
66.1029
66.2679
66.4364
66.6236
66.8138
67.0223
67.2304
67.4549
67.6796
67.9219
68.163
68.4218
68.679
68.9544
69.2285
69.5221
69.8155
70.13
70.445
70.7819
71.1195
71.4785
71.8378
72.218
72.5982
72.9982
73.3976
73.816
74.2348
74.6707
75.1058
75.557
76.0077
76.472
76.9358
77.4117
77.8879
78.3739
78.8617
79.3581
79.8576
80.3635
80.8741
81.3896
81.9115
82.4353
82.9675
83.4997
84.0416
84.5799
85.1294
85.6725
86.2279
86.7729
87.3316
87.8772
88.4379
88.9808
89.5402
90.0813
90.6397
91.1754
91.7288
92.2569
92.8015
93.3174
93.847
94.3449
94.8531
95.3297
95.8125
96.2633
96.7149
97.1374
97.5548
97.9447
98.3232
98.6787
99.0181
99.3378
99.6371
99.9236
100.187
100.442
100.674
100.905
101.109
101.318
101.499
101.681
101.846
102.001
102.14
102.271
102.381
102.458
61.5633
61.6318
61.7117
61.7876
61.8722
61.9605
62.0624
62.1698
62.2945
62.4267
62.5735
62.7217
62.8858
63.0545
63.2399
63.4281
63.632
63.838
64.06
64.2843
64.5259
64.7717
65.0366
65.3077
65.5996
65.8995
66.221
66.5515
66.9034
67.2649
67.645
68.0313
68.4355
68.8493
69.2809
69.7221
70.1794
70.647
71.1291
71.6219
72.1278
72.6463
73.177
73.7216
74.2773
74.8491
75.4303
76.0287
76.6346
77.2592
77.8889
78.5382
79.1901
79.8628
80.5354
81.2294
81.9204
82.634
83.3418
84.0725
84.7948
85.5392
86.2725
87.0304
87.7752
88.5439
89.2975
90.0749
90.8353
91.6188
92.3839
93.172
93.9415
94.7341
95.5087
96.3069
97.0882
97.8942
98.6848
99.5009
100.303
101.134
101.952
102.801
103.638
104.51
105.373
106.275
107.171
108.111
109.051
110.053
111.069
112.167
113.297
114.498
115.759
117.117
118.619
120.12
59.8717
60.0155
60.1693
60.3242
60.4923
60.6667
60.8559
61.0509
61.2622
61.4795
61.711
61.9446
62.1958
62.4539
62.7312
63.0149
63.3177
63.6262
63.9536
64.2859
64.6368
64.9926
65.3673
65.7478
66.1486
66.5572
66.9879
67.4285
67.8926
68.3684
68.8663
69.3742
69.9039
70.4469
71.0107
71.5873
72.1827
72.7918
73.4179
74.0581
74.7136
75.3849
76.07
76.7719
77.4863
78.2197
78.9636
79.7275
80.4996
81.2933
82.0926
82.9139
83.7378
84.5849
85.4316
86.3016
87.168
88.0583
88.9418
89.8492
90.7465
91.6663
92.5728
93.5035
94.4186
95.3563
96.2762
97.2182
98.1404
99.0826
100.004
100.944
101.862
102.794
103.707
104.631
105.537
106.451
107.348
108.252
109.141
110.033
110.914
111.795
112.668
113.54
114.404
115.269
116.127
116.987
117.842
118.709
119.576
120.456
121.333
122.208
123.08
123.92
124.793
125.454
57.1551
57.3027
57.4555
57.6172
57.7848
57.9696
58.1629
58.3739
58.5934
58.8306
59.0721
59.3256
59.5853
59.863
60.1491
60.4541
60.7682
61.1016
61.4442
61.8056
62.1756
62.5633
62.959
63.3718
63.793
64.2318
64.6808
65.1493
65.6305
66.1327
66.6481
67.1815
67.7288
68.2972
68.881
69.4845
70.1029
70.7392
71.3902
72.0582
72.7413
73.4405
74.1556
74.8862
75.6335
76.3954
77.1748
77.9679
78.7791
79.6026
80.4445
81.2973
82.1685
83.0485
83.9468
84.8518
85.7743
86.7012
87.645
88.5908
89.5524
90.5119
91.4849
92.4554
93.4386
94.4164
95.4053
96.3866
97.3765
98.3563
99.3416
100.314
101.289
102.25
103.208
104.15
105.086
106.003
106.909
107.794
108.663
109.508
110.332
111.13
111.9
112.642
113.351
114.029
114.668
115.276
115.84
116.371
116.858
117.305
117.714
118.091
118.44
118.755
119.09
119.234
54.8105
54.9721
55.1373
55.3146
55.4963
55.6965
55.904
56.1319
56.3687
56.6266
56.8896
57.1679
57.4521
57.7564
58.0682
58.4005
58.7415
59.1039
59.4763
59.8708
60.2758
60.7025
61.1398
61.5981
62.0671
62.5566
63.0579
63.5807
64.1176
64.6774
65.2523
65.8479
66.4605
67.0979
67.7549
68.436
69.137
69.8608
70.6049
71.3711
72.1582
72.9668
73.7975
74.6496
75.5252
76.4215
77.3425
78.2838
79.2506
80.2366
81.2486
82.2787
83.3349
84.4073
85.5053
86.6176
87.7545
88.9032
90.0751
91.2561
92.4583
93.6649
94.889
96.116
97.359
98.6013
99.8561
101.106
102.365
103.614
104.867
106.107
107.344
108.564
109.776
110.966
112.142
113.292
114.422
115.522
116.595
117.633
118.638
119.602
120.527
121.405
122.239
123.02
123.75
124.423
125.041
125.6
126.1
126.532
126.899
127.192
127.413
127.536
127.603
127.485
52.0775
52.2475
52.4186
52.5996
52.7844
52.9852
53.1922
53.4166
53.6496
53.9017
54.1601
54.4326
54.7124
55.0106
55.3174
55.6426
55.9768
56.3303
56.6942
57.0787
57.4751
57.8928
58.3235
58.7759
59.2418
59.729
60.2305
60.7539
61.2931
61.8554
62.4345
63.0346
63.6537
64.2989
64.9666
65.6609
66.3788
67.1233
67.8925
68.6884
69.5101
70.3587
71.2345
72.1379
73.0704
74.0308
75.0218
76.0412
77.0925
78.1722
79.2843
80.4243
81.597
82.7967
84.0283
85.2853
86.5729
87.8837
89.2226
90.5817
91.9657
93.3647
94.7823
96.2119
97.6568
99.1091
100.571
102.034
103.5
104.961
106.417
107.862
109.295
110.709
112.104
113.475
114.819
116.134
117.415
118.663
119.871
121.04
122.166
123.246
124.278
125.259
126.187
127.057
127.868
128.614
129.291
129.895
130.422
130.867
131.227
131.493
131.666
131.726
131.707
131.543
49.2278
49.3885
49.5517
49.7261
49.9039
50.0989
50.3004
50.5198
50.7473
50.9938
51.2469
51.5151
51.7914
52.087
52.3924
52.7171
53.0519
53.4066
53.7724
54.1592
54.5584
54.9798
55.4152
55.8742
56.3482
56.8466
57.3608
57.9002
58.4566
59.0393
59.6396
60.2643
60.9083
61.5825
62.2802
63.0094
63.7638
64.5506
65.3644
66.2118
67.0879
67.9985
68.9399
69.9171
70.9277
71.975
73.0584
74.1798
75.3398
76.5386
77.778
79.057
80.3784
81.7396
83.1443
84.5885
86.0766
87.6032
89.173
90.7794
92.4269
94.1065
95.8217
97.566
99.3432
101.145
102.973
104.819
106.683
108.556
110.436
112.316
114.191
116.053
117.896
119.714
121.501
123.251
124.959
126.621
128.229
129.782
131.272
132.7
134.056
135.343
136.549
137.679
138.721
139.686
140.566
141.376
142.106
142.768
143.358
143.881
144.341
144.738
145.157
145.363
46.9301
46.9919
47.0738
47.1662
47.2729
47.389
47.5207
47.6627
47.821
47.9899
48.1738
48.3657
48.5738
48.7938
49.0314
49.2818
49.5502
49.8326
50.1336
50.4499
50.7856
51.1385
51.5119
51.905
52.3198
52.7567
53.2163
53.7003
54.2077
54.7421
55.3003
55.8853
56.4952
57.1384
57.8103
58.5187
59.2576
60.0362
60.8474
61.7014
62.5904
63.5253
64.4978
65.5195
66.5821
67.6969
68.8558
70.0703
71.3325
72.6527
74.0239
75.4556
76.9412
78.4888
80.0924
81.7588
83.482
85.2673
87.1085
89.0089
90.9617
92.967
95.0154
97.1093
99.239
101.404
103.593
105.805
108.025
110.257
112.485
114.713
116.928
119.136
121.32
123.485
125.611
127.705
129.745
131.74
133.671
135.545
137.343
139.074
140.723
142.3
143.793
145.209
146.53
147.758
148.876
149.898
150.811
151.632
152.356
152.987
153.52
153.925
154.282
154.31
44.4362
44.5708
44.7061
44.8454
44.995
45.1451
45.3037
45.4638
45.6352
45.81
45.9951
46.1807
46.379
46.5828
46.8018
47.0274
47.2692
47.5192
47.7864
48.0631
48.3579
48.664
48.9894
49.3282
49.6876
50.0632
50.4608
50.8771
51.3167
51.7781
52.2633
52.7706
53.3029
53.864
54.4539
55.0765
55.7299
56.4205
57.1449
57.9109
58.7138
59.5631
60.453
61.3946
62.381
63.4246
64.5184
65.6756
66.8889
68.1722
69.5184
70.9417
72.4356
74.0142
75.6718
77.4222
79.2606
81.2006
83.2373
85.3838
87.6347
90.0006
92.4725
95.0618
97.7563
100.563
103.46
106.449
109.496
112.597
115.706
118.812
121.872
124.892
127.85
130.767
133.621
136.423
139.143
141.791
144.345
146.819
149.188
151.456
153.596
155.612
157.488
159.24
160.86
162.358
163.711
164.921
165.955
166.812
167.472
167.93
168.187
168.207
168.068
167.511
38.0095
38.2443
38.4493
38.6305
38.8034
38.9782
39.1539
39.3331
39.5176
39.7093
39.9076
40.1119
40.3261
40.5499
40.7862
41.0331
41.2942
41.5665
41.8543
42.154
42.4707
42.8
43.1478
43.5093
43.8914
44.289
44.7092
45.147
45.6098
46.0929
46.6022
47.1316
47.6898
48.2753
48.8942
49.5445
50.2312
50.9549
51.7187
52.5252
53.3754
54.2752
55.2228
56.2271
57.2839
58.4058
59.586
60.8401
62.1593
63.5617
65.0369
66.6045
68.2527
70.0018
71.8392
73.7849
75.8258
77.9805
80.2357
82.608
85.0835
87.675
90.3657
93.1698
96.072
99.0834
102.186
105.39
108.678
112.064
115.536
119.091
122.678
126.25
129.748
133.163
136.493
139.762
142.971
146.117
149.178
152.149
155.022
157.802
160.479
163.036
165.445
167.678
169.718
171.566
173.227
174.708
175.998
177.079
177.922
178.49
178.773
178.728
178.454
177.667
37.2044
36.9114
36.689
36.4868
36.2984
36.1376
35.9964
35.877
35.7697
35.6781
35.5991
35.5374
35.4869
35.4497
35.4227
35.4083
35.4046
35.4122
35.4311
35.4608
35.5027
35.5551
35.6207
35.697
35.7881
35.8905
36.0092
36.1402
36.2895
36.4522
36.6361
36.837
37.062
37.3064
37.5778
37.872
38.1969
38.5491
38.9365
39.3566
39.8169
40.3179
40.8657
41.4632
42.1158
42.8306
43.6117
44.4701
45.4091
46.4448
47.5806
48.8371
50.2187
51.751
53.4414
55.3209
57.4007
59.717
62.2865
65.1505
68.3295
71.8657
75.7792
80.1082
84.8625
90.0553
95.6585
101.63
107.774
113.816
119.482
124.701
129.611
134.42
139.196
143.85
148.251
152.366
156.275
160.08
163.825
167.481
171.004
174.379
177.633
180.8
183.894
186.892
189.749
192.422
194.886
197.144
199.199
201.053
202.681
204.038
205.076
205.701
205.979
205.503
55.9519
55.7981
55.657
55.5923
55.5468
55.5164
55.4871
55.4752
55.4633
55.463
55.4609
55.4663
55.4693
55.4795
55.4881
55.5029
55.5172
55.5371
55.5577
55.5833
55.611
55.6431
55.6787
55.7181
55.7625
55.8102
55.8645
55.9215
55.9868
56.0542
56.1321
56.2103
56.2999
56.3887
56.4919
56.5921
56.7102
56.825
56.9611
57.0952
57.2553
57.4171
57.6094
57.8096
58.0456
58.2955
58.5863
58.8979
59.2559
59.643
60.083
60.5617
61.0998
61.688
62.3446
63.0642
63.8626
64.7396
65.7113
66.7843
67.9807
69.3182
70.8349
72.5778
74.632
77.1193
80.2312
84.3874
90.2827
98.1032
106.832
115.04
122.022
128.162
134.066
140.021
145.883
151.444
156.586
161.395
165.989
170.471
174.828
179.037
183.056
186.905
190.607
194.202
197.679
201.026
204.185
207.126
209.803
212.198
214.273
215.987
217.271
218.019
218.175
217.414
34.8581
35.1011
35.244
35.4036
35.5533
35.6958
35.8219
35.9498
36.0696
36.1921
36.3057
36.4234
36.5354
36.6498
36.7605
36.8736
36.9843
37.097
37.2083
37.3211
37.4336
37.547
37.6611
37.7755
37.8915
38.0071
38.1253
38.2423
38.3629
38.4814
38.603
38.7208
38.8444
38.9613
39.0854
39.2006
39.3249
39.4372
39.5609
39.6732
39.8
39.917
40.0519
40.1814
40.3334
40.4861
40.6671
40.856
41.0824
41.329
41.6286
41.9693
42.3891
42.8881
43.5116
44.2783
45.2455
46.4637
48.0126
49.9884
52.5132
55.7506
59.9007
65.2234
72.0382
80.7515
91.6411
104.834
115.482
122.811
127.496
132.5
138.892
145.832
152.138
157.622
162.765
168.09
173.617
179.117
184.328
189.259
194.028
198.799
203.597
208.404
213.154
217.856
222.531
227.238
231.98
236.758
241.528
246.272
250.974
255.64
260.271
264.849
269.36
273.669
)
;

boundaryField
{
    airfoil
    {
        type            zeroGradient;
    }
    farBoundaries
    {
        type            zeroGradient;
    }
    inlet
    {
        type            freestream;
        freestreamValue uniform 1;
        value           nonuniform List<scalar> 
200
(
1
1
1
1
1
1
1
1
1
1
1
1
1
1
1
1
1
1
1
1
1
1
1
1
1
1
1
1
1
1
1
1
1
1
1
1
1
1
1
1
1
1
1
1
1
1
1
1
1
1
1
1
1
1
1
1
1
1
1
1
1
1
1
1
1
1
1
51.8589
85.9266
117.58
127.085
132.364
138.869
145.827
152.136
157.622
162.765
168.09
173.617
179.117
184.328
189.259
194.028
198.799
203.597
208.404
213.154
217.856
222.531
227.238
231.98
236.758
241.528
246.272
250.974
255.64
260.271
264.849
269.36
273.669
1
1
1
1
1
1
1
1
1
1
1
1
1
1
1
1
1
1
1
1
1
1
1
1
1
1
1
1
1
1
1
1
1
1
1
1
1
1
1
1
1
1
1
1
1
1
1
1
1
1
1
1
1
1
1
1
1
1
1
1
1
1
1
1
1
1
1
1
1
1
1
1
1
1
1
1
1
1
1
1
1
1
1
1
1
1
1
1
1
1
1
1
1
1
1
1
41.5326
44.9991
108.713
121.451
)
;
    }
    outlet
    {
        type            freestream;
        freestreamValue uniform 1;
        value           nonuniform List<scalar> 
40
(
110.878
111.598
111.87
111.855
111.874
112.302
112.883
113.566
114.184
114.834
115.37
115.742
115.803
115.47
114.566
113.05
111.743
111.165
111.023
111.071
105.401
105.469
105.442
105.252
104.899
104.536
104.486
104.87
105.444
106.134
106.852
107.623
108.354
109.031
109.576
109.997
110.247
110.375
110.445
110.548
)
;
    }
    defaultFaces
    {
        type            empty;
    }
}


// ************************************************************************* //
