/*--------------------------------*- C++ -*----------------------------------*\
  =========                 |
  \\      /  F ield         | OpenFOAM: The Open Source CFD Toolbox
   \\    /   O peration     | Website:  https://openfoam.org
    \\  /    A nd           | Version:  6.0
     \\/     M anipulation  |
\*---------------------------------------------------------------------------*/
FoamFile
{
    version     2.0;
    format      ascii;
    class       volScalarField;
    location    "13";
    object      p;
}
// * * * * * * * * * * * * * * * * * * * * * * * * * * * * * * * * * * * * * //

dimensions      [0 2 -2 0 0 0 0];

internalField   nonuniform List<scalar> 
4920
(
0.0191306
0.0192729
0.01947
0.0197385
0.020105
0.0205965
0.0212509
0.0220995
0.0231498
0.0243294
0.0253936
0.0257898
0.0245382
0.0209882
0.017161
0.0192658
0.0194091
0.0196101
0.0198845
0.0202578
0.0207589
0.0214264
0.0223026
0.0234179
0.0247528
0.0261743
0.0272887
0.0272211
0.0255465
0.0219007
0.0195861
0.0197322
0.0199415
0.0202286
0.0206187
0.0211396
0.0218303
0.0227345
0.023884
0.0252653
0.0267384
0.0278972
0.0276893
0.0256141
0.0206014
0.0201092
0.0202545
0.0204662
0.0207628
0.02117
0.0217157
0.022437
0.0233787
0.0245798
0.0260333
0.0276182
0.0289363
0.0287654
0.0262573
0.0210278
0.0208725
0.0210238
0.0212364
0.0215312
0.0219398
0.0224949
0.0232392
0.0242222
0.0254915
0.0270658
0.0288496
0.0305196
0.0307688
0.0283148
0.0230417
0.0217555
0.0219219
0.0221481
0.0224574
0.0228817
0.0234575
0.024232
0.0252608
0.0266032
0.0282854
0.030249
0.0322248
0.0328618
0.0304895
0.0244769
0.0228125
0.0229983
0.0232414
0.0235658
0.0240074
0.0246062
0.0254153
0.0264939
0.0279007
0.0296699
0.0317245
0.0338229
0.0345691
0.0320324
0.0249431
0.0239645
0.0241696
0.0244377
0.0247942
0.0252727
0.0259152
0.0267764
0.0279174
0.0293972
0.0312315
0.0333376
0.0354408
0.0360694
0.0331077
0.0249973
0.025324
0.0255425
0.0258287
0.0262073
0.0267175
0.0274036
0.0283255
0.0295438
0.0311087
0.0330389
0.0351885
0.0372573
0.0376448
0.0341158
0.0252603
0.0267584
0.0269936
0.0273093
0.0277327
0.0283002
0.0290583
0.0300681
0.0313899
0.033077
0.0351238
0.0373839
0.0394826
0.0396364
0.0354554
0.0259776
0.0284921
0.0287362
0.029067
0.0295152
0.0301238
0.0309455
0.0320476
0.0334907
0.0353214
0.0375528
0.0399724
0.0421554
0.0420961
0.0372123
0.0271695
0.0303278
0.0305976
0.030968
0.0314728
0.0321521
0.0330643
0.0342808
0.0358675
0.0378843
0.0403272
0.0429965
0.0453652
0.0451568
0.0394814
0.0287739
0.032491
0.032777
0.033172
0.0337157
0.0344545
0.035454
0.0367928
0.0385447
0.0407707
0.0435023
0.0464527
0.0490426
0.0486656
0.0421081
0.0306649
0.0347969
0.0351126
0.0355499
0.0361569
0.0369794
0.0380915
0.0395802
0.041527
0.0440147
0.0470564
0.0503697
0.0532511
0.0527151
0.0450994
0.032832
0.0373948
0.0377432
0.0382199
0.0388804
0.0397811
0.041008
0.0426602
0.0448283
0.0476065
0.0510229
0.0547247
0.0578907
0.0571133
0.048269
0.0351308
0.0400188
0.0404226
0.0409735
0.0417363
0.0427634
0.0441513
0.0460058
0.0484332
0.0515447
0.0553788
0.0595528
0.0630663
0.0620077
0.0517048
0.0376562
0.0428691
0.0433378
0.0439635
0.0448236
0.0459785
0.047537
0.0496127
0.052334
0.0558384
0.060172
0.0648603
0.0686915
0.0671925
0.0551832
0.0402143
0.0458306
0.0463766
0.0470988
0.0480852
0.0493983
0.0511538
0.0534958
0.0565601
0.0605208
0.0654303
0.0707304
0.0749118
0.0728599
0.0588451
0.042986
0.0491471
0.0497538
0.0505516
0.0516468
0.0531102
0.0550777
0.0576962
0.0611505
0.0656471
0.071231
0.0771763
0.0816196
0.0787428
0.0624286
0.0457431
0.0528276
0.0534748
0.0543277
0.0555155
0.0571232
0.0593028
0.0622399
0.0661356
0.0712339
0.0775798
0.0842536
0.0889703
0.0850622
0.06618
0.0487478
0.0566705
0.0574015
0.0583408
0.0596437
0.0614102
0.0638278
0.0671055
0.0714908
0.0772887
0.0844949
0.0919382
0.0967892
0.091455
0.0697173
0.0516887
0.0606277
0.06145
0.0624955
0.0639371
0.0658902
0.0685718
0.0722386
0.0771922
0.0837622
0.0919358
0.10025
0.105216
0.0981248
0.073369
0.0548728
0.0644437
0.0653835
0.0665695
0.0682012
0.0704038
0.0734245
0.0775611
0.0831615
0.0906356
0.0999194
0.109144
0.114024
0.104593
0.0766747
0.0579779
0.0684906
0.0694986
0.0707758
0.072556
0.0749913
0.0783654
0.0830273
0.0893871
0.0978745
0.108407
0.11865
0.123359
0.11109
0.080086
0.061348
0.072169
0.0733174
0.0747628
0.0767752
0.0795225
0.0833346
0.0886178
0.0958182
0.105505
0.117449
0.128753
0.132917
0.117022
0.083063
0.0646582
0.076009
0.0772522
0.0788239
0.08103
0.0840766
0.0883456
0.0942952
0.102507
0.11351
0.127045
0.13947
0.142809
0.122613
0.0861853
0.0682684
0.079242
0.0806652
0.082465
0.0849867
0.08845
0.0932898
0.100068
0.109387
0.121966
0.137268
0.150792
0.152617
0.127182
0.0888894
0.0718408
0.0830999
0.084535
0.0863887
0.0890617
0.092849
0.0982531
0.105902
0.116558
0.13085
0.148078
0.162696
0.162364
0.131024
0.091903
0.0756948
0.0860336
0.0876372
0.0897178
0.0927365
0.097013
0.103131
0.11184
0.123924
0.140228
0.159596
0.175109
0.171455
0.13341
0.0946552
0.0795272
0.089433
0.0911069
0.0932987
0.0965183
0.101192
0.108002
0.117793
0.131573
0.150019
0.17167
0.187893
0.179793
0.134754
0.0980122
0.083587
0.0915586
0.0934737
0.0959965
0.0996824
0.104962
0.112631
0.123719
0.139262
0.160303
0.184484
0.200892
0.186638
0.134371
0.101391
0.0875865
0.0944185
0.0963586
0.0989539
0.10282
0.108532
0.117002
0.129388
0.147121
0.170895
0.197714
0.21379
0.19183
0.13292
0.105705
0.0916236
0.0962454
0.0983153
0.101121
0.105335
0.111566
0.120919
0.134824
0.1548
0.181952
0.21168
0.226269
0.194579
0.129876
0.110389
0.0955189
0.0984912
0.100471
0.103251
0.107556
0.114176
0.124347
0.139876
0.162723
0.19323
0.225815
0.23779
0.194795
0.126206
0.116299
0.0991779
0.0994368
0.101502
0.104437
0.10905
0.116125
0.127431
0.144819
0.17038
0.205087
0.240586
0.247881
0.191892
0.121569
0.122791
0.102496
0.100919
0.102801
0.105673
0.110317
0.117964
0.130087
0.149402
0.178547
0.216982
0.255054
0.255824
0.186037
0.117155
0.130472
0.10518
0.101094
0.103041
0.106018
0.110985
0.118833
0.132237
0.153783
0.185868
0.229469
0.269695
0.261053
0.177055
0.112817
0.138702
0.107278
0.10063
0.102307
0.105171
0.110079
0.11864
0.133148
0.157041
0.19368
0.241568
0.282945
0.262583
0.165363
0.109696
0.147697
0.108272
0.0978964
0.0994179
0.102154
0.107286
0.116281
0.132671
0.15944
0.199817
0.254034
0.29509
0.260046
0.151343
0.107647
0.15678
0.108349
0.0929122
0.0939822
0.0965307
0.101767
0.111903
0.129754
0.160125
0.206194
0.265047
0.303919
0.252648
0.135774
0.107531
0.165811
0.106934
0.0841215
0.0850068
0.0874787
0.0931509
0.10385
0.12471
0.158871
0.209516
0.275411
0.309484
0.240362
0.119417
0.109011
0.174214
0.104343
0.0726189
0.0726853
0.074628
0.0801727
0.0923691
0.11552
0.155014
0.212628
0.28221
0.308976
0.222581
0.102993
0.112289
0.181542
0.0999641
0.056216
0.0551313
0.056245
0.0617438
0.0749591
0.102248
0.147166
0.210629
0.286311
0.303303
0.200989
0.087718
0.11679
0.187441
0.0942564
0.032737
0.0301968
0.0302077
0.0356948
0.0507043
0.0807575
0.134704
0.206678
0.284037
0.289392
0.17648
0.0749571
0.122444
0.191558
0.0868444
0.000584891
-0.00406135
-0.00540633
-0.000520274
0.0165638
0.0530474
0.115194
0.194902
0.275616
0.267289
0.147933
0.0631093
0.1276
0.19378
0.0782829
-0.042637
-0.0500658
-0.0537672
-0.0472484
-0.0255946
0.0147805
0.0888425
0.177222
0.255877
0.241159
0.123185
0.0521526
0.130088
0.193321
0.0684667
-0.0989119
-0.109779
-0.113223
-0.104889
-0.0775293
-0.0323647
0.0474862
0.139347
0.227657
0.220261
0.107245
0.0388632
0.12735
0.189476
0.057574
-0.167828
-0.181936
-0.186978
-0.172828
-0.139162
-0.0911969
-0.0306346
0.0635713
0.19149
0.206297
0.0884862
0.0178222
0.118288
0.18203
0.0461519
-0.251716
-0.269705
-0.270556
-0.250519
-0.217507
-0.188912
-0.181923
-0.0727677
0.139127
0.175618
0.0474518
-0.0188068
0.10037
0.171415
0.0347245
-0.348905
-0.364415
-0.361919
-0.35042
-0.337964
-0.364417
-0.415717
-0.265507
0.0647162
0.109645
-0.0117843
-0.0680581
0.0741041
0.157949
0.0251518
-0.47382
-0.493238
-0.497818
-0.51451
-0.595059
-0.676449
-0.759358
-0.497445
-0.0724887
-0.0214978
-0.0817555
-0.121506
0.0421669
0.141956
0.0170721
-0.658607
-0.697891
-0.754201
-0.854893
-1.12567
-1.27503
-1.30259
-0.836404
-0.368273
-0.281793
-0.15647
-0.166386
0.0134924
0.128946
0.0124226
-0.917559
-1.00819
-1.17928
-1.48954
-1.9095
-2.0311
-2.05837
-1.3962
-0.818816
-0.666764
-0.226808
-0.199865
-0.00788047
0.121815
0.0114633
-1.18367
-1.3254
-1.62686
-2.1388
-2.54782
-2.7472
-2.77784
-1.79564
-1.08776
-1.01769
-0.258539
-0.20259
-0.0108061
0.123753
0.0156276
-1.30321
-1.48901
-1.87291
-2.44695
-2.94725
-3.47803
-2.70676
-1.91734
-1.12798
-1.11927
-0.238759
-0.156151
0.0136545
0.135551
0.0244289
-1.10718
-1.41539
-1.8513
-2.37031
-2.97968
-4.45095
-2.00007
-1.84013
-0.83272
-0.750354
-0.127918
0.00702816
0.0679112
0.155011
0.037026
-0.49082
-0.897458
-1.23901
-1.38364
-1.50825
-2.58279
-0.353817
-0.583997
0.220793
-0.0453518
0.110432
0.270597
0.126892
0.174474
0.0494608
0.365516
0.182024
0.275665
1.17988
2.76503
4.26353
3.23137
2.03618
1.12884
0.508677
0.347431
0.460872
0.1714
0.189054
0.0583126
1.33012
1.66664
2.44312
4.21037
6.8495
8.3706
5.96521
3.9837
1.30998
0.711058
0.437942
0.541554
0.199673
0.196687
0.0619573
2.54458
3.46108
4.65047
6.66619
9.15139
9.48299
6.78287
4.28468
1.03072
0.677479
0.448858
0.567489
0.209923
0.199954
0.0632653
0.0392176
0.0394184
0.0372711
0.0354045
0.0343213
0.0335265
0.0326518
0.0316814
0.0309249
0.0303237
0.0250258
0.0223895
0.0197378
0.0182988
0.0174977
0.016587
0.0152554
0.0136027
0.0117267
0.00941184
0.0209087
0.0216443
0.0226152
0.0232065
0.0231081
0.0223764
0.0212734
0.020145
0.0194989
0.0191172
0.0218726
0.0223631
0.0221887
0.021021
0.0191858
0.0171826
0.0153659
0.0139424
0.0130674
0.0122152
0.0219407
0.0210527
0.0194578
0.017441
0.0154547
0.0138859
0.0128982
0.0124959
0.0127819
0.0132706
0.0200889
0.0183489
0.0163381
0.0144643
0.0130274
0.0121958
0.0119597
0.0122067
0.0129762
0.0137685
0.0176925
0.0156655
0.0138013
0.0123351
0.0114003
0.011044
0.0111929
0.0116946
0.0125754
0.013355
0.0159492
0.0138475
0.0121866
0.01098
0.0102907
0.0101359
0.0104453
0.0110642
0.0120312
0.0128585
0.0151
0.0129049
0.011201
0.00996993
0.00923173
0.00906518
0.00942696
0.0101418
0.0113258
0.0123939
0.0150354
0.0125078
0.0104898
0.00888329
0.00782733
0.00746323
0.00778434
0.00863937
0.0101614
0.0115973
0.0154555
0.0124413
0.00978904
0.00750273
0.00584871
0.0050883
0.00528354
0.00625744
0.00822111
0.0102166
0.0161991
0.0125106
0.00895988
0.00569309
0.00317958
0.00183694
0.00180633
0.00290463
0.00547686
0.00815943
0.0171191
0.0126135
0.00793459
0.0034439
-0.000149523
-0.00223074
-0.00256094
-0.00130949
0.00198894
0.0056171
0.0182151
0.0127431
0.00672853
0.000775444
-0.00411802
-0.00711
-0.00782831
-0.00640044
-0.00215996
0.00260223
0.0194534
0.0129184
0.0054282
-0.00218372
-0.00858309
-0.0126715
-0.0138952
-0.0122871
-0.00700321
-0.000855248
0.0208465
0.0131722
0.00404283
-0.00545428
-0.0136212
-0.0190378
-0.0208864
-0.0190994
-0.0125731
-0.00482358
0.0223926
0.0135791
0.00270695
-0.00885637
-0.0190454
-0.0260091
-0.0286195
-0.026673
-0.018793
-0.00923435
0.02412
0.0141249
0.00134374
-0.0125538
-0.025064
-0.0338066
-0.0372574
-0.0350973
-0.0256092
-0.0139525
0.0260534
0.0148882
0.000136353
-0.0163033
-0.0313588
-0.0420425
-0.0464272
-0.0440028
-0.0327444
-0.0187638
0.0281284
0.0157567
-0.00122823
-0.0204957
-0.0383335
-0.0510635
-0.0562872
-0.0533949
-0.0399948
-0.0232283
0.030388
0.01683
-0.00251024
-0.0247753
-0.0455272
-0.0603424
-0.0663659
-0.0628903
-0.0471622
-0.0275788
0.0328237
0.0179312
-0.00414338
-0.0297162
-0.0535326
-0.070393
-0.0769732
-0.0725775
-0.0540874
-0.0312435
0.0354832
0.0192351
-0.00576261
-0.03479
-0.0617145
-0.0805632
-0.087611
-0.0821579
-0.0607478
-0.0345894
0.0383593
0.0204388
-0.00801016
-0.0408039
-0.0708486
-0.0914968
-0.0986213
-0.0916587
-0.0667955
-0.0367583
0.0414309
0.0217612
-0.0103876
-0.0470473
-0.080166
-0.102486
-0.109542
-0.100946
-0.0724757
-0.0385755
0.0447033
0.0227988
-0.013611
-0.054438
-0.0905335
-0.11423
-0.120802
-0.110062
-0.0774889
-0.0391432
0.0481065
0.023851
-0.0170543
-0.0620729
-0.101012
-0.125933
-0.131886
-0.11897
-0.0822351
-0.0394746
0.0515622
0.0243906
-0.0215499
-0.070894
-0.112389
-0.138124
-0.142996
-0.12748
-0.0860997
-0.0384354
0.0550056
0.024742
-0.026379
-0.0799166
-0.123697
-0.150024
-0.153662
-0.135601
-0.0896148
-0.0371869
0.0582536
0.0242746
-0.0324665
-0.0901121
-0.135688
-0.162076
-0.163995
-0.143067
-0.0920661
-0.0344594
0.0612881
0.0234098
-0.0389637
-0.100403
-0.147383
-0.173566
-0.173626
-0.149991
-0.0941232
-0.0314952
0.0638333
0.0215004
-0.0467603
-0.111622
-0.159322
-0.184712
-0.18246
-0.155976
-0.0949216
-0.0269365
0.0659283
0.0190078
-0.0549705
-0.122754
-0.170692
-0.195014
-0.190349
-0.161277
-0.0952568
-0.0220908
0.0671586
0.0152525
-0.0644398
-0.134548
-0.181905
-0.204574
-0.197125
-0.165421
-0.0942659
-0.0156287
0.067655
0.0108104
-0.0742157
-0.146056
-0.192328
-0.213132
-0.202865
-0.168764
-0.0929061
-0.00901146
0.0669969
0.00519854
-0.0848908
-0.157742
-0.202082
-0.220576
-0.207266
-0.170783
-0.0901993
-0.00102584
0.0653801
-0.00102256
-0.0956037
-0.168868
-0.210824
-0.226892
-0.210595
-0.171915
-0.0870093
0.00686836
0.0623431
-0.00819454
-0.10673
-0.17969
-0.218512
-0.231868
-0.212493
-0.171547
-0.0824933
0.0158309
0.0581687
-0.0157538
-0.117538
-0.189693
-0.225105
-0.235774
-0.213449
-0.17027
-0.0776491
0.0244668
0.0525666
-0.0236486
-0.127975
-0.198788
-0.230307
-0.238293
-0.213037
-0.167548
-0.0717502
0.0337815
0.0458004
-0.0314975
-0.137493
-0.206618
-0.234225
-0.239779
-0.211779
-0.164035
-0.0657338
0.0425654
0.0377667
-0.0390061
-0.145739
-0.21283
-0.236396
-0.239854
-0.209152
-0.159256
-0.0589653
0.0517111
0.028699
-0.046072
-0.152518
-0.217368
-0.23716
-0.238995
-0.20566
-0.153968
-0.0523447
0.0601383
0.018952
-0.051899
-0.157215
-0.219794
-0.236108
-0.236934
-0.200931
-0.147868
-0.0454097
0.0685795
0.00911334
-0.0563115
-0.159851
-0.220286
-0.233695
-0.234166
-0.195549
-0.14163
-0.038893
0.0761844
0.00016511
-0.0581168
-0.159791
-0.218535
-0.229658
-0.230244
-0.18932
-0.135121
-0.032482
0.0835322
-0.00765728
-0.0576687
-0.157534
-0.215059
-0.224576
-0.225533
-0.182874
-0.128913
-0.0267626
0.0899321
-0.0135121
-0.0541131
-0.152881
-0.209949
-0.218543
-0.219869
-0.176163
-0.123003
-0.021542
0.0958071
-0.0171449
-0.0479522
-0.146535
-0.203872
-0.212265
-0.213773
-0.169748
-0.117816
-0.0172252
0.100678
-0.0178229
-0.0389402
-0.138837
-0.197042
-0.205819
-0.207583
-0.163878
-0.113545
-0.0137508
0.104817
-0.0165059
-0.0285024
-0.131024
-0.190466
-0.200013
-0.202094
-0.159033
-0.110469
-0.0113747
0.107879
-0.0127465
-0.0168632
-0.123083
-0.184461
-0.195483
-0.197964
-0.155609
-0.108852
-0.0101131
0.110056
-0.0072855
-0.00583668
-0.11591
-0.179373
-0.192447
-0.195496
-0.153769
-0.108741
-0.0100451
0.111173
0.000163086
0.00443849
-0.110036
-0.175674
-0.191169
-0.194871
-0.153597
-0.110164
-0.0110973
0.111408
0.0090372
0.0139529
-0.104955
-0.173082
-0.191183
-0.195712
-0.154777
-0.112755
-0.0130403
0.11087
0.0186107
0.0224836
-0.100297
-0.171161
-0.191847
-0.197355
-0.15679
-0.115903
-0.0154238
0.110082
0.0269639
0.0288527
-0.0967637
-0.170083
-0.192916
-0.199329
-0.1591
-0.118935
-0.0177094
0.10948
0.0326971
0.0325779
-0.0946601
-0.169884
-0.194146
-0.201242
-0.161185
-0.121236
-0.0193026
0.109465
0.0347856
0.0339479
-0.0939822
-0.170328
-0.195252
-0.202722
-0.162591
-0.122535
-0.0199044
0.109819
0.0352924
0.0343942
-0.0938965
-0.170744
-0.195959
-0.203473
-0.163243
-0.122982
-0.0198002
0.110047
0.0327516
0.0330728
0.0332667
0.0334214
0.0333008
0.0326154
0.0312091
0.0291534
0.0266239
0.0238165
0.0209072
0.0179956
0.0151635
0.0123787
0.0095514
0.00570091
0.0100868
0.0111357
0.0127041
0.014267
0.015396
0.0159626
0.0159696
0.0155389
0.0147755
0.0137589
0.0125403
0.0111629
0.00960289
0.00783676
0.00564946
0.00293904
0.0228139
0.0238349
0.0249519
0.0258942
0.0263184
0.0260681
0.0251006
0.023527
0.0214852
0.0191094
0.0165621
0.0139153
0.0112134
0.00842528
0.00532441
0.00210125
0.0142061
0.0151734
0.0163628
0.0174977
0.0182675
0.0185783
0.018404
0.0178514
0.0169874
0.0158633
0.014454
0.0127541
0.0107152
0.00830254
0.00532895
0.00209437
0.0160598
0.0168711
0.0176101
0.018168
0.0184195
0.0183445
0.0179284
0.0172593
0.0164168
0.0153887
0.0141493
0.0126068
0.0106638
0.00827008
0.00526687
0.0019834
0.0154171
0.0158917
0.0162966
0.0166133
0.0167453
0.0166795
0.0163532
0.0158399
0.0152125
0.0144849
0.0135725
0.0123399
0.010627
0.00833705
0.00532957
0.00189211
0.0140328
0.0142686
0.0144927
0.014735
0.0148868
0.0149211
0.0147455
0.0144154
0.0140105
0.0135376
0.0129204
0.0119815
0.0105094
0.00836049
0.00540429
0.00183667
0.013086
0.0131914
0.01333
0.0135339
0.0136816
0.0137243
0.0135757
0.0133021
0.0130084
0.0127213
0.0123428
0.011664
0.0104155
0.0084105
0.00551605
0.00181368
0.0125366
0.0125823
0.0126542
0.0127917
0.0128713
0.0128492
0.0126554
0.012373
0.0121332
0.0119855
0.0118259
0.0113869
0.0103456
0.00847103
0.0056387
0.00181055
0.0120893
0.0122057
0.0123129
0.0124305
0.0124247
0.0122725
0.0119499
0.0115813
0.0113452
0.0113264
0.0113696
0.0111649
0.0103321
0.00858843
0.00581618
0.00184167
0.0113262
0.0115783
0.0117696
0.0119022
0.0118421
0.011597
0.0111863
0.0107687
0.0106048
0.0107251
0.0109794
0.0109918
0.0103475
0.00871727
0.00600401
0.00189329
0.0103181
0.010778
0.0111048
0.0112837
0.0112
0.010886
0.0103996
0.0100081
0.00990908
0.0102003
0.0106646
0.0108942
0.0104436
0.00891911
0.0062505
0.00197542
0.00916059
0.0099629
0.0105408
0.0108225
0.0107215
0.010299
0.00973463
0.00929618
0.00928515
0.00973851
0.0104065
0.0108517
0.0105793
0.00914174
0.0065103
0.00207438
0.0080809
0.00927127
0.0101096
0.0104813
0.0103465
0.00979986
0.00910131
0.00863202
0.00869272
0.00932616
0.0102349
0.0109195
0.0108191
0.00944778
0.0068227
0.00219021
0.00684243
0.00856977
0.00979703
0.0103276
0.0101614
0.00946027
0.00859208
0.00804341
0.00817127
0.00899267
0.0101465
0.0110624
0.0111061
0.00977625
0.00714246
0.0023114
0.00557772
0.00787635
0.0095085
0.0102174
0.0100713
0.00925876
0.00824351
0.00760717
0.0077934
0.00881252
0.0102193
0.0113615
0.0115119
0.0101862
0.00749748
0.00242676
0.00415097
0.00718071
0.00938275
0.0103876
0.0103062
0.00937434
0.00815515
0.0074022
0.00761198
0.00880489
0.0104404
0.0117663
0.0119706
0.0106149
0.00784728
0.00253002
0.00261709
0.00645759
0.00930021
0.0106538
0.0106618
0.00961559
0.0082265
0.00737647
0.00765886
0.00904119
0.0108906
0.0123487
0.0125403
0.0111039
0.00820061
0.00259911
0.00121617
0.00582427
0.00921974
0.0108155
0.0108699
0.00976895
0.00834466
0.00751873
0.00791049
0.00947541
0.0114983
0.013028
0.0131476
0.0115971
0.00853126
0.00264018
-2.49466e-05
0.0051454
0.00892783
0.0107268
0.0109234
0.00996412
0.00863229
0.00793289
0.00848651
0.0102166
0.0123568
0.0138722
0.0138409
0.012121
0.00883221
0.00262279
-0.00117515
0.00468153
0.00899149
0.0110694
0.0114279
0.0105795
0.00934645
0.00873487
0.00938174
0.0112146
0.0133852
0.0148003
0.014555
0.0126327
0.00909331
0.00256556
-0.00208039
0.00440436
0.00923082
0.0116033
0.0121775
0.0114499
0.0103562
0.00988658
0.0106669
0.0125599
0.0146466
0.0158485
0.0153095
0.0131317
0.00928843
0.00243199
-0.00245604
0.00454094
0.00975284
0.0123583
0.0130606
0.0125627
0.011643
0.0113343
0.0122175
0.0141097
0.0160211
0.016932
0.0160519
0.013595
0.00942788
0.00225487
-0.00247558
0.00490358
0.0104556
0.0132933
0.0142708
0.0139626
0.013318
0.0132187
0.0141793
0.0159751
0.0175681
0.0180733
0.0167822
0.0140011
0.0094708
0.00199357
-0.00190346
0.00583672
0.0116971
0.0147821
0.015971
0.0160087
0.0155163
0.0155035
0.0164209
0.0180126
0.0191805
0.0192102
0.0174728
0.0143512
0.00944758
0.00169291
-0.000870206
0.00715462
0.0133608
0.0167999
0.0183837
0.018586
0.0183477
0.0183642
0.0190967
0.020309
0.0208821
0.0203264
0.0180892
0.014599
0.00930611
0.00131309
0.000850333
0.00919459
0.0158032
0.0195912
0.0214616
0.0220759
0.0217892
0.0216547
0.0220242
0.0227271
0.0225989
0.0214
0.0186393
0.0147741
0.00909687
0.00090754
0.00326451
0.0118773
0.0187985
0.0230521
0.0253965
0.0261003
0.0259733
0.0255824
0.0253731
0.0253649
0.0243521
0.0223996
0.0190689
0.0148131
0.00875956
0.000437063
0.00635623
0.0151948
0.0226028
0.0272275
0.0299455
0.0310887
0.0307158
0.0298806
0.0289185
0.0280887
0.0260985
0.0233433
0.0194216
0.0147725
0.00836126
-4.07238e-05
0.0104341
0.0195172
0.0271475
0.032277
0.0354126
0.0365584
0.0361771
0.0347301
0.0327598
0.0309251
0.027795
0.0241499
0.0196117
0.0145749
0.00784093
-0.000560384
0.0154828
0.0248113
0.0328876
0.0382363
0.0416623
0.0430372
0.0420439
0.0397773
0.0366561
0.0337594
0.0294349
0.0248769
0.0197152
0.0142999
0.00727755
-0.00106538
0.02169
0.0312023
0.0394579
0.0452427
0.0487936
0.0498471
0.0484473
0.0451507
0.0406705
0.0365845
0.030938
0.0254096
0.0196222
0.0138585
0.00660931
-0.00158696
0.0288405
0.0386002
0.0472574
0.0530721
0.0566297
0.0574283
0.0549454
0.0504812
0.0445867
0.0393255
0.0323437
0.0258465
0.0194383
0.0133483
0.00592144
-0.00207307
0.0374066
0.0473648
0.0560553
0.0619411
0.0651086
0.0650919
0.0616961
0.0558754
0.0484245
0.0419204
0.0335209
0.0260391
0.0190383
0.0126799
0.00515841
-0.00254978
0.0473738
0.0574138
0.0661189
0.071615
0.0742214
0.0733181
0.068323
0.0610693
0.0520642
0.0443721
0.034571
0.0261287
0.0185544
0.0119641
0.00440554
-0.0029744
0.0582405
0.0684726
0.0770018
0.082031
0.0837221
0.0814553
0.0750183
0.0661779
0.0555167
0.0465932
0.0353293
0.0259403
0.0178476
0.0111103
0.00361185
-0.00336973
0.0701599
0.0804128
0.0887028
0.0930554
0.0936657
0.0898985
0.0814507
0.0710188
0.0587389
0.0486496
0.0359496
0.0256487
0.0170678
0.0102349
0.00285778
-0.00370288
0.0827964
0.0932162
0.101083
0.104491
0.103653
0.0980607
0.0877487
0.0756292
0.0616699
0.0503982
0.0362336
0.0250658
0.0160778
0.009256
0.00210001
-0.00399288
0.09638
0.106688
0.113978
0.116247
0.113774
0.106189
0.0936471
0.0799151
0.0643492
0.0519697
0.0363798
0.0243907
0.0150377
0.00828853
0.00140778
-0.00421879
0.110277
0.120651
0.127102
0.127901
0.123507
0.113816
0.0992234
0.0838632
0.0666713
0.0531859
0.0361628
0.023422
0.0138111
0.00725762
0.000742796
-0.00439705
0.124721
0.134794
0.140262
0.13941
0.132959
0.121121
0.104323
0.0874728
0.0687502
0.0542333
0.0358179
0.0223756
0.0125611
0.00627169
0.000161933
-0.00451601
0.139077
0.148979
0.153125
0.150316
0.141704
0.127813
0.108949
0.0906516
0.0704186
0.0549007
0.0351176
0.0210649
0.0111703
0.0052688
-0.000367266
-0.00458889
0.153472
0.162893
0.165591
0.160687
0.149877
0.133983
0.113097
0.0935196
0.0718782
0.0554313
0.0343146
0.0197058
0.00979469
0.00434406
-0.000803728
-0.00461265
0.167503
0.176405
0.177356
0.170148
0.157238
0.139561
0.116719
0.0959366
0.0729083
0.0555352
0.0331784
0.018119
0.00833033
0.00344436
-0.00117628
-0.00459763
0.181234
0.189426
0.188424
0.178828
0.16394
0.14457
0.119923
0.0981126
0.0737763
0.055445
0.0319719
0.0165114
0.00691997
0.00264925
-0.00145711
-0.00454575
0.194513
0.201768
0.198475
0.186465
0.169894
0.149066
0.122544
0.0998239
0.074146
0.0548505
0.0304935
0.0147406
0.00548428
0.00191469
-0.00167135
-0.00446395
0.207311
0.213397
0.207507
0.193098
0.175102
0.15289
0.124805
0.101372
0.0742882
0.0540291
0.0290309
0.0130081
0.00414957
0.00130097
-0.0018041
-0.00435772
0.219493
0.224114
0.215283
0.198683
0.179648
0.156246
0.126433
0.102389
0.0738034
0.0526764
0.027345
0.0112301
0.00286642
0.000771469
-0.00187746
-0.00423079
0.231012
0.233902
0.221775
0.203203
0.183415
0.158837
0.127742
0.103176
0.0730305
0.0511142
0.0256377
0.00960354
0.00175225
0.000371768
-0.00188452
-0.00408975
0.241905
0.242688
0.226911
0.206845
0.186639
0.161008
0.128363
0.103295
0.0715613
0.0490581
0.0237609
0.00805152
0.000769824
6.97494e-05
-0.00184371
-0.00393514
0.252553
0.250478
0.230557
0.209437
0.189025
0.162338
0.128722
0.103118
0.0697964
0.0468504
0.0219036
0.00670364
-4.08037e-06
-0.0001082
-0.00175385
-0.00377394
0.263039
0.257255
0.232868
0.211371
0.190941
0.163317
0.128359
0.102153
0.0672986
0.0442202
0.0199584
0.00548788
-0.000610354
-0.000195625
-0.00163014
-0.00360397
0.273376
0.262631
0.233456
0.212199
0.191887
0.163419
0.127808
0.100803
0.0644474
0.0414917
0.0181187
0.00449894
-0.0010045
-0.000180572
-0.0014736
-0.00343179
0.283416
0.266479
0.232779
0.212504
0.192358
0.163258
0.126599
0.0985777
0.0608359
0.0384251
0.0162982
0.00367915
-0.00123099
-9.78612e-05
-0.00129635
-0.00325299
0.292931
0.268113
0.230215
0.211618
0.19179
0.162296
0.125247
0.0958899
0.0568353
0.035314
0.0146631
0.00309548
-0.00127061
5.68427e-05
-0.00109943
-0.00307398
0.302557
0.268422
0.22695
0.210337
0.190749
0.161097
0.123147
0.0923196
0.0521513
0.0319295
0.0131095
0.00268404
-0.00117613
0.000248872
-0.000892005
-0.00288876
0.310574
0.266917
0.223084
0.208223
0.188606
0.158919
0.120578
0.08831
0.0474248
0.0286025
0.0117433
0.00246495
-0.00095325
0.000480708
-0.000673614
-0.00270363
0.310891
0.261661
0.218865
0.205856
0.185826
0.156269
0.117008
0.0838377
0.042885
0.0253619
0.0104551
0.0023392
-0.000675429
0.000717534
-0.000451266
-0.00251152
0.298785
0.251617
0.211642
0.201757
0.181512
0.15276
0.112803
0.0795754
0.0390996
0.0226248
0.0093524
0.00230264
-0.000359778
0.000966044
-0.00022228
-0.002319
0.276823
0.239488
0.202426
0.195927
0.176235
0.148651
0.108057
0.075676
0.0359567
0.0202366
0.00831878
0.00226281
-7.5258e-05
0.00119637
8.47578e-06
-0.00211818
0.243479
0.222771
0.192467
0.188065
0.170086
0.143922
0.103466
0.0724713
0.0334705
0.0182471
0.00740446
0.00223752
0.000190965
0.00142623
0.000245674
-0.00191585
0.190742
0.201286
0.184283
0.179513
0.16377
0.138952
0.0993937
0.0699835
0.0314831
0.0164512
0.00645498
0.00213141
0.000382438
0.00162148
0.000477177
-0.00170754
0.127664
0.178558
0.177911
0.172425
0.157878
0.134219
0.0963022
0.0683879
0.0301399
0.0149561
0.00552481
0.00197
0.00052577
0.00179564
0.000697818
-0.00150668
0.0843096
0.154635
0.173981
0.168294
0.152999
0.130288
0.094689
0.0677764
0.0294719
0.0137388
0.00453329
0.00167311
0.000569439
0.00191824
0.000896802
-0.00130871
0.0730109
0.132885
0.171306
0.166518
0.149758
0.128053
0.0947429
0.0681044
0.0295048
0.0129167
0.00358572
0.00130519
0.000565961
0.00202446
0.00108399
-0.00111962
0.0765981
0.122378
0.168172
0.165305
0.148017
0.12785
0.0964499
0.0692926
0.0301955
0.0124867
0.0026472
0.000798078
0.000455352
0.00208481
0.00125314
-0.000931825
0.082502
0.116958
0.161114
0.162234
0.14738
0.129464
0.0990078
0.0709368
0.0313309
0.01247
0.00182929
0.000228946
0.000289822
0.00213392
0.00141464
-0.00075136
0.0883113
0.112533
0.150747
0.157935
0.147955
0.131684
0.101705
0.0726473
0.0327805
0.0128362
0.00112468
-0.000464251
-7.70952e-06
0.00213136
0.00155818
-0.000571937
0.0942231
0.110344
0.142068
0.154365
0.148701
0.133137
0.103597
0.073978
0.0342937
0.013527
0.000639221
-0.00118328
-0.000378301
0.0021104
0.00169337
-0.000400102
0.0994776
0.110225
0.135579
0.150591
0.148282
0.133396
0.104784
0.0750593
0.0359496
0.0145328
0.000394444
-0.00196126
-0.000900709
0.00202215
0.00180658
-0.000230515
0.103694
0.111214
0.130783
0.146356
0.146646
0.132771
0.105243
0.0757685
0.0375319
0.0157242
0.000447368
-0.00268781
-0.00150153
0.0019037
0.00190937
-6.91972e-05
0.107091
0.112821
0.127548
0.141985
0.14393
0.131207
0.105086
0.0761945
0.0391215
0.017113
0.000800048
-0.00338681
-0.00224963
0.00170145
0.00198605
8.89047e-05
0.11002
0.114792
0.12557
0.137659
0.140213
0.128723
0.104147
0.0761315
0.040454
0.0185163
0.00142926
-0.00396293
-0.0030507
0.00145896
0.00204975
0.000238342
0.112585
0.116738
0.124424
0.133625
0.135848
0.125395
0.102517
0.0756893
0.0416509
0.0199746
0.00232512
-0.00440632
-0.00394945
0.00112212
0.00208201
0.000383969
0.114682
0.118216
0.123466
0.129756
0.130965
0.121324
0.100201
0.0747461
0.0424926
0.0212747
0.00339889
-0.00464757
-0.00484204
0.000740581
0.00209851
0.000521472
0.115876
0.118624
0.12208
0.125938
0.12586
0.116752
0.0973199
0.0734427
0.0431402
0.0225083
0.00463674
-0.00467735
-0.0057517
0.000261937
0.00207736
0.00065558
0.115513
0.117566
0.11976
0.121806
0.120484
0.111752
0.0939868
0.0717193
0.0434094
0.0234743
0.00590771
-0.00447726
-0.0065753
-0.0002558
0.00203549
0.000782344
0.113404
0.114816
0.116299
0.117267
0.115047
0.106582
0.0902587
0.0696912
0.0434518
0.0242992
0.0072183
-0.00405358
-0.00731382
-0.000854195
0.00194728
0.000905399
0.109457
0.110502
0.111704
0.112164
0.109393
0.101149
0.0862505
0.0673113
0.0431194
0.0248057
0.00840787
-0.00345919
-0.00789233
-0.00146969
0.00183136
0.00102152
0.104068
0.104817
0.106092
0.106537
0.103592
0.0956274
0.0818987
0.064641
0.0425376
0.0251394
0.00951575
-0.00271476
-0.00830811
-0.00212968
0.00165988
0.00113278
0.097503
0.0981853
0.0997462
0.10039
0.0974583
0.0897998
0.0773268
0.061656
0.0415854
0.0251447
0.0103935
-0.00190944
-0.00852757
-0.00276576
0.00145569
0.0012359
0.0905414
0.0910976
0.092948
0.0938384
0.0910736
0.0838458
0.0724303
0.0583666
0.0403549
0.0249603
0.0111176
-0.00104526
-0.00854956
-0.00338703
0.00119398
0.00133024
0.0834881
0.0840213
0.0860381
0.0870852
0.0843917
0.0775765
0.0673716
0.0548179
0.0387738
0.0244589
0.0115588
-0.000229254
-0.00839478
-0.00393715
0.000901893
0.00141295
0.0768061
0.0771451
0.0791688
0.080111
0.0775456
0.0712771
0.062086
0.0510267
0.0369297
0.0237717
0.0118191
0.000552746
-0.00807178
-0.00441846
0.000560463
0.00148083
0.0702266
0.0704796
0.0722826
0.0730967
0.0706059
0.0648468
0.0568101
0.0471099
0.0348012
0.0227963
0.0117882
0.00118499
-0.0076456
-0.00479698
0.000202482
0.00153227
0.0640169
0.0640103
0.0654919
0.0660091
0.0637085
0.058599
0.0514716
0.0430443
0.0324274
0.0216337
0.0115678
0.00170511
-0.00712131
-0.00507025
-0.000179836
0.00156267
0.0579923
0.0577589
0.0587754
0.0590916
0.0569489
0.0523552
0.046209
0.0389116
0.0298091
0.0201963
0.0110627
0.00200514
-0.00659009
-0.00523789
-0.000554444
0.00157275
0.0522918
0.0517726
0.0523632
0.052329
0.0503122
0.0463011
0.040894
0.0346386
0.0269581
0.0185697
0.0103754
0.00215206
-0.00604071
-0.00529795
-0.000920588
0.0015586
0.0468103
0.0460966
0.0461945
0.0458676
0.0439019
0.0402645
0.0356423
0.030333
0.0239227
0.0167019
0.00943084
0.00205314
-0.0055713
-0.00527994
-0.0012519
0.00152495
0.0416074
0.0406924
0.0404074
0.0396752
0.0376732
0.0344442
0.0304029
0.0259542
0.020718
0.0146623
0.00832626
0.00179443
-0.00514865
-0.00517777
-0.00154009
0.0014715
0.0365791
0.0355552
0.0348359
0.0337941
0.0317483
0.0287641
0.0252995
0.0216185
0.0174164
0.0124361
0.00700314
0.00129804
-0.00486884
-0.00504725
-0.00177566
0.00140506
0.0317237
0.0305582
0.0295687
0.0281824
0.0260837
0.0233462
0.0203345
0.0173155
0.0140311
0.0100862
0.00555895
0.00066682
-0.00467416
-0.00487584
-0.00195034
0.00132887
0.0269479
0.0257434
0.0244235
0.0228424
0.0207092
0.0181576
0.0155763
0.0131407
0.0106426
0.00761808
0.00394678
-0.000164411
-0.00465049
-0.00473294
-0.00207474
0.00124961
0.0222485
0.0209423
0.0194903
0.0177365
0.0156015
0.0132621
0.0110185
0.00906431
0.00724229
0.00507064
0.00224429
-0.00109211
-0.00472067
-0.00459132
-0.00213996
0.00117396
0.0176835
0.0163533
0.0147456
0.0128866
0.0107763
0.00857892
0.00664398
0.00511133
0.00386402
0.00243901
0.000403998
-0.00218277
-0.00496356
-0.00452474
-0.00217576
0.00110401
0.0133461
0.0119706
0.0102352
0.00826776
0.0061497
0.00411946
0.00242547
0.00124053
0.00048591
-0.000254245
-0.00150723
-0.00333632
-0.00529082
-0.00448964
-0.00217123
0.00104832
0.00914408
0.0077549
0.00591697
0.00384961
0.00175431
-0.000171153
-0.00164411
-0.00252149
-0.00284819
-0.00299055
-0.00352403
-0.00461969
-0.00577573
-0.00455844
-0.00216857
0.00100304
0.00516434
0.00373194
0.00180005
-0.000347404
-0.00244682
-0.00423407
-0.0055269
-0.00613331
-0.00610823
-0.00571949
-0.00556612
-0.00593028
-0.00632098
-0.00467152
-0.00215117
0.000977651
0.00134389
-0.000107133
-0.00211476
-0.00432513
-0.00637927
-0.00807833
-0.00917733
-0.00957356
-0.009235
-0.00840766
-0.00765216
-0.00732401
-0.00698882
-0.00489401
-0.00216753
0.000959854
-0.00220947
-0.00369989
-0.00577957
-0.00803509
-0.0100853
-0.0116353
-0.012586
-0.0127879
-0.0122038
-0.0110048
-0.00970208
-0.00869567
-0.00767321
-0.00515092
-0.00219188
0.000957438
-0.0055523
-0.00707094
-0.00920616
-0.0114976
-0.0134643
-0.0149053
-0.015709
-0.0157638
-0.0149833
-0.0134967
-0.0117322
-0.0101059
-0.00844094
-0.00550326
-0.00227232
0.000950209
-0.00857421
-0.0101204
-0.0122957
-0.0145984
-0.0165117
-0.0178386
-0.0185315
-0.0184836
-0.0175666
-0.0158521
-0.0136748
-0.011464
-0.00919701
-0.00587497
-0.00237422
0.00094474
-0.0113255
-0.0128695
-0.0150635
-0.0173536
-0.0192014
-0.0204367
-0.0210549
-0.0209363
-0.0199353
-0.0180552
-0.0155494
-0.0128333
-0.010015
-0.00632728
-0.00254437
0.000915923
-0.0137406
-0.0152829
-0.0174829
-0.0197528
-0.02154
-0.0227106
-0.0232722
-0.0231252
-0.0220841
-0.0200824
-0.017298
-0.0141312
-0.0108045
-0.00678297
-0.00274117
0.00087098
-0.0158818
-0.0174023
-0.0195948
-0.0218308
-0.0235549
-0.0246644
-0.0251978
-0.0250349
-0.0239747
-0.0218998
-0.018922
-0.0154006
-0.0116334
-0.00730341
-0.00300758
0.000784655
-0.0177265
-0.019223
-0.0213962
-0.0235928
-0.0252568
-0.0263191
-0.0268166
-0.0266497
-0.0255988
-0.0234869
-0.0203661
-0.0165546
-0.0124055
-0.00780717
-0.00329361
0.00066852
-0.0193352
-0.0207911
-0.022933
-0.0250821
-0.0266857
-0.0276887
-0.0281552
-0.0279824
-0.0269288
-0.0248057
-0.0216231
-0.0176244
-0.0131804
-0.00834896
-0.00363311
0.000503131
-0.02073
-0.0221448
-0.024241
-0.0263271
-0.0278581
-0.0288031
-0.029223
-0.0290152
-0.0279675
-0.0258736
-0.0226622
-0.0185391
-0.0138673
-0.00884374
-0.00396554
0.000308545
-0.0218968
-0.0232648
-0.0253064
-0.0273241
-0.0287772
-0.0296496
-0.0300017
-0.0297624
-0.0287252
-0.026653
-0.0234815
-0.0193236
-0.0145143
-0.00934494
-0.00432441
7.25655e-05
-0.0228366
-0.0241408
-0.0260958
-0.0280076
-0.0293647
-0.030159
-0.0304534
-0.0301858
-0.0291573
-0.027167
-0.0240603
-0.0199189
-0.0150363
-0.00976927
-0.00464754
-0.000177514
-0.0234571
-0.0246978
-0.0265592
-0.0283623
-0.0296147
-0.0303167
-0.0305445
-0.0302518
-0.0292724
-0.0273548
-0.0243692
-0.0203252
-0.0154653
-0.0101662
-0.00497345
-0.000452797
-0.0238272
-0.0249706
-0.0266872
-0.0283302
-0.0294502
-0.0300585
-0.0302313
-0.0299388
-0.0290043
-0.0272245
-0.0243998
-0.020506
-0.0157302
-0.0104584
-0.00524114
-0.00072157
-0.0238368
-0.024875
-0.0264385
-0.0279227
-0.028911
-0.0294218
-0.0295425
-0.0292515
-0.0284069
-0.0267584
-0.0241293
-0.0204478
-0.0158461
-0.0106833
-0.00549142
-0.00099933
-0.0237362
-0.0246489
-0.0260134
-0.0272819
-0.0280979
-0.0284956
-0.0285564
-0.0282719
-0.0274852
-0.0259964
-0.0235883
-0.0201547
-0.0157709
-0.0107773
-0.00567043
-0.00125697
-0.0231589
-0.0239221
-0.0250847
-0.0261551
-0.0268186
-0.0271149
-0.0271319
-0.0268618
-0.0261807
-0.0248557
-0.0226803
-0.0195247
-0.015444
-0.0107135
-0.00577517
-0.00148523
-0.0236632
-0.0243726
-0.0253334
-0.0261291
-0.026525
-0.026591
-0.0264161
-0.0260143
-0.0252595
-0.0239579
-0.0219002
-0.0189572
-0.0151225
-0.0106542
-0.00591174
-0.00176503
-0.0187124
-0.0192393
-0.0201464
-0.0210267
-0.0216221
-0.0219796
-0.022169
-0.0221856
-0.0218899
-0.0210651
-0.0195093
-0.0170781
-0.0138043
-0.00988491
-0.0055936
-0.00177138
-0.0261696
-0.0266851
-0.0273027
-0.0277229
-0.0277409
-0.0273759
-0.026694
-0.025725
-0.0244184
-0.0226797
-0.0204037
-0.0175501
-0.0141236
-0.0102858
-0.00616579
-0.00244714
-0.00772692
-0.00830354
-0.00948793
-0.0107632
-0.0118169
-0.0126807
-0.0134159
-0.0140044
-0.0143056
-0.0141331
-0.013342
-0.0118558
-0.00971966
-0.00708304
-0.00399946
-0.00112165
-0.0363408
-0.0363725
-0.0364177
-0.0363391
-0.0358508
-0.0347472
-0.0330249
-0.0307647
-0.0281114
-0.025219
-0.0222147
-0.0191795
-0.0161183
-0.0130361
-0.00969364
-0.00608069
-0.338034
-0.369577
-0.356083
-0.317322
-0.210952
-0.113958
-0.0333536
0.00439952
0.0447159
0.0539796
-0.338079
-0.36952
-0.356087
-0.317376
-0.211092
-0.114095
-0.0334807
0.00430278
0.0445139
0.0528858
-0.338226
-0.369421
-0.356094
-0.317445
-0.211235
-0.114143
-0.0335283
0.0041954
0.0442922
0.0514011
-0.338655
-0.369335
-0.356178
-0.317598
-0.21142
-0.114136
-0.0334752
0.00420272
0.0442298
0.0503581
-0.339716
-0.369225
-0.356266
-0.317612
-0.211505
-0.114031
-0.0332803
0.00446085
0.0443506
0.0505398
-0.342235
-0.369312
-0.356491
-0.317479
-0.211371
-0.113753
-0.0328745
0.00515612
0.0449225
0.0515147
-0.347005
-0.370337
-0.357008
-0.317326
-0.211065
-0.113374
-0.0323919
0.00613598
0.0458795
0.0523651
-0.352779
-0.373007
-0.358241
-0.317416
-0.210783
-0.113064
-0.0319122
0.00741055
0.0473063
0.0536088
-0.356884
-0.376006
-0.359867
-0.317777
-0.210709
-0.11302
-0.031657
0.00865174
0.0489189
0.0553063
-0.356716
-0.377554
-0.361244
-0.318137
-0.21108
-0.113567
-0.0318494
0.00969337
0.0506318
0.057998
-0.352014
-0.376945
-0.361794
-0.318416
-0.212051
-0.1148
-0.0326231
0.0102687
0.0520645
0.061077
-0.342688
-0.374201
-0.361662
-0.318776
-0.213877
-0.116943
-0.0341105
0.0103288
0.0531801
0.064592
-0.330516
-0.369838
-0.360882
-0.319115
-0.216369
-0.119773
-0.0362392
0.00984131
0.0537455
0.0680031
-0.316003
-0.364
-0.359619
-0.31942
-0.219514
-0.123377
-0.0391053
0.00879693
0.0538253
0.0713515
-0.30101
-0.357237
-0.357771
-0.319355
-0.222827
-0.127337
-0.0424809
0.00721512
0.0533126
0.0742446
-0.28529
-0.3492
-0.355109
-0.3187
-0.226167
-0.131716
-0.0464685
0.00501253
0.0522397
0.0767222
-0.270054
-0.340312
-0.35143
-0.317159
-0.228987
-0.135991
-0.0507101
0.00236844
0.0506101
0.0784712
-0.254408
-0.329818
-0.346273
-0.314539
-0.231144
-0.140229
-0.0553196
-0.000787331
0.0484113
0.0793747
-0.239407
-0.318315
-0.339655
-0.31075
-0.232257
-0.143913
-0.0598559
-0.00414915
0.045762
0.079306
-0.224291
-0.305095
-0.331132
-0.305643
-0.232294
-0.147141
-0.0644509
-0.00781921
0.0426075
0.0782155
-0.210263
-0.291167
-0.321135
-0.299326
-0.231115
-0.149519
-0.0686685
-0.0114341
0.0392087
0.0762883
-0.196709
-0.275969
-0.309303
-0.29159
-0.228734
-0.151211
-0.0727051
-0.0151757
0.0354356
0.0735279
-0.18476
-0.260759
-0.296427
-0.282735
-0.225192
-0.151932
-0.0761312
-0.0186706
0.0316194
0.070263
-0.173928
-0.245057
-0.282178
-0.272558
-0.220493
-0.151814
-0.0791133
-0.0221607
0.0275701
0.0663972
-0.165042
-0.230107
-0.267522
-0.261537
-0.214839
-0.150702
-0.0813609
-0.0252967
0.0236334
0.0623026
-0.157434
-0.215382
-0.25213
-0.249481
-0.208181
-0.148805
-0.0831216
-0.0283815
0.0195505
0.0577903
-0.151387
-0.201919
-0.237028
-0.237038
-0.200808
-0.146109
-0.0841725
-0.0310534
0.0156994
0.0532765
-0.146211
-0.189145
-0.22185
-0.224001
-0.192631
-0.142734
-0.0847297
-0.0335929
0.0117839
0.0484805
-0.142027
-0.177807
-0.207487
-0.211048
-0.184021
-0.138696
-0.0846333
-0.0356789
0.0081553
0.0438018
-0.138181
-0.167208
-0.193458
-0.197901
-0.174859
-0.134073
-0.0840725
-0.0376018
0.00449467
0.0389095
-0.134558
-0.157722
-0.180397
-0.185158
-0.165528
-0.128944
-0.0829286
-0.0390601
0.00115386
0.0342364
-0.130695
-0.148708
-0.1678
-0.17249
-0.155887
-0.123326
-0.0813448
-0.0402862
-0.00214714
0.0294419
-0.126679
-0.140458
-0.156155
-0.160419
-0.14629
-0.117359
-0.0792355
-0.0410311
-0.00508285
0.0249402
-0.122298
-0.132537
-0.145055
-0.148656
-0.136613
-0.11105
-0.0767176
-0.0414889
-0.00789443
0.0204017
-0.117652
-0.12512
-0.134821
-0.137595
-0.127167
-0.104576
-0.0737736
-0.0414978
-0.0103306
0.0161958
-0.112641
-0.11791
-0.125131
-0.127
-0.117863
-0.0979554
-0.0705181
-0.0412259
-0.0125882
0.01203
-0.107352
-0.110986
-0.11615
-0.117121
-0.108945
-0.0913681
-0.067
-0.0405984
-0.0145042
0.00820589
-0.10177
-0.104176
-0.10765
-0.107783
-0.100358
-0.0848482
-0.063331
-0.0397554
-0.0162231
0.00448359
-0.0959901
-0.0975294
-0.0996975
-0.0991114
-0.0922635
-0.0785445
-0.0595941
-0.0386881
-0.0176645
0.00109635
-0.0900598
-0.0909899
-0.092165
-0.0909961
-0.0846315
-0.0724947
-0.055884
-0.0375041
-0.018918
-0.00213323
-0.0840633
-0.0845925
-0.0850703
-0.0834797
-0.0775451
-0.0667977
-0.0522816
-0.0362324
-0.0199673
-0.00504058
-0.078071
-0.0783555
-0.0783663
-0.0765047
-0.0709846
-0.0614801
-0.0488517
-0.0349453
-0.0208536
-0.00774754
-0.0721694
-0.072322
-0.0720604
-0.0700729
-0.0649753
-0.0565898
-0.0456496
-0.0336813
-0.0216012
-0.0101518
-0.0664422
-0.0665544
-0.066164
-0.0641666
-0.0595031
-0.0521345
-0.0427058
-0.0324789
-0.0222165
-0.0123345
-0.060974
-0.0611064
-0.0606957
-0.0587821
-0.054565
-0.0481254
-0.0400453
-0.0313674
-0.0227434
-0.0142512
-0.05584
-0.0560502
-0.055691
-0.05392
-0.0501477
-0.0445538
-0.0376728
-0.030362
-0.0231743
-0.0159569
-0.0511138
-0.0514322
-0.0511654
-0.0495705
-0.0462313
-0.041406
-0.0355875
-0.0294758
-0.0235562
-0.0174522
-0.0468266
-0.0472806
-0.0471234
-0.0457116
-0.0427819
-0.0386488
-0.03377
-0.028704
-0.0238745
-0.0187685
-0.0429858
-0.0435734
-0.0435198
-0.0422861
-0.0397331
-0.0362262
-0.032169
-0.0280179
-0.0241273
-0.0198945
-0.0395353
-0.0402463
-0.0402795
-0.0392023
-0.0370007
-0.0340489
-0.0307246
-0.0273583
-0.0242785
-0.0208148
-0.0364059
-0.0372021
-0.0372926
-0.0363594
-0.0344779
-0.032033
-0.0293474
-0.0266711
-0.0242814
-0.0214784
-0.0334931
-0.0343423
-0.0344684
-0.0336656
-0.0320839
-0.0300972
-0.0279807
-0.0259045
-0.0241104
-0.021897
-0.0307399
-0.031596
-0.0317386
-0.0310615
-0.029766
-0.0282024
-0.0265966
-0.0250503
-0.0237693
-0.0220643
-0.0281604
-0.0289891
-0.0291225
-0.028557
-0.0275309
-0.0263599
-0.0252166
-0.0241435
-0.0233102
-0.0220716
-0.0258775
-0.02665
-0.0267375
-0.0262427
-0.0254394
-0.0246075
-0.0238637
-0.023194
-0.0227283
-0.0218573
-0.0238634
-0.0246968
-0.0247911
-0.0243232
-0.0236449
-0.0230462
-0.0226158
-0.0223004
-0.0222232
-0.0218778
-0.0217435
-0.0228928
-0.0232761
-0.0228962
-0.0221327
-0.0213381
-0.0206422
-0.0200107
-0.0194693
-0.0185198
-0.0202043
-0.021516
-0.0226314
-0.0233378
-0.0236893
-0.0238324
-0.0238596
-0.0238002
-0.0239185
-0.023974
-0.0223018
-0.0205743
-0.0181949
-0.0164652
-0.0153261
-0.0144136
-0.0134699
-0.0123516
-0.0109314
-0.00887423
-0.0372284
-0.0395383
-0.0390268
-0.0380254
-0.0373787
-0.0369426
-0.0364849
-0.0359301
-0.0354299
-0.034845
1.46342
0.428051
-0.469299
-1.15579
-1.56713
-1.66818
-1.583
-1.36183
-1.08604
-0.827329
-0.657184
-0.524265
-0.356382
-0.254936
-0.250554
0.947729
0.382955
-0.276809
-0.902536
-1.30242
-1.43139
-1.4048
-1.25868
-1.04113
-0.815465
-0.65923
-0.529653
-0.360241
-0.25648
-0.250959
0.326651
-0.00555093
-0.45573
-0.894149
-1.15913
-1.24239
-1.21182
-1.09811
-0.94496
-0.780938
-0.655118
-0.532916
-0.364726
-0.258678
-0.251964
-0.401298
-0.559306
-0.77518
-0.932476
-1.0091
-1.03395
-1.0125
-0.927055
-0.817447
-0.718511
-0.639006
-0.53258
-0.368965
-0.261569
-0.254225
-1.0168
-1.00483
-0.965546
-0.881035
-0.813244
-0.790229
-0.794786
-0.766945
-0.701208
-0.650264
-0.61584
-0.528265
-0.370801
-0.264462
-0.258282
-1.20878
-1.08384
-0.92155
-0.745664
-0.607527
-0.551836
-0.575651
-0.619136
-0.616598
-0.604499
-0.597324
-0.521825
-0.368113
-0.265075
-0.264041
-1.07219
-0.931174
-0.75654
-0.569569
-0.422223
-0.35581
-0.381267
-0.480488
-0.550844
-0.581096
-0.586745
-0.514289
-0.361087
-0.261662
-0.270182
-0.832617
-0.718467
-0.574306
-0.419529
-0.289238
-0.219743
-0.230183
-0.346968
-0.482902
-0.560392
-0.575711
-0.504775
-0.348954
-0.252003
-0.273155
-0.608859
-0.53283
-0.431437
-0.315494
-0.207805
-0.138523
-0.131891
-0.23044
-0.406305
-0.531347
-0.558749
-0.49497
-0.334348
-0.237641
-0.270738
-0.44048
-0.390232
-0.323433
-0.242282
-0.155164
-0.0877828
-0.0700307
-0.137201
-0.321465
-0.489268
-0.537076
-0.486722
-0.318961
-0.220648
-0.260988
-0.32213
-0.285236
-0.238015
-0.177692
-0.109581
-0.0500796
-0.0290901
-0.0714882
-0.238036
-0.434849
-0.512748
-0.481453
-0.307437
-0.205059
-0.245723
-0.229683
-0.201396
-0.165233
-0.121328
-0.0692556
-0.0197185
0.00227792
-0.0264111
-0.161329
-0.369388
-0.483173
-0.476457
-0.300699
-0.192999
-0.226302
-0.151207
-0.130139
-0.104706
-0.0722484
-0.0338091
0.00513191
0.0256467
0.00368018
-0.100348
-0.300691
-0.446559
-0.469866
-0.299876
-0.185777
-0.206744
-0.0868273
-0.0719953
-0.0532487
-0.0309923
-0.0038298
0.0252442
0.0435121
0.0265002
-0.0552726
-0.234635
-0.40221
-0.458831
-0.303455
-0.182206
-0.188208
-0.0341711
-0.023797
-0.0120585
0.00282097
0.0211297
0.0421694
0.0564316
0.0431011
-0.023201
-0.178107
-0.354326
-0.442378
-0.309809
-0.182146
-0.173012
0.0060913
0.0125257
0.0204407
0.0297445
0.0415815
0.0553227
0.0660835
0.0557953
0.00169144
-0.131288
-0.305973
-0.420121
-0.316206
-0.184053
-0.160437
0.0363144
0.0405338
0.0451437
0.0506689
0.0574174
0.066254
0.0729046
0.0644244
0.0203718
-0.0930446
-0.259433
-0.392925
-0.320652
-0.187548
-0.15113
0.0583332
0.0608334
0.0634715
0.0662315
0.0698032
0.0740219
0.0776374
0.0704574
0.0347714
-0.0609933
-0.215488
-0.361607
-0.321561
-0.191596
-0.143829
0.0736784
0.0750074
0.0762624
0.0773591
0.0782663
0.0799378
0.0807935
0.0740657
0.0449258
-0.0352548
-0.175449
-0.327558
-0.318304
-0.19588
-0.138893
0.0844581
0.0848984
0.0851299
0.0848832
0.0844361
0.0836692
0.0826001
0.0761786
0.0523246
-0.0143688
-0.139373
-0.291923
-0.310764
-0.19977
-0.135402
0.0925444
0.0921221
0.0913396
0.0900781
0.0881138
0.0861311
0.0835323
0.077024
0.0570021
0.00167836
-0.107875
-0.256175
-0.29913
-0.20283
-0.133593
0.0970978
0.0961617
0.0948423
0.0928797
0.0903993
0.0872349
0.0835572
0.0769988
0.0600459
0.0142047
-0.0806056
-0.22122
-0.2839
-0.204666
-0.132742
0.0995022
0.0982255
0.096517
0.0942183
0.0910537
0.0874225
0.0830525
0.0763866
0.0615471
0.0233376
-0.0578257
-0.188156
-0.265689
-0.204897
-0.132892
0.0998184
0.0983955
0.0965688
0.0940585
0.0908675
0.0867996
0.0819684
0.0752409
0.0621865
0.0302021
-0.038828
-0.157435
-0.245315
-0.203404
-0.133444
0.0995106
0.0979447
0.0959328
0.0933032
0.0897749
0.0855538
0.0805432
0.073936
0.0620521
0.0349255
-0.0235906
-0.129747
-0.223547
-0.199973
-0.134279
0.0979928
0.0964093
0.0943989
0.0916997
0.0882317
0.0839771
0.0789453
0.072341
0.0615567
0.0383516
-0.011255
-0.105102
-0.20122
-0.194795
-0.134958
0.0969117
0.0951433
0.0929609
0.0901269
0.0865366
0.0822725
0.0772208
0.0708618
0.0607434
0.0405463
-0.00169729
-0.08381
-0.179017
-0.187883
-0.135308
0.0947064
0.0930073
0.0908934
0.088153
0.0846687
0.0804824
0.0755773
0.0692312
0.0598124
0.0420649
0.00588105
-0.0655413
-0.157591
-0.179623
-0.135036
0.0928565
0.0911019
0.0889465
0.0861917
0.0827482
0.0786666
0.0738029
0.067724
0.058777
0.0428911
0.0115734
-0.0503502
-0.137393
-0.170151
-0.134004
0.0901234
0.0885321
0.0865372
0.0839392
0.0806529
0.0767125
0.0720591
0.0660777
0.0576457
0.0433221
0.015987
-0.0377287
-0.118816
-0.159941
-0.132212
0.088038
0.0864332
0.0844198
0.0817983
0.0785273
0.0746818
0.0701087
0.0644218
0.0563985
0.0432976
0.0191455
-0.0276014
-0.10204
-0.149167
-0.129672
0.0847855
0.0833519
0.0815095
0.0790768
0.0760143
0.0723671
0.068066
0.062565
0.0549922
0.0429742
0.0214715
-0.0194245
-0.0872013
-0.138257
-0.126494
0.0818757
0.0804537
0.0786623
0.076323
0.0734041
0.0699561
0.0658191
0.0606403
0.0534637
0.0423281
0.0229595
-0.0130788
-0.0742397
-0.127326
-0.122691
0.0781158
0.076841
0.075249
0.0731678
0.070533
0.0673422
0.0635054
0.0585549
0.0517819
0.0414481
0.0239026
-0.00808268
-0.0631145
-0.116714
-0.118372
0.0749648
0.0737477
0.0722141
0.0702116
0.0676987
0.0646917
0.0610291
0.0563884
0.0499929
0.0403443
0.0242925
-0.00431868
-0.0536318
-0.106463
-0.113532
0.0712404
0.0701591
0.0687791
0.0669567
0.0646534
0.0618627
0.0584825
0.054095
0.0480724
0.0390606
0.024327
-0.00142751
-0.0456604
-0.096804
-0.10833
0.0676439
0.0666441
0.0653661
0.0636795
0.0615523
0.0589842
0.0558148
0.0517278
0.0460625
0.0376185
0.0240063
0.000679999
-0.0389549
-0.0877046
-0.1028
0.063683
0.0628015
0.0616846
0.060207
0.0583212
0.0559923
0.0530969
0.0492632
0.0439363
0.0360342
0.0234548
0.00225066
-0.0333724
-0.0793075
-0.0970889
0.0599536
0.0591682
0.0581658
0.0568291
0.0551088
0.0529763
0.0502756
0.0467098
0.0417246
0.0343439
0.0226924
0.00335889
-0.0286805
-0.0715315
-0.0912335
0.0560882
0.0554116
0.0545349
0.0533469
0.0518003
0.0498578
0.0473957
0.0440909
0.0394496
0.0325814
0.0218108
0.00415449
-0.0247634
-0.064452
-0.085358
0.0523173
0.0517266
0.0509522
0.0498927
0.0485067
0.0467636
0.0445188
0.0414861
0.0371856
0.0308055
0.0208415
0.00469547
-0.0214371
-0.0579602
-0.0794875
0.0486743
0.0481424
0.047463
0.0465436
0.0453346
0.0437868
0.0417625
0.0389701
0.0349731
0.0290424
0.0198327
0.00505565
-0.0186301
-0.0520978
-0.0737225
0.0454109
0.0449444
0.0443437
0.0435248
0.0424368
0.0410314
0.0391635
0.0365649
0.0328347
0.0273156
0.0188014
0.00527294
-0.0162105
-0.0467548
-0.0680793
0.0425054
0.0420946
0.0415535
0.0407996
0.0397858
0.0384663
0.0367101
0.0342676
0.0307718
0.0256346
0.0177687
0.00537615
-0.0141495
-0.0419584
-0.0626408
0.0397153
0.0393691
0.0388884
0.0381947
0.0372475
0.0360098
0.0343597
0.0320649
0.0287959
0.0240207
0.0167569
0.00539897
-0.0123552
-0.0376112
-0.0574126
0.0371234
0.0368055
0.0363574
0.035707
0.0348197
0.0336612
0.032116
0.0299744
0.0269304
0.0224984
0.0157833
0.00535293
-0.0108223
-0.0337374
-0.0524642
0.0345618
0.0342876
0.0338865
0.0332953
0.0324839
0.0314217
0.0300012
0.0280205
0.0251956
0.0210778
0.014863
0.00526829
-0.00947961
-0.0302506
-0.0477894
0.0322683
0.0320077
0.0316335
0.0310882
0.0303426
0.0293662
0.0280555
0.0262218
0.0235961
0.0197659
0.0139947
0.00514674
-0.00832774
-0.0271621
-0.043438
0.0301225
0.0298857
0.0295418
0.029041
0.0283587
0.0274682
0.0262663
0.0245699
0.0221259
0.0185483
0.0131876
0.00501804
-0.00730443
-0.0243888
-0.0393818
0.0282934
0.0280562
0.027716
0.027232
0.0265899
0.0257629
0.0246476
0.0230664
0.0207799
0.0174412
0.0124508
0.00489326
-0.00640007
-0.0219253
-0.0356429
0.0265705
0.0263476
0.0260264
0.0255772
0.0249894
0.0242334
0.0232001
0.0217192
0.019577
0.0164524
0.0118125
0.00481535
-0.00555064
-0.0196884
-0.0321704
0.0251372
0.0249099
0.0245927
0.0241642
0.0236174
0.022913
0.0219404
0.0205431
0.0185303
0.0156162
0.011297
0.00480585
-0.0047368
-0.0176565
-0.0289623
0.0237921
0.0235829
0.0232898
0.0229027
0.0224102
0.0217651
0.0208548
0.0195402
0.0176581
0.0149377
0.010921
0.00489123
-0.00391769
-0.0157593
-0.0259657
0.022652
0.0224568
0.0221916
0.0218468
0.0214045
0.0208063
0.0199458
0.0187066
0.0169423
0.0144028
0.0106472
0.00501989
-0.00313642
-0.0139997
-0.0231896
0.0216183
0.0214545
0.0212309
0.0209371
0.0205445
0.0199881
0.0191725
0.0179999
0.016336
0.013932
0.0103861
0.00509602
-0.00246826
-0.0123739
-0.0205704
0.0207506
0.0206092
0.0204212
0.0201681
0.0198104
0.0192797
0.0184947
0.0173693
0.0157662
0.0134465
0.0100299
0.00499306
-0.00203302
-0.0109741
-0.0180428
0.0200004
0.0198793
0.0197169
0.0194892
0.0191515
0.0186408
0.0178849
0.0167961
0.0152303
0.0129477
0.00959975
0.0047404
-0.0018412
-0.00992228
-0.0156419
0.0194748
0.0193529
0.0191924
0.0189661
0.0186321
0.0181352
0.0174086
0.0163591
0.0148329
0.012595
0.00931348
0.00459912
-0.00168516
-0.00921341
-0.0139702
0.0191549
0.01903
0.018861
0.0186248
0.0182872
0.0178013
0.0171011
0.0160854
0.0145994
0.0124138
0.00921594
0.00466195
-0.00133538
-0.00821079
-0.013141
0.0190162
0.0188831
0.0186996
0.0184443
0.0180846
0.0175748
0.0168429
0.015783
0.014238
0.0119868
0.0087659
0.00439704
-0.000836181
-0.00553698
-0.00919715
)
;

boundaryField
{
    airfoil
    {
        type            zeroGradient;
    }
    farBoundaries
    {
        type            freestreamPressure;
        freestreamValue uniform 0;
        supersonic      false;
        value           nonuniform List<scalar> 
52
(
-0.0169919
-0.0180461
-0.0178127
-0.0173556
-0.0170605
-0.0168614
-0.0166525
-0.0163993
-0.016171
-0.015904
-0.0165867
-0.0166012
-0.0166218
-0.016586
-0.0163631
-0.0158594
-0.0150733
-0.0140417
-0.0128307
-0.0115105
-0.0101393
-0.00875396
-0.00735675
-0.00594997
-0.00442439
-0.00277536
0.0178031
0.0179776
0.0180831
0.0181671
0.0181016
0.017729
0.0169646
0.0158471
0.0144722
0.0129461
0.0113647
0.00978199
0.00824255
0.00672877
0.00519193
0.00309889
0.0213178
0.021427
0.0202598
0.0192451
0.0186563
0.0182243
0.0177488
0.0172213
0.0168101
0.0164833
)
;
    }
    inlet
    {
        type            freestreamPressure;
        freestreamValue uniform 0;
        supersonic      false;
        value           nonuniform List<scalar> 
30
(
0.0189782
0.0188407
0.0186509
0.0183861
0.0180122
0.0174809
0.016716
0.0156064
0.0139896
0.0116467
0.00834685
0.00403389
-0.000715166
-0.00413408
-0.00521516
0.019096
0.0192423
0.0194445
0.0197194
0.0200934
0.0205924
0.0212509
0.0220918
0.0231025
0.0241661
0.024946
0.0247289
0.0223536
0.0171769
0.01119
)
;
    }
    outlet
    {
        type            freestreamPressure;
        freestreamValue uniform 0;
        supersonic      false;
        value           nonuniform List<scalar> 
120
(
-2.20515e-06
-1.90246e-06
-1.60878e-06
-1.31743e-06
-1.03894e-06
-7.59946e-07
-4.90978e-07
-2.20964e-07
3.82454e-08
2.95821e-07
5.4097e-07
7.82255e-07
1.00966e-06
1.23098e-06
1.43849e-06
1.63944e-06
1.82701e-06
2.00656e-06
2.17334e-06
2.33049e-06
2.47433e-06
2.60461e-06
2.71921e-06
2.81453e-06
2.89082e-06
2.94267e-06
2.97277e-06
2.97601e-06
2.95915e-06
2.92009e-06
2.86506e-06
2.7939e-06
2.70988e-06
2.61598e-06
2.50985e-06
2.39973e-06
2.27896e-06
2.16241e-06
2.03855e-06
1.9251e-06
1.80154e-06
1.68324e-06
1.54142e-06
1.38938e-06
1.19686e-06
9.81885e-07
7.21983e-07
4.4361e-07
1.31254e-07
-1.83571e-07
-5.17214e-07
-8.35812e-07
-1.16291e-06
-1.46538e-06
-1.75676e-06
-2.04434e-06
-2.2563e-06
-2.54125e-06
-2.01335e-06
-1.92568e-06
6.05373e-06
3.79627e-06
2.89723e-06
2.78639e-06
2.61365e-06
2.47874e-06
2.38489e-06
2.33161e-06
2.29919e-06
2.29815e-06
2.30666e-06
2.33543e-06
2.36638e-06
2.39872e-06
2.4163e-06
2.40956e-06
2.37813e-06
2.30698e-06
2.21028e-06
2.06491e-06
1.90124e-06
1.69062e-06
1.47122e-06
1.20804e-06
9.44933e-07
6.4306e-07
3.44007e-07
5.6708e-09
-3.31172e-07
-7.05951e-07
-1.08018e-06
-1.48961e-06
-1.89514e-06
-2.32439e-06
-2.74016e-06
-3.16333e-06
-3.55694e-06
-3.93478e-06
-4.26746e-06
-4.56637e-06
-4.80832e-06
-5.00254e-06
-5.13757e-06
-5.2229e-06
-5.25408e-06
-5.23879e-06
-5.18056e-06
-5.08527e-06
-4.95927e-06
-4.80491e-06
-4.63126e-06
-4.43716e-06
-4.23163e-06
-4.00986e-06
-3.78154e-06
-3.53905e-06
-3.29214e-06
-3.03101e-06
-2.7656e-06
-2.48868e-06
)
;
    }
    defaultFaces
    {
        type            empty;
    }
}


// ************************************************************************* //
