/*--------------------------------*- C++ -*----------------------------------*\
  =========                 |
  \\      /  F ield         | OpenFOAM: The Open Source CFD Toolbox
   \\    /   O peration     | Website:  https://openfoam.org
    \\  /    A nd           | Version:  6.0
     \\/     M anipulation  |
\*---------------------------------------------------------------------------*/
FoamFile
{
    version     2.0;
    format      ascii;
    class       volScalarField;
    location    "18";
    object      p;
}
// * * * * * * * * * * * * * * * * * * * * * * * * * * * * * * * * * * * * * //

dimensions      [0 2 -2 0 0 0 0];

internalField   nonuniform List<scalar> 
4920
(
0.0143889
0.0144998
0.0146575
0.0148727
0.0151725
0.0155777
0.0161228
0.0168326
0.0177214
0.0187539
0.0197928
0.0204926
0.0201464
0.0178057
0.0147583
0.0145168
0.0146265
0.0147814
0.014993
0.0152876
0.0156898
0.0162346
0.0169564
0.0178835
0.0190201
0.0202967
0.0214969
0.0220661
0.0213128
0.0179175
0.0147051
0.0148218
0.0149856
0.0152082
0.0155159
0.0159331
0.016495
0.0172343
0.0181742
0.0193024
0.0205122
0.0215367
0.0217294
0.0204267
0.01515
0.0149923
0.015121
0.0152974
0.0155352
0.0158612
0.0163025
0.0168941
0.017668
0.018641
0.0197885
0.020968
0.0218611
0.021757
0.0199176
0.0140334
0.0153754
0.0155183
0.0157142
0.0159756
0.0163298
0.016805
0.0174397
0.0182665
0.0193032
0.0205213
0.0217587
0.022678
0.022552
0.0205649
0.014384
0.0158915
0.0160487
0.0162661
0.0165571
0.0169481
0.0174688
0.0181582
0.0190525
0.0201695
0.0214787
0.0228033
0.0237542
0.0235618
0.0213162
0.0144243
0.0166223
0.0167846
0.0170158
0.0173304
0.0177565
0.0183245
0.0190752
0.0200451
0.0212531
0.0226681
0.0240854
0.0250581
0.024709
0.0219729
0.0142364
0.0175582
0.0177298
0.017977
0.0183173
0.0187797
0.0193973
0.0202121
0.0212642
0.0225748
0.0241117
0.0256644
0.0267044
0.0262017
0.0228108
0.0141725
0.0188272
0.0189988
0.0192489
0.0195974
0.0200792
0.0207318
0.0216028
0.0227361
0.0241566
0.0258414
0.02756
0.0287303
0.0281543
0.0240662
0.0143438
0.020238
0.0204295
0.0207043
0.0210847
0.0216073
0.0223128
0.0232526
0.0244784
0.0260227
0.0278625
0.029777
0.0310995
0.0304571
0.0255554
0.0143312
0.021998
0.0222014
0.0224896
0.0228868
0.0234368
0.0241858
0.0251935
0.0265166
0.0281911
0.0302029
0.0322902
0.0337266
0.032964
0.0271193
0.0140548
0.0238443
0.0240841
0.0244182
0.0248724
0.0254898
0.0263192
0.0274224
0.0288658
0.0306926
0.0328698
0.0351298
0.0366172
0.0355895
0.0285566
0.0133179
0.0260966
0.0263563
0.0267155
0.0272036
0.027872
0.0287742
0.0299799
0.0315592
0.0335517
0.035923
0.0383193
0.0397811
0.0383553
0.0299209
0.0123688
0.0284811
0.0287892
0.0292092
0.0297729
0.030532
0.031544
0.0328821
0.0346267
0.036823
0.0393866
0.0419467
0.0433437
0.0413523
0.0312037
0.0111252
0.0314014
0.0317344
0.0321854
0.0327893
0.0336118
0.0347174
0.0361919
0.0381268
0.0405323
0.0433373
0.0460587
0.047356
0.0446766
0.0326002
0.0098914
0.0344609
0.0348477
0.0353717
0.036072
0.0370136
0.0382656
0.0399269
0.0420648
0.0447337
0.0478087
0.0507623
0.0519673
0.0484372
0.0340856
0.00845827
0.038125
0.0385433
0.0391055
0.0398616
0.0408881
0.042274
0.0441021
0.0464951
0.0494596
0.0528776
0.0561025
0.0572013
0.0526799
0.0358238
0.00713711
0.0419012
0.0423903
0.0430456
0.0439223
0.0451001
0.0466677
0.0487499
0.0514287
0.0547645
0.0586034
0.0621804
0.0631871
0.057457
0.0377133
0.00561415
0.0462448
0.0467926
0.0475176
0.0484895
0.0498008
0.0515649
0.0538902
0.0569296
0.0607052
0.0650397
0.0690116
0.0699128
0.0627543
0.0398728
0.00419969
0.0507273
0.0513759
0.0522255
0.0533566
0.0548687
0.056882
0.059555
0.0630033
0.0673023
0.0722261
0.0766849
0.0774875
0.0685835
0.0421031
0.0024662
0.0556215
0.0563784
0.0573554
0.0586502
0.0603752
0.0626813
0.0657183
0.0696766
0.0745949
0.0802067
0.0852116
0.085894
0.0748786
0.0445306
0.000799966
0.0606111
0.0614979
0.0626482
0.0641742
0.0661941
0.0688695
0.0723994
0.0769492
0.082606
0.0890387
0.0946986
0.0952422
0.0816318
0.046955
-0.00126875
0.0660486
0.0670614
0.0683677
0.0701096
0.072429
0.0755206
0.0795872
0.0848598
0.0913971
0.0987884
0.105177
0.105513
0.0887507
0.0494893
-0.00329588
0.0717182
0.0728758
0.0743659
0.0763629
0.0790312
0.082599
0.0873227
0.0934317
0.101004
0.109523
0.116756
0.116763
0.0961658
0.0518496
-0.00581806
0.0774719
0.0788304
0.0805588
0.0828673
0.0859532
0.0900904
0.0955712
0.102682
0.11148
0.121295
0.12944
0.128913
0.103743
0.0542176
-0.00832997
0.0832895
0.0848502
0.086841
0.0895153
0.0930969
0.0979112
0.104308
0.112601
0.122825
0.134122
0.143278
0.141923
0.111381
0.0562742
-0.0114193
0.0889138
0.0907505
0.0930769
0.0961937
0.100369
0.105988
0.113465
0.123149
0.135049
0.148011
0.15823
0.155637
0.118938
0.0582722
-0.0145231
0.0948441
0.0968682
0.0994517
0.102974
0.107759
0.11427
0.122988
0.134305
0.148104
0.162913
0.174241
0.169822
0.126197
0.059729
-0.0182907
0.0999548
0.102332
0.105343
0.109435
0.114999
0.122587
0.132781
0.145961
0.161981
0.178814
0.191197
0.184248
0.133109
0.0610743
-0.0221059
0.104866
0.107511
0.11091
0.11559
0.122013
0.130832
0.142701
0.158097
0.176582
0.195565
0.208962
0.198574
0.139456
0.0616916
-0.0266749
0.108684
0.111739
0.115671
0.12109
0.128541
0.138792
0.152655
0.170526
0.191903
0.213172
0.227327
0.212591
0.145331
0.0621493
-0.0313385
0.112548
0.115827
0.120116
0.126144
0.134593
0.146397
0.162451
0.183286
0.207775
0.231384
0.245935
0.225721
0.15031
0.0615467
-0.036821
0.115052
0.118665
0.123432
0.130205
0.139814
0.153377
0.17203
0.19611
0.224223
0.25012
0.264397
0.237924
0.154816
0.0607064
-0.0424376
0.11706
0.120784
0.125836
0.133259
0.14406
0.159593
0.181204
0.209201
0.241026
0.269016
0.282289
0.248638
0.158267
0.0584649
-0.0489171
0.116921
0.120944
0.126517
0.134837
0.147088
0.165075
0.190184
0.222329
0.258334
0.288015
0.299191
0.258167
0.161336
0.0558305
-0.0555542
0.116416
0.120487
0.126416
0.13555
0.149506
0.170061
0.199048
0.236031
0.276032
0.306731
0.314498
0.265667
0.162865
0.0513178
-0.0630082
0.114776
0.119092
0.125532
0.135736
0.151327
0.174987
0.208301
0.249952
0.294342
0.324797
0.32801
0.272085
0.164009
0.046238
-0.0705669
0.113034
0.117384
0.124233
0.135387
0.153142
0.180033
0.217962
0.264829
0.313054
0.341765
0.339085
0.276347
0.162951
0.0388754
-0.0788046
0.109767
0.114488
0.122051
0.134699
0.154814
0.185805
0.228565
0.279862
0.332175
0.357421
0.348452
0.279925
0.161197
0.0308079
-0.0870127
0.105174
0.110403
0.119102
0.133711
0.157212
0.192328
0.240268
0.295897
0.351404
0.371453
0.355315
0.280869
0.155959
0.0201554
-0.0956785
0.0988707
0.10529
0.115773
0.133184
0.160282
0.200875
0.253264
0.311711
0.370151
0.383764
0.36124
0.281146
0.149227
0.00879122
-0.104126
0.0931252
0.100748
0.113256
0.133749
0.165692
0.211067
0.268262
0.327935
0.387733
0.394816
0.36465
0.277322
0.137233
-0.00524118
-0.112786
0.0880297
0.0970978
0.111978
0.136311
0.173149
0.224806
0.28446
0.342571
0.402531
0.404875
0.367235
0.271275
0.122358
-0.0198653
-0.121028
0.0826926
0.0937684
0.11167
0.140721
0.183963
0.24028
0.302494
0.355654
0.414975
0.417287
0.366768
0.257494
0.100308
-0.0369465
-0.129274
0.0760974
0.0897271
0.111727
0.146692
0.197087
0.259387
0.319827
0.366427
0.422129
0.433393
0.360219
0.234187
0.0738163
-0.0543309
-0.137022
0.0658011
0.0834145
0.111204
0.155461
0.215727
0.278337
0.335895
0.371358
0.424838
0.46246
0.343021
0.187973
0.0380055
-0.0738754
-0.144648
0.0484388
0.0730327
0.112026
0.169528
0.237959
0.297574
0.346455
0.373085
0.424578
0.496186
0.310529
0.120317
-0.00393835
-0.0934875
-0.151613
0.0229765
0.0591771
0.113274
0.188578
0.266439
0.312667
0.346762
0.365861
0.417988
0.520801
0.251183
0.0331643
-0.0533163
-0.11492
-0.158389
-0.0255238
0.0236595
0.102868
0.210854
0.299456
0.313139
0.338335
0.368168
0.40745
0.504272
0.137324
-0.0715237
-0.104374
-0.135856
-0.164735
-0.150169
-0.0844912
0.0391357
0.199098
0.316298
0.29329
0.334593
0.400025
0.448365
0.385553
-0.045742
-0.200555
-0.162811
-0.160686
-0.172268
-0.388506
-0.299452
-0.113304
0.129451
0.280284
0.230071
0.360714
0.47018
0.444729
0.0176865
-0.304481
-0.354513
-0.234503
-0.193016
-0.181939
-0.567294
-0.436305
-0.226117
0.0361312
0.200123
0.157785
0.406006
0.440719
0.160285
-0.643529
-0.624217
-0.512178
-0.321597
-0.232212
-0.192898
-0.518689
-0.387011
-0.260182
-0.101069
0.0592407
0.14044
0.456281
0.210647
-0.242869
-1.12085
-0.955022
-0.649601
-0.407126
-0.270141
-0.203549
-0.333547
-0.265497
-0.223638
-0.166351
0.0277417
0.323829
0.883105
0.176255
-0.621443
-1.16076
-1.17266
-0.767603
-0.466562
-0.297078
-0.212471
-0.28308
-0.242968
-0.148784
-0.00376181
0.313494
0.908418
1.81981
1.00011
-0.700632
-0.961054
-1.11599
-0.816597
-0.490702
-0.312411
-0.21888
-0.296297
-0.293635
-0.138455
0.310792
1.09208
2.32319
3.65191
2.48251
-0.0275793
-0.44563
-0.656965
-0.766484
-0.486464
-0.317617
-0.221038
-0.114196
-0.143279
0.0411161
0.934483
2.6211
5.03631
6.50126
4.26293
1.43779
0.252725
-0.0429135
-0.712978
-0.462262
-0.30654
-0.21801
0.246505
0.221637
0.597992
2.00417
4.76103
8.15681
9.05741
5.47129
3.12205
0.862854
0.491469
-0.623725
-0.390657
-0.273349
-0.212879
0.616928
0.69607
1.39403
3.25388
6.52089
9.71971
10.396
6.51738
4.19196
1.12068
0.882432
-0.492495
-0.280366
-0.239263
-0.208946
0.135874
0.654255
1.9177
4.23941
7.50179
9.95039
10.1979
7.05893
4.56187
1.18345
1.14006
-0.349419
-0.202703
-0.221392
-0.205632
0.0376586
0.0382264
0.0366355
0.0354801
0.0350802
0.0348716
0.0346638
0.0345711
0.0349747
0.0358829
0.0216483
0.0191428
0.0165627
0.0150483
0.0140663
0.0130925
0.0121009
0.0111315
0.0100612
0.00851689
0.0162115
0.0167568
0.0172271
0.0173727
0.0173185
0.0172982
0.0175041
0.0179068
0.0185763
0.0194778
0.0155002
0.015722
0.0154123
0.0148221
0.0144179
0.0143779
0.0145795
0.0147196
0.0144848
0.0137775
0.0147938
0.0144551
0.0139863
0.0138122
0.0140421
0.0144835
0.0148459
0.0148867
0.0144689
0.0137923
0.0136261
0.0133797
0.0132849
0.013441
0.0136786
0.0137422
0.0134479
0.0127527
0.0115819
0.0101096
0.0128084
0.0127387
0.0127585
0.0127193
0.0124735
0.0119328
0.0110899
0.0100455
0.00881788
0.00750593
0.012325
0.012124
0.0118358
0.0113101
0.0105306
0.009577
0.0085289
0.00753027
0.00662825
0.00579923
0.0115853
0.0109454
0.0101735
0.00918149
0.008093
0.00700987
0.00604141
0.0052772
0.00474753
0.00433087
0.0101186
0.00895746
0.00774705
0.00654009
0.00543191
0.00453102
0.00384596
0.003424
0.00320617
0.00311481
0.00796405
0.00625678
0.00477477
0.00359222
0.00276637
0.00229042
0.00206926
0.00205705
0.00211103
0.00218805
0.00525714
0.00305068
0.00143965
0.000502134
0.00019917
0.00037338
0.000774372
0.00125668
0.00150584
0.00168506
0.0022448
-0.000461067
-0.00210478
-0.00264353
-0.0022243
-0.00120943
-2.99327e-05
0.00103072
0.00147806
0.00160718
-0.00101822
-0.00423325
-0.00586943
-0.00588854
-0.00456591
-0.00249819
-0.000342243
0.00144631
0.0020636
0.00214892
-0.00440011
-0.00820177
-0.00985327
-0.00927668
-0.00689972
-0.00355809
-0.000191476
0.00251301
0.00339978
0.00333534
-0.00798504
-0.0124692
-0.0141654
-0.0129289
-0.00929579
-0.00438797
0.000507904
0.00439145
0.00562104
0.0054953
-0.0116789
-0.0169942
-0.018809
-0.0168871
-0.0118201
-0.0050589
0.00170199
0.00704031
0.00878454
0.00852665
-0.015679
-0.0219536
-0.0239309
-0.0212532
-0.0144721
-0.00547859
0.0035415
0.0106453
0.0129875
0.0126831
-0.0198425
-0.0272215
-0.029464
-0.0259889
-0.0173053
-0.00576029
0.00584407
0.014963
0.0180174
0.0175268
-0.0244412
-0.0330426
-0.0355106
-0.0310914
-0.0201141
-0.00562072
0.00891519
0.020232
0.0239481
0.0231884
-0.0292238
-0.0391722
-0.0419349
-0.0364839
-0.0229826
-0.00527148
0.0124116
0.0260455
0.0304256
0.0292834
-0.034559
-0.0459393
-0.048911
-0.0421448
-0.0256384
-0.00432129
0.0167513
0.0327407
0.0376192
0.0359786
-0.0400642
-0.0530132
-0.0562564
-0.0480278
-0.0282782
-0.00315528
0.021402
0.0397674
0.0450985
0.0428401
-0.0462524
-0.0608509
-0.0641368
-0.0539967
-0.0304486
-0.00117799
0.0269588
0.0475773
0.05305
0.0498756
-0.052589
-0.0689926
-0.072293
-0.060047
-0.0324647
0.00104573
0.0327308
0.0555384
0.0610824
0.0568743
-0.0596657
-0.0779266
-0.0809268
-0.066003
-0.0338804
0.00413589
0.0393409
0.0641298
0.0694347
0.063816
-0.0668277
-0.0870809
-0.0896968
-0.0719223
-0.0351212
0.00734091
0.0459313
0.0726417
0.0777245
0.0706386
-0.0747415
-0.0969547
-0.0987144
-0.0775389
-0.0356682
0.0112785
0.0530643
0.0814483
0.0859737
0.0769701
-0.0826672
-0.106844
-0.107567
-0.0828997
-0.035991
0.0151466
0.059836
0.0898086
0.0938464
0.082868
-0.0913136
-0.117242
-0.116318
-0.0877199
-0.0355899
0.0195238
0.0667605
0.0980203
0.10125
0.0878081
-0.0998868
-0.127393
-0.124584
-0.092121
-0.0350209
0.0235697
0.0729619
0.105385
0.107964
0.0921176
-0.109078
-0.137789
-0.13244
-0.0958924
-0.0338863
0.0277329
0.0788521
0.112121
0.113783
0.0951078
-0.118073
-0.147628
-0.139528
-0.0991781
-0.0327329
0.0312474
0.0836872
0.117665
0.118651
0.0973084
-0.127494
-0.157366
-0.145957
-0.101883
-0.0312906
0.0344443
0.0877999
0.122227
0.122328
0.0980167
-0.1365
-0.166214
-0.151469
-0.104205
-0.0300737
0.0366828
0.0906337
0.12546
0.124966
0.0980358
-0.145601
-0.17466
-0.156324
-0.106247
-0.0289862
0.0381639
0.0924446
0.127577
0.126387
0.0967153
-0.15398
-0.181938
-0.160326
-0.108168
-0.0284216
0.0384408
0.0928746
0.128365
0.12683
0.0948835
-0.162037
-0.188569
-0.163894
-0.110243
-0.0284318
0.0376359
0.0921433
0.128077
0.126142
0.0920127
-0.16903
-0.193848
-0.166899
-0.112559
-0.0292468
0.0355502
0.0901587
0.126711
0.124673
0.0890199
-0.175362
-0.198437
-0.169953
-0.115552
-0.0310455
0.0323124
0.0872034
0.124638
0.122438
0.0856071
-0.180396
-0.201633
-0.172856
-0.119189
-0.0339689
0.0278645
0.0832725
0.12187
0.119761
0.0825143
-0.184606
-0.20422
-0.176227
-0.12385
-0.038097
0.0224527
0.0787546
0.118818
0.116743
0.0795132
-0.187474
-0.205541
-0.17973
-0.129284
-0.0433099
0.0162546
0.0738199
0.115515
0.113663
0.0771224
-0.189678
-0.206727
-0.18411
-0.135774
-0.0494563
0.00978324
0.0690943
0.112547
0.110866
0.0752726
-0.191059
-0.207568
-0.189245
-0.143078
-0.0563192
0.00325877
0.0646757
0.109943
0.108541
0.0742369
-0.192804
-0.209616
-0.195901
-0.151323
-0.0635056
-0.00259669
0.0612021
0.108334
0.107198
0.0739309
-0.19494
-0.212699
-0.203787
-0.160134
-0.0706536
-0.00763432
0.0585287
0.107516
0.106845
0.0743529
-0.198935
-0.218335
-0.213403
-0.169383
-0.0770789
-0.0111096
0.0572889
0.108051
0.107945
0.0756287
-0.205147
-0.226322
-0.224069
-0.178415
-0.0823997
-0.0131648
0.057158
0.109518
0.110183
0.0777621
-0.215017
-0.237335
-0.235339
-0.186322
-0.0855785
-0.0130483
0.0588468
0.112517
0.113877
0.0807531
-0.227311
-0.249522
-0.245674
-0.192324
-0.0865257
-0.0110849
0.0620134
0.116624
0.118548
0.0843598
-0.239854
-0.261104
-0.253553
-0.195412
-0.0845507
-0.00669788
0.0673111
0.122352
0.124421
0.0885247
-0.249819
-0.26995
-0.258115
-0.195373
-0.0799927
-0.000290765
0.0743299
0.129181
0.130951
0.0928974
-0.255689
-0.274874
-0.259381
-0.192593
-0.0732564
0.00804801
0.0830001
0.137061
0.1381
0.0974207
-0.257076
-0.275483
-0.258432
-0.18853
-0.0659271
0.0169084
0.0919744
0.144756
0.144932
0.10159
-0.25401
-0.272298
-0.256458
-0.184652
-0.0592678
0.0250061
0.10001
0.151292
0.150762
0.104986
-0.248055
-0.267047
-0.254325
-0.182003
-0.0544644
0.0309911
0.105756
0.155633
0.154721
0.107027
-0.243034
-0.262746
-0.252578
-0.180369
-0.0514452
0.0347333
0.109102
0.157898
0.156744
0.107487
-0.240749
-0.261161
-0.25183
-0.179533
-0.0500015
0.0365435
0.110641
0.158894
0.157482
0.106883
-0.239551
-0.260728
-0.251663
-0.179098
-0.0492804
0.0374226
0.111379
0.159366
0.157685
0.106099
0.0365607
0.0359983
0.0350142
0.033784
0.0323071
0.0305754
0.0286634
0.0266942
0.0247118
0.0226829
0.020567
0.0183583
0.0160696
0.0136948
0.0109402
0.00700687
0.00564285
0.00555341
0.00580285
0.00596659
0.00600061
0.00621439
0.00680566
0.00776834
0.00885847
0.00974772
0.0101663
0.00998912
0.00922123
0.00797451
0.0058243
0.00337
0.019365
0.0189826
0.0184289
0.0177154
0.0169133
0.0162444
0.0158295
0.0156853
0.0156364
0.0154155
0.0147808
0.0135853
0.0118031
0.00952045
0.00633595
0.00317526
0.0115336
0.0111738
0.0109976
0.010852
0.0107045
0.0107534
0.0111005
0.0117365
0.0124683
0.013026
0.0131502
0.0126688
0.0114809
0.00959334
0.00655749
0.00351084
0.0126125
0.0123496
0.0122765
0.0123775
0.0125644
0.0128687
0.0132632
0.0137108
0.0140949
0.0142524
0.014022
0.0132744
0.0118902
0.00981635
0.00657325
0.0033984
0.00909017
0.00910673
0.00947455
0.0101199
0.0108376
0.0115569
0.0122298
0.0128468
0.0133567
0.0136423
0.0135738
0.0130123
0.011791
0.00977593
0.00648302
0.00320392
0.00799168
0.00841273
0.00913408
0.0100378
0.0109002
0.0116441
0.012255
0.0127787
0.0132155
0.0134914
0.0134647
0.0129731
0.0118011
0.00975923
0.00638655
0.00303658
0.00730601
0.00794249
0.00879608
0.00974319
0.0105939
0.0112934
0.0118671
0.0123906
0.012888
0.0132704
0.0133847
0.0130144
0.0118897
0.00978408
0.00630068
0.00288334
0.00621414
0.00691815
0.00779308
0.00874057
0.00960885
0.0103665
0.0110503
0.0117389
0.0124421
0.0130596
0.0133724
0.0131268
0.0120113
0.00979931
0.00619077
0.00271187
0.00493476
0.00559134
0.00641122
0.0073301
0.0082474
0.00914913
0.0100725
0.0110649
0.0121014
0.0130131
0.0135512
0.0134016
0.012227
0.00983223
0.0060667
0.00252312
0.00358718
0.00411433
0.00484694
0.00576263
0.00678928
0.00791853
0.00916788
0.0105477
0.0119664
0.0132065
0.0139451
0.0138302
0.0125119
0.00986847
0.00592433
0.00230724
0.00227927
0.00261672
0.00324945
0.00419185
0.00537976
0.00679583
0.00843702
0.0102519
0.0120918
0.0136585
0.0145715
0.0144227
0.0128679
0.00990355
0.00576652
0.00207581
0.00111781
0.00117038
0.00164019
0.00259451
0.00397734
0.0057559
0.00786848
0.0102073
0.0125099
0.0144006
0.0154234
0.0151368
0.0132428
0.00990604
0.00557674
0.00181508
5.26347e-05
-0.000253841
3.53114e-05
0.0010317
0.00266804
0.00487479
0.00755183
0.0104627
0.013262
0.0154557
0.0165165
0.0159796
0.0136393
0.00987846
0.00536805
0.00154982
-0.000597122
-0.00137695
-0.00135516
-0.000351877
0.00155438
0.00425151
0.00753465
0.0110836
0.0143807
0.0168233
0.0178086
0.0168847
0.0140016
0.00979557
0.00512478
0.00126435
-0.0008467
-0.0021704
-0.00243614
-0.00141587
0.000768634
0.00395712
0.00787741
0.0120498
0.0158321
0.0184625
0.0192648
0.0178326
0.0143297
0.00966938
0.00487395
0.00100026
-0.00036558
-0.00237522
-0.00307191
-0.00213808
0.000276977
0.00396436
0.00852913
0.0133526
0.017573
0.0202934
0.0207829
0.0187288
0.0145645
0.00947746
0.00459855
0.000739292
0.000782805
-0.0019953
-0.00317611
-0.00236541
0.000256651
0.00442454
0.0096219
0.01501
0.0195709
0.0222603
0.0223194
0.0195595
0.0147228
0.00924994
0.00434342
0.000537485
0.00249272
-0.00112237
-0.00278691
-0.0020258
0.000879285
0.00553866
0.0112582
0.0170751
0.0217997
0.0242921
0.0237844
0.0202481
0.0147568
0.00896307
0.00408005
0.000363856
0.00450588
0.000135633
-0.00185388
-0.00100622
0.00221155
0.00726109
0.013371
0.019431
0.0241562
0.0263129
0.0251417
0.0208003
0.0147036
0.00866228
0.00386732
0.000284522
0.00722297
0.0019919
-0.000450739
0.000403865
0.00388479
0.00931086
0.0157331
0.0219389
0.026535
0.0282238
0.0263049
0.0211546
0.014523
0.00832027
0.00366571
0.000255821
0.0103486
0.00428056
0.00142781
0.0022994
0.00602291
0.0117372
0.0183631
0.024565
0.028882
0.0299931
0.0272849
0.0213618
0.0142878
0.00800863
0.00355152
0.00034888
0.0137652
0.00687545
0.00365684
0.00462214
0.00861933
0.0145664
0.0212627
0.0272998
0.0311804
0.0315883
0.0280433
0.021385
0.0139596
0.00768809
0.00347065
0.00050549
0.017242
0.00961476
0.00615083
0.00729387
0.011556
0.0176619
0.0242827
0.0300032
0.0333293
0.0329749
0.0286077
0.0212943
0.0136272
0.00744483
0.00351123
0.000799232
0.0207851
0.0123986
0.00868158
0.0100151
0.0145481
0.0207187
0.0272172
0.0325587
0.0352677
0.0341107
0.0289439
0.0210511
0.0132403
0.00722135
0.00360267
0.00115803
0.0243103
0.0151793
0.0112152
0.0127058
0.0173844
0.0236134
0.0298727
0.0348034
0.0369095
0.0349993
0.0291238
0.0207677
0.0129212
0.0071246
0.00383996
0.0016474
0.0277998
0.0178845
0.0135907
0.0151229
0.0199399
0.026061
0.0321619
0.0367117
0.0382489
0.0356276
0.0291196
0.0203943
0.0126006
0.00707969
0.00413985
0.0021874
0.0310413
0.0203321
0.015666
0.0171822
0.0219802
0.0280785
0.0339129
0.0381374
0.0392241
0.0360132
0.0290103
0.0200516
0.0124138
0.00720664
0.0046035
0.0028379
0.0338847
0.0224213
0.0172987
0.0187247
0.0234817
0.0293863
0.0351384
0.0391392
0.0398707
0.0361525
0.0287525
0.0196609
0.0122608
0.00740734
0.00513441
0.00351605
0.0360361
0.0237655
0.018221
0.0194641
0.0241438
0.0300587
0.0357031
0.0396561
0.0402123
0.0361238
0.0284671
0.0193732
0.0122939
0.00780513
0.00582391
0.00426664
0.0374851
0.0244143
0.0182498
0.0193193
0.0239348
0.0298498
0.0357597
0.0398382
0.0403248
0.0359335
0.0280992
0.0190856
0.0123883
0.00828367
0.0065682
0.00501192
0.0378573
0.0239444
0.0172257
0.0180214
0.0227472
0.0290329
0.0353042
0.0397317
0.0402948
0.035693
0.027791
0.018967
0.0127087
0.00896959
0.00745024
0.00578441
0.036995
0.0222885
0.0149297
0.0156755
0.0206972
0.0275674
0.0346365
0.0395311
0.0401963
0.0353924
0.027462
0.0188854
0.0131046
0.00973041
0.00836265
0.00651609
0.0345074
0.0189837
0.0111725
0.012061
0.0178499
0.0258151
0.0338461
0.0393521
0.0401583
0.0351723
0.0272792
0.0190254
0.0137415
0.0106786
0.00936653
0.00722429
0.0306954
0.0143862
0.00616833
0.00748966
0.014422
0.0238558
0.033171
0.0392913
0.0401771
0.0349702
0.0271233
0.0192259
0.0144508
0.0116759
0.0103618
0.00785974
0.0256467
0.00857681
8.50013e-05
0.00214377
0.0107012
0.0219989
0.0327207
0.0394606
0.0403749
0.0349278
0.0271724
0.0196849
0.0154025
0.0128256
0.0113925
0.0084296
0.0195762
0.00196241
-0.00657221
-0.00346305
0.00705353
0.0204943
0.032643
0.0398569
0.040678
0.0349379
0.0272756
0.0202189
0.0164172
0.0139912
0.0123721
0.00890491
0.0126049
-0.00537941
-0.0135458
-0.00896042
0.00388596
0.0195834
0.0331301
0.0406363
0.0412355
0.0351629
0.0276241
0.021025
0.0176493
0.0152515
0.0133234
0.00928491
0.00538172
-0.012656
-0.0201462
-0.0137206
0.00171473
0.0196664
0.0341852
0.041696
0.0419149
0.0354574
0.0280422
0.0219074
0.0189204
0.0164844
0.0141842
0.00956468
-0.00171192
-0.0194853
-0.0258251
-0.0172112
0.000864517
0.020755
0.0360168
0.0432023
0.042875
0.0359956
0.0287319
0.0230647
0.0203716
0.0177468
0.0149612
0.00973921
-0.00776242
-0.0249242
-0.029728
-0.0187104
0.00189127
0.0232614
0.0384484
0.0449566
0.0439307
0.0365981
0.0294958
0.0242912
0.0218288
0.0189348
0.0156178
0.00982295
-0.0123994
-0.0283793
-0.0312674
-0.0178488
0.00481538
0.0269037
0.0416717
0.0471271
0.045248
0.0374416
0.0305233
0.0257563
0.0233964
0.0200759
0.0161467
0.00980878
-0.0147431
-0.0292009
-0.0298547
-0.0141037
0.0100358
0.0319879
0.0453404
0.0494422
0.0466028
0.0383257
0.031612
0.027261
0.0249208
0.0210966
0.016542
0.00972705
-0.0143069
-0.0267963
-0.0252415
-0.00769054
0.0170453
0.0379104
0.0496041
0.0520658
0.048166
0.0394351
0.0329558
0.0289522
0.0264738
0.0220009
0.0167878
0.00956937
-0.0103597
-0.020691
-0.0171156
0.00164474
0.0260301
0.0448549
0.0540148
0.0546903
0.0496978
0.040567
0.0343645
0.0306455
0.0279274
0.0227467
0.0169041
0.00937462
-0.00239787
-0.0106038
-0.00574656
0.0131913
0.0361317
0.0520729
0.0587175
0.0574806
0.0513669
0.0419177
0.0360025
0.0324363
0.0293118
0.02332
0.0168722
0.00913371
0.00962717
0.00323009
0.00869492
0.0269197
0.0474022
0.0597011
0.0632833
0.0601443
0.0529471
0.0433109
0.0376976
0.0341685
0.0305382
0.0237176
0.016735
0.00888771
0.0250008
0.0199053
0.0250432
0.0416137
0.0588045
0.0670337
0.0678899
0.06286
0.0546411
0.0449399
0.0395601
0.035886
0.0315945
0.0239131
0.016474
0.00862586
0.0426352
0.0382734
0.0426193
0.0570427
0.0703433
0.0742308
0.0721778
0.0653755
0.0562653
0.0466349
0.0414276
0.0374667
0.0324291
0.0239345
0.0161461
0.00838642
0.0605527
0.056521
0.0597618
0.0718045
0.081026
0.0807337
0.0763338
0.0678805
0.0580167
0.048532
0.0433534
0.038885
0.0329972
0.0237532
0.0157355
0.00815661
0.0776679
0.0734662
0.0758714
0.0857241
0.0908876
0.0867115
0.0800979
0.0701816
0.0597386
0.0504716
0.045198
0.0400664
0.0333032
0.0234265
0.0153043
0.00796781
0.0926438
0.087898
0.0898449
0.0978228
0.0992652
0.0918306
0.0836492
0.0724596
0.0615962
0.0525267
0.0469334
0.040938
0.0332943
0.0229318
0.0148377
0.00780394
0.105196
0.0995975
0.101875
0.108313
0.106375
0.0963056
0.0868131
0.0745559
0.0634511
0.0545594
0.0484628
0.0414937
0.0330323
0.0223471
0.0143945
0.00768826
0.114176
0.108063
0.111722
0.116843
0.111945
0.0999994
0.089719
0.076611
0.0654235
0.0565752
0.0496956
0.0416409
0.0324726
0.0216608
0.0139596
0.00760169
0.118542
0.113298
0.119842
0.123828
0.116352
0.103122
0.0922738
0.0785259
0.0674049
0.0584616
0.0505825
0.0414354
0.0317166
0.0209556
0.0135812
0.00756003
0.117115
0.115487
0.126379
0.129344
0.119714
0.105755
0.0945966
0.0804238
0.0694371
0.0601474
0.0510033
0.0407875
0.0307295
0.0202234
0.0132397
0.00754198
0.108833
0.114613
0.130969
0.133145
0.12209
0.107985
0.0966982
0.0822833
0.0714023
0.0615074
0.0509712
0.0398211
0.0296404
0.0195394
0.0129689
0.00755859
0.0952365
0.111934
0.134001
0.135424
0.123495
0.109686
0.0985637
0.0841577
0.0732078
0.0624209
0.0504287
0.0385205
0.0284461
0.0188966
0.0127438
0.00758783
0.0800459
0.109523
0.135327
0.136457
0.124284
0.110807
0.100099
0.085931
0.0746081
0.0627609
0.0494744
0.0370732
0.0272875
0.0183516
0.0125837
0.00763874
0.0688713
0.109565
0.135143
0.136557
0.124688
0.111623
0.101178
0.0874072
0.075421
0.0624752
0.0481735
0.0355274
0.0261745
0.0178889
0.0124588
0.00769067
0.0645941
0.11216
0.134159
0.135768
0.1244
0.112115
0.101823
0.0884058
0.0756179
0.061725
0.0467668
0.0340837
0.0252128
0.0175318
0.0123782
0.00775438
0.0681243
0.116395
0.133038
0.133761
0.12339
0.112092
0.101904
0.0886957
0.0752414
0.0607087
0.045398
0.0327812
0.0243798
0.0172479
0.0123118
0.00780928
0.0819527
0.121782
0.131358
0.130084
0.121207
0.111324
0.10154
0.0881826
0.0744128
0.0596351
0.0442273
0.0317263
0.0237188
0.0170422
0.0122692
0.0078644
0.107975
0.127983
0.130086
0.125196
0.117849
0.109984
0.100811
0.0869353
0.073242
0.0586496
0.0433345
0.0309205
0.023191
0.0168862
0.0122303
0.00790464
0.13219
0.133835
0.130251
0.120684
0.114078
0.108157
0.0996359
0.0852584
0.071947
0.057863
0.0427728
0.0303834
0.0227929
0.0167716
0.0122084
0.0079489
0.139415
0.136368
0.130503
0.118168
0.111266
0.10633
0.0978392
0.0832493
0.0706243
0.0573121
0.0425604
0.0301112
0.0225048
0.0166783
0.012183
0.00798332
0.134588
0.134124
0.130173
0.117924
0.109641
0.104758
0.0956986
0.0811585
0.0694321
0.0570204
0.0426635
0.0300876
0.0223207
0.0165965
0.0121604
0.00802328
0.126726
0.130759
0.129687
0.118837
0.108879
0.103212
0.0933958
0.0791676
0.0684558
0.0569644
0.0430387
0.0303141
0.0222637
0.0165294
0.0121195
0.00805059
0.118734
0.126136
0.127778
0.119191
0.108124
0.10127
0.0910627
0.0775122
0.0678033
0.0571081
0.0435853
0.0307313
0.0223274
0.0164805
0.0120697
0.00807989
0.109703
0.120121
0.124362
0.11846
0.107272
0.0993478
0.089111
0.0764051
0.0674693
0.0573545
0.0442073
0.0313089
0.0225462
0.0164797
0.0119991
0.0080914
0.0995789
0.112808
0.11948
0.11646
0.106276
0.0977398
0.0877154
0.0758192
0.0673794
0.0576233
0.0448034
0.0319523
0.0228872
0.0165317
0.0119227
0.0081009
0.0889089
0.104435
0.113354
0.113201
0.104907
0.0963444
0.0866925
0.0754646
0.0673029
0.0577705
0.0452677
0.0326034
0.0233645
0.0166718
0.0118378
0.00808786
0.0780906
0.0950352
0.105853
0.108488
0.102801
0.094955
0.0858622
0.0751745
0.0671142
0.0577265
0.0455315
0.0331623
0.0239074
0.0168866
0.0117622
0.00806984
0.0673097
0.0848439
0.097282
0.1026
0.0998874
0.093405
0.0851166
0.0749145
0.0667591
0.0574113
0.0455156
0.0335594
0.0244905
0.0171973
0.0117003
0.00802715
0.0569246
0.0742186
0.0878793
0.0956829
0.0960447
0.0914732
0.0842718
0.0746381
0.066301
0.0568918
0.0452491
0.0337394
0.0250235
0.0175659
0.0116663
0.00797964
0.0469577
0.0636114
0.0781563
0.088184
0.0914412
0.0890442
0.0831689
0.0742563
0.0657225
0.0561622
0.044714
0.0336634
0.0254646
0.0179938
0.0116661
0.00790941
0.0379804
0.053637
0.068615
0.0803897
0.0861631
0.0860044
0.0816601
0.0736631
0.0650498
0.0553247
0.0440157
0.0333603
0.0257509
0.0184251
0.0117048
0.00783869
0.0302391
0.0447866
0.0597596
0.0727128
0.0804747
0.0823917
0.0796786
0.0727839
0.0642362
0.0543612
0.0431483
0.0328272
0.0258545
0.0188463
0.0117854
0.00775316
0.0241972
0.0375402
0.0520237
0.0654609
0.0745766
0.078279
0.0772306
0.0715872
0.0633053
0.0533574
0.042225
0.0321534
0.0257699
0.0192049
0.011902
0.00767619
0.0199672
0.0320738
0.0456579
0.0589337
0.0687786
0.0738813
0.0744125
0.0700913
0.062235
0.0522819
0.0412207
0.0313358
0.0254845
0.0194847
0.0120513
0.00759557
0.0175066
0.02833
0.0407546
0.0533395
0.063331
0.0694207
0.0713503
0.0683362
0.0610674
0.0512087
0.040233
0.030475
0.0250362
0.0196474
0.0122153
0.00753303
0.0164191
0.0260922
0.0372129
0.0487574
0.0584327
0.0651075
0.0681882
0.0663798
0.059798
0.0501071
0.0392232
0.0295483
0.0244113
0.0196745
0.0123816
0.00747732
0.0166217
0.0250963
0.034884
0.0451668
0.0542146
0.0611124
0.0650248
0.0642712
0.0584518
0.0490273
0.038266
0.0286498
0.0236802
0.0195556
0.0125265
0.00744545
0.0175823
0.0250645
0.0335137
0.0425155
0.0506976
0.0574947
0.0619432
0.0620464
0.0569975
0.0479218
0.0373134
0.0277422
0.022831
0.0192826
0.0126352
0.007424
0.0192359
0.0256529
0.0328694
0.0405867
0.0478534
0.054296
0.058936
0.0597019
0.0554183
0.0468058
0.0364176
0.0269081
0.0219573
0.01888
0.0126888
0.00742309
0.0208405
0.0264124
0.0325226
0.0391591
0.0455019
0.0513984
0.0560079
0.0572442
0.0536818
0.045631
0.035531
0.0261035
0.0210416
0.0183455
0.012674
0.00742625
0.0222913
0.0270175
0.0322103
0.0379041
0.0434474
0.0487428
0.0531096
0.0546729
0.051795
0.0444097
0.0346887
0.0253912
0.0201746
0.0177271
0.0125835
0.00743727
0.0231537
0.0272083
0.0316269
0.0366052
0.0414604
0.0461575
0.0502437
0.052013
0.0497576
0.0431018
0.0338391
0.0247138
0.0193194
0.0170182
0.012407
0.0074363
0.0235225
0.0269209
0.030695
0.0350342
0.0393559
0.0435802
0.0473476
0.0492551
0.0475793
0.0417024
0.0329898
0.0241066
0.0185472
0.0162761
0.0121499
0.00742241
0.0232759
0.0261121
0.0292701
0.0331158
0.0370281
0.0408682
0.0443925
0.0463906
0.0452423
0.0401604
0.0320797
0.023503
0.0178049
0.0154855
0.0118033
0.00737376
0.022514
0.0247824
0.0274233
0.0308078
0.0344034
0.0379853
0.0413016
0.0433849
0.0427411
0.0384691
0.0311055
0.0229239
0.0171461
0.0147062
0.0113872
0.00728969
0.0212041
0.0230053
0.0251392
0.0281473
0.0314877
0.0348683
0.0380497
0.0402165
0.0400487
0.0365816
0.0300077
0.0223024
0.0165082
0.0139151
0.0108979
0.00715193
0.0194784
0.0208236
0.0225458
0.0251894
0.0282987
0.031527
0.0346066
0.0368715
0.0371688
0.0345075
0.0287881
0.0216527
0.0159298
0.0131668
0.0103676
0.00696653
0.0173469
0.0183435
0.0196774
0.0219901
0.024874
0.0279628
0.0309828
0.0333563
0.0340936
0.0322189
0.0273958
0.0209118
0.0153422
0.0124261
0.00979143
0.00672126
0.0148898
0.0155708
0.0165765
0.018577
0.0212488
0.0242237
0.0272091
0.0297049
0.0308669
0.0297583
0.0258565
0.0200971
0.0147743
0.0117347
0.0092036
0.00642885
0.0121
0.0125261
0.0132497
0.0149862
0.0174813
0.0203668
0.0233381
0.0259535
0.0274994
0.0271096
0.0241243
0.0191451
0.0141545
0.0110454
0.00859196
0.00608155
0.00911537
0.00933943
0.00982381
0.011317
0.0136486
0.0164499
0.0194077
0.0221329
0.0240324
0.0243186
0.0222345
0.0180793
0.013508
0.0103896
0.0079877
0.0056968
0.00597555
0.00604698
0.00633395
0.00761651
0.00979297
0.0125148
0.015451
0.0182672
0.0204628
0.0213543
0.0201314
0.0168311
0.0127648
0.00971438
0.00737224
0.00526981
0.00278849
0.00275783
0.00288467
0.00396558
0.00598849
0.00860495
0.011499
0.0143643
0.0168316
0.0182722
0.0178709
0.0154419
0.0119524
0.00904584
0.00677264
0.00482113
-0.000400607
-0.000502563
-0.000509496
0.000393935
0.00225211
0.00475846
0.00757959
0.0104846
0.0131532
0.0150595
0.0154138
0.0138505
0.0110044
0.00833035
0.00616564
0.00434946
-0.00351446
-0.00365321
-0.00376694
-0.00303717
-0.00133878
0.0010272
0.00375848
0.00664171
0.00947971
0.0117919
0.012843
0.0121255
0.00996372
0.00759606
0.00557494
0.00387643
-0.006512
-0.00668025
-0.00688498
-0.00630895
-0.00477154
-0.0025474
5.91015e-05
0.00291747
0.00585025
0.00848208
0.0101383
0.0102173
0.00877019
0.00679435
0.00497446
0.00340055
-0.00935016
-0.0095208
-0.00979674
-0.00936233
-0.00798296
-0.00591647
-0.00343566
-0.000671392
0.00231726
0.00520855
0.00739531
0.00821271
0.00748408
0.00595626
0.00438433
0.00293912
-0.011979
-0.0121606
-0.0124964
-0.0121807
-0.0109479
-0.00903544
-0.00671937
-0.00404154
-0.00105809
0.00200675
0.00460836
0.00607381
0.00605034
0.00503365
0.00377623
0.00248767
-0.0143955
-0.0145692
-0.0149441
-0.0147282
-0.0136253
-0.0118711
-0.0096975
-0.00716701
-0.00423249
-0.00106478
0.00186466
0.00389535
0.00454422
0.00406702
0.00316957
0.00205853
-0.0165569
-0.0167367
-0.0171376
-0.0169882
-0.0159895
-0.0143665
-0.0123681
-0.00997424
-0.00713778
-0.0039496
-0.000824142
0.00165258
0.00291775
0.00300996
0.00253651
0.0016437
-0.0185749
-0.0187294
-0.0191064
-0.0189676
-0.0180211
-0.016509
-0.0146411
-0.0124289
-0.00974266
-0.00663335
-0.00338403
-0.000556044
0.00126253
0.00191799
0.00189773
0.00125111
-0.0201595
-0.0202988
-0.0206522
-0.0205167
-0.019627
-0.0182197
-0.0165314
-0.0145112
-0.0120297
-0.0090395
-0.00579275
-0.00273463
-0.000452594
0.000750913
0.0012251
0.000869931
-0.0215807
-0.0216743
-0.021955
-0.0217713
-0.0208926
-0.019577
-0.0180349
-0.0162255
-0.0139602
-0.0111794
-0.00798702
-0.00478657
-0.00212599
-0.0004189
0.000548146
0.000505895
-0.0224639
-0.0225139
-0.0227375
-0.0225392
-0.0217109
-0.0205152
-0.0191514
-0.017557
-0.0155504
-0.0129779
-0.00993493
-0.00670455
-0.00377624
-0.00162414
-0.000159209
0.000148766
-0.0231859
-0.0231685
-0.0232946
-0.0230264
-0.0222034
-0.0210991
-0.0198997
-0.0185318
-0.0167695
-0.0144751
-0.011617
-0.00842517
-0.00531278
-0.0027858
-0.000856123
-0.000194518
-0.0233586
-0.0232768
-0.0233348
-0.0230603
-0.0223102
-0.021344
-0.0203319
-0.0191871
-0.0177017
-0.0156544
-0.0130263
-0.00994803
-0.00675553
-0.0039357
-0.00157052
-0.000535487
-0.0232965
-0.0231691
-0.0231718
-0.0228827
-0.022192
-0.0213501
-0.0205064
-0.0195766
-0.0183145
-0.0165428
-0.01415
-0.0112198
-0.00800812
-0.00497155
-0.00223351
-0.000849769
-0.0229343
-0.0228092
-0.0228202
-0.022611
-0.0220681
-0.0214055
-0.0207445
-0.0199892
-0.0189378
-0.0173556
-0.0151592
-0.0123739
-0.00920141
-0.00601564
-0.00294663
-0.00119854
-0.0213381
-0.0211649
-0.0212015
-0.0211168
-0.0207845
-0.0203795
-0.0199835
-0.0195042
-0.018704
-0.0174069
-0.0154842
-0.01295
-0.00990049
-0.0066961
-0.00343255
-0.00142526
-0.0234176
-0.0233079
-0.0232985
-0.0231692
-0.0228179
-0.0223784
-0.0219002
-0.0212792
-0.0203438
-0.0189091
-0.016894
-0.0142696
-0.0111482
-0.00779781
-0.00426865
-0.00188963
-0.0170911
-0.0169603
-0.017191
-0.0174349
-0.0175294
-0.0176002
-0.017699
-0.0177233
-0.0174496
-0.01668
-0.0152775
-0.0132317
-0.0105613
-0.00755047
-0.00417283
-0.00176679
-0.0300397
-0.0299434
-0.0297446
-0.0293437
-0.02866
-0.0277785
-0.0267324
-0.0254769
-0.0238914
-0.0218727
-0.0193954
-0.0164529
-0.0131561
-0.00971631
-0.00597237
-0.00309621
-0.00608101
-0.00621178
-0.00697579
-0.00780417
-0.00849016
-0.00921985
-0.0100849
-0.0109712
-0.0115905
-0.0116868
-0.0110941
-0.00982718
-0.00796385
-0.00571949
-0.00287299
-0.000507353
-0.0505163
-0.0502863
-0.0497616
-0.0488282
-0.0472769
-0.0450369
-0.0422306
-0.0389913
-0.0354381
-0.031675
-0.0278405
-0.024056
-0.02036
-0.0168556
-0.0128872
-0.00903409
-0.287247
-0.181064
-0.236963
-0.270214
-0.15733
-0.0225025
0.030756
0.0458808
0.0204195
-0.0377043
-0.287304
-0.181247
-0.23688
-0.270377
-0.157634
-0.0227505
0.0306367
0.0456881
0.0199251
-0.037258
-0.28717
-0.181412
-0.236755
-0.270648
-0.158057
-0.0230846
0.0304838
0.0453698
0.0190922
-0.036029
-0.286207
-0.181469
-0.23668
-0.271074
-0.158739
-0.0236849
0.0301544
0.0450351
0.0179888
-0.0347271
-0.283328
-0.18132
-0.236773
-0.271731
-0.159833
-0.0245856
0.0296004
0.0447494
0.0170498
-0.0341552
-0.277088
-0.180908
-0.237176
-0.272442
-0.161396
-0.0259218
0.0286327
0.0442562
0.016412
-0.0340053
-0.268006
-0.180078
-0.237991
-0.273257
-0.163487
-0.0277877
0.0272449
0.043324
0.0158474
-0.0341046
-0.257649
-0.178859
-0.239151
-0.273888
-0.165732
-0.0301234
0.025398
0.0418493
0.0149873
-0.0341251
-0.24891
-0.177272
-0.240336
-0.274081
-0.167633
-0.0326408
0.0232537
0.0399273
0.0136717
-0.0339163
-0.244177
-0.176478
-0.240796
-0.272612
-0.167928
-0.034827
0.0210029
0.0376477
0.0119482
-0.033471
-0.244344
-0.177397
-0.239858
-0.268388
-0.1659
-0.0362003
0.0189559
0.0352273
0.00999352
-0.033075
-0.247929
-0.179741
-0.236689
-0.260342
-0.160816
-0.0363231
0.0173644
0.0328015
0.00797802
-0.032674
-0.25292
-0.181951
-0.231122
-0.24954
-0.153437
-0.0352453
0.0163483
0.0305252
0.00597567
-0.0324109
-0.257615
-0.183211
-0.223113
-0.236439
-0.144063
-0.0329732
0.0159987
0.0285051
0.00414363
-0.032126
-0.261447
-0.183289
-0.213497
-0.222702
-0.134002
-0.0299658
0.0161968
0.0267979
0.00250542
-0.0319582
-0.264403
-0.183191
-0.203092
-0.208706
-0.123579
-0.0263965
0.0169193
0.0255257
0.00131418
-0.0315882
-0.266579
-0.183497
-0.193007
-0.195499
-0.113723
-0.0227505
0.0179314
0.0246601
0.000503093
-0.0311654
-0.267944
-0.185179
-0.1841
-0.183086
-0.10447
-0.0191646
0.0191897
0.0243279
0.000336711
-0.0302519
-0.268188
-0.187881
-0.176857
-0.171952
-0.0963649
-0.0160128
0.0204612
0.0243878
0.000599169
-0.02906
-0.267064
-0.191684
-0.171601
-0.161881
-0.0893417
-0.0133758
0.0217199
0.0249161
0.00154026
-0.0270937
-0.264366
-0.195511
-0.167943
-0.152963
-0.0836075
-0.011472
0.0227596
0.0256284
0.00279663
-0.0247455
-0.260034
-0.199183
-0.165813
-0.145171
-0.0789763
-0.0102882
0.0235491
0.0265267
0.00458473
-0.0215718
-0.254141
-0.201682
-0.164424
-0.138511
-0.0753062
-0.00978441
0.023881
0.0272172
0.00641086
-0.0181549
-0.246816
-0.203021
-0.163693
-0.133018
-0.0724358
-0.00991223
0.0236199
0.02764
0.00842161
-0.0141429
-0.238373
-0.202549
-0.162844
-0.128422
-0.0701405
-0.0106094
0.0225804
0.0274422
0.0101148
-0.0102117
-0.229035
-0.200575
-0.16195
-0.124802
-0.0685732
-0.0119629
0.0207187
0.0267179
0.0116923
-0.00603281
-0.219165
-0.196804
-0.160336
-0.121699
-0.0675525
-0.0138183
0.0181755
0.0253555
0.0127594
-0.002288
-0.209031
-0.191704
-0.158181
-0.119189
-0.0672272
-0.0162832
0.0149985
0.0235047
0.0135248
0.00130695
-0.198948
-0.185224
-0.154973
-0.116703
-0.0671991
-0.0190724
0.0113901
0.0211163
0.0136849
0.00418023
-0.189019
-0.177884
-0.151051
-0.114392
-0.0676083
-0.0222857
0.00733596
0.018309
0.0134515
0.00664654
-0.179322
-0.169761
-0.146155
-0.111765
-0.0680024
-0.0255573
0.00308578
0.0151112
0.0126408
0.00828672
-0.169894
-0.161334
-0.140756
-0.109088
-0.0685626
-0.0290196
-0.00139809
0.0115932
0.0114209
0.00937384
-0.160741
-0.152682
-0.134714
-0.10598
-0.0688625
-0.0322889
-0.00585397
0.00784693
0.00969431
0.00964284
-0.151893
-0.144114
-0.128428
-0.102707
-0.069082
-0.0355013
-0.0103387
0.00389785
0.00757331
0.00931745
-0.143273
-0.135614
-0.121789
-0.0989886
-0.0688603
-0.0383041
-0.0145905
-0.000106794
0.00506775
0.00829928
-0.134879
-0.127353
-0.115111
-0.0950862
-0.0683842
-0.0408327
-0.0186719
-0.00416046
0.00225754
0.00676256
-0.12664
-0.119289
-0.10834
-0.0908505
-0.0674169
-0.0428206
-0.0223493
-0.00808563
-0.000758128
0.00473692
-0.118603
-0.111541
-0.101726
-0.086531
-0.0661548
-0.0444062
-0.0256895
-0.0118852
-0.00392163
0.00234219
-0.110749
-0.104073
-0.0952409
-0.0820688
-0.0644785
-0.0454275
-0.0285167
-0.0153895
-0.00708907
-0.00030458
-0.103148
-0.0969586
-0.089034
-0.0776437
-0.0625551
-0.0460114
-0.0308983
-0.018607
-0.0102161
-0.00313111
-0.0958194
-0.0901731
-0.0830784
-0.0732321
-0.0603432
-0.0460884
-0.0327331
-0.0214108
-0.0131662
-0.00598065
-0.088814
-0.0837499
-0.0774357
-0.0689322
-0.0579609
-0.0457657
-0.0340902
-0.0238186
-0.015905
-0.00882083
-0.0821468
-0.0776644
-0.0720741
-0.0647304
-0.0554114
-0.0450447
-0.034946
-0.0257707
-0.0183495
-0.0115023
-0.0758205
-0.0719021
-0.0669846
-0.0606516
-0.0527584
-0.0440062
-0.0353688
-0.0272979
-0.0204753
-0.0140285
-0.0698351
-0.0664341
-0.0621343
-0.0566854
-0.0500252
-0.0426935
-0.035395
-0.0284077
-0.0222753
-0.0163018
-0.0641529
-0.0612231
-0.0574882
-0.052825
-0.0472437
-0.0411678
-0.0350899
-0.0291446
-0.023734
-0.0183474
-0.0587747
-0.0562567
-0.0530389
-0.0490826
-0.0444586
-0.0394972
-0.0345243
-0.0295579
-0.024905
-0.0201281
-0.0536642
-0.0515232
-0.0487797
-0.045475
-0.0417081
-0.0377413
-0.0337598
-0.0296995
-0.025765
-0.0216347
-0.0488835
-0.0470571
-0.0447688
-0.0420554
-0.0390711
-0.0359786
-0.0328768
-0.0296198
-0.0263804
-0.0228734
-0.0444224
-0.0429384
-0.0410688
-0.0389263
-0.0366326
-0.034311
-0.0319587
-0.029404
-0.0267625
-0.0238211
-0.0404165
-0.0392402
-0.0377839
-0.0361529
-0.0344709
-0.0327935
-0.0310607
-0.0290759
-0.0269343
-0.0244752
-0.0368553
-0.0360054
-0.0349366
-0.0337629
-0.0325911
-0.0314271
-0.0301702
-0.0286201
-0.0268506
-0.024762
-0.0337938
-0.0332563
-0.0325391
-0.0317514
-0.0309786
-0.0301902
-0.0292614
-0.0280068
-0.0264828
-0.0246539
-0.0312331
-0.0309905
-0.0305734
-0.0300989
-0.0296269
-0.0290902
-0.0283554
-0.0272646
-0.0258698
-0.0242202
-0.0292734
-0.0292634
-0.0290464
-0.0287844
-0.0285175
-0.0281313
-0.0274669
-0.0263898
-0.0249028
-0.0230821
-0.0277823
-0.0280731
-0.0280134
-0.027867
-0.0277648
-0.0276012
-0.0271977
-0.0264103
-0.0253086
-0.0241046
-0.0261831
-0.0270468
-0.0272569
-0.0269313
-0.0263893
-0.0257217
-0.0248373
-0.0236003
-0.0218518
-0.0195891
-0.0251441
-0.0267744
-0.0282575
-0.0292639
-0.0298198
-0.0299991
-0.0298831
-0.0295238
-0.0291983
-0.0291498
-0.0277314
-0.0255743
-0.0228786
-0.0210553
-0.0197855
-0.0185018
-0.0169719
-0.0151179
-0.012746
-0.00964182
-0.0471161
-0.0499395
-0.0493444
-0.0483522
-0.0479489
-0.0478162
-0.0476877
-0.0475374
-0.0478031
-0.0484031
-0.297303
-0.548455
-0.838629
-1.05959
-1.21729
-1.34157
-1.40858
-1.42162
-1.31062
-1.08652
-0.814905
-0.642088
-0.465502
-0.393742
-0.367946
0.511541
0.224001
-0.150449
-0.538564
-0.888258
-1.18529
-1.34904
-1.39878
-1.29564
-1.07556
-0.809672
-0.638195
-0.464109
-0.392878
-0.367616
0.212474
0.052913
-0.136606
-0.375986
-0.656811
-0.966928
-1.21085
-1.32457
-1.25447
-1.0503
-0.7905
-0.624378
-0.458925
-0.390112
-0.36659
-0.130113
-0.229063
-0.353941
-0.489384
-0.645659
-0.838631
-1.04988
-1.19673
-1.17746
-1.00883
-0.760843
-0.598709
-0.446171
-0.382342
-0.362783
-0.300369
-0.371613
-0.480887
-0.585717
-0.684765
-0.791857
-0.926383
-1.05989
-1.07965
-0.952061
-0.726159
-0.570897
-0.429123
-0.370621
-0.355324
-0.354297
-0.483579
-0.578694
-0.639654
-0.688456
-0.747386
-0.81982
-0.925658
-0.965402
-0.878005
-0.683175
-0.542339
-0.410332
-0.357525
-0.344449
-0.465633
-0.594998
-0.643458
-0.645038
-0.636133
-0.651682
-0.698947
-0.790483
-0.845634
-0.79645
-0.636895
-0.516747
-0.39486
-0.347747
-0.333683
-0.622576
-0.655233
-0.619148
-0.558302
-0.509507
-0.505201
-0.550683
-0.643213
-0.724418
-0.715036
-0.594473
-0.496429
-0.384186
-0.342373
-0.325512
-0.605245
-0.573968
-0.510226
-0.440379
-0.384508
-0.364807
-0.402258
-0.494164
-0.60803
-0.643146
-0.56305
-0.483111
-0.377724
-0.340561
-0.321448
-0.406614
-0.388502
-0.357329
-0.320204
-0.281699
-0.258372
-0.280477
-0.358725
-0.496101
-0.57848
-0.540706
-0.4735
-0.37154
-0.338747
-0.320194
-0.182827
-0.202099
-0.212642
-0.20924
-0.19343
-0.177432
-0.190828
-0.251797
-0.394491
-0.518237
-0.5231
-0.465379
-0.364221
-0.334909
-0.319826
-0.0603585
-0.089922
-0.111697
-0.122385
-0.119511
-0.111548
-0.121617
-0.171212
-0.302855
-0.455946
-0.503381
-0.457037
-0.355378
-0.327978
-0.318391
-0.00293024
-0.0254017
-0.044367
-0.0556432
-0.0588061
-0.0579085
-0.0686621
-0.112426
-0.225863
-0.392119
-0.478551
-0.448854
-0.34672
-0.31904
-0.315515
0.030918
0.0152848
0.00212504
-0.00802375
-0.0135749
-0.0167387
-0.027695
-0.0663165
-0.162162
-0.326529
-0.445796
-0.4394
-0.33886
-0.308808
-0.311045
0.053381
0.0422153
0.0316918
0.0237096
0.0185082
0.0145207
0.00351762
-0.0303994
-0.112207
-0.264474
-0.40665
-0.427917
-0.332737
-0.29888
-0.305699
0.0665087
0.0578395
0.0505554
0.0449326
0.0411975
0.0372049
0.0275617
-0.00157634
-0.0716208
-0.207879
-0.362419
-0.412748
-0.327788
-0.289456
-0.299441
0.075247
0.0688886
0.0636323
0.0599364
0.0572932
0.0544205
0.0456873
0.0205772
-0.0390838
-0.158873
-0.316225
-0.39348
-0.323555
-0.281285
-0.292731
0.0821241
0.0773343
0.0736917
0.0711977
0.0695513
0.0666666
0.0591865
0.0379605
-0.0123803
-0.116351
-0.269498
-0.369497
-0.318826
-0.273875
-0.28531
0.0883587
0.0846779
0.0819966
0.0801912
0.0784558
0.0759669
0.0691878
0.0510703
0.00859936
-0.0805335
-0.224626
-0.341594
-0.31294
-0.26747
-0.277611
0.0949885
0.0919145
0.0895182
0.0875346
0.0856519
0.0825518
0.0763383
0.0609792
0.0253737
-0.0502942
-0.182338
-0.310327
-0.305053
-0.261448
-0.269445
0.101772
0.0988299
0.0961287
0.0936043
0.0907736
0.0874053
0.0814429
0.0681472
0.0381352
-0.0257831
-0.144152
-0.277247
-0.294905
-0.255895
-0.261336
0.106623
0.103707
0.100802
0.097763
0.0945829
0.0905931
0.0847458
0.0731649
0.0479741
-0.00583033
-0.11006
-0.243259
-0.282195
-0.250195
-0.253092
0.109956
0.107
0.103887
0.100582
0.0968156
0.0926201
0.0868514
0.0765451
0.0551377
0.00973427
-0.080807
-0.209867
-0.267143
-0.244365
-0.245157
0.111729
0.108752
0.105598
0.102098
0.0982795
0.0937435
0.0879376
0.0785905
0.0603901
0.0220224
-0.0558749
-0.177769
-0.249942
-0.237881
-0.237261
0.113341
0.110267
0.106914
0.103222
0.098969
0.0942048
0.0884009
0.0798489
0.0639885
0.0312678
-0.035461
-0.148084
-0.231187
-0.23078
-0.229712
0.113898
0.110817
0.107417
0.103533
0.0991716
0.0942372
0.0884202
0.0803013
0.0663841
0.0382972
-0.0187967
-0.121092
-0.211342
-0.222713
-0.222164
0.114075
0.110935
0.107411
0.103388
0.0988467
0.0937966
0.0879369
0.0802868
0.0676794
0.0432583
-0.00577604
-0.097397
-0.191146
-0.213833
-0.214792
0.112235
0.109287
0.105972
0.102142
0.0977477
0.0927634
0.0870184
0.0795451
0.0680771
0.0466977
0.00439023
-0.0768589
-0.171074
-0.203993
-0.207255
0.109897
0.107068
0.103872
0.100179
0.0959442
0.0911193
0.0854467
0.0783304
0.0677017
0.0487412
0.0119267
-0.0596465
-0.15176
-0.19345
-0.199691
0.106287
0.103745
0.100857
0.0974568
0.0934878
0.0888715
0.0834371
0.0765356
0.0666796
0.0497503
0.0174943
-0.0453522
-0.133511
-0.182226
-0.191842
0.102704
0.100342
0.0976103
0.0943661
0.0905713
0.0861593
0.0808916
0.0743522
0.0651299
0.0498348
0.0213028
-0.0338684
-0.116734
-0.170654
-0.183851
0.0980466
0.095963
0.0935263
0.0905755
0.0870654
0.0829141
0.0779614
0.0717141
0.0631022
0.0492106
0.0238209
-0.0247036
-0.10152
-0.158839
-0.175576
0.0931757
0.0913063
0.0890796
0.0863555
0.0831048
0.0792563
0.0745884
0.0687485
0.0606972
0.0479773
0.0252058
-0.0176369
-0.0880337
-0.147088
-0.167158
0.0874495
0.0858448
0.0839451
0.0815893
0.0787184
0.0752294
0.0709502
0.0654701
0.057953
0.0462674
0.0257618
-0.0122248
-0.0761908
-0.135509
-0.15854
0.0820201
0.0805982
0.0788921
0.0767674
0.0741745
0.07101
0.067051
0.0619695
0.0549612
0.0441812
0.025615
-0.00823
-0.0659776
-0.124337
-0.149852
0.0763736
0.0751439
0.0736577
0.071784
0.0694731
0.0666103
0.0630043
0.0582895
0.0517669
0.041815
0.0249653
-0.00531171
-0.057219
-0.113653
-0.141116
0.070785
0.069723
0.0684169
0.0667526
0.0646906
0.0621245
0.0588392
0.0545068
0.0484648
0.0392721
0.0239266
-0.00327137
-0.0498047
-0.103597
-0.132429
0.0652315
0.0643097
0.063176
0.061725
0.0599157
0.0576349
0.0546794
0.0507111
0.045119
0.0366239
0.0226212
-0.0018874
-0.0435464
-0.0942051
-0.123852
0.0599058
0.0591098
0.0581218
0.0568548
0.0552703
0.0532537
0.0505915
0.046958
0.041792
0.0339417
0.0211352
-0.00101403
-0.0383023
-0.085532
-0.115449
0.0549997
0.0542921
0.053408
0.0522745
0.0508559
0.0490414
0.0466234
0.0432936
0.0385161
0.0312608
0.0195329
-0.000522215
-0.033913
-0.0775823
-0.107308
0.0502099
0.049615
0.0488505
0.0478544
0.0465964
0.0449719
0.0427858
0.0397289
0.0353227
0.0286298
0.0178863
-0.000300601
-0.0302357
-0.0703399
-0.0994485
0.0457906
0.0452652
0.0445851
0.0436969
0.0425703
0.0411085
0.0391147
0.0363174
0.0322552
0.0260867
0.0162382
-0.000275722
-0.0271513
-0.0637846
-0.0919594
0.0415107
0.0410639
0.0404785
0.0397131
0.0387355
0.0374421
0.0356512
0.0330852
0.0293481
0.0236727
0.0146481
-0.000359927
-0.0245281
-0.0578503
-0.0848122
0.0377681
0.0373548
0.036816
0.0361222
0.0352405
0.0340723
0.0324281
0.0300772
0.0266388
0.0214174
0.0131378
-0.000518075
-0.0222875
-0.0525069
-0.0780868
0.0341502
0.0337983
0.033337
0.0327437
0.0319806
0.0309423
0.0294619
0.0273039
0.0241425
0.0193406
0.0117476
-0.000684182
-0.0203209
-0.0476629
-0.071715
0.031114
0.0307844
0.0303552
0.0298103
0.0291083
0.0281539
0.0267782
0.0247923
0.0218833
0.0174637
0.0104866
-0.000847375
-0.0185879
-0.0432938
-0.0657637
0.0282329
0.0279544
0.0275859
0.0271137
0.0264926
0.0256259
0.0243728
0.0225456
0.0198634
0.0157876
0.00937898
-0.000960473
-0.0170065
-0.0393073
-0.0601431
0.0258725
0.0256158
0.0252742
0.0248351
0.0242509
0.0234374
0.022262
0.0205643
0.0180842
0.0143224
0.00841433
-0.00103655
-0.0155736
-0.0356993
-0.0549169
0.0236483
0.0234299
0.0231369
0.022756
0.0222326
0.0214857
0.0203972
0.0188256
0.0165293
0.0130371
0.00759057
-0.00106022
-0.0142451
-0.0323975
-0.049994
0.0218208
0.0216186
0.0213463
0.0209894
0.0204939
0.0197861
0.0187662
0.0173054
0.015168
0.011925
0.00687297
-0.00107409
-0.0130552
-0.0294256
-0.0454444
0.0200826
0.0199116
0.0196783
0.0193669
0.0189199
0.0182703
0.0173291
0.0159747
0.0139821
0.0109399
0.00623954
-0.00108234
-0.011982
-0.0267303
-0.0411805
0.0186819
0.0185199
0.0182993
0.0180035
0.0175784
0.016966
0.0160872
0.0148211
0.0129419
0.0100793
0.00567598
-0.00110023
-0.0110375
-0.0243285
-0.0372656
0.0174203
0.0172711
0.0170681
0.0167958
0.016402
0.0158353
0.0150198
0.0138313
0.0120538
0.00934018
0.00521016
-0.00107114
-0.0101414
-0.0221281
-0.0336051
0.0164863
0.0163352
0.0161291
0.0158544
0.0154664
0.014922
0.0141483
0.0130195
0.0113258
0.00876054
0.00488398
-0.000943427
-0.00923478
-0.020075
-0.0302492
0.0157576
0.0156071
0.0153999
0.015124
0.0147407
0.0142131
0.0134693
0.0123855
0.0107697
0.00833934
0.00470941
-0.00068671
-0.00825277
-0.0180345
-0.0270517
0.0152497
0.0151019
0.0148936
0.0146131
0.0142281
0.0137048
0.0129734
0.0119165
0.0103579
0.00804924
0.00463822
-0.000364881
-0.00725223
-0.0160268
-0.0239118
0.0148768
0.0147375
0.0145363
0.0142614
0.0138813
0.0133618
0.0126345
0.0115916
0.0100775
0.00786392
0.00463663
-2.81798e-05
-0.00632666
-0.0142359
-0.0207647
0.0146015
0.0144742
0.0142873
0.0140264
0.0136603
0.0131524
0.0124377
0.0114198
0.00995663
0.00784298
0.00477905
0.000386472
-0.00551912
-0.0129328
-0.0184663
0.0144192
0.0142993
0.0141236
0.0138779
0.01353
0.0130419
0.0123519
0.0113685
0.00996416
0.00794256
0.00502853
0.000880877
-0.00467952
-0.0114735
-0.0173128
0.0142922
0.0141752
0.014005
0.0137655
0.0134214
0.0129337
0.0122343
0.0112341
0.00980541
0.00777178
0.00491834
0.00107692
-0.00356344
-0.00786224
-0.0121684
)
;

boundaryField
{
    airfoil
    {
        type            zeroGradient;
    }
    farBoundaries
    {
        type            freestreamPressure;
        freestreamValue uniform 0;
        supersonic      false;
        value           nonuniform List<scalar> 
52
(
-0.0215048
-0.0227935
-0.0225219
-0.022069
-0.0218849
-0.0218244
-0.0217657
-0.0216971
-0.0218184
-0.0220923
-0.0230567
-0.0229518
-0.0227123
-0.0222863
-0.0215782
-0.0205558
-0.019275
-0.0177965
-0.0161747
-0.0144572
-0.012707
-0.0109797
-0.00929275
-0.00769326
-0.00588202
-0.00412336
0.0198736
0.0195679
0.019033
0.0183643
0.0175614
0.0166201
0.0155808
0.0145104
0.0134328
0.0123299
0.0111798
0.00997918
0.00873506
0.00744421
0.00594685
0.00380878
0.0204704
0.020779
0.0199143
0.0192862
0.0190688
0.0189554
0.0188425
0.0187921
0.0190115
0.0195052
)
;
    }
    inlet
    {
        type            freestreamPressure;
        freestreamValue uniform 0;
        supersonic      false;
        value           nonuniform List<scalar> 
30
(
0.0142636
0.0141434
0.0139685
0.0137221
0.0133677
0.0128646
0.0121421
0.0111085
0.00963438
0.00755122
0.00468322
0.000987976
-0.00304773
-0.00587019
-0.00689998
0.0143629
0.0144768
0.0146383
0.0148583
0.0151638
0.0155746
0.0161228
0.0168267
0.0176852
0.0186281
0.019444
0.0196497
0.0183528
0.0145724
0.00962334
)
;
    }
    outlet
    {
        type            freestreamPressure;
        freestreamValue uniform 0;
        supersonic      false;
        value           nonuniform List<scalar> 
120
(
4.03711e-06
4.11526e-06
4.19882e-06
4.28262e-06
4.36744e-06
4.44296e-06
4.5123e-06
4.56737e-06
4.61239e-06
4.63897e-06
4.6524e-06
4.64572e-06
4.62662e-06
4.59128e-06
4.55017e-06
4.50211e-06
4.45947e-06
4.42149e-06
4.3976e-06
4.38355e-06
4.38695e-06
4.40063e-06
4.42843e-06
4.46066e-06
4.50098e-06
4.53753e-06
4.56992e-06
4.58366e-06
4.57617e-06
4.53438e-06
4.45954e-06
4.34627e-06
4.19984e-06
4.01962e-06
3.81332e-06
3.58203e-06
3.33331e-06
3.07163e-06
2.80738e-06
2.54372e-06
2.28584e-06
2.03232e-06
1.78501e-06
1.54034e-06
1.29926e-06
1.05801e-06
8.18165e-07
5.75481e-07
3.31727e-07
8.27924e-08
-1.69111e-07
-4.30253e-07
-6.89955e-07
-9.75335e-07
-1.24027e-06
-1.5359e-06
-1.84324e-06
-1.91979e-06
-9.34681e-07
-6.82395e-07
5.96094e-06
4.32978e-06
4.0244e-06
4.01772e-06
3.72117e-06
3.40347e-06
3.13779e-06
2.90172e-06
2.66419e-06
2.42849e-06
2.18294e-06
1.93669e-06
1.67682e-06
1.42412e-06
1.16316e-06
9.27924e-07
7.02017e-07
5.34983e-07
3.99221e-07
3.56993e-07
3.68318e-07
5.02015e-07
6.95134e-07
1.01884e-06
1.38471e-06
1.84869e-06
2.30175e-06
2.79577e-06
3.22761e-06
3.63592e-06
3.93272e-06
4.154e-06
4.25789e-06
4.27903e-06
4.20496e-06
4.06631e-06
3.88294e-06
3.6806e-06
3.47713e-06
3.28324e-06
3.11549e-06
2.97709e-06
2.87517e-06
2.80392e-06
2.7673e-06
2.7571e-06
2.77603e-06
2.81403e-06
2.87464e-06
2.94763e-06
3.03694e-06
3.13204e-06
3.23721e-06
3.34255e-06
3.45251e-06
3.55792e-06
3.66341e-06
3.76128e-06
3.85611e-06
3.9478e-06
)
;
    }
    defaultFaces
    {
        type            empty;
    }
}


// ************************************************************************* //
