/*--------------------------------*- C++ -*----------------------------------*\
  =========                 |
  \\      /  F ield         | OpenFOAM: The Open Source CFD Toolbox
   \\    /   O peration     | Website:  https://openfoam.org
    \\  /    A nd           | Version:  6.0
     \\/     M anipulation  |
\*---------------------------------------------------------------------------*/
FoamFile
{
    version     2.0;
    format      ascii;
    class       volScalarField;
    location    "9";
    object      p;
}
// * * * * * * * * * * * * * * * * * * * * * * * * * * * * * * * * * * * * * //

dimensions      [0 2 -2 0 0 0 0];

internalField   nonuniform List<scalar> 
4920
(
0.013809
0.0139488
0.0141353
0.0143936
0.0147429
0.0152203
0.0158608
0.0167163
0.0178303
0.0192207
0.020783
0.0221504
0.0225596
0.0207344
0.0160568
0.0138901
0.0140473
0.0142408
0.0144979
0.0148417
0.0153132
0.0159566
0.0168265
0.0179826
0.0194721
0.0212706
0.023166
0.0246978
0.0251324
0.0203955
0.0140008
0.0141803
0.0143987
0.0146789
0.0150436
0.0155323
0.0161931
0.0170823
0.0182501
0.0197162
0.0214013
0.0230111
0.0240921
0.0245479
0.0184323
0.0141948
0.01438
0.0146142
0.0149208
0.0153187
0.0158469
0.0165512
0.0174862
0.0187036
0.0201994
0.0218556
0.0232955
0.023992
0.024293
0.0182074
0.0145268
0.0146959
0.0149281
0.0152469
0.0156739
0.0162478
0.0170141
0.0180308
0.0193571
0.021005
0.0228634
0.0245273
0.0253964
0.0260202
0.0207276
0.0149488
0.015111
0.0153443
0.0156776
0.0161325
0.0167552
0.017595
0.0187162
0.0202005
0.022082
0.0242939
0.0264553
0.0278898
0.0291523
0.0243915
0.015458
0.015613
0.0158501
0.0162007
0.0166923
0.0173735
0.0182976
0.0195414
0.0212045
0.0233563
0.0259791
0.0286991
0.0307796
0.0327165
0.0279127
0.0160294
0.0162044
0.0164607
0.0168393
0.0173682
0.0181083
0.0191199
0.02049
0.0223423
0.0247663
0.0277861
0.0310489
0.0337559
0.0362676
0.0309674
0.0166378
0.0168349
0.0171238
0.0175438
0.01813
0.0189425
0.0200479
0.0215495
0.023586
0.0262738
0.0296668
0.0333943
0.0365911
0.0395182
0.0334121
0.0173627
0.0175966
0.017917
0.0183735
0.0190027
0.0198776
0.0210741
0.0227011
0.0249219
0.0278591
0.0315838
0.0357298
0.0393382
0.0425145
0.0354473
0.0181205
0.0183843
0.0187434
0.0192507
0.0199434
0.020896
0.0221873
0.0239426
0.026337
0.0295088
0.0335557
0.0380535
0.0419419
0.0451964
0.0369947
0.0191211
0.0194195
0.0198009
0.0203295
0.021045
0.0220392
0.0234034
0.0252664
0.0278254
0.0312263
0.0355695
0.0404024
0.0445329
0.047681
0.0382886
0.0200262
0.0203593
0.0207877
0.0213761
0.0221609
0.0232331
0.0246844
0.0266614
0.0293804
0.0330056
0.037656
0.0427925
0.0470518
0.0499124
0.0391528
0.0211761
0.0215393
0.0219873
0.0225967
0.0234046
0.0245172
0.0260377
0.0281159
0.0309909
0.0348652
0.039808
0.0452475
0.0496106
0.0519907
0.0398471
0.0222836
0.0226643
0.0231422
0.0237969
0.0246606
0.0258396
0.0274381
0.0296142
0.0326809
0.0367866
0.0420438
0.0477682
0.0521242
0.053761
0.040086
0.0236443
0.0240504
0.0245357
0.0251932
0.0260578
0.0272567
0.0288941
0.0311963
0.0344104
0.0387599
0.0443209
0.0503594
0.054681
0.0553378
0.0402214
0.0248835
0.0253062
0.0258229
0.0265257
0.0274468
0.0286971
0.0304253
0.0327989
0.0361733
0.0407449
0.0466346
0.0530098
0.0571632
0.056488
0.0398335
0.0263972
0.0268402
0.0273592
0.0280564
0.0289687
0.0302326
0.0319698
0.0344355
0.0379318
0.0427124
0.0489688
0.0557441
0.0596648
0.057328
0.039329
0.0275781
0.0280571
0.0286331
0.0294017
0.030391
0.0317172
0.0335441
0.0360745
0.0396989
0.0447151
0.0513772
0.0585533
0.0620302
0.0575359
0.0382252
0.0289859
0.029489
0.030088
0.0308864
0.0319143
0.0332968
0.0351637
0.0377943
0.0415424
0.0467974
0.0538888
0.061518
0.0643498
0.057308
0.0370604
0.0305654
0.03106
0.031666
0.0324995
0.0335784
0.035013
0.0369642
0.0396504
0.0435295
0.0490343
0.0565771
0.0645859
0.0664364
0.0562243
0.0352748
0.0327927
0.03328
0.0338542
0.0346389
0.0356668
0.0370719
0.0389962
0.0417383
0.0457117
0.0514588
0.0594729
0.0678606
0.0683565
0.0544916
0.0334667
0.0349772
0.0354752
0.0360742
0.0368971
0.0379543
0.039369
0.0413188
0.0440665
0.0481286
0.0541342
0.0626097
0.0712227
0.0698383
0.0516633
0.0310356
0.0377223
0.0382244
0.0388151
0.0396125
0.0406399
0.0420234
0.0439347
0.0466916
0.0508113
0.0570735
0.066034
0.0748202
0.070895
0.0480181
0.0286755
0.0408728
0.0413572
0.0419316
0.0427323
0.0437449
0.0450913
0.0469562
0.0496439
0.0538257
0.0603449
0.0697739
0.0784301
0.0712148
0.0430601
0.0257801
0.0449824
0.0454449
0.0459613
0.0466555
0.047536
0.0487314
0.0504297
0.0530337
0.0572023
0.06401
0.0739344
0.0822199
0.0707163
0.0371313
0.023126
0.0493697
0.0498179
0.0503142
0.0509906
0.0518071
0.052882
0.0544367
0.0568751
0.0610653
0.0681593
0.0785026
0.0858496
0.0690376
0.0297436
0.0200999
0.0544275
0.0549104
0.0554218
0.0560432
0.0567636
0.0576795
0.0590267
0.0613099
0.0654603
0.0728714
0.0837357
0.0895287
0.0660275
0.0213932
0.0175661
0.0603332
0.0607674
0.0612315
0.0618486
0.0625013
0.0632644
0.0643799
0.0664102
0.0705226
0.0783033
0.0894823
0.0927047
0.0613485
0.011598
0.0148986
0.0682417
0.0685955
0.0688913
0.0692236
0.0695438
0.0699239
0.0706293
0.0723039
0.0763079
0.0845573
0.0960712
0.0955439
0.0547897
0.00102576
0.0130272
0.0766822
0.0770029
0.0772351
0.0774929
0.0776007
0.0776166
0.077823
0.0790056
0.0829409
0.0917134
0.103104
0.0972422
0.0460987
-0.0107262
0.011307
0.0869104
0.0871526
0.0872117
0.0871594
0.0868569
0.0863465
0.0859179
0.0865376
0.0904251
0.0998868
0.11103
0.0979936
0.0351566
-0.0227396
0.0106773
0.0978027
0.0980045
0.0979734
0.0977609
0.0971102
0.0960659
0.0948884
0.094995
0.0988158
0.109058
0.119002
0.0966923
0.0218636
-0.0353891
0.0104723
0.110354
0.11046
0.110255
0.10969
0.108595
0.106825
0.104979
0.104223
0.108158
0.119245
0.127409
0.0935627
0.00629581
-0.047517
0.0116153
0.124121
0.124187
0.123841
0.123091
0.121446
0.11905
0.116019
0.11446
0.118231
0.130127
0.134905
0.0873671
-0.0113704
-0.0594542
0.0134057
0.140607
0.140526
0.139914
0.138612
0.136285
0.132702
0.128351
0.125253
0.129025
0.14173
0.141927
0.0786516
-0.0306716
-0.069831
0.0166509
0.158998
0.158873
0.158031
0.156243
0.152948
0.148006
0.14162
0.136828
0.140292
0.153428
0.146785
0.0662223
-0.0511837
-0.0790513
0.0206366
0.179319
0.179163
0.178125
0.175787
0.171464
0.164777
0.156064
0.148766
0.152296
0.165211
0.150055
0.0511203
-0.0720196
-0.0856129
0.0260392
0.201959
0.201786
0.2005
0.197552
0.191958
0.183221
0.171469
0.161653
0.164699
0.176065
0.149932
0.0324529
-0.0925067
-0.0900469
0.0321296
0.227524
0.227289
0.225665
0.221862
0.214702
0.203391
0.188211
0.174922
0.177863
0.185871
0.147273
0.0118967
-0.111382
-0.0908744
0.0393836
0.255985
0.25579
0.253771
0.248989
0.239887
0.225379
0.205938
0.189227
0.191172
0.193252
0.14062
-0.0109265
-0.127859
-0.0888088
0.0471501
0.287473
0.28742
0.285069
0.279115
0.267603
0.249126
0.224786
0.203652
0.204963
0.198021
0.131179
-0.0335943
-0.140416
-0.0825008
0.0557247
0.322137
0.322425
0.319752
0.312431
0.297991
0.274604
0.244312
0.218884
0.218603
0.198731
0.118359
-0.055644
-0.148235
-0.0728654
0.0645549
0.360173
0.360954
0.357993
0.348991
0.330893
0.301605
0.264745
0.234121
0.232472
0.195372
0.103818
-0.0737531
-0.149712
-0.0588099
0.0738552
0.40157
0.403057
0.3998
0.388728
0.366248
0.330104
0.285668
0.249552
0.24698
0.190855
0.0904152
-0.0852877
-0.143841
-0.0412598
0.0831184
0.445728
0.448271
0.444811
0.431506
0.403512
0.358984
0.305848
0.264342
0.25917
0.190186
0.0790981
-0.0858485
-0.129024
-0.0192953
0.0922442
0.491428
0.495539
0.492489
0.476472
0.442167
0.387844
0.324508
0.276811
0.269277
0.202762
0.064388
-0.0767187
-0.105352
0.00595303
0.100785
0.537392
0.543935
0.541638
0.523501
0.481757
0.41587
0.337112
0.28171
0.282524
0.239447
0.0524681
-0.0602469
-0.0745953
0.0342311
0.108467
0.58057
0.59064
0.591002
0.570651
0.521123
0.441954
0.336115
0.272264
0.3039
0.296272
0.054659
-0.0392811
-0.0412467
0.0628005
0.114794
0.617488
0.63237
0.63597
0.612549
0.554505
0.445997
0.31524
0.248944
0.336717
0.350231
0.0656067
-0.020806
-0.0108487
0.0887817
0.118944
0.646667
0.669768
0.681118
0.662912
0.592979
0.443845
0.283852
0.239388
0.380777
0.384937
0.0689967
-0.000676839
0.0176556
0.109848
0.119978
0.672978
0.703597
0.717295
0.683007
0.596173
0.441667
0.279041
0.29321
0.432302
0.396245
0.0655566
0.0222739
0.0417173
0.1255
0.117312
0.6705
0.708998
0.70163
0.595542
0.4636
0.42052
0.3488
0.421558
0.480432
0.408261
0.0648947
0.0379382
0.0519343
0.132867
0.110116
0.571106
0.5831
0.530034
0.33571
0.20319
0.413991
0.514676
0.60115
0.513647
0.390984
0.0616334
0.0266334
0.0366454
0.127367
0.0975909
0.414159
0.347264
0.199982
-0.0435355
-0.0300907
0.520243
0.73322
0.763705
0.513449
0.259062
0.0291775
-0.0321122
-0.00853032
0.107103
0.0797389
0.186442
0.0520175
-0.150425
-0.321392
-0.166337
0.767626
0.973322
0.885848
0.348393
-0.0951874
-0.0765238
-0.150347
-0.0810153
0.0761164
0.0586841
-0.502822
-0.603947
-0.569239
-0.459185
-0.347298
1.19621
0.911517
0.407494
-0.385691
-0.777159
-0.289844
-0.326387
-0.17052
0.0405048
0.0380347
-0.891598
-0.979552
-0.865773
-0.550815
-0.580048
0.0814703
-0.507386
-1.58363
-1.9369
-1.69504
-0.565008
-0.51208
-0.250975
0.00970899
0.0223402
-0.981024
-1.07581
-0.954128
-0.822339
-1.34467
-2.51097
-2.6086
-3.33132
-3.18884
-2.43498
-0.785835
-0.632696
-0.296488
-0.00822177
0.0139879
-0.736257
-0.870062
-1.02141
-1.16877
-1.71036
-3.67515
-3.56815
-4.12302
-3.7796
-2.74377
-0.878422
-0.672887
-0.310801
-0.0139766
0.0110999
0.0378781
0.0384985
0.0365901
0.0345088
0.0330319
0.0320009
0.0311055
0.0301832
0.0291787
0.0281285
0.0217794
0.0183395
0.0143645
0.0115719
0.00998574
0.0090485
0.00822642
0.00719092
0.00554736
0.00327156
0.0147781
0.0143658
0.0146458
0.015433
0.0163358
0.0170064
0.0172308
0.0169426
0.0161133
0.014991
0.0167031
0.0176906
0.0190362
0.0200686
0.020538
0.020422
0.0197918
0.0187359
0.0172273
0.0154688
0.0213729
0.0223198
0.0231139
0.0233088
0.0228591
0.0218927
0.0205856
0.0190805
0.0173279
0.0156093
0.0256071
0.0261632
0.0262617
0.0257072
0.0245841
0.0230745
0.0213827
0.0196624
0.0178438
0.0162744
0.028723
0.0289396
0.028569
0.0275387
0.0259926
0.0241258
0.022157
0.0202544
0.0183002
0.0167098
0.0310498
0.0310457
0.0304255
0.0291101
0.0272758
0.0251078
0.0228609
0.0207222
0.0185141
0.0167604
0.0329731
0.0329196
0.0321694
0.0307005
0.0285886
0.0261154
0.0235024
0.0210278
0.0184082
0.0163648
0.0349013
0.0348691
0.0341793
0.0325973
0.0302898
0.0274541
0.0244326
0.0215076
0.0183768
0.0159225
0.0367896
0.037041
0.0365639
0.0350543
0.0326011
0.0294514
0.0259725
0.0225241
0.0187028
0.0157463
0.038738
0.0394401
0.0393632
0.0380428
0.0355204
0.0320591
0.0280584
0.0239584
0.0193291
0.0156041
0.0406201
0.0419661
0.0424293
0.0414015
0.0388509
0.0350707
0.0304652
0.0256092
0.019933
0.015407
0.0424818
0.0445908
0.0457133
0.0450435
0.0425043
0.0383714
0.0330683
0.0273157
0.0204643
0.0148059
0.0441301
0.0471537
0.0490575
0.0488344
0.0463849
0.0419021
0.0358514
0.0290945
0.0208357
0.0140628
0.0456344
0.0496865
0.0524727
0.0527966
0.0504831
0.0456435
0.0387487
0.0308408
0.0210292
0.0127838
0.0468015
0.0520299
0.0558277
0.0568348
0.05474
0.0495722
0.0417676
0.0325942
0.0210118
0.0113473
0.0478111
0.0543263
0.0592419
0.0610318
0.0591645
0.0536097
0.0447385
0.0341192
0.0206094
0.00921664
0.0484593
0.0564026
0.0625874
0.0652527
0.0636725
0.0576758
0.0476485
0.0354498
0.0198436
0.00682189
0.0490661
0.0585661
0.066058
0.0696163
0.0681765
0.0615746
0.050128
0.0361388
0.0182905
0.00342731
0.0493903
0.0606003
0.0695025
0.0739703
0.0726001
0.0652797
0.0522699
0.0363731
0.0161839
-0.000296012
0.0498738
0.0629244
0.0732287
0.0784803
0.0769268
0.0686135
0.0537224
0.035681
0.0130415
-0.00511814
0.0501695
0.0652527
0.0770354
0.0830131
0.0811393
0.0716749
0.0547696
0.0344964
0.00937224
-0.0102317
0.0509063
0.0681501
0.081321
0.0877478
0.0851933
0.0742007
0.0549178
0.0321457
0.00443193
-0.016596
0.051605
0.0712109
0.0857945
0.0925696
0.0891068
0.0764254
0.0546412
0.0293381
-0.000955388
-0.0231549
0.0529871
0.0750221
0.0909122
0.0976331
0.0928926
0.0780779
0.0534868
0.0253811
-0.00756361
-0.0308616
0.0544505
0.0790747
0.0962719
0.10282
0.0965368
0.0794682
0.0520234
0.0211773
-0.01435
-0.0385581
0.0567995
0.0839906
0.102296
0.108166
0.099913
0.0801544
0.0495988
0.0158169
-0.0223497
-0.0473618
0.0593513
0.0891737
0.10852
0.113555
0.103005
0.0804767
0.0468425
0.010303
-0.0303576
-0.0560289
0.0629394
0.0952546
0.115353
0.118956
0.105655
0.0799389
0.0430471
0.00365265
-0.0395075
-0.0657261
0.0668052
0.101588
0.122301
0.124297
0.107882
0.0789535
0.0389213
-0.00302843
-0.0484509
-0.0751214
0.0717579
0.10879
0.129711
0.129432
0.109459
0.0769352
0.0336712
-0.0108198
-0.0584459
-0.085465
0.0769916
0.116199
0.137087
0.134381
0.110479
0.0743932
0.0280735
-0.0185607
-0.0680704
-0.095393
0.083261
0.124407
0.144756
0.138913
0.110692
0.0707316
0.0213425
-0.0273281
-0.0785977
-0.10617
0.0897316
0.132764
0.152259
0.143134
0.110283
0.0665727
0.0143328
-0.0359125
-0.0885562
-0.116388
0.0970289
0.141793
0.159809
0.146728
0.108985
0.0613168
0.00628766
-0.0453559
-0.0991956
-0.127305
0.104362
0.150882
0.167025
0.149895
0.10702
0.0556331
-0.00193986
-0.0545029
-0.109112
-0.137542
0.112238
0.16048
0.174045
0.152268
0.104073
0.0489055
-0.0110771
-0.0643421
-0.119504
-0.148303
0.119917
0.170006
0.18055
0.15418
0.100483
0.0418776
-0.0202318
-0.0737346
-0.129028
-0.15823
0.127721
0.179766
0.186592
0.155191
0.0959942
0.0340203
-0.0300077
-0.0835351
-0.138754
-0.168436
0.135046
0.189152
0.191876
0.155655
0.0909866
0.0260565
-0.0395779
-0.0927281
-0.147508
-0.177671
0.142204
0.198225
0.196251
0.155046
0.0851374
0.0174424
-0.0495117
-0.102092
-0.156258
-0.186964
0.148809
0.20639
0.199453
0.153742
0.0788834
0.00891007
-0.0590208
-0.11071
-0.16398
-0.195175
0.154912
0.213616
0.201305
0.151318
0.0719899
6.41463e-05
-0.0685504
-0.119222
-0.171514
-0.203231
0.160092
0.219525
0.201828
0.148299
0.0649722
-0.00839507
-0.0773974
-0.126859
-0.178043
-0.210177
0.164103
0.224028
0.200969
0.144369
0.0576359
-0.0168307
-0.0859433
-0.134161
-0.184281
-0.216838
0.166495
0.226816
0.198953
0.140047
0.0504293
-0.024672
-0.093632
-0.140517
-0.18959
-0.222447
0.166994
0.227738
0.195792
0.135067
0.043171
-0.0322499
-0.10082
-0.1464
-0.194545
-0.227692
0.16564
0.226835
0.191851
0.129918
0.0362088
-0.0391392
-0.107134
-0.151389
-0.198688
-0.232012
0.162249
0.223963
0.187103
0.124351
0.029343
-0.0456788
-0.112934
-0.155931
-0.202501
-0.235976
0.156908
0.219278
0.181849
0.11872
0.0228125
-0.051576
-0.117979
-0.159729
-0.20565
-0.239202
0.149534
0.212838
0.176049
0.112871
0.0164801
-0.057069
-0.122521
-0.163089
-0.208457
-0.242088
0.140134
0.20461
0.169891
0.107071
0.0105457
-0.0619448
-0.126393
-0.165811
-0.210696
-0.244397
0.128288
0.194392
0.163042
0.10107
0.00484124
-0.0664193
-0.129796
-0.168126
-0.212588
-0.246328
0.114227
0.182283
0.155458
0.0949134
-0.00056941
-0.070437
-0.1327
-0.169971
-0.214022
-0.247766
0.0988684
0.168875
0.147106
0.0884864
-0.00578753
-0.0741521
-0.135255
-0.171503
-0.215116
-0.248905
0.0840276
0.155758
0.1386
0.0822019
-0.0105417
-0.0773876
-0.137353
-0.172628
-0.215792
-0.249891
0.0726566
0.145667
0.131557
0.077175
-0.0141065
-0.0796858
-0.138718
-0.173228
-0.216023
-0.250884
0.0664033
0.140312
0.127486
0.0743364
-0.0159896
-0.0808413
-0.139307
-0.173388
-0.215914
-0.251812
0.0638614
0.1382
0.125855
0.0732117
-0.0167039
-0.0812731
-0.139478
-0.173385
-0.215705
-0.252679
0.0277437
0.0271954
0.0263567
0.0255991
0.0249068
0.0241735
0.0231331
0.0216954
0.0198219
0.0175904
0.0151846
0.0127293
0.0103787
0.00811548
0.005933
0.00309901
-0.000231607
-0.000417067
-1.23015e-05
0.00099951
0.00241297
0.00413555
0.00589065
0.00753351
0.0088318
0.00960764
0.00973954
0.00925845
0.0082125
0.00670401
0.0048614
0.0023043
0.0141224
0.0139788
0.0140635
0.0144088
0.0148316
0.0152316
0.0154142
0.0153345
0.0149375
0.0141745
0.0130619
0.0115547
0.0096774
0.00741695
0.00489538
0.00194002
0.0132272
0.0129005
0.012935
0.0133786
0.0140162
0.0147026
0.0152006
0.0154214
0.0152718
0.0147412
0.0137784
0.0123712
0.0104461
0.00796769
0.00510675
0.00188272
0.0142368
0.0140471
0.0140522
0.0143544
0.0148236
0.0153378
0.0157058
0.0158339
0.0156751
0.01514
0.0142062
0.0127885
0.0107947
0.00815094
0.00506322
0.00173517
0.0153518
0.0151982
0.0151118
0.015279
0.0156235
0.0160511
0.0163579
0.0164494
0.0162369
0.0156848
0.0147087
0.0132164
0.011073
0.00820234
0.00488147
0.00149275
0.0162919
0.0162313
0.0161531
0.0162888
0.0165901
0.0169651
0.0172127
0.0172281
0.016956
0.016317
0.015257
0.0136446
0.0113198
0.0082012
0.00464972
0.00122314
0.0167299
0.0167538
0.0167549
0.0169918
0.0174207
0.0178961
0.0181946
0.0181955
0.0178321
0.017089
0.0158784
0.0140753
0.011498
0.00809367
0.00432841
0.000906888
0.0169873
0.0172018
0.0173781
0.0177882
0.0183725
0.0189574
0.0193075
0.019288
0.0188512
0.0179474
0.0165584
0.0145221
0.0116484
0.00792441
0.00395011
0.000565298
0.0168459
0.0171857
0.0175318
0.0181926
0.019055
0.0198889
0.0204038
0.0204364
0.0199119
0.0188762
0.0172636
0.0149417
0.0117165
0.00765125
0.00349436
0.000183658
0.0170193
0.0174987
0.0180212
0.0189202
0.020025
0.0210454
0.0216561
0.0216551
0.0210507
0.01983
0.0179979
0.0153601
0.0117418
0.0073145
0.00299542
-0.000210873
0.0172482
0.0178501
0.0185419
0.0196726
0.0210102
0.0222105
0.0228844
0.0229029
0.022191
0.0208247
0.018728
0.0157147
0.0116653
0.00687725
0.00244198
-0.000625592
0.0171002
0.0177838
0.0186501
0.020073
0.0217446
0.0232048
0.024081
0.0241196
0.0233689
0.0218387
0.0194606
0.0160311
0.0115151
0.00637271
0.00186308
-0.00103459
0.0168018
0.0176137
0.0186961
0.0204525
0.0224797
0.0242547
0.0252795
0.0254044
0.0245758
0.022853
0.0201285
0.016235
0.0112445
0.00578142
0.00125998
-0.00143952
0.0159833
0.0168876
0.0181992
0.02037
0.02288
0.0250602
0.0263997
0.0266124
0.0257586
0.0238449
0.0207553
0.0163614
0.0108854
0.00513722
0.000657562
-0.00181745
0.014939
0.0159665
0.0175175
0.0200866
0.0230586
0.0256815
0.02732
0.0277396
0.0268647
0.0247412
0.0212457
0.016347
0.0104105
0.00443716
6.56851e-05
-0.00216696
0.0132921
0.0143709
0.01613
0.0191427
0.0226995
0.0259007
0.0280334
0.0286798
0.0278657
0.0255537
0.0216478
0.0162262
0.00985087
0.00371077
-0.000498418
-0.00247088
0.0112449
0.0124098
0.0144199
0.0179418
0.0221572
0.0260132
0.0285961
0.0295601
0.0287534
0.0262201
0.0218853
0.0159658
0.00920397
0.00297216
-0.00101738
-0.0027265
0.00905528
0.0104276
0.0127994
0.0168981
0.0217556
0.0261202
0.0291619
0.0303169
0.0295616
0.026805
0.0220239
0.0156017
0.00849802
0.00224149
-0.00148504
-0.00292502
0.00700884
0.00868551
0.0114299
0.0159801
0.0212581
0.0261378
0.0295215
0.0309664
0.0302258
0.0272127
0.0219987
0.0151194
0.00774549
0.00154182
-0.00188095
-0.00306387
0.00418464
0.00614324
0.00928243
0.0143282
0.0202867
0.0257155
0.029652
0.0314308
0.0307531
0.0274952
0.0218498
0.0145411
0.00696391
0.000880596
-0.00221035
-0.00314204
0.000974419
0.003281
0.00685634
0.0125064
0.0190658
0.0251882
0.0296409
0.0317454
0.031098
0.0275948
0.0215597
0.0138854
0.00618516
0.000291213
-0.0024495
-0.00315696
-0.00254848
0.000218011
0.00431847
0.010578
0.017857
0.0245581
0.0295477
0.0319736
0.0313543
0.0275862
0.0211708
0.0131727
0.00541839
-0.00023245
-0.00261512
-0.0031155
-0.00628517
-0.00301338
0.00164216
0.00855206
0.0164573
0.0238426
0.0293271
0.0320595
0.0314446
0.0274443
0.0206984
0.0124428
0.00470644
-0.000651834
-0.0026821
-0.00301509
-0.0104786
-0.00661938
-0.0013554
0.00621396
0.0148363
0.022867
0.0289719
0.0320629
0.0314552
0.0272028
0.0201593
0.0117001
0.00404375
-0.000987632
-0.0026772
-0.00286848
-0.0148686
-0.01045
-0.00461652
0.00353004
0.0128938
0.0217258
0.0284638
0.0319133
0.0313389
0.0268872
0.0196046
0.0110045
0.00348338
-0.00119692
-0.00257445
-0.00267273
-0.0197335
-0.0147069
-0.00840287
0.000496112
0.0106448
0.0203134
0.0278462
0.0316911
0.0311316
0.0264784
0.0190198
0.0103395
0.00300226
-0.0013153
-0.00240956
-0.00244516
-0.0248069
-0.0192906
-0.0123182
-0.00282199
0.00819147
0.0188405
0.0270503
0.0312674
0.0307987
0.0260229
0.0184675
0.0097695
0.00265516
-0.00129904
-0.00215613
-0.00218172
-0.0299467
-0.0237162
-0.0162779
-0.00607935
0.00571741
0.0171407
0.0261546
0.0307369
0.0303386
0.0254708
0.0179103
0.00925803
0.00240185
-0.00119672
-0.00185625
-0.00190181
-0.0350806
-0.028228
-0.020132
-0.0093822
0.00316062
0.0154715
0.0250962
0.0300553
0.02982
0.0249416
0.0174469
0.00888462
0.00230171
-0.000963865
-0.00148347
-0.00160001
-0.0403884
-0.0327498
-0.0241014
-0.0126442
0.000604331
0.0136377
0.0240281
0.0293133
0.0292103
0.0243618
0.0170228
0.00859791
0.0023009
-0.00065921
-0.00108393
-0.00129635
-0.0456506
-0.0373355
-0.027994
-0.0159622
-0.00192856
0.0119434
0.0229044
0.0285269
0.0286294
0.0238828
0.0167504
0.00848302
0.00246078
-0.000237418
-0.000630145
-0.000983446
-0.0509912
-0.0418564
-0.0319363
-0.0191037
-0.0043344
0.0102548
0.0218816
0.0277282
0.0279945
0.0233981
0.0165518
0.00847105
0.00271486
0.000235855
-0.000169384
-0.000680366
-0.0562464
-0.04651
-0.035757
-0.0222039
-0.00653593
0.00882161
0.0209466
0.027008
0.0274909
0.0230974
0.0165535
0.0086508
0.00312408
0.000805535
0.000326493
-0.000378064
-0.0620079
-0.0512017
-0.039669
-0.025106
-0.00857465
0.00750929
0.020157
0.0263012
0.0269766
0.0228399
0.0166564
0.00893784
0.00361125
0.00140171
0.000811092
-9.37297e-05
-0.0672715
-0.055854
-0.0433653
-0.0278476
-0.0103873
0.00640905
0.0194964
0.0257309
0.0266659
0.0228292
0.0169913
0.00942176
0.00423708
0.00206997
0.001314
0.000183364
-0.0727767
-0.0602788
-0.0469062
-0.030431
-0.0120982
0.00544586
0.0189459
0.0251656
0.0263732
0.0228966
0.0174402
0.0100051
0.00491728
0.00273967
0.00179139
0.000438253
-0.077709
-0.0645838
-0.0502758
-0.0328096
-0.0135753
0.0046506
0.0185977
0.0248266
0.0263667
0.0232642
0.0181377
0.0107756
0.00571082
0.00345647
0.00227365
0.000682557
-0.0827559
-0.0686135
-0.0534311
-0.0350334
-0.0148972
0.00409786
0.0183751
0.0245239
0.0264236
0.0237412
0.0189503
0.0116251
0.00652922
0.00415173
0.00272077
0.00090363
-0.0871488
-0.0724112
-0.0562926
-0.0369207
-0.0159177
0.00372184
0.018445
0.0245351
0.0268372
0.0245539
0.0200117
0.0126391
0.00743107
0.00487231
0.00316423
0.00111371
-0.0915166
-0.0757437
-0.0587738
-0.038552
-0.0166739
0.00367157
0.0186565
0.024619
0.0273534
0.0254925
0.0211752
0.013702
0.0083273
0.00555349
0.00356804
0.00130203
-0.0949248
-0.0786103
-0.0607688
-0.0397541
-0.0171075
0.00379231
0.0192571
0.0251135
0.0282868
0.0267825
0.0225693
0.0148948
0.00927558
0.00624234
0.00396363
0.00148053
-0.098147
-0.0808743
-0.0623448
-0.0406504
-0.0171868
0.00433238
0.0200208
0.0257255
0.0293556
0.0281998
0.0240379
0.0160986
0.0101898
0.00687998
0.00431919
0.00164011
-0.100367
-0.0825603
-0.0634869
-0.041215
-0.0169684
0.00503941
0.0212499
0.0268243
0.0308816
0.0299649
0.0257044
0.0173922
0.0111285
0.00751433
0.00466605
0.00179223
-0.10218
-0.0837423
-0.0643635
-0.04151
-0.0163523
0.00622637
0.0226576
0.0280836
0.0325658
0.0318451
0.0274072
0.0186578
0.0120111
0.00809236
0.00497574
0.00192888
-0.10331
-0.0845401
-0.0650224
-0.0416105
-0.0154557
0.00758271
0.0245841
0.0298893
0.0347273
0.0340494
0.029263
0.019972
0.0128967
0.00866139
0.0052783
0.00206045
-0.104222
-0.0851409
-0.0655927
-0.0414319
-0.014068
0.00948177
0.026705
0.031898
0.03706
0.0363418
0.031109
0.0212229
0.0137124
0.00917459
0.00554829
0.00217985
-0.104813
-0.0857298
-0.0662896
-0.0411525
-0.0123703
0.0115784
0.0293773
0.0345015
0.0398747
0.0389201
0.0330566
0.0224873
0.0145186
0.00967869
0.00581443
0.00229647
-0.105557
-0.086609
-0.0671672
-0.0405794
-0.0101042
0.014257
0.032261
0.0373539
0.0428658
0.0415488
0.0349462
0.0236614
0.01525
0.0101317
0.00605338
0.00240378
-0.106565
-0.0881445
-0.0686064
-0.0399834
-0.00754537
0.0171472
0.0356871
0.040823
0.0463226
0.0444101
0.0368848
0.0248225
0.0159668
0.0105782
0.00629176
0.00250992
-0.108321
-0.0906114
-0.0704323
-0.0390438
-0.00441308
0.0205931
0.0393231
0.0445818
0.0499503
0.0472748
0.0387211
0.0258779
0.0166111
0.0109805
0.00650801
0.00260891
-0.111192
-0.0946852
-0.0731178
-0.0381033
-0.00104734
0.0242772
0.0434775
0.0489744
0.0540143
0.0503103
0.0405599
0.0269062
0.0172429
0.011381
0.00672697
0.00270791
-0.11551
-0.100502
-0.0762
-0.0367997
0.00275754
0.0284661
0.0479454
0.0537221
0.0582325
0.0532932
0.0422593
0.0278244
0.0178097
0.0117452
0.00692822
0.00280137
-0.122237
-0.109026
-0.0801718
-0.0355409
0.00661615
0.032914
0.0530622
0.0591572
0.0628407
0.0563706
0.0439208
0.0287108
0.0183697
0.0121121
0.00713445
0.00289539
-0.131002
-0.119924
-0.0843843
-0.034052
0.0107359
0.0379587
0.0586992
0.0650429
0.0675727
0.0593311
0.0454157
0.0294924
0.0188747
0.0124497
0.00732638
0.0029849
-0.142606
-0.133544
-0.0893562
-0.032617
0.0150429
0.0436569
0.0650538
0.0715989
0.0726037
0.0622987
0.0468432
0.0302467
0.0193805
0.0127945
0.00752515
0.00307531
-0.156046
-0.149424
-0.0941701
-0.0303083
0.0202677
0.0503852
0.0720109
0.0784008
0.0776281
0.0650726
0.0480899
0.0309082
0.019842
0.0131161
0.0077122
0.00316189
-0.169412
-0.166938
-0.0984245
-0.0268604
0.026256
0.0579307
0.079341
0.0850279
0.0826242
0.0677496
0.0492598
0.0315546
0.0203121
0.013448
0.00790708
0.00324933
-0.182913
-0.179951
-0.100588
-0.0220644
0.0316558
0.0656213
0.0860319
0.0906068
0.0871311
0.0701317
0.0502598
0.0321281
0.0207476
0.0137611
0.00809206
0.00333334
-0.199358
-0.183811
-0.0983757
-0.0161322
0.0356799
0.071967
0.0916204
0.0948519
0.0910657
0.0722913
0.051193
0.0327044
0.021199
0.0140869
0.00828548
0.00341809
-0.208043
-0.179396
-0.0893553
-0.00888125
0.0394428
0.0767733
0.0958305
0.097899
0.0943097
0.0741271
0.0519838
0.0332257
0.021622
0.0143967
0.00847013
0.00349978
-0.195766
-0.164576
-0.0741551
-0.00134102
0.0431274
0.0797819
0.098952
0.100174
0.0970882
0.0758098
0.0527389
0.0337542
0.0220589
0.0147171
0.00866186
0.00358196
-0.161682
-0.138313
-0.0560255
0.00568726
0.0465113
0.0809936
0.100574
0.101613
0.0993246
0.0773047
0.0533912
0.0342199
0.0224562
0.0150146
0.00884105
0.00365995
-0.112863
-0.103899
-0.0388238
0.0113252
0.0479285
0.0800326
0.1006
0.10216
0.100975
0.0787294
0.0540549
0.0346872
0.0228542
0.0153133
0.00902164
0.00373627
-0.0593301
-0.0654458
-0.0231312
0.0158745
0.0469798
0.0770898
0.098841
0.101694
0.101884
0.0800224
0.0546917
0.0351108
0.023213
0.0155874
0.00918825
0.00380764
-0.0127832
-0.0296539
-0.0109144
0.0180533
0.0438268
0.072394
0.0955693
0.100264
0.101993
0.0812127
0.0554073
0.0355679
0.0235807
0.015864
0.00935628
0.00387706
0.0182245
-0.00405041
-0.00346081
0.0173333
0.039237
0.0665944
0.0909883
0.0979303
0.101247
0.0822006
0.0561534
0.0360218
0.0239229
0.0161208
0.0095125
0.00394206
0.0323342
0.00876229
-0.0012473
0.013411
0.0333515
0.0600159
0.0855333
0.0947469
0.0996292
0.0829427
0.0570037
0.0365493
0.0242895
0.0163848
0.0096722
0.00400582
0.0347411
0.0128518
-0.00208482
0.00801381
0.0268933
0.0530749
0.0794134
0.0908203
0.0972466
0.0833442
0.0578892
0.0371127
0.0246476
0.0166346
0.0098227
0.00406613
0.0301183
0.0117793
-0.00472473
0.00178822
0.0199421
0.0458442
0.0728862
0.0862729
0.0942159
0.0833417
0.0588422
0.0377793
0.0250468
0.0168958
0.00997803
0.00412601
0.0217178
0.00768066
-0.00792004
-0.00411497
0.0131701
0.0386743
0.0661259
0.0813041
0.0906968
0.0828876
0.0597787
0.0385081
0.0254566
0.0171484
0.010126
0.00418311
0.011142
0.00151615
-0.0114413
-0.00939508
0.00682518
0.0317856
0.0594169
0.0760604
0.0867529
0.0819339
0.0606973
0.0393535
0.025927
0.0174182
0.0102798
0.0042403
-0.000692829
-0.00590724
-0.0149216
-0.0134628
0.00151211
0.025571
0.0529643
0.0707735
0.082572
0.0805013
0.061505
0.0402639
0.0264284
0.0176869
0.0104279
0.00429505
-0.0130035
-0.0141908
-0.0187505
-0.0166831
-0.00284361
0.0201053
0.0469821
0.0655677
0.0782391
0.0785753
0.0621654
0.0412664
0.0270061
0.01798
0.0105827
0.00435024
-0.0244885
-0.0226499
-0.0228299
-0.0190562
-0.00605109
0.0155703
0.0415326
0.0605985
0.073935
0.0762486
0.062591
0.0422947
0.0276297
0.0182824
0.0107342
0.00440318
-0.0341928
-0.0303917
-0.0270113
-0.0210422
-0.00847616
0.0117963
0.0366709
0.0558757
0.0696608
0.0735375
0.0627321
0.0433433
0.0283338
0.01862
0.0108951
0.004457
-0.041601
-0.0368406
-0.0308554
-0.0226849
-0.0101703
0.00879356
0.0323421
0.0514683
0.0655277
0.0705893
0.0625346
0.0443303
0.0290787
0.0189785
0.011057
0.00450903
-0.0469903
-0.0417445
-0.0342329
-0.0242516
-0.0114982
0.00633527
0.0285587
0.0473449
0.0614975
0.067435
0.061965
0.0452205
0.0298773
0.0193787
0.011232
0.00456291
-0.0506178
-0.0453352
-0.0369593
-0.0255939
-0.012416
0.00447008
0.0252467
0.0435449
0.057679
0.0642321
0.0610297
0.0459394
0.0306806
0.0198062
0.0114142
0.0046163
-0.0530972
-0.0477763
-0.0389876
-0.0267239
-0.0131169
0.00298352
0.0224175
0.0400328
0.0539984
0.0609781
0.0597247
0.0464453
0.0314805
0.0202734
0.0116152
0.00467376
-0.0547233
-0.0494278
-0.0403794
-0.0275032
-0.0135229
0.0019391
0.0199804
0.0368331
0.0505453
0.0577983
0.0581164
0.0466939
0.0322222
0.0207608
0.0118298
0.00473353
-0.055964
-0.0504887
-0.0411643
-0.0278781
-0.0137075
0.00115288
0.0179413
0.033925
0.047224
0.0546458
0.0562216
0.0466541
0.0328796
0.0212662
0.0120652
0.00480093
-0.0567705
-0.0510618
-0.0413424
-0.0278186
-0.0136231
0.000658659
0.0161924
0.0312817
0.0441128
0.0516215
0.0541388
0.0463285
0.0334081
0.0217666
0.0123168
0.00487496
-0.0573106
-0.0511291
-0.0410377
-0.0274079
-0.013468
0.000196885
0.0146761
0.0288559
0.0411099
0.0486592
0.0518802
0.0457049
0.0337782
0.0222465
0.0125855
0.00496154
-0.0571602
-0.0506246
-0.0403423
-0.0269738
-0.0134043
-0.000273235
0.0132451
0.0265847
0.0382908
0.0458517
0.0495554
0.0448305
0.0339679
0.0226817
0.0128643
0.00505965
-0.0564773
-0.049646
-0.039564
-0.0266549
-0.0135484
-0.000909147
0.0118815
0.0244458
0.0355802
0.0431222
0.0471612
0.0437056
0.0339526
0.0230451
0.013144
0.00517407
-0.0553305
-0.0484625
-0.0387664
-0.0264861
-0.013842
-0.00160454
0.0105288
0.0224118
0.033042
0.0405483
0.0447967
0.0424073
0.0337437
0.0233215
0.0134165
0.00530274
-0.0542375
-0.0473261
-0.0380598
-0.0263765
-0.0142246
-0.0024169
0.00918921
0.020465
0.0305977
0.038036
0.0424267
0.0409294
0.033325
0.0234813
0.0136639
0.00544765
-0.0532491
-0.0463369
-0.0374229
-0.0263413
-0.0146878
-0.00329105
0.00780931
0.0185597
0.0282783
0.0356517
0.0401322
0.0393568
0.0327346
0.0235247
0.0138788
0.00560382
-0.0524438
-0.0455084
-0.0369456
-0.0263946
-0.015245
-0.00428571
0.00637512
0.0166636
0.0260023
0.0333043
0.0378541
0.0376659
0.0319561
0.0234229
0.0140355
0.00576812
-0.051752
-0.0448598
-0.0365981
-0.0265826
-0.0159079
-0.00539945
0.00484062
0.0147341
0.0237791
0.031039
0.0356551
0.0359387
0.0310469
0.0231959
0.0141336
0.00593208
-0.0511881
-0.0443289
-0.0364094
-0.0268586
-0.0167238
-0.0066429
0.00318385
0.0127286
0.0215281
0.0287548
0.0334486
0.0341293
0.0299827
0.0228179
0.0141457
0.00608735
-0.0506182
-0.043873
-0.0362332
-0.0272586
-0.0176379
-0.00804407
0.00139065
0.0106282
0.0192492
0.0264825
0.031284
0.0323106
0.0288297
0.0223263
0.0140821
0.00622299
-0.0500117
-0.0433471
-0.0361251
-0.027707
-0.0186934
-0.00958219
-0.000516902
0.00843616
0.0168967
0.0241389
0.0290741
0.030421
0.0275504
0.0216935
0.0139162
0.00632715
-0.0494008
-0.0429273
-0.0360913
-0.0282654
-0.0198257
-0.0111874
-0.00248543
0.00619432
0.0145078
0.0217739
0.0268696
0.0285275
0.0262141
0.0209686
0.0136713
0.00638963
-0.0488184
-0.042559
-0.0361323
-0.0288555
-0.0209613
-0.0127824
-0.00443941
0.00394845
0.0120781
0.0193418
0.0245952
0.0265595
0.0247709
0.0201183
0.0133215
0.00639872
-0.0481213
-0.0421432
-0.0361504
-0.0294159
-0.0220451
-0.014315
-0.00635638
0.00171975
0.00964496
0.016891
0.0223041
0.0245836
0.0232922
0.0191984
0.0129003
0.00634847
-0.0473435
-0.0416491
-0.0360966
-0.0298959
-0.0230486
-0.0157802
-0.00820188
-0.000487233
0.00719846
0.0143793
0.0199242
0.0225271
0.0217202
0.0181703
0.0123816
0.0062308
-0.0463711
-0.0410157
-0.0359168
-0.0302574
-0.0239413
-0.017119
-0.010001
-0.00265723
0.0047528
0.0118406
0.0175011
0.020443
0.0201195
0.0170924
0.0118058
0.00604659
-0.0452817
-0.0402514
-0.0355971
-0.0304612
-0.0246499
-0.0183616
-0.0117002
-0.00477922
0.00231086
0.00924149
0.0149747
0.0182541
0.0184199
0.0159185
0.0111447
0.00579368
-0.0439765
-0.0392975
-0.0350856
-0.0304503
-0.0252063
-0.019448
-0.0133083
-0.00684931
-0.000105872
0.00662074
0.0123975
0.0160144
0.016684
0.0147073
0.0104421
0.00548032
-0.0425902
-0.03826
-0.034484
-0.030354
-0.0256442
-0.0204401
-0.0148231
-0.00881664
-0.002461
0.0039922
0.00975314
0.0136744
0.0148513
0.0134135
0.0096689
0.00511043
-0.0410251
-0.0370808
-0.0337579
-0.0301528
-0.025991
-0.0213184
-0.0161929
-0.0106594
-0.00472511
0.00141817
0.00711937
0.0113094
0.012991
0.0120957
0.00887036
0.00469707
-0.0394462
-0.0358772
-0.0329853
-0.0298684
-0.0262246
-0.0220543
-0.0174189
-0.0123484
-0.00685426
-0.0010646
0.00450771
0.00890169
0.0110595
0.0107135
0.00801838
0.00424824
-0.0377046
-0.034527
-0.0320634
-0.0294278
-0.0262888
-0.0226141
-0.0184572
-0.0138691
-0.00883547
-0.00341937
0.00198056
0.00652362
0.00912703
0.00932537
0.00715883
0.00377928
-0.0359257
-0.0331189
-0.0310534
-0.0288602
-0.0262013
-0.0230084
-0.0193387
-0.0152248
-0.0106367
-0.0056216
-0.000447163
0.00416823
0.00716149
0.00789671
0.00626756
0.00330028
-0.0339127
-0.0314782
-0.0298078
-0.028077
-0.0259067
-0.023199
-0.0200014
-0.0163494
-0.0122384
-0.00763565
-0.00272777
0.00189787
0.00522488
0.00647552
0.00538188
0.0028242
-0.0319304
-0.0298384
-0.0285103
-0.027151
-0.0253963
-0.0231319
-0.0203946
-0.0172352
-0.013593
-0.00942458
-0.00483225
-0.000279261
0.00330028
0.00503257
0.00447857
0.00235877
-0.0297236
-0.0279549
-0.0269521
-0.0259724
-0.0246337
-0.0227983
-0.0205249
-0.0178363
-0.0146814
-0.0109715
-0.0067292
-0.00231316
0.00144293
0.00360974
0.00358569
0.00191064
-0.0276641
-0.0261899
-0.0254598
-0.0247649
-0.0237538
-0.022294
-0.020442
-0.0182125
-0.0155257
-0.0122576
-0.00838965
-0.00417943
-0.000338577
0.00219842
0.00269163
0.00148568
-0.0255475
-0.0243675
-0.0239065
-0.0235173
-0.0228345
-0.0217257
-0.0202427
-0.0184023
-0.016123
-0.0132778
-0.00979319
-0.00583218
-0.00198527
0.000846516
0.00182181
0.00108554
-0.0236527
-0.0227372
-0.0225037
-0.0223446
-0.0219165
-0.0210933
-0.0199256
-0.01842
-0.0165003
-0.0140311
-0.0109139
-0.00723844
-0.00346764
-0.000428937
0.000982586
0.000717867
-0.0217952
-0.0211231
-0.021089
-0.0211486
-0.0209547
-0.0203852
-0.0194807
-0.018253
-0.0166368
-0.0145074
-0.0117447
-0.00837236
-0.00474136
-0.00158463
0.000195756
0.000379447
-0.0200825
-0.0196111
-0.0197213
-0.0199163
-0.0198837
-0.0195142
-0.0188447
-0.0178736
-0.0165389
-0.0147159
-0.0122791
-0.00921665
-0.00578115
-0.00259633
-0.000522321
7.86256e-05
-0.0184065
-0.0181216
-0.0183591
-0.0186864
-0.0188003
-0.0185983
-0.0181046
-0.0173268
-0.0162135
-0.0146513
-0.0125152
-0.00976104
-0.00656332
-0.00343551
-0.00115917
-0.000192669
-0.0169392
-0.01681
-0.0171308
-0.0175186
-0.0177101
-0.0176182
-0.017266
-0.0166507
-0.015722
-0.0143753
-0.0124948
-0.0100305
-0.00709324
-0.0040963
-0.00170802
-0.000438746
-0.0145869
-0.0145223
-0.0149149
-0.0154352
-0.0158014
-0.01592
-0.0157785
-0.0153731
-0.0146615
-0.0135561
-0.0119624
-0.00982444
-0.00721441
-0.00445474
-0.00208125
-0.000596735
-0.0174696
-0.017558
-0.017892
-0.0181884
-0.0182294
-0.0179523
-0.0173773
-0.0165378
-0.015441
-0.0140505
-0.0123103
-0.0101787
-0.00769057
-0.0050795
-0.00271749
-0.00104851
-0.0040352
-0.00422417
-0.00497761
-0.00597451
-0.00694763
-0.00782087
-0.00854946
-0.00909741
-0.00936948
-0.0092427
-0.00861999
-0.00745948
-0.00582132
-0.00391661
-0.00201173
-0.000467029
-0.0252889
-0.0250342
-0.0246897
-0.0242679
-0.0236348
-0.0227027
-0.0214156
-0.0198026
-0.0179166
-0.0158489
-0.0136892
-0.0114975
-0.00929172
-0.00712625
-0.00493705
-0.0028763
-0.12672
-0.22645
-0.295392
-0.298792
-0.265201
-0.213891
-0.163529
-0.125294
-0.0742309
-0.0866015
-0.126644
-0.226545
-0.295528
-0.299018
-0.265481
-0.214046
-0.163511
-0.125049
-0.0739232
-0.0858808
-0.126437
-0.226744
-0.295745
-0.299361
-0.26582
-0.214169
-0.163394
-0.124746
-0.0737469
-0.0851777
-0.125848
-0.226981
-0.295818
-0.299551
-0.266171
-0.214515
-0.163615
-0.124548
-0.0734076
-0.0838238
-0.123565
-0.226873
-0.295609
-0.299048
-0.265979
-0.214718
-0.163894
-0.124367
-0.0726505
-0.0817107
-0.118373
-0.22527
-0.295246
-0.29819
-0.265394
-0.214793
-0.164246
-0.12448
-0.0719248
-0.0782295
-0.111063
-0.221169
-0.29395
-0.2972
-0.264624
-0.215094
-0.165126
-0.125391
-0.0718886
-0.0740485
-0.103622
-0.21437
-0.290668
-0.295403
-0.263503
-0.215501
-0.166488
-0.126969
-0.0726786
-0.0700508
-0.097631
-0.206228
-0.285513
-0.2927
-0.262025
-0.215938
-0.168152
-0.129065
-0.0742654
-0.0671453
-0.093854
-0.197345
-0.278764
-0.288813
-0.259887
-0.216033
-0.169774
-0.131321
-0.0764223
-0.0652667
-0.0923615
-0.188651
-0.271067
-0.284046
-0.257137
-0.215697
-0.171144
-0.133544
-0.0790235
-0.064748
-0.0929723
-0.180165
-0.262513
-0.278253
-0.253657
-0.214739
-0.172116
-0.1355
-0.0819224
-0.065318
-0.0952209
-0.172402
-0.253555
-0.271786
-0.249677
-0.213253
-0.172729
-0.137139
-0.0850179
-0.0669647
-0.0987526
-0.165155
-0.244104
-0.26447
-0.245097
-0.211137
-0.172902
-0.138345
-0.0881337
-0.069409
-0.103094
-0.158828
-0.234588
-0.25672
-0.240135
-0.208568
-0.172626
-0.139246
-0.091212
-0.0724852
-0.108211
-0.153284
-0.224918
-0.248369
-0.234641
-0.205428
-0.171787
-0.139733
-0.0941168
-0.0756139
-0.113932
-0.148975
-0.215576
-0.23986
-0.228829
-0.20191
-0.170475
-0.139842
-0.0967984
-0.0785639
-0.120308
-0.145742
-0.206462
-0.231009
-0.222529
-0.197886
-0.168615
-0.139418
-0.0990629
-0.0810394
-0.12703
-0.143805
-0.198017
-0.222281
-0.216026
-0.193592
-0.166352
-0.138546
-0.100896
-0.0831002
-0.134132
-0.142886
-0.190084
-0.213443
-0.20916
-0.188878
-0.163599
-0.137123
-0.102168
-0.0845665
-0.14127
-0.143043
-0.183028
-0.204915
-0.202241
-0.184011
-0.160591
-0.135372
-0.103006
-0.0856503
-0.148329
-0.143885
-0.176591
-0.196459
-0.19507
-0.178831
-0.157266
-0.133252
-0.103434
-0.0862551
-0.154892
-0.1453
-0.170997
-0.188499
-0.188008
-0.173635
-0.15385
-0.130997
-0.103624
-0.0867327
-0.16096
-0.146924
-0.165939
-0.180762
-0.180859
-0.168236
-0.150179
-0.128507
-0.103482
-0.0869414
-0.166209
-0.148653
-0.16156
-0.173599
-0.173967
-0.162914
-0.146475
-0.125967
-0.103162
-0.0870996
-0.17055
-0.150125
-0.157505
-0.166678
-0.167065
-0.157422
-0.14252
-0.123219
-0.102536
-0.0869557
-0.173607
-0.151237
-0.153876
-0.160304
-0.160495
-0.152058
-0.138578
-0.120473
-0.101765
-0.0867201
-0.175373
-0.151755
-0.150355
-0.154162
-0.153987
-0.146581
-0.134428
-0.117556
-0.100679
-0.0861707
-0.175735
-0.151693
-0.147065
-0.148523
-0.147866
-0.141297
-0.130353
-0.114687
-0.0994645
-0.0856026
-0.174808
-0.150906
-0.14371
-0.143064
-0.141839
-0.135945
-0.126109
-0.111668
-0.0979412
-0.0847781
-0.172601
-0.149448
-0.140421
-0.138024
-0.136211
-0.130838
-0.121995
-0.10873
-0.0963352
-0.0839514
-0.169229
-0.147231
-0.136932
-0.133107
-0.130703
-0.125731
-0.117777
-0.105668
-0.0944599
-0.0828539
-0.164797
-0.144336
-0.133389
-0.128513
-0.125589
-0.120915
-0.11374
-0.102705
-0.0925399
-0.0817297
-0.159436
-0.140729
-0.129572
-0.123975
-0.120602
-0.116155
-0.109654
-0.0996289
-0.0903734
-0.0802993
-0.153304
-0.136515
-0.125617
-0.119643
-0.11595
-0.111682
-0.105754
-0.0966303
-0.088157
-0.0787958
-0.146531
-0.131703
-0.12136
-0.115287
-0.111385
-0.107269
-0.101821
-0.0935053
-0.0857005
-0.0769552
-0.139285
-0.12641
-0.116914
-0.111003
-0.107042
-0.103074
-0.0980293
-0.0904093
-0.0831687
-0.0750077
-0.131686
-0.120676
-0.112172
-0.106613
-0.102707
-0.098894
-0.0941873
-0.0871711
-0.0804103
-0.0727249
-0.123882
-0.114619
-0.10723
-0.102181
-0.0984557
-0.09482
-0.0904081
-0.0839072
-0.0775502
-0.070327
-0.11597
-0.108298
-0.10204
-0.0975919
-0.0941309
-0.090695
-0.0865456
-0.080495
-0.0744921
-0.0676336
-0.108063
-0.101815
-0.0966792
-0.0928918
-0.0897687
-0.0865613
-0.0826609
-0.0770097
-0.0713154
-0.0648439
-0.100233
-0.0952331
-0.0911487
-0.0880296
-0.0852809
-0.0823218
-0.0786633
-0.0733809
-0.0679844
-0.0618256
-0.0925586
-0.0886319
-0.0855086
-0.0830407
-0.0806856
-0.0779921
-0.074579
-0.0696486
-0.064531
-0.0587384
-0.0850875
-0.0820701
-0.0797961
-0.0779306
-0.0759619
-0.073539
-0.0703748
-0.0657905
-0.0609751
-0.0555012
-0.0778631
-0.0756037
-0.0740595
-0.0727335
-0.0711277
-0.0689732
-0.0660622
-0.0618263
-0.0573085
-0.0522189
-0.0709185
-0.0692818
-0.0683511
-0.0674891
-0.0662105
-0.0643112
-0.0616545
-0.0577681
-0.0535878
-0.0488457
-0.0642743
-0.0631461
-0.0627131
-0.0622356
-0.0612358
-0.059572
-0.0571639
-0.0536324
-0.0497765
-0.0454293
-0.0579634
-0.0572421
-0.0572074
-0.0570294
-0.0562609
-0.0548018
-0.0526339
-0.049446
-0.0459507
-0.0419728
-0.0519915
-0.0516184
-0.0518753
-0.0519313
-0.0513323
-0.0500557
-0.0481106
-0.0452659
-0.0421119
-0.0385155
-0.046427
-0.0463061
-0.0467806
-0.0469775
-0.0465117
-0.0453801
-0.0436481
-0.041129
-0.0383325
-0.0351215
-0.0412627
-0.0413644
-0.041964
-0.0422505
-0.0418671
-0.0408618
-0.0393278
-0.0371255
-0.0346816
-0.0318621
-0.0365951
-0.0368671
-0.0375322
-0.0378503
-0.0375152
-0.0366109
-0.0352545
-0.0333492
-0.0312538
-0.0288262
-0.0324688
-0.0328878
-0.0335679
-0.0338678
-0.0335436
-0.0327071
-0.031497
-0.0298503
-0.0280665
-0.0259908
-0.0289146
-0.0294468
-0.0300963
-0.030331
-0.0299742
-0.0291666
-0.028061
-0.0266238
-0.0251117
-0.0233529
-0.0258277
-0.0264671
-0.0270692
-0.0272106
-0.0267917
-0.0259809
-0.0249441
-0.0236718
-0.0223748
-0.0208694
-0.0229353
-0.0237333
-0.0243597
-0.0244494
-0.0239822
-0.023166
-0.0221776
-0.0210324
-0.0199096
-0.0186248
-0.0198666
-0.0208656
-0.0216776
-0.0218774
-0.0214796
-0.0207169
-0.0197741
-0.0186876
-0.0175869
-0.0162616
-0.0174516
-0.0181421
-0.0189026
-0.0193724
-0.0194758
-0.0193203
-0.0189947
-0.0185145
-0.0180504
-0.0174631
-0.0188951
-0.0174934
-0.015439
-0.0136395
-0.0121942
-0.010998
-0.00991327
-0.00881658
-0.0075708
-0.00591164
-0.0290444
-0.0307866
-0.0304246
-0.0295164
-0.0286936
-0.0279825
-0.0272786
-0.0265375
-0.0258467
-0.0251376
-0.667899
-0.596079
-0.5149
-0.376676
-0.197642
-0.0432534
-0.0188241
-0.142832
-0.311721
-0.424966
-0.489624
-0.450847
-0.325504
-0.212192
-0.140346
-0.815016
-0.639561
-0.432743
-0.22267
-0.0530314
0.0378491
0.00573872
-0.137168
-0.307264
-0.424005
-0.492198
-0.452508
-0.328763
-0.213287
-0.140306
-0.708609
-0.472404
-0.222394
-0.0250911
0.0996674
0.114916
0.00956619
-0.152497
-0.314022
-0.423528
-0.489872
-0.45091
-0.331454
-0.213578
-0.139569
-0.31423
-0.12725
0.0111573
0.142249
0.225514
0.1899
0.0133813
-0.191503
-0.338758
-0.42512
-0.483015
-0.447614
-0.332353
-0.211969
-0.137212
0.215397
0.183646
0.190094
0.266669
0.317454
0.272988
0.0712754
-0.186661
-0.349799
-0.416809
-0.473341
-0.446475
-0.332148
-0.208842
-0.132051
0.422085
0.397136
0.36198
0.356055
0.371815
0.335541
0.159618
-0.118834
-0.322287
-0.401907
-0.466052
-0.451623
-0.333988
-0.20597
-0.125252
0.547789
0.503216
0.452312
0.420992
0.409047
0.371523
0.240249
-0.0241069
-0.264134
-0.382357
-0.461511
-0.461791
-0.340362
-0.205227
-0.118919
0.623173
0.563811
0.507331
0.464809
0.434351
0.389809
0.294023
0.0693666
-0.192351
-0.356474
-0.45772
-0.476745
-0.352733
-0.208178
-0.11558
0.634592
0.586112
0.535831
0.490007
0.447458
0.396908
0.319022
0.146279
-0.115725
-0.322889
-0.452004
-0.495159
-0.370529
-0.215108
-0.115974
0.619425
0.584587
0.543772
0.498743
0.450627
0.397026
0.325152
0.196468
-0.0424438
-0.281217
-0.441469
-0.515068
-0.392924
-0.226278
-0.120594
0.597481
0.570163
0.53561
0.494117
0.445136
0.389993
0.320776
0.219798
0.018969
-0.232684
-0.422745
-0.531796
-0.417421
-0.240721
-0.128243
0.565471
0.543886
0.515492
0.478777
0.432301
0.377761
0.312195
0.224706
0.0637336
-0.181552
-0.395438
-0.542383
-0.442191
-0.257859
-0.138509
0.526336
0.509795
0.486822
0.455597
0.413509
0.361489
0.299634
0.220115
0.0907536
-0.134032
-0.360612
-0.543279
-0.464122
-0.275919
-0.149874
0.483499
0.470992
0.452986
0.427163
0.390392
0.342467
0.284751
0.212187
0.103064
-0.0939664
-0.321794
-0.533378
-0.481427
-0.294151
-0.162003
0.440044
0.430679
0.416693
0.395779
0.364463
0.321531
0.268468
0.202502
0.107181
-0.0628326
-0.28309
-0.512415
-0.49151
-0.310728
-0.173673
0.397577
0.390628
0.379905
0.363196
0.337001
0.299419
0.251381
0.191519
0.107677
-0.0393331
-0.247197
-0.482843
-0.494128
-0.325498
-0.185089
0.357368
0.352204
0.344008
0.330766
0.309121
0.27679
0.233976
0.179972
0.106366
-0.0209625
-0.2132
-0.447182
-0.488899
-0.337166
-0.195404
0.320196
0.316341
0.310051
0.299499
0.281712
0.254212
0.216539
0.168071
0.103281
-0.0066845
-0.181876
-0.409002
-0.477515
-0.346192
-0.204982
0.28615
0.283297
0.278402
0.26996
0.255318
0.232092
0.199276
0.156053
0.0988745
0.00410559
-0.153477
-0.369986
-0.460316
-0.351527
-0.213077
0.255061
0.252924
0.24912
0.242324
0.23028
0.210743
0.182379
0.144092
0.0935307
0.0118662
-0.128475
-0.331589
-0.439019
-0.353865
-0.220082
0.226851
0.22522
0.222226
0.216746
0.206811
0.190419
0.166045
0.13236
0.0875422
0.0170061
-0.106687
-0.294552
-0.414006
-0.352414
-0.225366
0.201437
0.200152
0.197776
0.193322
0.185111
0.171354
0.150476
0.120984
0.0812571
0.0200872
-0.0881947
-0.259715
-0.386922
-0.348075
-0.229357
0.17888
0.177814
0.175853
0.17215
0.165272
0.15367
0.135797
0.110071
0.074835
0.0215046
-0.0727204
-0.227486
-0.358067
-0.34033
-0.231583
0.158645
0.157767
0.156119
0.152993
0.147187
0.137361
0.122046
0.0996246
0.0684591
0.0217843
-0.05998
-0.198223
-0.328914
-0.330199
-0.23237
0.140308
0.139579
0.138211
0.135594
0.130694
0.122342
0.109184
0.0896917
0.0621445
0.0211321
-0.0497122
-0.172093
-0.299615
-0.317431
-0.231398
0.123843
0.123242
0.122111
0.119934
0.115762
0.108598
0.0972602
0.0802659
0.0560462
0.0199773
-0.0414289
-0.149036
-0.271403
-0.303111
-0.229214
0.109989
0.109302
0.108224
0.106204
0.102471
0.096206
0.0863218
0.0715552
0.0502069
0.0183864
-0.0349538
-0.12907
-0.244226
-0.287102
-0.225801
0.0974714
0.0968533
0.0958452
0.094001
0.0906573
0.0851058
0.0764804
0.0635151
0.0447646
0.016692
-0.0297414
-0.111823
-0.219007
-0.270378
-0.221504
0.0865266
0.0858873
0.0849333
0.083224
0.0801844
0.0752444
0.0676142
0.0562956
0.0397258
0.0148639
-0.025737
-0.0972379
-0.195492
-0.252851
-0.216112
0.0763272
0.0757823
0.0749442
0.073454
0.0707822
0.0664213
0.0597472
0.0497338
0.0351337
0.013141
-0.0224445
-0.084756
-0.174306
-0.235371
-0.209921
0.0678005
0.0671946
0.0663964
0.0650021
0.0625662
0.0586801
0.0527379
0.043968
0.0310248
0.0114745
-0.0199007
-0.0743441
-0.155032
-0.217828
-0.202793
0.0599263
0.0593994
0.058689
0.0574819
0.0553636
0.0519343
0.0467208
0.0388945
0.0274102
0.0100294
-0.0176948
-0.0653904
-0.138028
-0.2009
-0.195032
0.053926
0.0533377
0.0526495
0.0514959
0.0495024
0.0463503
0.0415812
0.0346147
0.0243277
0.00875781
-0.0159295
-0.0579324
-0.122813
-0.184444
-0.186582
0.0489206
0.0483361
0.0475911
0.0464193
0.0445142
0.0415778
0.0372777
0.0309449
0.0216947
0.00772477
-0.0142921
-0.0514209
-0.109574
-0.168972
-0.177731
0.0445166
0.0439388
0.0432143
0.0420826
0.0402679
0.0375472
0.0335728
0.0278743
0.0195065
0.00688307
-0.012926
-0.045949
-0.0978371
-0.154287
-0.168477
0.0404315
0.0398959
0.039211
0.0381694
0.0365206
0.0340409
0.0304738
0.0252599
0.0176601
0.00622994
-0.0116037
-0.0410894
-0.087661
-0.140729
-0.159053
0.0372438
0.0366958
0.0360318
0.0350408
0.0334816
0.0311768
0.027842
0.0230934
0.0161544
0.00573616
-0.010457
-0.0369463
-0.0786501
-0.128076
-0.149494
0.0345271
0.0339984
0.0333363
0.0323706
0.0308897
0.0287169
0.0256598
0.021259
0.0148909
0.00537713
-0.0093303
-0.0332006
-0.0708058
-0.116538
-0.139977
0.0323269
0.031788
0.0311185
0.0301616
0.0287162
0.0266599
0.0237739
0.0197344
0.0138823
0.00514817
-0.00832127
-0.0299435
-0.0638284
-0.105889
-0.130544
0.0301295
0.0296231
0.0289839
0.0280822
0.0267473
0.0248494
0.022228
0.0184817
0.0130716
0.00502034
-0.00731975
-0.0269636
-0.0576793
-0.0962313
-0.121306
0.0285179
0.0280018
0.0273808
0.0265234
0.025257
0.0234766
0.0209848
0.0174968
0.0124589
0.00498994
-0.00640245
-0.0243249
-0.0521603
-0.0873615
-0.112309
0.0271513
0.0266608
0.0260566
0.0252226
0.0240123
0.0223082
0.0199742
0.0166754
0.0119565
0.0050111
-0.00550197
-0.0218815
-0.0472097
-0.0793137
-0.103608
0.0259806
0.0255031
0.0249119
0.0240968
0.0229116
0.0212768
0.0190359
0.0159496
0.0115465
0.00508182
-0.00466347
-0.0196762
-0.0427126
-0.0719226
-0.0952425
0.0245157
0.024086
0.0235457
0.022791
0.021701
0.0201893
0.0181474
0.0152839
0.0111924
0.00518802
-0.00382842
-0.017596
-0.0385964
-0.0651732
-0.0872198
0.0232726
0.0228552
0.0223456
0.0216401
0.0206215
0.0192299
0.0173305
0.0147002
0.010919
0.00534889
-0.00301558
-0.0156687
-0.0348022
-0.058945
-0.0795783
0.0219574
0.0215839
0.0211225
0.0204796
0.0195641
0.0183047
0.0166022
0.0141913
0.0107007
0.00553756
-0.0021968
-0.0138119
-0.0312545
-0.0531988
-0.07229
0.0208531
0.0205018
0.0200822
0.0195039
0.0186711
0.0175309
0.0159592
0.0137454
0.0105269
0.0057573
-0.00139872
-0.0120598
-0.0279383
-0.047858
-0.0653921
0.0197485
0.0194383
0.0190649
0.018547
0.0178067
0.0167766
0.0153555
0.01333
0.0103731
0.00597152
-0.000607364
-0.0103598
-0.0247912
-0.0428763
-0.0588394
0.0188631
0.0185788
0.0182385
0.0177635
0.0170788
0.0161276
0.0148149
0.0129549
0.0102383
0.0062051
0.000155699
-0.00875417
-0.0218386
-0.0382255
-0.0526748
0.0179136
0.0176814
0.0173969
0.0169835
0.0163786
0.0155224
0.0143255
0.0126196
0.0101313
0.00642257
0.000889136
-0.00722052
-0.0190451
-0.0338777
-0.0468529
0.0171769
0.016977
0.0167323
0.0163636
0.0158089
0.0150168
0.0139065
0.0123275
0.0100292
0.00663166
0.00156354
-0.00581279
-0.0164702
-0.0298521
-0.0414319
0.0164954
0.0163336
0.0161222
0.0157833
0.015269
0.0145295
0.0134972
0.0120347
0.00991785
0.00678976
0.00216134
-0.0045295
-0.014096
-0.0261354
-0.0363773
0.0159044
0.0157671
0.0155741
0.0152535
0.0147583
0.014056
0.0130878
0.0117296
0.00977014
0.00689788
0.00265799
-0.00341668
-0.0119863
-0.0227587
-0.0317408
0.0153522
0.0152252
0.0150323
0.0147072
0.014223
0.0135563
0.0126555
0.0113976
0.00958599
0.00692637
0.00303761
-0.0024758
-0.010113
-0.0196845
-0.0274624
0.014832
0.0146953
0.014489
0.0141579
0.0136863
0.0130617
0.0122269
0.0110567
0.00936248
0.00689025
0.00329793
-0.00172358
-0.00851351
-0.0169241
-0.0235294
0.0143962
0.0142339
0.0139972
0.0136491
0.0131929
0.0126124
0.0118377
0.0107392
0.00914607
0.0068238
0.00349569
-0.0010793
-0.0070909
-0.0144344
-0.0198401
0.0140401
0.0138528
0.0135976
0.0132545
0.012829
0.0122945
0.0115675
0.0105282
0.00902471
0.006857
0.00377466
-0.000399622
-0.00577108
-0.0122556
-0.0165044
0.0138421
0.0136457
0.0133908
0.0130667
0.0126751
0.0121745
0.0114859
0.0105113
0.00912207
0.00713202
0.00433486
0.000562594
-0.00431941
-0.0102771
-0.0139014
0.0137508
0.0135788
0.0133577
0.0130743
0.0127143
0.0122341
0.0115722
0.0106509
0.00936079
0.00755268
0.00504358
0.00165861
-0.00278627
-0.00814363
-0.0120005
0.0136932
0.0135511
0.0133608
0.0130997
0.012742
0.0122489
0.0115643
0.010619
0.00931934
0.00753571
0.00512757
0.00201907
-0.00169875
-0.00521464
-0.00789751
)
;

boundaryField
{
    airfoil
    {
        type            zeroGradient;
    }
    farBoundaries
    {
        type            freestreamPressure;
        freestreamValue uniform 0;
        supersonic      false;
        value           nonuniform List<scalar> 
52
(
-0.0132565
-0.0140517
-0.0138865
-0.0134719
-0.0130964
-0.0127718
-0.0124506
-0.0121123
-0.011797
-0.0114733
-0.0115424
-0.0114262
-0.0112689
-0.0110764
-0.0107874
-0.010362
-0.00977455
-0.00903832
-0.00817752
-0.00723377
-0.00624805
-0.00524772
-0.00424094
-0.00325258
-0.00225338
-0.00131281
0.0150809
0.0147828
0.0143269
0.0139151
0.0135388
0.0131402
0.0125746
0.0117932
0.0107747
0.00956176
0.00825403
0.00691938
0.00564161
0.0044114
0.00322505
0.00168455
0.0205897
0.020927
0.0198896
0.0187582
0.0179554
0.017395
0.0169083
0.0164069
0.0158609
0.01529
)
;
    }
    inlet
    {
        type            freestreamPressure;
        freestreamValue uniform 0;
        supersonic      false;
        value           nonuniform List<scalar> 
30
(
0.0136658
0.0135207
0.013326
0.0130584
0.012691
0.0121834
0.0114772
0.0105002
0.00915679
0.00732185
0.00488246
0.00185232
-0.0014529
-0.00389341
-0.00447822
0.013784
0.0139266
0.0141168
0.0143797
0.0147345
0.0152172
0.0158608
0.0167105
0.0177939
0.0190917
0.0204167
0.0212393
0.0205512
0.0169693
0.0104701
)
;
    }
    outlet
    {
        type            freestreamPressure;
        freestreamValue uniform 0;
        supersonic      false;
        value           nonuniform List<scalar> 
120
(
6.59573e-06
6.74054e-06
6.87778e-06
7.01336e-06
7.14139e-06
7.26786e-06
7.38763e-06
7.50657e-06
7.61978e-06
7.73301e-06
7.84128e-06
7.9501e-06
8.05407e-06
8.15887e-06
8.25897e-06
8.36057e-06
8.45841e-06
8.56026e-06
8.66219e-06
8.77417e-06
8.89411e-06
9.03409e-06
9.19333e-06
9.38447e-06
9.60625e-06
9.86738e-06
1.01613e-05
1.04879e-05
1.08316e-05
1.11782e-05
1.15008e-05
1.17738e-05
1.1966e-05
1.20485e-05
1.19993e-05
1.18009e-05
1.14492e-05
1.09465e-05
1.03134e-05
9.57107e-06
8.75054e-06
7.87859e-06
6.98561e-06
6.09412e-06
5.22728e-06
4.40309e-06
3.63297e-06
2.92409e-06
2.2738e-06
1.68451e-06
1.14615e-06
6.64645e-07
2.25841e-07
-1.59868e-07
-5.09753e-07
-8.27936e-07
-1.03845e-06
-1.57846e-06
-8.2356e-07
-2.88695e-06
4.47262e-06
3.4045e-06
2.99453e-06
2.90924e-06
2.72087e-06
2.41789e-06
2.08125e-06
1.67691e-06
1.23253e-06
7.19417e-07
1.71837e-07
-4.27606e-07
-1.04265e-06
-1.68049e-06
-2.30633e-06
-2.91862e-06
-3.48421e-06
-3.99458e-06
-4.42699e-06
-4.77152e-06
-5.01638e-06
-5.15121e-06
-5.17997e-06
-5.09412e-06
-4.91116e-06
-4.62434e-06
-4.26418e-06
-3.82395e-06
-3.34092e-06
-2.80638e-06
-2.26062e-06
-1.69105e-06
-1.13605e-06
-5.78927e-07
-5.42296e-08
4.58645e-07
9.30292e-07
1.38349e-06
1.79338e-06
2.18384e-06
2.53409e-06
2.8673e-06
3.16552e-06
3.45069e-06
3.70722e-06
3.95487e-06
4.17952e-06
4.39889e-06
4.60027e-06
4.79907e-06
4.9835e-06
5.16711e-06
5.33926e-06
5.51166e-06
5.6745e-06
5.83813e-06
5.99372e-06
6.15052e-06
6.30008e-06
6.45097e-06
)
;
    }
    defaultFaces
    {
        type            empty;
    }
}


// ************************************************************************* //
