/*--------------------------------*- C++ -*----------------------------------*\
  =========                 |
  \\      /  F ield         | OpenFOAM: The Open Source CFD Toolbox
   \\    /   O peration     | Website:  https://openfoam.org
    \\  /    A nd           | Version:  6.0
     \\/     M anipulation  |
\*---------------------------------------------------------------------------*/
FoamFile
{
    version     2.0;
    format      ascii;
    class       volScalarField;
    location    "11";
    object      p;
}
// * * * * * * * * * * * * * * * * * * * * * * * * * * * * * * * * * * * * * //

dimensions      [0 2 -2 0 0 0 0];

internalField   nonuniform List<scalar> 
4920
(
0.0186054
0.0187371
0.0189155
0.0191554
0.0194829
0.019919
0.0204976
0.0212341
0.0221172
0.02306
0.0238245
0.0240118
0.0230728
0.0205947
0.0169288
0.0187797
0.0189185
0.0191025
0.0193465
0.0196752
0.0201138
0.0206968
0.0214538
0.0223898
0.0234532
0.0245085
0.0252897
0.0254177
0.0249908
0.0217192
0.0192021
0.0193423
0.0195303
0.0197787
0.020113
0.0205565
0.0211462
0.0219166
0.0228686
0.0239478
0.0249815
0.0256629
0.0254659
0.024804
0.0206052
0.0197403
0.0198845
0.0200829
0.0203504
0.0207096
0.0211803
0.0217966
0.0225963
0.0235922
0.024723
0.0258326
0.0265826
0.0262566
0.0252807
0.0214533
0.0206802
0.0207997
0.020971
0.0212109
0.0215516
0.0220161
0.0226432
0.0234771
0.0245397
0.0258052
0.0271401
0.0282718
0.0283414
0.0275922
0.0245242
0.021633
0.0217499
0.0219231
0.0221691
0.02252
0.0230017
0.0236563
0.0245363
0.0256848
0.0270901
0.0286938
0.0302882
0.0309173
0.0305641
0.027562
0.0229264
0.0230143
0.0231591
0.0233758
0.0237074
0.0241831
0.0248519
0.0257726
0.0269889
0.0285159
0.0303075
0.0322302
0.0332514
0.0331781
0.0296424
0.0241184
0.0242165
0.02438
0.0246221
0.0249811
0.0254883
0.0261944
0.0271625
0.0284432
0.0300367
0.0319348
0.0340219
0.0351956
0.0351593
0.0307996
0.0257179
0.0257867
0.0259245
0.0261401
0.0264842
0.0269885
0.0277106
0.0287157
0.0300388
0.0316828
0.0335981
0.0356971
0.0367939
0.0366213
0.0314783
0.0271331
0.0272238
0.0273935
0.0276504
0.0280389
0.0285905
0.0293635
0.0304221
0.0318005
0.0334611
0.0353709
0.0374107
0.0382919
0.0378143
0.0319547
0.0290143
0.0290809
0.0292287
0.0294675
0.0298509
0.0304129
0.0312152
0.0323208
0.0337413
0.0354359
0.0373013
0.0392169
0.0397714
0.0389009
0.0323985
0.0307721
0.0308765
0.0310682
0.0313575
0.0317912
0.0324057
0.0332632
0.0344263
0.0359072
0.0376136
0.0394573
0.0412434
0.0414223
0.0400095
0.0328982
0.0329856
0.0330827
0.0332731
0.033569
0.0340222
0.0346681
0.0355688
0.0367872
0.0383173
0.0400712
0.0418525
0.043469
0.0431892
0.0411492
0.0334
0.0351889
0.0353399
0.0355902
0.0359529
0.0364708
0.037182
0.0381466
0.0394296
0.0410376
0.0428035
0.0445468
0.0459869
0.0451906
0.0423362
0.0339913
0.0381194
0.0382582
0.0384921
0.0388374
0.0393536
0.040079
0.0410807
0.0424304
0.0440837
0.0458691
0.0475085
0.0487131
0.0472979
0.0434602
0.0344882
0.040945
0.0411559
0.0414683
0.0418987
0.0424916
0.043294
0.0443809
0.045784
0.0474843
0.049237
0.0507827
0.0517438
0.0496194
0.0445466
0.035087
0.0446211
0.0448081
0.045098
0.0455139
0.046112
0.0469481
0.0480613
0.0495245
0.051237
0.0529437
0.054335
0.0549745
0.0519802
0.0454097
0.0354769
0.0480091
0.0482857
0.0486801
0.0492105
0.0499248
0.0508676
0.0521097
0.0536347
0.0553804
0.0570342
0.0582759
0.0585497
0.0545127
0.0461086
0.0359586
0.0521154
0.0524098
0.0528386
0.053427
0.0542246
0.0552799
0.0566013
0.0582382
0.0600202
0.0616026
0.0625933
0.0623341
0.0569851
0.0463896
0.0361657
0.0563888
0.0567739
0.0573166
0.0580392
0.0589858
0.0601846
0.0616831
0.0634088
0.0652402
0.0667385
0.067436
0.0665276
0.0595422
0.0464179
0.0365424
0.0621034
0.0624513
0.062952
0.0636533
0.064614
0.0658839
0.0674392
0.0692893
0.0711484
0.0724979
0.0727332
0.0708998
0.061889
0.0458357
0.0366275
0.0677932
0.0682587
0.068891
0.0697272
0.0708242
0.0722213
0.0739562
0.075883
0.0777673
0.0789389
0.078633
0.0756716
0.0641548
0.0448817
0.0369429
0.0745349
0.0750297
0.0757065
0.0766197
0.0778238
0.0793714
0.081208
0.0832905
0.0851689
0.086055
0.084968
0.0805093
0.065948
0.0431581
0.036999
0.0815292
0.0821645
0.0830091
0.0841066
0.08551
0.0872476
0.0893202
0.0914858
0.0933571
0.0939142
0.0919273
0.085689
0.0673536
0.0409981
0.0373921
0.0900286
0.0906806
0.0915411
0.0926981
0.0942037
0.0961004
0.0982811
0.100624
0.102419
0.102474
0.0992699
0.090727
0.0679481
0.0379658
0.0376257
0.0987151
0.0995457
0.100606
0.101974
0.103698
0.105805
0.108257
0.110663
0.112373
0.111854
0.107277
0.0959271
0.0677492
0.0344942
0.0383516
0.108545
0.109461
0.110631
0.112173
0.114128
0.116522
0.119169
0.121799
0.123315
0.121957
0.115548
0.100658
0.0663258
0.0301791
0.0390604
0.118477
0.119673
0.121186
0.123104
0.125455
0.128224
0.131267
0.133975
0.135297
0.13297
0.124511
0.105224
0.0636187
0.0255659
0.0404016
0.130638
0.131876
0.133434
0.135507
0.138117
0.141235
0.144542
0.147512
0.148414
0.144727
0.133493
0.108751
0.0592861
0.0203112
0.04189
0.143075
0.144625
0.146518
0.148948
0.151958
0.155515
0.159304
0.1623
0.162803
0.157515
0.143011
0.111493
0.0532569
0.0151244
0.04417
0.156742
0.158509
0.160676
0.163517
0.167063
0.171223
0.175453
0.178771
0.178495
0.170944
0.152039
0.112382
0.0453609
0.00975514
0.0467698
0.170825
0.173032
0.175716
0.179168
0.183416
0.188368
0.193362
0.196747
0.195746
0.185481
0.1612
0.111623
0.0355499
0.00496246
0.0501892
0.186329
0.188919
0.192087
0.196205
0.201325
0.207262
0.213035
0.216995
0.214463
0.200421
0.168973
0.108015
0.023963
0.000623369
0.0540491
0.20281
0.205969
0.209826
0.214787
0.220973
0.228109
0.235137
0.238875
0.235046
0.216364
0.175956
0.101832
0.010776
-0.00242304
0.0587014
0.221223
0.224871
0.229357
0.235257
0.242649
0.25119
0.259159
0.263554
0.256917
0.232124
0.180249
0.0920422
-0.00349403
-0.00424196
0.0638283
0.240716
0.245103
0.250472
0.257495
0.266204
0.276504
0.286041
0.289792
0.280896
0.248668
0.18247
0.0791578
-0.0185974
-0.00428098
0.0694677
0.261667
0.266799
0.273186
0.281489
0.292236
0.304412
0.315345
0.319641
0.306245
0.264265
0.180607
0.0625253
-0.0335384
-0.00244853
0.0754928
0.28378
0.28999
0.297776
0.308027
0.32075
0.335604
0.348527
0.351398
0.334217
0.279939
0.175233
0.0430058
-0.0480355
0.00143354
0.0816411
0.308507
0.315853
0.32518
0.337429
0.35302
0.370453
0.385121
0.38751
0.363442
0.29351
0.164757
0.0205816
-0.0607359
0.0075127
0.0879442
0.335933
0.344745
0.355937
0.370675
0.388987
0.409972
0.426278
0.425609
0.395499
0.305817
0.149614
-0.00364509
-0.0718082
0.0152093
0.0937888
0.366415
0.376939
0.390353
0.407926
0.430122
0.454032
0.471595
0.468229
0.428065
0.314361
0.129218
-0.0290113
-0.0796064
0.0249062
0.0994646
0.399852
0.41264
0.428929
0.45021
0.476225
0.503855
0.521925
0.511941
0.462246
0.319043
0.10372
-0.0544661
-0.0851762
0.0351906
0.104027
0.43767
0.45307
0.472672
0.498142
0.528839
0.559476
0.577
0.558506
0.494703
0.318044
0.0741575
-0.0786345
-0.086812
0.046647
0.10801
0.480724
0.499073
0.522558
0.552799
0.588376
0.622695
0.636707
0.604302
0.526346
0.307375
0.0391754
-0.100659
-0.0866071
0.0571657
0.110256
0.529306
0.551241
0.5793
0.615244
0.656647
0.692176
0.701145
0.651602
0.551282
0.285881
0.00289381
-0.117995
-0.0838038
0.0672722
0.111204
0.584075
0.610297
0.643924
0.686224
0.732865
0.769435
0.768943
0.694355
0.566871
0.271528
-0.013259
-0.122151
-0.0813594
0.0739177
0.109022
0.645431
0.676737
0.716531
0.766711
0.818323
0.852083
0.840939
0.7368
0.573206
0.288546
0.00542176
-0.113628
-0.0777952
0.0778225
0.103831
0.714487
0.751553
0.79963
0.85684
0.912982
0.945227
0.912986
0.771172
0.595858
0.352088
0.042288
-0.103343
-0.0778535
0.0760495
0.0941756
0.794592
0.839153
0.895261
0.961795
1.02147
1.04462
0.990834
0.813112
0.647141
0.427335
0.0692484
-0.0986338
-0.0836964
0.0690074
0.0806228
0.887576
0.939597
1.00497
1.07647
1.1397
1.15405
1.07724
0.868178
0.729766
0.477864
0.070757
-0.103761
-0.102276
0.0515606
0.0624983
0.994017
1.05492
1.12834
1.21075
1.27452
1.27843
1.19806
0.975762
0.811747
0.469652
0.0346368
-0.118966
-0.128788
0.0255234
0.0407452
1.12092
1.19694
1.28679
1.36821
1.43039
1.46558
1.36683
1.13177
0.884126
0.404276
-0.0462748
-0.146122
-0.159829
-0.00367144
0.0179663
1.29134
1.4038
1.5143
1.57164
1.60854
1.72933
1.60971
1.32571
0.921148
0.305541
-0.151733
-0.185977
-0.194842
-0.0305077
-0.00274518
1.55485
1.69524
1.80543
1.81037
1.83563
2.12434
1.90157
1.53477
0.942449
0.220065
-0.237759
-0.223179
-0.229876
-0.0525168
-0.018309
1.89878
2.0266
2.11398
2.08655
2.18536
2.75857
2.32695
1.85092
1.08394
0.189645
-0.291375
-0.253281
-0.257236
-0.0668593
-0.027033
2.21646
2.28893
2.34235
2.42419
2.62114
3.45126
3.03146
2.45748
1.27177
0.133122
-0.352921
-0.293386
-0.27601
-0.0729457
-0.0288922
2.21454
2.29613
2.47377
2.81119
3.18507
4.30867
3.87052
2.95102
1.1664
-0.0806513
-0.448279
-0.357675
-0.285908
-0.0725466
-0.0260167
2.25544
2.35234
2.57276
3.14176
3.89379
4.09911
3.57778
2.31177
0.508039
-0.412333
-0.521215
-0.404489
-0.275227
-0.0648093
-0.0211221
2.34798
2.42722
2.69475
3.26644
3.86824
2.43031
2.34284
1.41913
0.00130239
-0.573163
-0.507168
-0.391318
-0.247687
-0.0530873
-0.0165739
2.48014
2.59029
2.79037
3.1973
3.63114
1.29895
1.62874
1.0411
-0.122901
-0.53451
-0.43935
-0.357555
-0.225944
-0.0434739
-0.0133931
0.037858
0.0380093
0.0357511
0.0336251
0.0322742
0.0313272
0.0303785
0.0292854
0.0280957
0.026839
0.0233904
0.0203811
0.0172782
0.0154969
0.0146514
0.0139583
0.0128924
0.0113028
0.00895289
0.00597616
0.0194806
0.0200953
0.0213416
0.022636
0.0234743
0.0236068
0.0230129
0.0218691
0.020383
0.0188403
0.0223217
0.0235328
0.0245531
0.0246914
0.0239142
0.0224632
0.0205918
0.0185474
0.0163699
0.0141251
0.0252484
0.0254463
0.0250031
0.0237569
0.021943
0.0199047
0.0178903
0.0160875
0.0144984
0.0131441
0.0260907
0.0252733
0.0238327
0.0219047
0.0197849
0.0177641
0.0160085
0.014636
0.0136058
0.0128539
0.0254483
0.0239715
0.0220715
0.0199239
0.0177919
0.0159072
0.0143864
0.0133162
0.0126356
0.0121779
0.0244264
0.0225597
0.0204827
0.018257
0.0161377
0.0143169
0.0129182
0.0120239
0.0115689
0.0112933
0.0236261
0.0215643
0.0193054
0.0169727
0.0146962
0.0127888
0.0113371
0.0104872
0.0101974
0.0101232
0.0234391
0.0211385
0.0187203
0.0160711
0.0134883
0.0112497
0.00955923
0.00860986
0.0083974
0.00839865
0.0237613
0.0213704
0.0186971
0.0156411
0.0125216
0.00974665
0.00759505
0.00634766
0.00600289
0.00605937
0.0245668
0.0221286
0.0191687
0.0155504
0.0116938
0.00814059
0.00527537
0.00348835
0.00293167
0.0027503
0.0256773
0.0232668
0.0199705
0.015673
0.0108893
0.00634785
0.00253365
2.68945e-05
-0.00100328
-0.00131708
0.0270811
0.0247256
0.0210636
0.015962
0.0100808
0.00432741
-0.000680176
-0.00412665
-0.00565993
-0.00641199
0.0286179
0.0263957
0.0223959
0.0164245
0.00933756
0.00218114
-0.00423537
-0.00881374
-0.0111122
-0.0121402
0.0302874
0.0282886
0.0239558
0.0170564
0.00860048
-0.000187762
-0.00827733
-0.0142336
-0.0173675
-0.0190188
0.0319662
0.0303407
0.0257429
0.017927
0.00799027
-0.00260128
-0.0125961
-0.020136
-0.0243446
-0.026454
0.0337551
0.0326095
0.0277617
0.0189613
0.00733365
-0.00531602
-0.0174856
-0.0268269
-0.0321291
-0.0349569
0.0355599
0.0350279
0.0300498
0.0202355
0.00683036
-0.00805022
-0.0225729
-0.0338482
-0.0403314
-0.0435936
0.0374963
0.0376873
0.032462
0.0215027
0.00602229
-0.0113151
-0.0283956
-0.0416846
-0.0492097
-0.0528792
0.0394712
0.0405081
0.0350721
0.0229067
0.0052391
-0.0146629
-0.0343903
-0.0497117
-0.0582314
-0.0620128
0.0417303
0.0436163
0.037741
0.0240976
0.00391642
-0.018763
-0.0412621
-0.0585822
-0.0678512
-0.0715827
0.0441213
0.0469585
0.0406202
0.0253853
0.0025872
-0.0229456
-0.0482463
-0.0675245
-0.0774261
-0.0807944
0.0469995
0.0506551
0.0434448
0.0262047
0.000448104
-0.0281408
-0.0562867
-0.0774073
-0.0875905
-0.0902257
0.0500975
0.054632
0.0464216
0.0270497
-0.00179736
-0.0334833
-0.064465
-0.0873582
-0.0976843
-0.0993417
0.0538505
0.0589749
0.0492891
0.0272578
-0.00497694
-0.0399699
-0.0737709
-0.0982867
-0.108413
-0.108676
0.0578723
0.06362
0.0522867
0.0274844
-0.0082585
-0.0465682
-0.083129
-0.109205
-0.119043
-0.117781
0.0625376
0.0685255
0.054937
0.0268446
-0.0126342
-0.0543562
-0.0935379
-0.120966
-0.130143
-0.126914
0.0674495
0.0736206
0.0575612
0.0261008
-0.0171988
-0.0622529
-0.103891
-0.13255
-0.140985
-0.135743
0.0729416
0.0787753
0.0595625
0.0242431
-0.0230003
-0.0713555
-0.115161
-0.144755
-0.152058
-0.144372
0.078646
0.0839849
0.0613838
0.0221797
-0.029043
-0.0805291
-0.126226
-0.156567
-0.162684
-0.152597
0.0847129
0.08896
0.0622311
0.0187653
-0.0363939
-0.0908052
-0.13794
-0.168651
-0.173187
-0.160334
0.0908731
0.0938169
0.062716
0.0150435
-0.0440253
-0.10109
-0.149302
-0.180125
-0.18305
-0.167574
0.0971002
0.0981446
0.0619482
0.00978138
-0.0529839
-0.112345
-0.161071
-0.191578
-0.192529
-0.174161
0.103238
0.102215
0.060729
0.00415985
-0.0622013
-0.123511
-0.172365
-0.202273
-0.20126
-0.180244
0.108965
0.105457
0.0580725
-0.0030376
-0.0725751
-0.135342
-0.183719
-0.21262
-0.209355
-0.185567
0.114335
0.108292
0.0549153
-0.0105857
-0.0831282
-0.146922
-0.194462
-0.222089
-0.21663
-0.190391
0.118737
0.109956
0.0501999
-0.0196948
-0.094696
-0.158894
-0.204996
-0.230998
-0.223138
-0.194428
0.122444
0.111045
0.0449805
-0.0290644
-0.106345
-0.170484
-0.214846
-0.239006
-0.228857
-0.198022
0.124591
0.110719
0.03833
-0.0396731
-0.118589
-0.182033
-0.224141
-0.246243
-0.233735
-0.200853
0.125625
0.109533
0.0312383
-0.0502932
-0.130605
-0.19293
-0.232584
-0.25252
-0.237843
-0.203262
0.124474
0.106401
0.0227742
-0.0617388
-0.142721
-0.203346
-0.240156
-0.257871
-0.241082
-0.20494
0.121743
0.101825
0.0137574
-0.0729623
-0.15429
-0.212885
-0.246783
-0.2623
-0.243649
-0.206264
0.116365
0.0950189
0.00361549
-0.0844036
-0.165383
-0.221538
-0.252364
-0.26581
-0.245471
-0.206991
0.10905
0.0866323
-0.00689455
-0.0952427
-0.175607
-0.22917
-0.257025
-0.268539
-0.246795
-0.207447
0.0990332
0.0764684
-0.0178706
-0.105584
-0.184836
-0.235637
-0.260546
-0.270392
-0.247503
-0.207365
0.086862
0.0650724
-0.0287448
-0.114945
-0.192942
-0.241017
-0.263178
-0.271563
-0.24785
-0.207074
0.0722849
0.0529709
-0.0391429
-0.123125
-0.199619
-0.245065
-0.264652
-0.27191
-0.247696
-0.206338
0.0563206
0.0411158
-0.0485135
-0.129835
-0.204902
-0.247963
-0.265268
-0.27165
-0.247269
-0.205399
0.0396694
0.03083
-0.0561171
-0.134642
-0.208364
-0.249397
-0.264731
-0.270629
-0.24642
-0.204083
0.0234459
0.0227467
-0.0616667
-0.137542
-0.210221
-0.249651
-0.263395
-0.269099
-0.245379
-0.202698
0.00951745
0.0185942
-0.0642558
-0.137963
-0.210004
-0.248375
-0.260971
-0.266904
-0.244009
-0.201102
-0.00056785
0.0185755
-0.0636875
-0.135919
-0.207889
-0.245785
-0.257728
-0.264229
-0.242454
-0.199523
-0.00544447
0.0232791
-0.0595767
-0.131106
-0.203556
-0.241611
-0.253453
-0.260971
-0.240617
-0.197829
-0.0053326
0.0309262
-0.0528324
-0.124286
-0.197621
-0.236343
-0.248595
-0.257437
-0.238676
-0.196215
-0.0012021
0.0397518
-0.0445511
-0.116345
-0.190705
-0.230461
-0.243575
-0.253954
-0.236798
-0.19469
0.00454899
0.0471034
-0.0368522
-0.109041
-0.184307
-0.225162
-0.239335
-0.251145
-0.235341
-0.19356
0.00979645
0.0516947
-0.0311039
-0.103631
-0.179507
-0.221303
-0.236427
-0.249307
-0.234411
-0.192935
0.0130214
0.0543783
-0.0275414
-0.100398
-0.176711
-0.219168
-0.234903
-0.248382
-0.233919
-0.192756
0.0147406
0.0563033
-0.0255787
-0.0987435
-0.175442
-0.218257
-0.234278
-0.248004
-0.233672
-0.192828
0.027366
0.0272591
0.0271545
0.0273089
0.0275212
0.0274996
0.0269228
0.0256903
0.0238201
0.0214433
0.0187873
0.0160125
0.0133229
0.0107168
0.00818149
0.00471624
0.00423884
0.0047057
0.00586535
0.00748838
0.00914943
0.0106633
0.0118184
0.0125734
0.0128579
0.0126437
0.0119228
0.010795
0.00930575
0.00754476
0.00553472
0.00290154
0.0201997
0.0206864
0.0214428
0.0223617
0.0230679
0.0233346
0.0229741
0.021982
0.0204132
0.0183559
0.0159925
0.0134029
0.0107052
0.00791947
0.00506864
0.00209137
0.0141913
0.0146628
0.015509
0.0166579
0.0177322
0.0185164
0.0188009
0.0185576
0.0177745
0.016533
0.0148479
0.0128057
0.0104165
0.00772593
0.00482627
0.00185227
0.0147643
0.0153841
0.016054
0.0168201
0.0174814
0.0179015
0.0179388
0.0175639
0.0168149
0.0156479
0.0141228
0.0122139
0.00991284
0.00725318
0.00436814
0.00152019
0.0147718
0.0153687
0.0158542
0.0163777
0.0168071
0.0170634
0.0169825
0.0165593
0.0157945
0.0147445
0.0133514
0.011577
0.00935904
0.00673697
0.00389419
0.00115534
0.0141662
0.01474
0.0151368
0.0155604
0.0159034
0.0160969
0.0159733
0.0155144
0.0147783
0.0137523
0.0124613
0.0108089
0.00870045
0.00616288
0.00341798
0.000804072
0.0135463
0.0141618
0.0145783
0.015014
0.0153529
0.0155059
0.0153027
0.0147442
0.0138951
0.0128518
0.0115677
0.00996716
0.00792726
0.00548929
0.00289541
0.000445406
0.0130043
0.0137514
0.0142618
0.01475
0.0150942
0.0151925
0.014885
0.0141788
0.0131994
0.0120184
0.0107082
0.00912529
0.00713626
0.00478808
0.00235679
8.49465e-05
0.0121236
0.013116
0.0138413
0.0145164
0.0149619
0.0150617
0.0146535
0.0137761
0.0125768
0.0112863
0.00987786
0.00826164
0.0062987
0.00405321
0.00181469
-0.000269359
0.0108975
0.012212
0.0132281
0.0141547
0.0147608
0.0149013
0.0144262
0.0133705
0.0120467
0.0105879
0.0091031
0.00743617
0.0054818
0.00332689
0.00128793
-0.000604518
0.00913584
0.0108388
0.0122121
0.0134594
0.0142974
0.0145529
0.0140427
0.0129616
0.0114906
0.00994096
0.00833403
0.00658092
0.00464626
0.00260695
0.000797403
-0.000906973
0.00665323
0.00885431
0.0107202
0.0124193
0.0136165
0.0140481
0.0136484
0.0124789
0.0109482
0.00928371
0.00756325
0.00573709
0.00382671
0.00190864
0.00034231
-0.00117158
0.00391162
0.00670264
0.00912373
0.0113308
0.0129184
0.013585
0.0131955
0.0120252
0.0103794
0.0085902
0.00674315
0.00486242
0.00301666
0.00125495
-4.62189e-05
-0.00138636
0.000439456
0.00394684
0.00706782
0.00992419
0.0120187
0.0129613
0.0127091
0.0114764
0.00976204
0.00787487
0.00593248
0.00401805
0.00224483
0.000647901
-0.000380421
-0.00155182
-0.0034425
0.000823783
0.00466397
0.00818634
0.0108437
0.012172
0.0120716
0.0109054
0.00912032
0.00713396
0.00510151
0.00320238
0.00153879
0.000134062
-0.000619658
-0.0016568
-0.00828575
-0.00319147
0.00150182
0.00586837
0.00927642
0.0111301
0.0113378
0.0102248
0.00843846
0.00639769
0.00431996
0.00245258
0.000901349
-0.000306152
-0.000789752
-0.00170743
-0.0137752
-0.00778284
-0.00215092
0.00316528
0.00741993
0.00988212
0.0103829
0.00945822
0.00768426
0.00562252
0.00355374
0.00178115
0.000374014
-0.000620716
-0.0008553
-0.00170114
-0.019385
-0.012435
-0.00585981
0.000339387
0.00534018
0.00829488
0.00922668
0.00848293
0.00685059
0.00484634
0.00283975
0.00118022
-7.7893e-05
-0.000854944
-0.000854378
-0.00164805
-0.0246556
-0.0169075
-0.00960546
-0.00274086
0.00284933
0.00647419
0.00781962
0.00744789
0.00598817
0.00406774
0.00219521
0.000698174
-0.000390605
-0.000948708
-0.000754497
-0.0015521
-0.0306462
-0.0220219
-0.0138289
-0.00617223
0.000268355
0.00450875
0.0064341
0.00641778
0.00515268
0.00336413
0.00164834
0.000309844
-0.00061504
-0.000958517
-0.000596893
-0.0014226
-0.0366044
-0.0271105
-0.0180358
-0.00951907
-0.00233511
0.00263083
0.00507343
0.0054247
0.00438504
0.00277449
0.00126093
9.41736e-05
-0.000673628
-0.000825362
-0.000358251
-0.00127126
-0.0422406
-0.0318646
-0.0219451
-0.012681
-0.004787
0.000766202
0.00373344
0.00447327
0.0037011
0.00230307
0.000997904
-1.58055e-05
-0.000640939
-0.000615255
-7.79571e-05
-0.00110261
-0.0476048
-0.0364483
-0.0257623
-0.0157886
-0.0072505
-0.00107299
0.00242748
0.00360509
0.00313567
0.00201372
0.000940889
7.05645e-05
-0.000437126
-0.000274943
0.000258594
-0.000933978
-0.0529638
-0.0409676
-0.0295054
-0.018843
-0.00966229
-0.00281888
0.00124532
0.00286651
0.00271529
0.00186945
0.00101513
0.000258929
-0.000152479
0.000124607
0.000616239
-0.000763494
-0.0583696
-0.0456488
-0.0334329
-0.0220762
-0.0120421
-0.00450256
0.000259905
0.0023568
0.00255128
0.00199892
0.00134216
0.00065461
0.000287984
0.000622349
0.000996326
-0.000613716
-0.0639405
-0.0504473
-0.0375524
-0.0252916
-0.0144768
-0.00597572
-0.000543857
0.0020462
0.00257774
0.00229883
0.00181199
0.00115092
0.00079564
0.00115547
0.00137493
-0.000474495
-0.0695652
-0.0554944
-0.0417809
-0.0287234
-0.0168391
-0.00744148
-0.00115293
0.00199712
0.00292183
0.00292178
0.00256462
0.00186046
0.00144287
0.00175481
0.00174587
-0.000370622
-0.0750889
-0.0603659
-0.0459988
-0.0320898
-0.0192589
-0.00875151
-0.00164625
0.00211361
0.00343452
0.00370201
0.00345267
0.00266217
0.00214261
0.00236757
0.002098
-0.000283609
-0.0804036
-0.0651255
-0.0501286
-0.0353991
-0.0215289
-0.010022
-0.00185957
0.00259099
0.00431696
0.00482512
0.00461694
0.00365147
0.00294465
0.00300633
0.00241627
-0.000238515
-0.0855026
-0.0696081
-0.0539207
-0.038418
-0.0235582
-0.0108445
-0.001826
0.0032806
0.00536596
0.00608955
0.00589517
0.0047099
0.00377367
0.0036333
0.00270307
-0.000210274
-0.0900836
-0.073653
-0.0573442
-0.0409657
-0.0250988
-0.0114246
-0.00133447
0.00441585
0.00681079
0.00769719
0.00742743
0.00592069
0.0046633
0.0042481
0.00293764
-0.000223531
-0.0941128
-0.0770579
-0.0600302
-0.0428637
-0.0260395
-0.0113123
-0.000550218
0.0057433
0.00838077
0.00941147
0.00904034
0.00717128
0.00555199
0.00482883
0.00313454
-0.000248801
-0.097262
-0.0796701
-0.0619033
-0.043922
-0.0262705
-0.0108479
0.000794836
0.00754624
0.010326
0.0114267
0.0108471
0.00851302
0.00644739
0.00536132
0.00327003
-0.000308246
-0.0998453
-0.0814286
-0.0629478
-0.0441634
-0.0257263
-0.00952851
0.00243409
0.00951177
0.012361
0.013514
0.0126951
0.00985847
0.0073112
0.00584246
0.0033692
-0.00037144
-0.101586
-0.0825256
-0.0631756
-0.0436097
-0.0245281
-0.00789408
0.00466857
0.0119625
0.0147622
0.0158722
0.0146853
0.0112397
0.0081344
0.00624988
0.0034073
-0.000458593
-0.1025
-0.0826697
-0.0625672
-0.0422592
-0.0225494
-0.00539805
0.00715713
0.0145489
0.0172374
0.0182839
0.016688
0.0125949
0.00890194
0.00659773
0.003417
-0.00054033
-0.10246
-0.0819077
-0.061067
-0.0401415
-0.0200112
-0.00263477
0.0102393
0.0176023
0.0200342
0.0209014
0.0187592
0.0139221
0.0095864
0.00685887
0.00337585
-0.000633433
-0.101456
-0.0802418
-0.0587126
-0.0371942
-0.0166447
0.000956861
0.0135037
0.0207423
0.0228737
0.0235396
0.0208068
0.0151922
0.0101978
0.00706267
0.00331955
-0.00071275
-0.0995671
-0.0775649
-0.0554745
-0.0335812
-0.0128848
0.00470538
0.0172871
0.0242886
0.0259756
0.0263132
0.0228514
0.0163768
0.0106962
0.00717979
0.00322749
-0.000792838
-0.0965564
-0.0738925
-0.0512662
-0.029149
-0.00838005
0.00916507
0.0211571
0.0278595
0.0290826
0.0290694
0.0248344
0.0174756
0.0111129
0.00725048
0.00313519
-0.000853301
-0.0923814
-0.0690683
-0.0462234
-0.0242621
-0.00369422
0.0136683
0.0254374
0.0317285
0.0323396
0.0318496
0.026725
0.0184329
0.0114006
0.00724741
0.00302615
-0.000905362
-0.0874565
-0.0634143
-0.0403843
-0.018675
0.00162149
0.0187509
0.0297138
0.0355625
0.0355595
0.034568
0.0285149
0.0192822
0.0116103
0.00721635
0.00293106
-0.000934946
-0.081639
-0.05704
-0.034155
-0.0130311
0.00691036
0.0237851
0.0342975
0.0396007
0.0388339
0.0372137
0.0301365
0.01995
0.0116915
0.00713185
0.00283593
-0.000951026
-0.0751682
-0.0500083
-0.0273742
-0.00687946
0.0127314
0.0293092
0.0388257
0.0435755
0.0420447
0.0397604
0.0316241
0.0204981
0.0117094
0.00704068
0.00276531
-0.000944872
-0.0678747
-0.0424291
-0.0205474
-0.000908875
0.0184661
0.0347654
0.0435555
0.0476462
0.0451928
0.0421255
0.0328721
0.0208428
0.0116168
0.00692212
0.00270935
-0.00092232
-0.0598786
-0.034201
-0.0131936
0.00555352
0.024743
0.0406263
0.0482048
0.0516432
0.0482546
0.044357
0.0339613
0.0210716
0.0114862
0.00681786
0.00268401
-0.000880045
-0.0512101
-0.0257074
-0.00611708
0.0117738
0.0309841
0.0464261
0.0529647
0.0556511
0.0511462
0.0463118
0.0347575
0.0210958
0.0112738
0.00670995
0.0026821
-0.000821514
-0.0417714
-0.0165556
0.00145449
0.0186138
0.0378493
0.0525774
0.0576459
0.0595896
0.0539255
0.0480959
0.0353767
0.0210212
0.0110535
0.00663272
0.00271201
-0.000747253
-0.0316706
-0.00730947
0.00858881
0.0253657
0.0447936
0.058705
0.0623607
0.0634649
0.0564325
0.0495162
0.0356685
0.0207632
0.0107886
0.0065728
0.00277058
-0.000657803
-0.020153
0.00282175
0.0163764
0.0329823
0.0524154
0.0651101
0.0670187
0.0672895
0.0588008
0.0507311
0.035779
0.020438
0.0105463
0.0065539
0.00285846
-0.000557028
-0.00765309
0.0128292
0.0238257
0.040785
0.060206
0.0715483
0.0716478
0.0709793
0.060789
0.0514991
0.035547
0.0199658
0.0102946
0.00656547
0.00297556
-0.000443149
0.00698927
0.0238004
0.0322946
0.0496853
0.0686158
0.0781986
0.0763049
0.074612
0.0625589
0.0520049
0.0351364
0.0194657
0.0100909
0.00662159
0.00311687
-0.000322116
0.0229097
0.0343737
0.0408652
0.0590282
0.0771822
0.0849477
0.0810305
0.0780597
0.0638368
0.0519897
0.0343937
0.0188692
0.00990959
0.00671585
0.00328605
-0.000189687
0.0411264
0.0453582
0.0506952
0.0694068
0.0861855
0.0918582
0.0858863
0.0813775
0.0647535
0.0516278
0.0334812
0.0182865
0.00979354
0.00685282
0.00347351
-5.35309e-05
0.0594774
0.0557608
0.0612305
0.0803207
0.0952573
0.0988079
0.0906883
0.084271
0.0650549
0.0506768
0.0322621
0.0176582
0.00972128
0.00702939
0.00368601
9.25422e-05
0.076876
0.0656631
0.0733561
0.0920933
0.104449
0.10557
0.0953102
0.0866798
0.0650747
0.0493954
0.0309211
0.0170859
0.00972221
0.00724308
0.00391109
0.000239764
0.0922958
0.074499
0.0863447
0.104114
0.113421
0.112233
0.0996415
0.0883875
0.0649141
0.0478651
0.02944
0.0165339
0.00977986
0.00749427
0.00415835
0.000396072
0.104343
0.0851166
0.0998498
0.116136
0.121423
0.11869
0.103344
0.0895011
0.0647568
0.0465064
0.028074
0.0161005
0.00991155
0.0077754
0.00441352
0.00055186
0.11421
0.100695
0.114925
0.127866
0.127977
0.124154
0.106156
0.0901502
0.0646751
0.0453958
0.0268499
0.0157638
0.0101056
0.00809032
0.00468857
0.000716395
0.123876
0.116764
0.130042
0.138483
0.13332
0.128508
0.108142
0.0907179
0.0647831
0.0446223
0.0258822
0.015572
0.0103632
0.00842683
0.00496755
0.000879316
0.120498
0.129554
0.142598
0.14725
0.13778
0.131587
0.109686
0.0914863
0.0651727
0.0441299
0.0250851
0.0154502
0.0106554
0.00878152
0.00525871
0.00104898
0.0964449
0.134919
0.150691
0.153693
0.141464
0.133285
0.110775
0.0924448
0.0658823
0.0439552
0.0244908
0.015394
0.0109606
0.00913049
0.00553914
0.0012115
0.0708351
0.13028
0.155432
0.157448
0.142992
0.133039
0.111606
0.0936188
0.0669513
0.0441737
0.0240964
0.0153565
0.0112589
0.00947377
0.00581821
0.00137554
0.0714173
0.120199
0.156675
0.157899
0.141566
0.131111
0.111884
0.0947069
0.0681887
0.044756
0.0239363
0.0153631
0.011552
0.00980362
0.00608294
0.00153108
0.0862286
0.116812
0.153847
0.154287
0.137096
0.127915
0.111772
0.0957024
0.069604
0.0457395
0.0240493
0.0154014
0.0118326
0.0101259
0.00634614
0.00168869
0.0978326
0.116089
0.144796
0.14581
0.130651
0.124236
0.110991
0.0962839
0.0709048
0.0469856
0.0244231
0.015492
0.0121052
0.0104365
0.00659747
0.00183903
0.10116
0.111851
0.13141
0.134636
0.124543
0.120567
0.109944
0.0965707
0.0721741
0.0485261
0.0251224
0.015635
0.0123579
0.0107368
0.00684787
0.00199251
0.0994135
0.105236
0.118891
0.124494
0.119452
0.117108
0.108352
0.0962962
0.073131
0.050149
0.0260941
0.0158507
0.0125967
0.0110232
0.00708744
0.00213965
0.0951121
0.098282
0.108136
0.115359
0.114485
0.113396
0.106429
0.0956516
0.07394
0.0518654
0.0274036
0.0161616
0.0128075
0.0112888
0.00732229
0.00228953
0.0897512
0.0917778
0.0990496
0.107005
0.109377
0.109523
0.103958
0.0944354
0.0743149
0.0534156
0.0289261
0.016581
0.0130033
0.0115344
0.0075452
0.00243321
0.0843386
0.086274
0.0920338
0.0999217
0.104363
0.105436
0.101176
0.0928396
0.0744117
0.0548617
0.0306919
0.0171399
0.0131704
0.0117463
0.00775821
0.00257883
0.0793021
0.0820018
0.0870632
0.0942828
0.0995949
0.101292
0.0979623
0.0907084
0.0739759
0.0559642
0.0325067
0.0178285
0.0133317
0.0119314
0.00795647
0.00271792
0.0747765
0.0786001
0.0836562
0.0900843
0.0953226
0.0971262
0.094485
0.0882179
0.0731882
0.0568034
0.0343715
0.0186778
0.013481
0.0120707
0.00813585
0.00285661
0.0708078
0.0756741
0.081035
0.0868063
0.0913914
0.092948
0.090715
0.0852903
0.0718886
0.057157
0.0360725
0.0196427
0.0136474
0.0121802
0.00829644
0.00298788
0.0673333
0.0727519
0.0785252
0.0839898
0.087788
0.088814
0.08674
0.082074
0.0702667
0.0571531
0.0376248
0.0207474
0.0138324
0.0122388
0.00842875
0.00311607
0.0637438
0.0694886
0.0755515
0.0809545
0.0841066
0.084603
0.0826212
0.0785638
0.0682298
0.0566477
0.0388536
0.0219086
0.0140649
0.0122738
0.00853802
0.00323522
0.059702
0.0654498
0.0717807
0.0774346
0.0803651
0.080444
0.0783717
0.0748676
0.0659382
0.0557985
0.0398205
0.0231364
0.0143541
0.0122677
0.00861012
0.00334662
0.0547534
0.0606014
0.0671973
0.0732673
0.0763089
0.0761541
0.0741079
0.0710111
0.0633551
0.0545221
0.0403754
0.0243099
0.0147106
0.0122567
0.00865787
0.00344663
0.0492339
0.0550154
0.0619516
0.0686154
0.0720805
0.0719202
0.0697438
0.0670395
0.060584
0.0529669
0.0406046
0.0254308
0.0151374
0.0122266
0.00866464
0.00353398
0.0431236
0.0490336
0.0563973
0.0636398
0.0675715
0.0675116
0.0654379
0.0630075
0.0576158
0.051086
0.0404073
0.0263717
0.0156154
0.0122154
0.00865113
0.00360769
0.0371524
0.0430608
0.0508305
0.0585856
0.0629994
0.0631825
0.0610743
0.0589186
0.0545121
0.0490016
0.0398974
0.0271489
0.0161413
0.0122132
0.00860158
0.00366437
0.031412
0.0374848
0.0456382
0.0537401
0.058379
0.0587268
0.056843
0.054876
0.0513092
0.0467024
0.0390213
0.0276577
0.0166686
0.0122488
0.00854321
0.003707
0.026442
0.0325378
0.0408882
0.0490197
0.0537815
0.054396
0.0526097
0.0508618
0.0480559
0.044294
0.0379005
0.0279377
0.0171889
0.0123104
0.00846149
0.00373137
0.021926
0.0280705
0.0363746
0.0443977
0.0491333
0.0499653
0.048572
0.0470106
0.0448208
0.0417859
0.036509
0.027914
0.017637
0.0124084
0.0083859
0.00374494
0.0180068
0.0239971
0.0320208
0.0396836
0.0444778
0.0457226
0.0446088
0.0432712
0.0416102
0.039246
0.0349509
0.027644
0.0180063
0.0125263
0.00830394
0.00374461
0.0144474
0.0202118
0.0277526
0.0351287
0.0399504
0.0415001
0.0408706
0.0397412
0.0384834
0.0366726
0.0332106
0.0270825
0.0182307
0.012653
0.00824001
0.00374109
0.0112847
0.0167507
0.0238459
0.0307762
0.0355783
0.0375202
0.0372077
0.0363085
0.0353979
0.0340982
0.0313666
0.0262962
0.0183144
0.0127666
0.00817948
0.0037321
0.00840368
0.0136408
0.0202217
0.026765
0.0314817
0.0335985
0.033709
0.03305
0.0324148
0.0315263
0.0294094
0.025262
0.0182044
0.0128408
0.0081359
0.00372882
0.0058307
0.0108214
0.0169871
0.0230419
0.0275648
0.0298974
0.030271
0.0298634
0.0294833
0.028972
0.0273999
0.0240491
0.0179204
0.0128569
0.00809278
0.00372976
0.00346636
0.00826014
0.013939
0.0195613
0.0238932
0.0262671
0.0269532
0.0268107
0.0266584
0.026448
0.0253314
0.0226522
0.017432
0.0127855
0.00805119
0.00374169
0.00127295
0.0058142
0.0111015
0.0162481
0.0203202
0.0227682
0.0236778
0.0237974
0.0238708
0.0239483
0.0232478
0.0211395
0.0167752
0.0126177
0.00799342
0.00376164
-0.000837181
0.00347713
0.00828784
0.0129987
0.0168364
0.0192819
0.0204509
0.0208595
0.0211611
0.02148
0.0211336
0.0195089
0.0159386
0.0123316
0.00791209
0.00378916
-0.00285772
0.00114614
0.00554582
0.00981973
0.0133994
0.0158868
0.0172651
0.017936
0.0184609
0.0190191
0.0190094
0.0178141
0.014964
0.0119313
0.00779332
0.00382043
-0.00470945
-0.00101251
0.00294898
0.0068036
0.0101452
0.0125914
0.0141506
0.0150675
0.0158036
0.0165687
0.0168536
0.0160411
0.0138457
0.0114025
0.00762637
0.00384726
-0.00628561
-0.00290561
0.000626259
0.00405353
0.00709312
0.00948343
0.0111318
0.0122217
0.01313
0.0140949
0.014672
0.0142276
0.012622
0.0107575
0.0074021
0.00386617
-0.00766674
-0.00461038
-0.00149825
0.00150173
0.00425668
0.00650116
0.00817859
0.00939743
0.0104618
0.0116067
0.0124433
0.0123484
0.011285
0.00998653
0.00710919
0.00386376
-0.00884376
-0.00612656
-0.00343991
-0.000868873
0.00154478
0.00363953
0.00528675
0.00659072
0.00776904
0.00908392
0.0101775
0.0104383
0.00987331
0.00910988
0.00674457
0.00383867
-0.00991521
-0.00755215
-0.00529122
-0.00314815
-0.00104478
0.000839017
0.00243694
0.00377413
0.00507927
0.0065459
0.00786654
0.00847663
0.00838314
0.00812642
0.00630017
0.0037753
-0.0108591
-0.00886007
-0.00703014
-0.00531472
-0.00358429
-0.00189497
-0.000390022
0.000982072
0.00237594
0.00397825
0.00552141
0.00649935
0.0068582
0.00706967
0.00578372
0.00367667
-0.0117377
-0.0101188
-0.00872078
-0.00743956
-0.00602948
-0.00456521
-0.00315202
-0.0017908
-0.000312164
0.00140036
0.00314562
0.00448467
0.00528854
0.00594263
0.00519417
0.0035297
-0.0125276
-0.0112765
-0.0102918
-0.00941974
-0.00834561
-0.00709898
-0.00581079
-0.00447459
-0.00296492
-0.00117728
0.000764909
0.00247005
0.00371335
0.00478099
0.0045484
0.00334283
-0.0132538
-0.0123517
-0.0117586
-0.0112626
-0.0104905
-0.0094567
-0.00830154
-0.00703989
-0.00554239
-0.00370591
-0.00159721
0.000443101
0.00211544
0.00358137
0.00384604
0.00310571
-0.0138742
-0.0132916
-0.0130551
-0.0129053
-0.0124227
-0.011612
-0.0106184
-0.00945617
-0.00801546
-0.00616215
-0.00391083
-0.00155641
0.000533577
0.00237941
0.00310901
0.00283047
-0.0144292
-0.0141344
-0.0142225
-0.0143835
-0.0141631
-0.0135663
-0.0127407
-0.0117112
-0.0103481
-0.00850073
-0.00614542
-0.00352734
-0.00104983
0.00116399
0.00233535
0.00250932
-0.0148988
-0.0148593
-0.0152345
-0.0156774
-0.0157093
-0.0153323
-0.0146868
-0.0137885
-0.0125199
-0.0106983
-0.00826923
-0.00542382
-0.00258823
-2.60013e-05
0.00155239
0.00215803
-0.0153189
-0.0155025
-0.0161344
-0.016833
-0.0170942
-0.0169134
-0.0164287
-0.0156715
-0.0144941
-0.0127176
-0.0102504
-0.00723803
-0.00409675
-0.00120534
0.000757174
0.00177291
-0.0155959
-0.015958
-0.0167989
-0.0177119
-0.0181879
-0.0182184
-0.0179286
-0.0173123
-0.0162473
-0.0145379
-0.012063
-0.00892821
-0.00552755
-0.00233091
-1.49073e-05
0.0013761
-0.0158021
-0.0163121
-0.0173306
-0.0184348
-0.0190997
-0.0193168
-0.0191822
-0.0187071
-0.0177563
-0.0161244
-0.0136826
-0.0104862
-0.00689156
-0.00342258
-0.000773532
0.000966734
-0.0159665
-0.0165651
-0.0176951
-0.0189175
-0.0197269
-0.02011
-0.0201409
-0.0198094
-0.0189789
-0.017457
-0.0150764
-0.0118646
-0.00813134
-0.00442937
-0.00147881
0.00057031
-0.0162071
-0.0168809
-0.0180901
-0.0193976
-0.0202958
-0.0207698
-0.020885
-0.0206381
-0.0199102
-0.0184857
-0.0162004
-0.013033
-0.00924055
-0.00536575
-0.00214733
0.000182249
-0.0165371
-0.0172362
-0.0184593
-0.0197685
-0.020687
-0.0211997
-0.0213623
-0.0211761
-0.0205197
-0.0192043
-0.017034
-0.0139539
-0.0101619
-0.00617503
-0.00273475
-0.000170797
-0.0168135
-0.0175262
-0.0187346
-0.0200209
-0.020924
-0.0214301
-0.0215911
-0.0214203
-0.0208225
-0.0195952
-0.0175516
-0.0146023
-0.0108873
-0.00686907
-0.0032651
-0.000502979
-0.0170023
-0.0176946
-0.0188378
-0.0200333
-0.0208724
-0.0213474
-0.0215015
-0.0213508
-0.020794
-0.019661
-0.0177568
-0.0149667
-0.0113765
-0.00739539
-0.00369462
-0.000789989
-0.0170554
-0.0177215
-0.0187863
-0.0198825
-0.0206374
-0.0210445
-0.021149
-0.0209752
-0.0204472
-0.0193914
-0.0176186
-0.0150041
-0.0116029
-0.00774685
-0.00403623
-0.00104304
-0.0174154
-0.0180701
-0.0190287
-0.0199594
-0.0205557
-0.0208291
-0.0208269
-0.0205811
-0.0200163
-0.0189793
-0.0172961
-0.0148459
-0.011637
-0.00795501
-0.00430485
-0.00128404
-0.0148093
-0.015301
-0.0161822
-0.0171345
-0.0178408
-0.0182863
-0.0184899
-0.0184682
-0.0181364
-0.0173472
-0.0159461
-0.0138151
-0.0109818
-0.00766283
-0.00425959
-0.00134064
-0.0211865
-0.0216161
-0.0222165
-0.0227165
-0.0228619
-0.0226299
-0.0220573
-0.0211946
-0.0200329
-0.0185216
-0.0165817
-0.0141632
-0.0112609
-0.008036
-0.00474004
-0.00184262
-0.00554132
-0.0059377
-0.0069386
-0.00812984
-0.00919067
-0.0100907
-0.0108438
-0.0114398
-0.011775
-0.0116988
-0.0110809
-0.0098438
-0.00802097
-0.00576696
-0.00327229
-0.000953176
-0.0298404
-0.0296168
-0.0294412
-0.0292497
-0.0288178
-0.0279676
-0.0266475
-0.0248831
-0.0227634
-0.0204052
-0.0179179
-0.0153735
-0.0127783
-0.0101542
-0.00738237
-0.0044141
-0.193297
-0.277431
-0.30251
-0.276194
-0.209785
-0.141706
-0.0788365
-0.0418561
0.00588505
0.0532205
-0.193344
-0.277376
-0.302477
-0.27625
-0.209941
-0.141887
-0.0790515
-0.0422534
0.00491708
0.0522848
-0.193409
-0.277272
-0.302398
-0.276349
-0.210147
-0.142044
-0.0792104
-0.0426508
0.00385215
0.0497115
-0.193619
-0.277256
-0.302415
-0.276678
-0.210658
-0.142501
-0.0795422
-0.0429734
0.00309541
0.0462118
-0.193885
-0.277487
-0.302581
-0.276907
-0.211289
-0.143261
-0.0800558
-0.0432141
0.0028391
0.0439804
-0.194329
-0.277982
-0.303421
-0.277433
-0.21247
-0.144772
-0.081127
-0.043689
0.00291695
0.0428962
-0.195307
-0.278869
-0.305134
-0.278774
-0.214628
-0.147243
-0.0830185
-0.0447374
0.00293439
0.041802
-0.196254
-0.280314
-0.307965
-0.281229
-0.217902
-0.150755
-0.0858142
-0.0463895
0.00273622
0.0401867
-0.196033
-0.280797
-0.310513
-0.284234
-0.221671
-0.154805
-0.0891742
-0.0485422
0.00215119
0.0381364
-0.19309
-0.278896
-0.311593
-0.286738
-0.225438
-0.159174
-0.0930162
-0.0511835
0.00108996
0.0360733
-0.187516
-0.274392
-0.310558
-0.288009
-0.228495
-0.163286
-0.0969316
-0.0541498
-0.00052579
0.0339501
-0.178821
-0.266988
-0.307328
-0.287897
-0.230892
-0.167203
-0.100998
-0.057449
-0.00275043
0.0316974
-0.168397
-0.257568
-0.30213
-0.286327
-0.232356
-0.170541
-0.104922
-0.0608399
-0.00549856
0.0293226
-0.156318
-0.246079
-0.295099
-0.283454
-0.233072
-0.173448
-0.108849
-0.0643426
-0.00871758
0.0267006
-0.144335
-0.233753
-0.286706
-0.279361
-0.232824
-0.17561
-0.112425
-0.067752
-0.0122115
0.0239986
-0.132557
-0.22046
-0.276938
-0.274078
-0.231719
-0.177179
-0.115772
-0.0711464
-0.0159777
0.0212179
-0.12247
-0.207499
-0.266357
-0.267774
-0.229606
-0.177902
-0.118564
-0.0742499
-0.0197754
0.0185251
-0.113793
-0.194504
-0.254795
-0.260384
-0.226551
-0.177936
-0.120966
-0.0771356
-0.0236347
0.0156627
-0.107369
-0.182615
-0.242956
-0.252221
-0.22258
-0.177138
-0.122716
-0.0795405
-0.0272727
0.0127672
-0.102748
-0.171321
-0.230608
-0.243165
-0.21778
-0.175649
-0.124
-0.0816039
-0.0307799
0.00961785
-0.100316
-0.161573
-0.218556
-0.233659
-0.212313
-0.173457
-0.124661
-0.0831578
-0.0338938
0.0064893
-0.0995014
-0.152754
-0.206486
-0.223565
-0.206179
-0.170702
-0.12492
-0.0844303
-0.0368407
0.00320003
-0.100292
-0.145531
-0.195169
-0.213443
-0.199618
-0.167442
-0.12464
-0.0852572
-0.0393746
4.58817e-05
-0.10228
-0.139283
-0.184214
-0.203078
-0.192557
-0.163715
-0.123917
-0.0858074
-0.0416943
-0.00315861
-0.105265
-0.13447
-0.174279
-0.193037
-0.185312
-0.159597
-0.122689
-0.085925
-0.0435821
-0.00609257
-0.108775
-0.130446
-0.164902
-0.18303
-0.177746
-0.155074
-0.121036
-0.0857866
-0.0452666
-0.00896874
-0.112237
-0.127368
-0.156559
-0.17358
-0.170215
-0.150285
-0.118966
-0.0852705
-0.0465375
-0.0114927
-0.115295
-0.124665
-0.148746
-0.164326
-0.162515
-0.145152
-0.116505
-0.0845054
-0.0475901
-0.0139117
-0.117614
-0.122419
-0.141811
-0.155718
-0.154993
-0.139856
-0.113702
-0.0833905
-0.0482456
-0.0159869
-0.119154
-0.120214
-0.135284
-0.147365
-0.147407
-0.134287
-0.110544
-0.0820333
-0.0486877
-0.0179555
-0.119705
-0.118085
-0.129422
-0.139656
-0.140103
-0.128663
-0.107124
-0.0803653
-0.0487759
-0.0195635
-0.119346
-0.115791
-0.123844
-0.132238
-0.132847
-0.122858
-0.103411
-0.0784529
-0.0486513
-0.0210163
-0.118022
-0.113337
-0.11874
-0.125418
-0.12594
-0.117098
-0.0995043
-0.0762578
-0.0481932
-0.0220886
-0.115881
-0.110603
-0.113809
-0.118885
-0.119159
-0.111248
-0.0953526
-0.0738087
-0.0474925
-0.0229522
-0.112936
-0.107565
-0.109151
-0.112825
-0.112722
-0.105501
-0.0910588
-0.0711014
-0.0464723
-0.023436
-0.109349
-0.10419
-0.104549
-0.10699
-0.106437
-0.0997387
-0.0865804
-0.0681576
-0.045205
-0.0236943
-0.105164
-0.100453
-0.100032
-0.101467
-0.100445
-0.0941087
-0.0820261
-0.0650139
-0.043674
-0.0236232
-0.100525
-0.096384
-0.095466
-0.0960772
-0.0945975
-0.0885251
-0.0773794
-0.0617045
-0.0419481
-0.0233635
-0.0954985
-0.0919793
-0.0908483
-0.0908444
-0.0889661
-0.0830854
-0.0727374
-0.0582908
-0.0400564
-0.0228676
-0.0902022
-0.0873136
-0.0861323
-0.0856722
-0.0834621
-0.0777432
-0.068108
-0.0548191
-0.0380628
-0.0222606
-0.0847157
-0.0824002
-0.0813101
-0.0805565
-0.0781093
-0.0725515
-0.0635626
-0.0513527
-0.036018
-0.0215292
-0.0791098
-0.0773288
-0.0763984
-0.0754694
-0.0728723
-0.0674969
-0.0591218
-0.0479384
-0.0339735
-0.0207776
-0.0734785
-0.0721376
-0.071409
-0.0704107
-0.0677578
-0.0626039
-0.0548287
-0.0446249
-0.0319799
-0.0200003
-0.0678597
-0.0669112
-0.0663965
-0.0654021
-0.0627714
-0.0578815
-0.050706
-0.0414466
-0.030066
-0.0192739
-0.0623569
-0.061706
-0.0613983
-0.0604646
-0.0579258
-0.0533451
-0.046776
-0.0384319
-0.0282676
-0.0185858
-0.0569747
-0.0565936
-0.0564811
-0.0556425
-0.0532474
-0.0490111
-0.0430547
-0.0355957
-0.0265848
-0.0179732
-0.0518393
-0.0516586
-0.0517104
-0.0509822
-0.0487637
-0.0448978
-0.039553
-0.032949
-0.025036
-0.0174162
-0.0469595
-0.046967
-0.0471575
-0.0465342
-0.0445103
-0.0410209
-0.0362807
-0.0304885
-0.0236019
-0.0169221
-0.042475
-0.0426258
-0.0429017
-0.0423731
-0.0405325
-0.0374246
-0.033257
-0.0282383
-0.0222983
-0.01649
-0.0383954
-0.03869
-0.0390354
-0.0385678
-0.0369188
-0.0341656
-0.0305584
-0.0262449
-0.0211927
-0.0162043
-0.0348257
-0.0352342
-0.0356017
-0.035187
-0.0337081
-0.0313065
-0.0282152
-0.024568
-0.0203273
-0.0160841
-0.0316761
-0.0322039
-0.0325813
-0.0322012
-0.0308837
-0.0288071
-0.0261971
-0.0231583
-0.0196644
-0.0161205
-0.0289701
-0.0295612
-0.0299123
-0.029541
-0.0283592
-0.026573
-0.0243964
-0.0219076
-0.0190861
-0.0161681
-0.0266173
-0.0272533
-0.0275456
-0.027153
-0.0260747
-0.0245384
-0.0227421
-0.0207403
-0.0185195
-0.0161881
-0.0246723
-0.0253141
-0.0255182
-0.0250706
-0.0240553
-0.0227196
-0.0212427
-0.0196577
-0.0179553
-0.0161286
-0.022912
-0.0236851
-0.0238947
-0.0234181
-0.0224369
-0.0212389
-0.0200003
-0.0187414
-0.0174712
-0.0161383
-0.0209789
-0.0220592
-0.0225589
-0.0222435
-0.0213256
-0.0201356
-0.0188704
-0.0175651
-0.0162057
-0.0146531
-0.0195131
-0.0205548
-0.0214598
-0.0219481
-0.0220081
-0.0217818
-0.021373
-0.020812
-0.0202508
-0.0196643
-0.0215886
-0.0200165
-0.0177007
-0.0158049
-0.01437
-0.0131674
-0.0119937
-0.0107006
-0.00910802
-0.00703458
-0.0340065
-0.0359991
-0.0354241
-0.0342886
-0.0333714
-0.0326368
-0.0319181
-0.0311356
-0.0303755
-0.0295809
2.34142
2.15882
1.88105
1.52407
1.10296
0.676801
0.23361
-0.163334
-0.415026
-0.46256
-0.451881
-0.35806
-0.221642
-0.133549
-0.111584
2.30482
2.16605
1.94246
1.59607
1.16376
0.712061
0.254798
-0.139943
-0.38724
-0.445525
-0.44554
-0.356978
-0.222847
-0.133864
-0.111728
2.18386
2.06819
1.87994
1.54308
1.13446
0.693695
0.253097
-0.113283
-0.345668
-0.414991
-0.427556
-0.34943
-0.221406
-0.132744
-0.11157
2.15097
1.99628
1.74721
1.4306
1.07064
0.669513
0.253138
-0.0850874
-0.29035
-0.366526
-0.396093
-0.334687
-0.214917
-0.12835
-0.110581
2.05125
1.80111
1.54699
1.29191
0.998049
0.660716
0.283354
-0.0450389
-0.238228
-0.313875
-0.36075
-0.31765
-0.205238
-0.121209
-0.108328
1.72562
1.53909
1.34947
1.14697
0.917097
0.647114
0.325577
0.00645192
-0.20045
-0.283885
-0.339235
-0.306201
-0.196005
-0.112824
-0.105274
1.42164
1.29041
1.16117
1.01923
0.843881
0.627677
0.364678
0.0623674
-0.168054
-0.277125
-0.337285
-0.304605
-0.191095
-0.105855
-0.102572
1.20023
1.11283
1.02245
0.916998
0.77795
0.601638
0.390841
0.119682
-0.131172
-0.278038
-0.346376
-0.313529
-0.191339
-0.101115
-0.100285
1.05588
0.989496
0.917237
0.830373
0.71701
0.572202
0.401545
0.172993
-0.0863498
-0.275263
-0.35573
-0.331516
-0.197345
-0.0995086
-0.0983659
0.941725
0.887916
0.826912
0.754171
0.660804
0.542106
0.400663
0.214549
-0.0353161
-0.260399
-0.361214
-0.356214
-0.208753
-0.10074
-0.0956702
0.843346
0.797795
0.746695
0.686041
0.609466
0.51215
0.392975
0.241013
0.016757
-0.229411
-0.359552
-0.382821
-0.224984
-0.104899
-0.0922906
0.757178
0.719036
0.6762
0.626041
0.562963
0.482899
0.382589
0.25582
0.0659681
-0.183686
-0.346872
-0.405427
-0.244348
-0.11128
-0.0881557
0.683312
0.651215
0.615253
0.572974
0.520679
0.454566
0.370523
0.262568
0.105574
-0.131041
-0.321503
-0.417745
-0.264397
-0.119739
-0.0846286
0.61924
0.592144
0.561443
0.525741
0.482066
0.42748
0.357549
0.265145
0.133946
-0.0781549
-0.283896
-0.416288
-0.283134
-0.130029
-0.0820182
0.562206
0.539319
0.513414
0.483094
0.44675
0.401717
0.3439
0.265088
0.153583
-0.0312603
-0.23948
-0.40059
-0.298268
-0.141554
-0.0812336
0.511099
0.491927
0.469938
0.44458
0.414328
0.37737
0.329708
0.263219
0.167866
0.00802783
-0.193346
-0.37407
-0.30915
-0.154111
-0.0823936
0.465471
0.449261
0.430925
0.409712
0.384704
0.35439
0.315264
0.259571
0.178012
0.0399923
-0.148792
-0.340603
-0.314571
-0.166571
-0.0855333
0.424953
0.4114
0.396062
0.37841
0.357663
0.332686
0.300514
0.25412
0.184589
0.0659169
-0.107652
-0.303995
-0.315071
-0.178826
-0.0903942
0.389311
0.378007
0.365139
0.350292
0.332868
0.312092
0.285632
0.247061
0.187937
0.0862822
-0.0708018
-0.265889
-0.309925
-0.189513
-0.0963686
0.357668
0.348208
0.337355
0.324733
0.309943
0.292547
0.270598
0.23856
0.188453
0.101739
-0.0386925
-0.228133
-0.300388
-0.198931
-0.103294
0.328728
0.320905
0.311818
0.301119
0.288555
0.273829
0.25556
0.228941
0.186538
0.112754
-0.0113344
-0.191572
-0.286278
-0.205763
-0.110335
0.302492
0.29595
0.288306
0.279227
0.268484
0.256002
0.240633
0.218439
0.182611
0.119906
0.0111438
-0.157489
-0.269234
-0.210685
-0.11752
0.27871
0.273206
0.266736
0.258965
0.24975
0.23899
0.225963
0.207402
0.177147
0.123834
0.0291537
-0.126155
-0.249266
-0.212548
-0.123974
0.25735
0.252623
0.247004
0.240225
0.232131
0.222825
0.211703
0.196072
0.170456
0.125015
0.0428466
-0.0984133
-0.2281
-0.212309
-0.129874
0.237091
0.233113
0.22832
0.22245
0.215462
0.207408
0.197852
0.1846
0.162885
0.124042
0.0528857
-0.0740878
-0.205739
-0.20908
-0.134416
0.218149
0.214781
0.210679
0.205657
0.199631
0.192677
0.184467
0.173167
0.154597
0.121229
0.059538
-0.0536187
-0.183788
-0.204063
-0.138006
0.200219
0.197411
0.19401
0.189787
0.184655
0.178688
0.171586
0.161788
0.145852
0.117076
0.0635442
-0.0365039
-0.162069
-0.196615
-0.14004
0.184144
0.181738
0.178782
0.175123
0.170673
0.165462
0.159213
0.150686
0.136812
0.111807
0.0651817
-0.0229042
-0.141909
-0.187991
-0.140965
0.169008
0.167026
0.164565
0.161448
0.157573
0.152966
0.147428
0.139814
0.127657
0.105827
0.0651326
-0.0121147
-0.122898
-0.177705
-0.140306
0.155216
0.153526
0.151381
0.148652
0.145222
0.141109
0.136097
0.129316
0.118515
0.0992981
0.0635905
-0.00411634
-0.106063
-0.166966
-0.138803
0.141804
0.140441
0.138704
0.136403
0.133415
0.129752
0.125277
0.119124
0.109501
0.0925209
0.0611272
0.00183677
-0.0907711
-0.155342
-0.136196
0.129565
0.128381
0.12684
0.124824
0.122203
0.118973
0.114932
0.109426
0.100764
0.085632
0.0578595
0.00583312
-0.0777374
-0.143897
-0.133049
0.117573
0.116657
0.115491
0.11389
0.111695
0.108871
0.105283
0.100232
0.0923945
0.0788518
0.0542388
0.00853824
-0.0662102
-0.132204
-0.128974
0.107741
0.106854
0.105708
0.104194
0.102171
0.0995987
0.0962689
0.0916686
0.084504
0.0722755
0.0503156
0.0100212
-0.0567158
-0.121163
-0.124524
0.0980494
0.0973386
0.0963944
0.0950955
0.0933042
0.090969
0.0879553
0.0836733
0.0770995
0.0660306
0.0464034
0.0108182
-0.048459
-0.110315
-0.119344
0.0894551
0.0888147
0.0879427
0.0867623
0.0851349
0.083023
0.0802215
0.0763048
0.0702495
0.06016
0.0424999
0.0109155
-0.0418141
-0.100373
-0.113971
0.0810496
0.0805583
0.0798885
0.0789363
0.0775565
0.0756802
0.0731717
0.0695166
0.0639224
0.0547079
0.0388094
0.010733
-0.036052
-0.0908547
-0.108093
0.0741065
0.0736362
0.0729868
0.0720937
0.0708099
0.0690827
0.0667049
0.0633296
0.0581433
0.0496948
0.0352875
0.0101997
-0.0314879
-0.0823209
-0.102208
0.0674306
0.0670548
0.0665207
0.065752
0.064604
0.0630074
0.0608427
0.0576758
0.0528676
0.0451229
0.0320724
0.00963502
-0.0274842
-0.0742869
-0.096029
0.0617799
0.0614105
0.0608737
0.0601228
0.0590275
0.0575474
0.0554999
0.0525836
0.0481393
0.0410146
0.029111
0.00891411
-0.0243106
-0.0671758
-0.089987
0.056102
0.0558219
0.0554183
0.0548257
0.0539081
0.0525975
0.0507739
0.0480584
0.0439246
0.0373435
0.0264802
0.0082875
-0.0214548
-0.0605344
-0.0838194
0.0518472
0.0515519
0.0511271
0.0505334
0.0496399
0.0483997
0.0466345
0.0440891
0.0402163
0.0341034
0.0241098
0.00760754
-0.0191512
-0.0546925
-0.0778941
0.0477822
0.0475467
0.0471887
0.0466589
0.0458318
0.0446489
0.0430074
0.0405805
0.0369254
0.031223
0.0220317
0.00706565
-0.0170033
-0.0492398
-0.0719637
0.0444267
0.0441918
0.0438242
0.0432841
0.042465
0.041334
0.0397384
0.0374505
0.0340157
0.0286943
0.0201847
0.00652547
-0.015217
-0.0444315
-0.0663344
0.0407815
0.0406163
0.0403475
0.0399223
0.0392308
0.0382203
0.0367891
0.0346524
0.0314298
0.0264556
0.0185933
0.00613814
-0.0134905
-0.0399208
-0.0607782
0.0379851
0.0378259
0.0375587
0.0371415
0.0364775
0.0355319
0.0341642
0.0321681
0.029158
0.0245142
0.0172057
0.0057821
-0.012003
-0.0359226
-0.0555599
0.0350884
0.034994
0.0348113
0.0344858
0.0339196
0.0330649
0.0318286
0.0299741
0.0271417
0.0227801
0.0160166
0.00556059
-0.0105346
-0.0321562
-0.0504734
0.0329046
0.0328087
0.0326206
0.0322933
0.0317409
0.030929
0.0297486
0.0279872
0.025319
0.0212522
0.0149586
0.00535301
-0.00925499
-0.0288111
-0.0457534
0.0307014
0.03063
0.0304757
0.0301869
0.0296801
0.0289242
0.0278157
0.0261606
0.0236557
0.0198299
0.0140254
0.00522342
-0.00801419
-0.0256798
-0.0412225
0.0289537
0.0288687
0.0286912
0.0283725
0.0278531
0.0271063
0.0260408
0.0244714
0.0221054
0.0185612
0.0131687
0.00506752
-0.00696171
-0.0229339
-0.0370927
0.0270744
0.0270078
0.026857
0.0265709
0.0260932
0.0253993
0.0243996
0.0229186
0.0207056
0.0173747
0.0123885
0.00494036
-0.00598202
-0.0204068
-0.0331969
0.0256542
0.0255594
0.0253709
0.0250457
0.0245519
0.0238691
0.0229123
0.0215103
0.0194152
0.0163134
0.0116603
0.00477008
-0.00518646
-0.0182276
-0.0297062
0.0240493
0.0239612
0.0237853
0.0234887
0.0230422
0.0224253
0.021543
0.0202251
0.0182562
0.0153208
0.0109833
0.00460176
-0.00448024
-0.0162466
-0.0264554
0.0228439
0.0227254
0.022518
0.0222002
0.0217597
0.0211705
0.0203291
0.0190691
0.0171811
0.0144099
0.0103122
0.00434793
-0.00396859
-0.0145622
-0.0235789
0.0215379
0.0214184
0.021225
0.0209443
0.0205581
0.0200235
0.0192241
0.0180023
0.016183
0.0135048
0.0096056
0.00399973
-0.00361258
-0.0130489
-0.0208573
0.020568
0.0204249
0.0202182
0.0199387
0.0195652
0.0190369
0.0182361
0.0170227
0.0152279
0.0126251
0.00884983
0.00352008
-0.00346675
-0.0118005
-0.0183167
0.0196183
0.0194768
0.0192858
0.0190333
0.0186832
0.0181636
0.0173638
0.0161599
0.0143999
0.01184
0.00816666
0.00307456
-0.00337547
-0.0107602
-0.0158645
0.0190724
0.0189171
0.0187129
0.0184432
0.0180701
0.0175264
0.0167202
0.0155442
0.0138372
0.0113671
0.00782471
0.00297041
-0.00308641
-0.00987359
-0.014078
0.0186568
0.0185104
0.0183124
0.0180425
0.0176625
0.0171164
0.0163288
0.015195
0.0135588
0.0111878
0.00780905
0.00322529
-0.00243794
-0.00855788
-0.0129055
0.0184863
0.0183404
0.0181348
0.0178463
0.0174396
0.0168661
0.0160508
0.0148864
0.0132144
0.0108216
0.00749175
0.00318142
-0.00166432
-0.00573966
-0.00885022
)
;

boundaryField
{
    airfoil
    {
        type            zeroGradient;
    }
    farBoundaries
    {
        type            freestreamPressure;
        freestreamValue uniform 0;
        supersonic      false;
        value           nonuniform List<scalar> 
52
(
-0.0155213
-0.0164308
-0.0161684
-0.0156501
-0.0152314
-0.0148961
-0.0145681
-0.014211
-0.013864
-0.0135014
-0.0136198
-0.0135178
-0.0134376
-0.0133502
-0.0131531
-0.012765
-0.0121625
-0.0113572
-0.0103897
-0.00931338
-0.00817813
-0.0070168
-0.00583232
-0.0046346
-0.00336947
-0.00201469
0.0148756
0.0148175
0.0147606
0.0148445
0.0149599
0.0149482
0.0146346
0.0139647
0.0129481
0.0116561
0.0102123
0.00870402
0.00724201
0.00582539
0.00444728
0.00256365
0.0205788
0.020661
0.0194335
0.0182779
0.0175435
0.0170288
0.0165131
0.0159189
0.0152722
0.0145891
)
;
    }
    inlet
    {
        type            freestreamPressure;
        freestreamValue uniform 0;
        supersonic      false;
        value           nonuniform List<scalar> 
30
(
0.0184493
0.0182993
0.0180875
0.01779
0.0173698
0.0167759
0.0159299
0.0147199
0.0129839
0.0105145
0.00713362
0.00291867
-0.00142346
-0.0042854
-0.00501844
0.0185717
0.0187074
0.0188907
0.0191369
0.0194717
0.0199151
0.0204976
0.0212267
0.0220721
0.0229053
0.0234046
0.0230242
0.0210187
0.0168549
0.0110386
)
;
    }
    outlet
    {
        type            freestreamPressure;
        freestreamValue uniform 0;
        supersonic      false;
        value           nonuniform List<scalar> 
120
(
1.87498e-06
2.16342e-06
2.44058e-06
2.72135e-06
2.98838e-06
3.26015e-06
3.52023e-06
3.78649e-06
4.04205e-06
4.30246e-06
4.55183e-06
4.80408e-06
5.04405e-06
5.28226e-06
5.5061e-06
5.72288e-06
5.92192e-06
6.10572e-06
6.26799e-06
6.40758e-06
6.52368e-06
6.61312e-06
6.68251e-06
6.72835e-06
6.76487e-06
6.79003e-06
6.8205e-06
6.85226e-06
6.89867e-06
6.952e-06
7.01416e-06
7.07214e-06
7.11641e-06
7.13386e-06
7.10784e-06
7.03221e-06
6.88871e-06
6.68187e-06
6.39766e-06
6.05327e-06
5.63853e-06
5.17771e-06
4.66185e-06
4.11667e-06
3.53349e-06
2.94089e-06
2.33346e-06
1.74276e-06
1.16188e-06
6.21336e-07
1.06853e-07
-3.51169e-07
-7.78575e-07
-1.1463e-06
-1.47861e-06
-1.77749e-06
-1.94475e-06
-2.33622e-06
-1.69661e-06
-2.8387e-06
5.73923e-06
3.87414e-06
2.97528e-06
2.60992e-06
2.17533e-06
1.71568e-06
1.27553e-06
8.24319e-07
3.67364e-07
-9.31665e-08
-5.4269e-07
-9.68848e-07
-1.36259e-06
-1.71025e-06
-2.00817e-06
-2.2408e-06
-2.40859e-06
-2.50467e-06
-2.53636e-06
-2.50576e-06
-2.4202e-06
-2.29131e-06
-2.12317e-06
-1.93416e-06
-1.72244e-06
-1.5126e-06
-1.2964e-06
-1.101e-06
-9.11145e-07
-7.54781e-07
-6.12123e-07
-5.11293e-07
-4.28355e-07
-3.88821e-07
-3.66716e-07
-3.84943e-07
-4.15428e-07
-4.7608e-07
-5.39833e-07
-6.20907e-07
-6.93752e-07
-7.67826e-07
-8.23128e-07
-8.66532e-07
-8.83636e-07
-8.78111e-07
-8.43562e-07
-7.81807e-07
-6.92675e-07
-5.75024e-07
-4.35006e-07
-2.68902e-07
-8.67131e-08
1.18687e-07
3.33926e-07
5.69144e-07
8.09091e-07
1.06698e-06
1.32599e-06
1.6008e-06
)
;
    }
    defaultFaces
    {
        type            empty;
    }
}


// ************************************************************************* //
